******-------------------------------------------------------------------------------------------------------------------****** 
Duration of the scene is: 16.5624 seconds
Original Targets Numbers in the hole Scene: 1
Number of Targets in the hole Scene after preprocessing: 2
Number of static portions: 1
******-------------------------------------------------------------------------------------------------------------------****** 
TargetID: ID01
Target can not be processed due to lack of Data
******-------------------------------------------------------------------------------------------------------------------****** 
TargetID: ID02
Relevancy: 1
tj = 10.4815
Label: 0
Comment: Target is relevant and going straight, since target is crossing Ego X-axis in EFC
DATA:
4.9207,-0,-0,NaN,NaN,NaN,NaN,0,NaN,NaN
4.9607,0.30337,0.00046775,NaN,NaN,NaN,NaN,0,NaN,NaN
5.0006,0.60761,0.0067645,NaN,NaN,NaN,NaN,-0.0001,NaN,NaN
5.0407,0.91066,0.0063778,NaN,NaN,NaN,NaN,0,NaN,NaN
5.0807,1.2135,0.0047015,NaN,NaN,NaN,NaN,0,NaN,NaN
5.1207,1.5159,0.0043176,NaN,NaN,NaN,NaN,0,NaN,NaN
5.1607,1.5992,0.55288,NaN,NaN,NaN,NaN,-0.0551,NaN,NaN
5.2007,1.9268,0.31936,NaN,NaN,NaN,NaN,-0.1346,NaN,NaN
5.2407,2.2185,0.28349,NaN,NaN,NaN,NaN,-0.1346,NaN,NaN
5.2807,2.5042,-0.093832,NaN,NaN,NaN,NaN,-0.2324,NaN,NaN
5.3207,2.8691,-0.099878,NaN,NaN,NaN,NaN,-0.1633,NaN,NaN
5.3607,3.1552,-0.31814,NaN,NaN,NaN,NaN,-0.1935,NaN,NaN
5.4007,3.4013,-0.54415,NaN,NaN,NaN,NaN,-0.2288,NaN,NaN
5.4407,3.8143,-0.031648,NaN,NaN,NaN,NaN,-0.062,NaN,NaN
5.4808,4.1641,0.040965,NaN,NaN,NaN,NaN,-0.0349,NaN,NaN
5.5208,4.5201,0.21241,NaN,NaN,NaN,NaN,0.0095,NaN,NaN
5.5608,4.8133,0.11332,NaN,NaN,NaN,NaN,-0.0162,NaN,NaN
5.6007,5.1935,0.24617,NaN,NaN,NaN,NaN,0.0174,NaN,NaN
5.6408,5.5013,0.18279,NaN,NaN,NaN,NaN,0.0009,NaN,NaN
5.6808,5.8806,0.37274,NaN,NaN,NaN,NaN,0.0428,NaN,NaN
5.7208,6.2193,0.41773,NaN,NaN,NaN,NaN,0.0488,NaN,NaN
5.7608,6.5265,0.32902,NaN,NaN,NaN,NaN,0.0259,NaN,NaN
5.8008,6.8257,0.23637,NaN,NaN,NaN,NaN,0.005,NaN,NaN
5.8408,7.1748,0.22446,NaN,NaN,NaN,NaN,0.0039,NaN,NaN
5.8808,5.1713,0.58773,7.8617,-0.32623,-0,-0,-0.0415,0,Inf
5.9208,5.4731,0.55603,7.8276,-0.36162,-0.0066573,0.0065406,-0.0459,0.0009,8706.6
5.9608,5.7998,0.5967,7.8407,-0.21593,-0.010792,0.010601,-0.0272,0.0026,3016.8
6.0008,6.0019,0.57393,7.7559,-0.27892,-0.016639,0.016354,-0.0354,0.0022,3527.7
6.0408,6.3262,0.60283,7.7876,-0.19453,-0.0096829,0.009512,-0.0246,0.0027,2885.2
6.0808,6.7356,0.84347,7.9947,0.22279,0.0011101,-0.0010898,0.0279,0.0099,807.86
6.1209,7.0694,0.8424,8.0062,0.20655,0.00090769,-0.00089219,0.0258,0.0097,825.65
6.1608,7.406,0.91285,8.0369,0.36794,0.0019174,-0.0018824,0.0457,0.0159,505.99
6.2008,7.6974,0.88033,7.9897,0.25451,0.0023214,-0.0022794,0.0318,0.0108,740.16
6.2408,7.8855,0.75953,7.8389,-0.035123,-0.0034305,0.0033688,-0.0044,-0.0048,-1633.1
6.2809,8.2298,0.84256,7.9235,0.16446,0.001514,-0.0014868,0.0207,0.0089,890.47
6.3209,8.559,0.87867,7.9529,0.24186,0.0019174,-0.0018824,0.0303,0.0136,585.04
6.3609,8.8755,0.89851,7.9742,0.25855,0.0012108,-0.0011884,0.0324,0.0139,573.98
6.4009,9.1888,0.90862,7.9647,0.26332,0.0014127,-0.0013869,0.033,0.0138,577.47
6.4409,9.524,0.94299,7.9849,0.30661,0.0014127,-0.0013869,0.0383,0.0164,487.25
6.4809,9.8187,0.91721,7.9451,0.19969,0.0013124,-0.0012873,0.0251,0.0042,1892.3
6.5209,10.135,0.90766,7.9207,0.14839,0.0011104,-0.0010888,0.0187,-0.0009,-8802.4
6.5609,10.464,0.92794,7.9428,0.20905,0.0016151,-0.0015844,0.0263,0.0065,1222.4
6.6009,10.775,0.91421,7.9161,0.12894,0.00080775,-0.00079175,0.0163,-0.0023,-3442.2
6.6409,11.094,0.91469,7.9083,0.11633,0.00070703,-0.00069316,0.0147,-0.0031,-2551.3
6.6809,11.423,0.92294,7.9207,0.12295,0.00070703,-0.00069316,0.0155,-0.0014,-5658.4
6.7209,11.748,0.92353,7.9266,0.1252,0.00070703,-0.00069316,0.0158,0.0001,79276
6.7609,12.079,0.92715,7.9326,0.12455,0.00070703,-0.00069316,0.0157,0.0002,39668
6.8009,12.371,0.9307,7.8715,0.11192,0.00070703,-0.00069316,0.0142,-0.0008,-9840.3
6.8409,13.237,0.46182,7.7684,-0.061818,-0.0047471,0.0046514,-0.0078,-0.019,-408.87
6.881,13.513,0.43293,7.7027,-0.15176,-0.0092922,0.0091043,-0.0195,-0.0288,-267.51
6.9209,14.559,0.68703,7.719,-0.11064,-0.0071729,0.0070256,-0.0142,-0.023,-335.65
6.9609,14.846,0.59657,7.6472,-0.26911,-0.015152,0.014843,-0.0349,-0.0402,-190.35
7.0009,15.154,0.61644,7.6504,-0.21246,-0.012325,0.012072,-0.0276,-0.0323,-236.94
7.041,15.468,0.58856,7.6346,-0.27845,-0.015253,0.014942,-0.0362,-0.0387,-197.41
7.081,15.785,0.65131,7.6666,-0.1275,-0.0079814,0.0078155,-0.0165,-0.0202,-379.59
7.121,16.085,0.63748,7.6466,-0.14659,-0.0089925,0.0088052,-0.019,-0.0216,-354.07
7.161,16.404,0.69387,7.6817,-0.00527,-0.0030316,0.0029674,-0.0006,-0.0053,-1449.4
7.201,16.713,0.69952,7.6745,0.0083967,-0.0026282,0.0025718,0.0011,-0.0034,-2257.2
7.241,16.991,0.59378,7.6365,-0.089429,-0.00657,0.0064281,-0.0116,-0.0132,-578.56
7.281,17.29,0.60018,7.6238,-0.06487,-0.0056602,0.0055383,-0.0084,-0.0102,-747.46
7.321,17.613,0.62643,7.6383,-0.014548,-0.003538,0.0034616,-0.0019,-0.0046,-1660.5
7.361,17.91,0.61943,7.6137,-0.022584,-0.004043,0.0039562,-0.0029,-0.0051,-1492.9
7.401,18.217,0.61735,7.603,-0.027121,-0.0042454,0.0041538,-0.0035,-0.0053,-1434.5
7.441,18.516,0.60976,7.583,-0.040874,-0.0049528,0.004846,-0.0053,-0.0065,-1166.6
7.481,18.811,0.61113,7.5603,-0.038026,-0.0049528,0.004846,-0.005,-0.0059,-1281.4
7.5211,19.1,0.58668,7.5269,-0.090166,-0.0075818,0.007416,-0.0119,-0.0107,-703.5
7.561,19.378,0.5583,7.4812,-0.14941,-0.010917,0.010681,-0.0198,-0.016,-467.67
7.6011,19.687,0.5772,7.4892,-0.092263,-0.0078862,0.0077116,-0.0122,-0.0102,-734.3
7.641,19.98,0.55135,7.4631,-0.13955,-0.010313,0.010085,-0.0185,-0.0143,-521.99
7.681,20.273,0.538,7.4359,-0.17969,-0.012435,0.01216,-0.024,-0.0176,-422.61
7.7211,20.566,0.50385,7.4121,-0.23693,-0.015369,0.015028,-0.0317,-0.0223,-332.55
7.7611,20.88,0.52803,7.435,-0.16743,-0.011123,0.010871,-0.0223,-0.0154,-482.91
7.8011,21.194,0.3976,7.4629,-0.12788,-0.0082926,0.0081053,-0.017,-0.0106,-704.15
7.8411,21.498,0.48091,7.4739,-0.0054223,-0.0034394,0.0033606,-0.0007,-0.0001,-74739
7.8811,21.794,0.46796,7.4579,-0.027437,-0.0042475,0.0041514,-0.0036,-0.002,-3729
7.9211,22.089,0.44605,7.4449,-0.071667,-0.0056636,0.0055354,-0.0095,-0.0057,-1306.2
7.9611,22.417,0.48934,7.4798,-0.00135,-0.002731,0.002668,-0.0001,0.0001,74798
8.0011,22.724,0.47995,7.4898,-0.0080358,-0.0027306,0.0026689,-0.001,-0.0005,-14980
8.0411,23.045,0.51182,7.5133,0.040344,-0.0011121,0.0010874,0.0054,0.0034,2209.8
8.0811,23.315,0.46741,7.4721,-0.033906,-0.003237,0.003163,-0.0045,-0.0026,-2873.9
8.1212,23.623,0.48366,7.4813,-0.010582,-0.0023263,0.0022728,-0.0014,-0.0007,-10688
8.1612,23.895,0.41659,7.4665,-0.063977,-0.0036421,0.0035572,-0.0085,-0.0047,-1588.7
8.2011,24.194,0.43569,7.4618,-0.048031,-0.0031357,0.0030631,-0.0064,-0.0036,-2072.8
8.2411,24.473,0.40004,7.442,-0.094353,-0.0041485,0.0040514,-0.0126,-0.0071,-1048.3
8.2812,24.781,0.399,7.4849,-0.095189,-0.0029347,0.002865,-0.0127,-0.0068,-1100.8
8.3211,25.067,0.35626,7.4602,-0.14869,-0.0041488,0.0040505,-0.0199,-0.0107,-697.35
8.3611,25.428,0.48525,7.5587,0.026367,-0.00050636,0.00049413,0.0035,0.0021,3599.4
8.4012,25.747,0.47161,7.6112,0.10677,-0,-0,0.014,0.0076,1001.6
8.4411,26.062,0.51894,7.6338,0.15839,-0.00010164,9.898e-05,0.0207,0.0108,706.99
8.4812,26.379,0.53318,7.6621,0.1727,-0.00040472,0.00039515,0.0225,0.0114,672.28
8.5212,26.716,0.57369,7.706,0.22728,-0.0013158,0.0012844,0.0295,0.0147,524.45
8.5612,27.051,0.61308,7.7472,0.26514,-0.0024287,0.00237,0.0342,0.0167,464.18
8.6012,27.348,0.60665,7.7398,0.24508,-0.0020249,0.0019752,0.0317,0.015,516.24
8.6412,27.668,0.62154,7.7609,0.25845,-0.0025304,0.0024689,0.0333,0.0155,500.98
8.6812,27.981,0.60357,7.7659,0.22377,-0.0020249,0.0019752,0.0288,0.013,597.63
8.7212,28.311,0.62285,7.795,0.24872,-0.0027331,0.0026656,0.0319,0.0142,549.22
8.7613,28.628,0.59353,7.7992,0.23332,-0.0025304,0.0024689,0.0299,0.013,600.21
8.8012,28.939,0.60317,7.805,0.24126,-0.0026324,0.002567,0.0309,0.0131,596.09
8.8412,29.251,0.6141,7.8107,0.24522,-0.0027331,0.0026656,0.0314,0.0131,596.53
8.8812,29.578,0.65747,7.8369,0.29787,-0.0040502,0.0039495,0.0381,0.016,490.16
8.9212,29.888,0.65452,7.8373,0.28659,-0.0037462,0.0036529,0.0366,0.015,522.84
8.9613,30.2,0.68322,7.8422,0.30889,-0.004253,0.0041461,0.0394,0.0161,487.47
9.0013,30.498,0.67165,7.8283,0.27931,-0.0033415,0.0032578,0.0357,0.0139,563.55
9.0413,30.797,0.65414,7.8163,0.24407,-0.002532,0.0024675,0.0313,0.0116,674.15
9.0813,31.094,0.63142,7.8012,0.2113,-0.0017213,0.0016777,0.0271,0.0094,830.21
9.1213,31.42,0.65187,7.8244,0.22939,-0.002228,0.0021709,0.0293,0.0103,759.98
9.1613,31.714,0.62788,7.8047,0.18473,-0.0013166,0.0012826,0.0237,0.0075,1040.9
9.2013,31.946,0.62753,7.7112,0.18311,-0.00060747,0.0005918,0.0238,0.0072,1071.3
9.2413,32.254,0.63148,7.7133,0.18591,-0.00060747,0.0005918,0.0241,0.0072,1071.6
9.2813,32.582,0.71981,7.7348,0.28915,-0.0015199,0.0014805,0.0374,0.013,595.4
9.3213,32.929,0.75506,7.793,0.32309,-0.0032415,0.0031573,0.0415,0.0145,537.91
9.3613,33.256,0.73106,7.8192,0.27855,-0.0031408,0.0030587,0.0357,0.0116,674.49
9.4013,33.579,0.74706,7.8381,0.28875,-0.0035455,0.0034539,0.0369,0.012,653.62
9.4413,33.908,0.75876,7.8636,0.29093,-0.0039507,0.0038481,0.0371,0.0118,666.86
9.4813,34.244,0.7866,7.9002,0.31118,-0.0049641,0.0048345,0.0394,0.0126,627.49
9.5213,34.674,0.80772,7.9047,0.2771,-0.0041543,0.0040452,0.0351,0.0105,753.29
9.5613,35.002,0.82264,7.9279,0.28855,-0.0046611,0.0045384,0.0364,0.0109,727.81
9.6014,35.334,0.85424,7.9509,0.31776,-0.0055733,0.0054249,0.04,0.0122,652.23
9.6414,35.641,0.87571,7.9467,0.33318,-0.005675,0.0055238,0.042,0.0128,621.39
9.6813,35.963,0.8962,7.9591,0.352,-0.0061821,0.0060161,0.0443,0.0136,585.8
9.7213,36.269,0.8799,7.9462,0.32165,-0.0049662,0.0048321,0.0405,0.0118,673.96
9.7614,36.575,0.89439,7.9384,0.32287,-0.0046631,0.004536,0.0407,0.0117,679.05
9.8013,36.893,0.90794,7.9451,0.32655,-0.0047639,0.0046346,0.0412,0.0117,679.64
9.8414,37.21,0.8943,7.9491,0.30207,-0.0041564,0.0040428,0.038,0.0101,787.6
9.8814,37.524,0.88076,7.9463,0.26812,-0.0033453,0.0032539,0.0338,0.0082,969.61
9.9214,37.842,0.89451,7.9528,0.27081,-0.0033453,0.0032539,0.0341,0.0082,970.42
9.9614,38.131,0.84533,7.9176,0.2054,-0.001723,0.0016763,0.026,0.0045,1760.1
10.001,38.457,0.85894,7.9335,0.20671,-0.0017243,0.0016757,0.0261,0.0045,1763.6
10.041,38.787,0.86162,7.9539,0.20549,-0.001825,0.0017743,0.0259,0.0044,1808.3
10.081,39.075,0.81406,7.9133,0.14186,-0.00050675,0.0004932,0.0179,0.001,7914.5
10.121,39.392,0.82396,7.9181,0.14183,-0.00050675,0.0004932,0.0179,0.001,7919.3
10.161,39.719,0.83433,7.9345,0.15014,-0.00060878,0.00059126,0.0189,0.0014,5668.5
10.201,40.036,0.79404,7.9261,0.11009,-0,-0,0.0139,-0.0006,-13212
10.241,40.372,0.80167,7.9508,0.11773,-0.00010164,9.898e-05,0.0148,-0.0001,-79517
10.281,40.687,0.81147,7.946,0.12964,-0.00020275,0.00019665,0.0163,0.0005,15894
10.321,41.005,0.83356,7.9495,0.14787,-0.00040603,0.00039461,0.0186,0.0015,5300.6
10.361,41.327,0.84059,7.9544,0.15212,-0.00050713,0.00049228,0.0191,0.0018,4419.9
10.401,41.665,0.88009,7.9812,0.19375,-0.0011159,0.0010835,0.0243,0.004,1995.9
10.441,41.991,0.8919,7.9898,0.20037,-0.0011159,0.0010835,0.0251,0.0044,1816.4
10.481,42.311,0.90106,7.994,0.20183,-0.0011159,0.0010835,0.0253,0.0044,1817.4
10.521,42.631,0.90692,7.9982,0.2029,-0.0011159,0.0010835,0.0254,0.0044,1818.4
10.561,42.939,0.90143,7.9789,0.18965,-0.00081152,0.00078791,0.0238,0.0036,2217
10.601,43.254,0.92462,7.9686,0.21361,-0.00071042,0.00069024,0.0268,0.005,1594.3
10.642,43.799,0.7933,7.9637,0.20657,-0.00060878,0.00059126,0.0259,0.0046,1731.8
10.681,44.103,0.77932,7.9438,0.1789,-0.00030439,0.00029563,0.0225,0.003,2648.6
10.721,44.401,0.77731,7.9162,0.1724,-0.00010164,9.898e-05,0.0218,0.0026,3045.4
10.761,44.784,0.81046,7.9211,0.16687,-0.00010164,9.898e-05,0.0211,0.0023,3444.7
10.801,45.101,0.8213,7.9217,0.16758,-0.00010164,9.898e-05,0.0211,0.0023,3445
10.842,45.471,0.85892,7.9194,0.15384,-0.00010164,9.898e-05,0.0194,0.0015,5280.6
10.882,45.778,0.89686,7.9263,0.14965,-0.00010164,9.898e-05,0.0189,0.0013,6098.2
10.922,46.089,0.91143,7.9294,0.1413,-0,-0,0.0178,0.0008,9913.3
10.962,46.398,0.92168,7.9393,0.13174,-0,-0,0.0166,0.0003,26468
11.002,46.719,0.94387,7.9388,0.12783,-0,-0,0.0161,0.0002,39699
11.042,47.048,0.94863,7.9391,0.11703,-0,-0,0.0147,-0.0005,-15880
11.082,47.36,0.97227,7.9711,0.1362,-0.00010164,9.898e-05,0.0171,0.0008,9965.4
11.122,47.698,1.0032,8.0362,0.17174,-0.00050713,0.00049228,0.0214,0.003,2679.3
11.162,48.01,1.0011,8.0349,0.16023,-0.00040642,0.00039369,0.0199,0.0023,3494.1
11.202,48.344,1.0164,8.0614,0.16392,-0.00050713,0.00049228,0.0203,0.0025,3225.2
11.242,48.704,1.0222,8.1578,0.17221,-0.0010152,0.00098495,0.0211,0.0028,2914.1
11.282,49.028,1.0332,8.2372,0.18356,-0.001624,0.0015762,0.0223,0.0036,2288.7
11.322,49.27,1.015,8.133,0.16597,-0.0007108,0.00068932,0.0204,0.0025,3253.9
11.362,49.563,1.0189,8.059,0.1614,-0.00030439,0.00029563,0.02,0.0022,3663.9
11.402,49.769,0.99259,7.8066,0.15552,0.00091355,-0.00088597,0.0199,0.0016,4880.1
11.442,50.08,1.0064,7.7989,0.15572,0.0010152,-0.00098495,0.02,0.0016,4875.3
11.482,50.393,1.01,7.7912,0.1562,0.0010152,-0.00098495,0.02,0.0016,4870.5
11.522,50.704,1.0125,7.7835,0.15629,0.0010152,-0.00098495,0.0201,0.0016,4865.7
11.562,51.015,1.0173,7.7758,0.15667,0.0010152,-0.00098495,0.0201,0.0016,4860.8
******-------------------------------------------------------------------------------------------------------------------****** 
