******-------------------------------------------------------------------------------------------------------------------****** 
Duration of the scene is: 24.928 seconds
Original Targets Numbers in the hole Scene: 9
Number of Targets in the hole Scene after preprocessing: 10
Number of static portions: 1
******-------------------------------------------------------------------------------------------------------------------****** 
TargetID: ID11
Relevancy: 0
tj = Inf
Label: -1
Comment: Target is irrelevant as it is not crossing the estimated holding line
DATA:
2.961,-0,-0,3.175,0.28966,-0.6599,-1.1701,0,-0.168,-18.977
3.0019,0.12374,-0.0033284,3.1384,0.27307,-0.65526,-1.1695,-0.0067,-0.168,-18.752
3.041,0.24425,-0.0078276,3.1017,0.2572,-0.65014,-1.169,-0.0134,-0.168,-18.526
3.0819,0.36322,-0.011904,3.0651,0.24164,-0.64498,-1.1683,-0.0201,-0.168,-18.301
3.1211,0.52256,-0.0092023,3.2307,-0.21121,-0.47327,-0.66487,-0.0171,-0.143,-22.641
3.162,0.65862,-0.0061842,3.3171,-0.15868,-0.29849,-0.42935,-0.0193,-0.1364,-24.347
3.2012,1.0039,-0.057791,3.9302,-0.072593,0.4547,0.71629,-0.053,-0.1808,-21.741
3.2421,1.0702,-0.048552,3.7095,-0.12549,0.19186,0.29132,-0.0491,-0.1616,-22.968
3.2811,1.1054,-0.032601,3.3686,-0.24247,-0.29878,-0.42994,-0.0447,-0.1431,-23.601
3.3221,1.2072,-0.036566,3.2368,-0.23032,-0.36159,-0.50593,-0.0373,-0.1218,-26.642
3.3611,1.3488,-0.054692,3.2964,-0.24104,-0.30299,-0.43221,-0.0451,-0.1248,-26.484
3.402,1.4226,-0.040771,3.0935,-0.24625,-0.47054,-0.64437,-0.0335,-0.0987,-31.442
3.4411,1.5074,-0.020734,2.9588,-0.24091,-0.59325,-0.79327,-0.021,-0.0752,-39.476
3.482,1.5914,-0.0061215,2.8894,-0.26599,-0.73141,-0.97486,-0.0146,-0.0632,-45.912
3.5212,1.6998,-0.016392,2.7719,-0.27436,-0.72262,-0.93429,-0.0181,-0.0633,-44.004
3.5621,1.8158,-0.028608,2.7421,-0.28743,-0.71145,-0.91852,-0.0233,-0.0657,-41.966
3.6013,1.9227,-0.030324,2.7818,-0.2996,-0.72584,-0.95978,-0.0249,-0.0647,-43.244
3.6412,2.0362,-0.035287,2.746,-0.313,-0.73212,-0.96417,-0.0284,-0.0658,-42.002
3.6812,2.0864,-0.0066374,2.4502,-0.3425,-0.9446,-1.1392,-0.0139,-0.0466,-53.09
3.7221,2.184,-0.0098508,2.4058,-0.35153,-0.94869,-1.1362,-0.0157,-0.0466,-52.174
3.7612,2.2801,-0.013201,2.3612,-0.36076,-0.95304,-1.1329,-0.0176,-0.0466,-51.258
3.8022,2.3798,-0.015687,2.3166,-0.36992,-0.95763,-1.1294,-0.0195,-0.0466,-50.343
3.8421,2.4832,-0.016046,2.272,-0.37874,-0.96247,-1.1259,-0.0213,-0.0466,-49.429
3.8822,2.5803,-0.018881,2.2272,-0.38809,-0.96764,-1.122,-0.0232,-0.0466,-48.514
3.9212,2.6682,-0.023001,2.1824,-0.39705,-0.97289,-1.1181,-0.025,-0.0466,-47.601
3.9613,2.7547,-0.026304,2.1374,-0.40647,-0.9786,-1.114,-0.0269,-0.0466,-46.689
4.0013,2.8394,-0.030766,2.0923,-0.41565,-0.98444,-1.1097,-0.0288,-0.0466,-45.776
4.0422,2.9338,-0.032936,2.0471,-0.42503,-0.99081,-1.1053,-0.0306,-0.0466,-44.865
4.0813,3.0262,-0.035429,2.0017,-0.4345,-0.99736,-1.1005,-0.0325,-0.0466,-43.955
4.1222,3.1059,-0.039315,1.9561,-0.44419,-1.0045,-1.0955,-0.0344,-0.0466,-43.045
4.1613,3.1829,-0.04439,1.9105,-0.45381,-1.012,-1.0903,-0.0362,-0.0466,-42.139
4.2014,3.2642,-0.048392,1.8648,-0.46372,-1.0202,-1.0848,-0.0381,-0.0466,-41.235
******-------------------------------------------------------------------------------------------------------------------****** 
TargetID: ID03
Target can not be processed due to lack of Data
******-------------------------------------------------------------------------------------------------------------------****** 
TargetID: ID15
Relevancy: 0
tj = Inf
Label: -1
Comment: Target is irrelevant as it is not crossing the estimated holding line
DATA:
7.9626,-0,-0,3.2256,2.1379e-05,-0,-0,0,0,Inf
8.0035,0.24059,-0.03757,3.449,-0.1513,0.051327,0.080826,-0.0432,0.0018,1918
8.0435,0.3172,0.0083605,3.3058,-0.0082314,0.011794,0.018644,-0.0027,0.0035,944.53
8.0826,0.4018,-0.011483,3.2214,-0.02497,-0.16796,-0.26734,-0.0103,-0.0055,-585.73
8.1226,0.52879,6.8767e-05,3.1981,0.0019447,-0.138,-0.21941,-0.0015,-0.0011,-2907.3
8.1626,0.65257,0.020112,3.2036,0.043075,-0.02298,-0.036505,0.0138,0.0118,271.52
8.2027,0.76183,0.067168,3.174,0.14812,0.067618,0.10762,0.0477,0.0373,85.187
8.2426,0.87866,0.061749,2.6808,-0.40331,0.0029043,0.0079248,-0.37423,0.062978,43.046
8.2836,0.97904,0.035365,2.2327,-0.86892,-0.063377,-0.094188,-0.80638,0.089278,26.835
8.3226,1.0588,-0.0057554,1.8586,-1.2198,-0.12666,-0.19168,-1.219,0.11439,19.435
8.3627,1.1266,-0.060293,1.5296,-1.4847,-0.19157,-0.29169,-1.6422,0.14015,15.21
8.4027,1.182,-0.12328,1.2568,-1.6529,-0.25624,-0.39132,-2.0639,0.16581,12.523
8.4428,1.2279,-0.19142,1.0379,-1.7256,-0.32124,-0.49146,-2.4877,0.1916,10.51
8.4828,1.2659,-0.26015,0.87532,-1.7022,-0.38587,-0.59102,-2.909,0.21724,8.8109
8.5237,1.2993,-0.32766,0.76556,-1.5792,-0.45214,-0.69312,-3.3411,0.24354,7.2061
8.5627,1.328,-0.38551,0.71459,-1.3682,-0.51538,-0.79054,-3.7534,0.26863,5.7462
8.6037,1.3572,-0.43534,0.71753,-1.049,-0.58166,-0.89266,-4.1856,0.29493,4.3093
8.6437,1.3869,-0.46947,0.77623,-0.63973,-0.6465,-0.99254,-4.6083,0.32066,3.1369
8.6828,1.4192,-0.48515,0.88671,-0.14776,-0.70976,-1.09,-5.0208,0.34576,2.5999
8.7228,1.4578,-0.47943,1.0542,0.45028,-0.77449,-1.1897,-5.4428,0.37145,3.086
8.7629,1.5044,-0.44775,1.2773,1.146,-0.8394,-1.2897,-5.866,0.3972,4.3203
8.8037,1.5787,-0.4049,1.2085,1.143,-0.83902,-1.2812,-5.8502,0.3972,4.1879
******-------------------------------------------------------------------------------------------------------------------****** 
TargetID: ID04
Target can not be processed due to lack of Data
******-------------------------------------------------------------------------------------------------------------------****** 
TargetID: ID06
Relevancy: 1
tj = 16.3252
Label: 0
Comment: Target is relevant and going straight, since the velocity ratio is almost not changing
DATA:
15.685,-0,-0,8.4418,0.016516,1.9474,1.3619,0,0.0305,276.78
15.726,0.18461,-0.008528,1.7277,-0.3705,1.7403,1.2097,0.00054532,0.029921,59.056
15.766,0.23337,-0.024804,1.8061,-0.3844,1.5382,1.0611,0.0010778,0.029355,62.904
15.805,0.40981,-0.034418,8.2506,-0.048671,1.3399,0.91532,0.0016,0.0288,286.48
15.845,0.68403,-0.047867,8.0964,-0.012985,0.96569,0.65887,-0.0016,0.0243,333.19
15.885,0.96888,-0.051705,7.9953,-0.019087,0.6699,0.45563,-0.0024,0.0227,352.22
15.925,1.2615,-0.05516,7.924,0.0058748,0.45826,0.31131,-0.0021,0.0222,356.94
15.966,1.554,-0.072718,7.8699,-0.056824,0.31265,0.21129,-0.0072,0.0163,482.83
16.005,1.8578,-0.079793,7.8661,-0.072827,0.28697,0.19316,-0.0075,0.0154,510.81
16.045,2.1417,-0.082746,7.8042,-0.056682,0.14497,0.097321,-0.0064,0.0159,490.84
16.085,2.428,-0.088654,7.7201,-0.055991,-0.024688,-0.01651,-0.0072,0.0146,528.79
16.126,2.6908,-0.093767,7.6346,-0.049159,-0.16866,-0.11248,-0.0075,0.0139,549.26
16.165,2.9658,-0.10372,7.5791,-0.054776,-0.21909,-0.14542,-0.0087,0.0124,611.23
16.205,3.2424,-0.11735,7.5546,-0.075651,-0.23866,-0.15802,-0.0116,0.0093,812.37
16.245,3.5431,-0.12425,7.4912,-0.23685,-0.20597,-0.13592,-0.019843,0.0024062,3114.8
16.285,3.8445,-0.13373,7.5631,-0.20385,-0.17321,-0.11379,-0.0281,-0.0045,-1681.3
16.325,4.0964,-0.1457,7.4941,-0.20534,-0.21677,-0.14183,-0.0289,-0.0048,-1561.9
16.366,4.353,-0.1595,7.4477,-0.21288,-0.21652,-0.14117,-0.0301,-0.0054,-1379.8
16.405,4.6192,-0.16314,7.4434,-0.2268,-0.14698,-0.095445,-0.0315,-0.0061,-1220.8
16.446,4.8835,-0.15832,7.4149,-0.19006,-0.1387,-0.089827,-0.0266,-0.0014,-5298.1
16.485,5.1794,-0.1615,7.4435,-0.18493,-0.035052,-0.022615,-0.0251,0.0001,74458
16.525,5.4426,-0.1699,7.4415,-0.18676,0.038903,0.025014,-0.0248,0.0005,14888
16.565,5.7299,-0.19101,7.4552,-0.21471,0.11526,0.07389,-0.0288,-0.0027,-2762.3
16.605,6.0075,-0.20181,7.4681,-0.21704,0.17758,0.11351,-0.0291,-0.0028,-2668.3
16.645,6.2977,-0.2226,7.4945,-0.26402,0.26201,0.16667,-0.0335,-0.0062,-1209.5
16.685,6.5823,-0.23716,7.4884,-0.27852,0.25924,0.16443,-0.0354,-0.0075,-999.15
16.725,6.8814,-0.2508,7.5306,-0.28693,0.36601,0.23153,-0.0357,-0.0074,-1018.4
16.765,7.1632,-0.2698,7.5228,-0.30783,0.37656,0.23766,-0.0384,-0.0092,-818.38
16.805,7.4474,-0.28387,7.5256,-0.31749,0.37913,0.23891,-0.0396,-0.0099,-760.84
16.846,7.7557,-0.30193,7.5701,-0.34149,0.49024,0.30783,-0.0419,-0.0113,-670.6
16.885,8.0732,-0.31686,7.6589,-0.33678,0.5941,0.37446,-0.0439,-0.0125,-613.3
16.926,8.3952,-0.31592,7.6883,-0.33348,0.6638,0.41497,-0.0392,-0.0083,-927.17
16.965,8.7081,-0.33782,7.7225,-0.37271,0.69144,0.43148,-0.0439,-0.0117,-660.81
17.006,9.0089,-0.35018,7.7568,-0.38058,0.70414,0.43969,-0.0446,-0.0118,-658.15
17.045,9.3221,-0.36158,7.8071,-0.31443,0.71345,0.44866,-0.0447,-0.0114,-685.38
17.085,9.6346,-0.37164,7.825,-0.38132,0.75361,0.46926,-0.0441,-0.0104,-753.29
17.125,9.9443,-0.3553,7.8469,-0.30151,0.74746,0.46479,-0.0339,-0.0016,-4907.9
17.166,10.257,-0.36645,7.8722,-0.30275,0.74774,0.46405,-0.034,-0.0016,-4923.8
17.205,10.543,-0.38062,7.8067,-0.30092,0.56179,0.34812,-0.0351,-0.0024,-3255.2
17.246,10.849,-0.38514,7.8186,-0.28067,0.55472,0.34308,-0.0326,-0.0002,-39118
17.286,11.161,-0.39648,7.8373,-0.28097,0.55496,0.34269,-0.0325,-0.0002,-39212
17.326,11.488,-0.41048,7.8331,-0.29974,0.4665,0.28741,-0.0355,-0.0027,-2903.3
17.366,11.803,-0.42216,7.8442,-0.29702,0.42886,0.26431,-0.0353,-0.0026,-3019.2
17.406,12.091,-0.50641,7.8557,-0.43119,0.42156,0.26029,-0.0548,-0.0172,-457.41
17.446,12.374,-0.53289,7.8231,-0.46682,0.40856,0.2511,-0.0571,-0.0181,-432.99
17.486,12.678,-0.54964,7.8366,-0.47335,0.40876,0.25078,-0.0578,-0.0181,-433.75
******-------------------------------------------------------------------------------------------------------------------****** 
TargetID: ID20
Target can not be processed due to lack of Data
******-------------------------------------------------------------------------------------------------------------------****** 
TargetID: ID07
Target can not be processed due to lack of Data
******-------------------------------------------------------------------------------------------------------------------****** 
TargetID: ID21
Target can not be processed due to lack of Data
******-------------------------------------------------------------------------------------------------------------------****** 
TargetID: ID08
Target can not be processed due to lack of Data
******-------------------------------------------------------------------------------------------------------------------****** 
TargetID: ID22
Target can not be processed due to lack of Data
******-------------------------------------------------------------------------------------------------------------------****** 
