******-------------------------------------------------------------------------------------------------------------------****** 
Duration of the scene is: 24.9281 seconds
Original Targets Numbers in the hole Scene: 16
Number of Targets in the hole Scene after preprocessing: 36
Number of static portions: 1
******-------------------------------------------------------------------------------------------------------------------****** 
TargetID: ID21
Target can not be processed due to lack of Data
******-------------------------------------------------------------------------------------------------------------------****** 
TargetID: ID30
Relevancy: 0
tj = Inf
Label: -1
Comment: Target is irrelevant as it is not crossing the estimated holding line
DATA:
11.364,0,0,6.2824,0.0001963,0.0056191,-0.0047442,0,0.1509,41.633
11.404,0.2195,-0.47595,4.9065,-0.070076,-0.049911,0.042152,-0.0141,0.0065,754.93
11.444,0.20408,-0.44409,4.5873,0.17852,-0.049494,0.041795,0.0387,0.1846,24.869
11.484,0.30455,-0.34358,4.145,0.37244,-0.040421,0.034125,0.0894,0.3097,13.438
11.524,0.4291,-0.2829,3.9211,0.49329,-0.010591,0.0089401,0.1251,0.3724,10.612
11.564,0.44882,-0.19035,3.4932,0.67864,0.14528,-0.12272,0.193,0.5046,7.0521
11.604,0.53903,-0.043792,3.3045,0.86163,0.27633,-0.23364,0.2576,0.6057,5.6381
11.644,0.45766,0.0003985,2.8054,0.978,0.64745,-0.55116,0.3438,0.7384,4.0235
11.684,0.42446,0.26241,2.4281,1.2207,1.0504,-0.90784,0.4834,0.9521,2.8544
11.724,0.44383,0.38767,2.1375,1.2936,1.3481,-1.1878,0.5719,1.0446,2.3918
11.764,0.43321,0.55958,1.8374,1.3674,1.6641,-1.5132,0.6822,1.161,1.9727
11.804,0.35835,0.73618,1.5705,1.5274,1.7836,-1.6625,0.8224,1.3074,1.6756
11.844,0.34473,0.89483,1.2579,1.7146,1.8998,-1.6081,0.9378,1.4,1.519
11.884,0.38375,0.95889,1.2361,1.6788,1.7674,-1.6724,0.9913,1.395,1.4944
11.924,0.35787,1.1237,0.82964,1.9436,1.7255,-1.3413,1.1194,1.4892,1.419
11.964,0.33023,1.2774,0.60721,2.024,1.606,-1.2709,1.2359,1.5602,1.3544
12.004,0.30464,1.4463,0.40871,2.1736,1.2642,-1.0286,1.3552,1.6264,1.3599
12.044,0.3021,1.5337,0.38444,2.1561,1.1953,-1.0617,1.4223,1.628,1.3453
12.084,0.35202,1.4975,0.39703,2.0426,1.5248,-1.3373,1.4184,1.5524,1.3404
12.124,0.34654,1.616,-0.60669,3.7483,1.0765,-0.949,1.5022,1.5693,2.4197
12.164,0.30858,1.7874,-1.2242,4.6816,0.62785,-0.56045,1.586,1.5861,3.0508
12.204,0.25373,1.9804,-1.4547,4.8413,0.17991,-0.17247,1.6698,1.603,3.1535
12.244,0.19738,2.1643,-1.2993,4.2294,-0.26806,0.21552,1.7535,1.6198,2.7314
12.284,0.15495,2.3084,-0.75807,2.846,-0.71601,0.60351,1.8372,1.6367,1.7995
12.324,0.14762,2.4217,-0.82591,2.87,-0.78094,0.658,1.8573,1.5941,1.8735
12.364,0.11062,2.5677,-0.98143,2.9965,-1.0629,0.89499,1.8946,1.5679,2.011
12.404,0.002014,2.813,-1.4078,3.2291,-1.5697,1.3204,1.9892,1.5913,2.2137
12.444,-0.063601,2.9476,-1.6424,3.1844,-1.5238,1.2809,2.0529,1.5913,2.2516
12.484,-0.13165,3.157,-1.8901,3.3325,-1.8007,1.5132,2.0922,1.5685,2.4426
12.524,-0.21507,3.2956,-2.1391,3.2653,-1.7373,1.4597,2.155,1.5685,2.4887
12.567,-0.24896,3.4796,-2.2181,3.3648,-1.8608,1.5631,2.1578,1.5201,2.6512
12.604,-0.34513,3.6075,-2.4686,3.2828,-1.7904,1.5038,2.2186,1.5201,2.7021
12.644,-0.35473,3.8158,-2.4251,3.4209,-1.9264,1.6205,2.191,1.4524,2.8872
12.684,-0.24696,3.8923,-2.1565,3.3295,-1.6711,1.4005,2.1414,1.3749,2.8852
12.724,-0.33961,4.0268,-2.3737,3.2634,-1.6192,1.3576,2.1965,1.3749,2.935
12.764,-0.18011,4.0095,-1.9647,2.9505,-1.0671,0.89506,2.1551,1.3098,2.7063
12.804,-0.29621,4.3111,-2.2729,3.317,-1.626,1.3662,2.175,1.2854,3.1282
12.844,-0.39401,4.4504,-2.4857,3.2503,-1.5757,1.3231,2.2263,1.2854,3.1833
12.887,-0.49669,4.7311,-2.7614,3.5167,-1.931,1.6211,2.239,1.2584,3.5532
12.924,-0.61605,4.8737,-2.995,3.4365,-1.8647,1.5642,2.2895,1.2584,3.6224
12.964,-0.74193,5.0053,-3.2267,3.3419,-1.7935,1.5038,2.3398,1.2584,3.6915
13.004,-0.87656,5.1326,-3.4559,3.2328,-1.7174,1.4399,2.3901,1.2584,3.7605
13.044,-1.0217,5.261,-3.6823,3.1086,-1.6375,1.3722,2.4405,1.2584,3.8294
13.084,-1.1748,5.3773,-3.9039,2.9704,-1.5534,1.3015,2.4908,1.2584,3.8982
13.124,-1.3369,5.4934,-4.1209,2.8173,-1.4653,1.2275,2.5412,1.2584,3.9668
13.164,-1.5064,5.6022,-4.3315,2.6505,-1.3734,1.1506,2.5914,1.2584,4.0354
13.204,-1.6858,5.7046,-4.5354,2.4694,-1.2781,1.0706,2.6418,1.2584,4.1037
13.244,-1.8713,5.7974,-4.7315,2.2749,-1.1797,0.988,2.6921,1.2584,4.1719
13.284,-2.0644,5.8764,-4.9193,2.0666,-1.0783,0.90287,2.7424,1.2584,4.2401
13.324,-2.2667,5.9566,-5.0978,1.8452,-0.97392,0.81527,2.7928,1.2584,4.3082
13.364,-2.4745,6.0273,-5.2658,1.6114,-0.86719,0.72574,2.8432,1.2584,4.3761
13.404,-2.6886,6.0817,-5.4227,1.3661,-0.75818,0.63447,2.8934,1.2584,4.4439
******-------------------------------------------------------------------------------------------------------------------****** 
TargetID: ID07
Target can not be processed due to lack of Data
******-------------------------------------------------------------------------------------------------------------------****** 
TargetID: ID08
Target can not be processed due to lack of Data
******-------------------------------------------------------------------------------------------------------------------****** 
TargetID: ID55
Target can not be processed due to lack of Data
******-------------------------------------------------------------------------------------------------------------------****** 
TargetID: ID58
Relevancy: 0
tj = Inf
Label: -1
Comment: Target is irrelevant as it is not crossing the estimated holding line
DATA:
12.887,0,-0,5.954,1.8123,-1.402,-3.597,0,-0.5194,-11.983
12.924,0.14809,-0.031912,2.8903,-2.2574,-1.3443,-3.4656,-0.0037241,-0.49449,-7.4165
12.964,0.30111,-0.071096,5.8314,1.7323,-1.2827,-3.3253,-0.0077,-0.4679,-13.001
13.004,0.47395,-0.085248,5.7073,1.7007,-1.1956,-3.3605,-0.0278,-0.4724,-12.607
13.044,0.73272,-0.062029,6.2678,-0.13572,-2.0676,-3.249,-0.0216,-0.4371,-14.343
13.084,2.4331,-0.17154,6.2316,0.73362,-1.4825,-2.7884,0.0015,-0.3749,-16.737
13.124,2.6694,-0.17179,5.6324,-0.60391,-1.4224,-2.6237,-0.0034748,-0.364,-15.562
13.164,2.8883,-0.20853,5.3504,-1.0875,-1.3622,-2.4588,-0.0084551,-0.35309,-15.463
13.204,3.102,-0.24745,5.3861,-0.71616,-1.302,-2.2941,-0.013429,-0.34219,-15.879
13.244,3.3234,-0.25446,5.7387,0.50806,-1.242,-2.1295,-0.0184,-0.3313,-17.39
13.284,3.5464,-0.25359,5.7262,0.45141,-1.1787,-2.0038,-0.0225,-0.3217,-17.855
13.324,3.7777,-0.2507,6.0053,0.39652,-1.1072,-1.943,-0.0233,-0.3089,-19.483
13.364,4.0146,-0.29719,5.6812,0.22773,-1.0723,-1.8164,-0.0551,-0.3291,-17.277
13.404,4.3047,-0.35234,5.962,0.27487,-0.97329,-1.6421,-0.0271,-0.2852,-20.927
13.444,4.5282,-0.35748,5.9345,0.22012,-0.92508,-1.5508,-0.0329,-0.2801,-21.202
13.484,4.7619,-0.38079,5.9754,0.26363,-0.8051,-1.3091,-0.0135,-0.247,-24.215
13.524,4.9982,-0.35334,5.8747,1.0443,-0.76567,-1.2392,-0.015536,-0.24109,-24.749
13.564,5.2319,-0.30267,5.819,1.4213,-0.72615,-1.1692,-0.017576,-0.23517,-25.471
13.604,5.4646,-0.24498,5.8085,1.3923,-0.6866,-1.0991,-0.019618,-0.22924,-26.055
13.644,5.6975,-0.19664,5.8434,0.95734,-0.64709,-1.029,-0.021658,-0.22332,-26.514
13.684,5.9328,-0.17381,5.9235,0.11583,-0.60755,-0.95897,-0.0237,-0.2174,-27.252
13.724,6.1628,-0.18757,5.8922,0.06754,-0.6053,-0.95726,-0.0324,-0.2174,-27.105
13.764,6.3952,-0.20271,5.8605,0.019918,-0.60299,-0.95545,-0.0411,-0.2174,-26.957
13.804,6.6193,-0.22003,5.8284,-0.027336,-0.60062,-0.95353,-0.0498,-0.2174,-26.81
13.844,6.8481,-0.23928,5.7959,-0.073751,-0.59808,-0.95156,-0.0584,-0.2174,-26.662
13.884,7.0736,-0.25938,5.763,-0.1202,-0.59558,-0.94943,-0.0672,-0.2174,-26.514
13.924,7.2975,-0.28243,5.7297,-0.16575,-0.59308,-0.9473,-0.0759,-0.2174,-26.366
13.965,7.518,-0.30689,5.6959,-0.21086,-0.59045,-0.94495,-0.0846,-0.2174,-26.218
14.004,7.7427,-0.33329,5.662,-0.255,-0.58773,-0.94266,-0.0932,-0.2174,-26.071
14.044,7.9579,-0.36283,5.6276,-0.2988,-0.58495,-0.94027,-0.1019,-0.2174,-25.922
14.085,8.1769,-0.39185,5.5928,-0.34238,-0.58204,-0.93764,-0.1106,-0.2174,-25.774
14.125,8.3923,-0.42401,5.5578,-0.38526,-0.57914,-0.93502,-0.1193,-0.2174,-25.626
14.165,8.6111,-0.45629,5.5224,-0.42728,-0.57618,-0.93228,-0.128,-0.2174,-25.478
14.205,8.8214,-0.49175,5.4866,-0.46944,-0.57333,-0.9295,-0.1367,-0.2174,-25.33
******-------------------------------------------------------------------------------------------------------------------****** 
TargetID: ID63
Target can not be processed due to lack of Data
******-------------------------------------------------------------------------------------------------------------------****** 
TargetID: ID12
Target can not be processed due to lack of Data
******-------------------------------------------------------------------------------------------------------------------****** 
TargetID: ID66
Target can not be processed due to lack of Data
******-------------------------------------------------------------------------------------------------------------------****** 
TargetID: ID67
Target can not be processed due to lack of Data
******-------------------------------------------------------------------------------------------------------------------****** 
TargetID: ID16
Target can not be processed due to lack of Data
******-------------------------------------------------------------------------------------------------------------------****** 
TargetID: ID19
Relevancy: 0
tj = Inf
Label: -1
Comment: Target is irrelevant as it is not crossing the estimated holding line
DATA:
1.7606,NaN,NaN,NaN,NaN,NaN,NaN,0,NaN,NaN
1.8006,NaN,NaN,3.2602,-6.2509e-06,0,0,0,NaN,NaN
1.8406,NaN,NaN,3.2603,0.00014609,0,0,0.0001,0.002499,1304.6
1.8807,NaN,NaN,2.6348,-0.57379,-0.023332,-0.146,0.05734,0.034434,78.31
1.9207,NaN,NaN,2.0745,-1.0614,-0.04652,-0.29111,0.11423,0.066171,35.216
1.9606,NaN,NaN,1.5744,-1.4672,-0.069756,-0.43651,0.17123,0.097975,21.966
2.0007,NaN,NaN,1.1354,-1.7905,-0.093013,-0.58205,0.22829,0.12981,16.333
2.0407,NaN,NaN,0.75776,-2.0308,-0.11629,-0.72769,0.28539,0.16166,13.408
2.0809,NaN,NaN,0.44123,-2.1882,-0.1396,-0.87358,0.34258,0.19357,11.532
2.1207,NaN,NaN,0.18806,-2.2619,-0.16276,-1.0185,0.39939,0.22527,10.076
2.1607,NaN,NaN,-0.0046838,-2.2532,-0.186,-1.1639,0.45641,0.25708,8.7646
2.2007,NaN,NaN,-0.13598,-2.1615,-0.20925,-1.3094,0.51345,0.2889,7.4967
2.2407,NaN,NaN,-0.20576,-1.987,-0.23247,-1.4548,0.57043,0.32069,6.2293
2.2808,NaN,NaN,-0.21408,-1.7291,-0.25575,-1.6004,0.62755,0.35255,4.9419
2.3208,NaN,NaN,-0.16088,-1.3886,-0.27899,-1.7459,0.68456,0.38436,3.637
2.3608,NaN,NaN,-0.046103,-0.96489,-0.30225,-1.8914,0.74162,0.4162,2.321
2.4008,NaN,NaN,0.13029,-0.45797,-0.32552,-2.037,0.79869,0.44804,1.0627
2.4408,NaN,NaN,0.36788,0.13112,-0.34875,-2.1824,0.85569,0.47983,0.81393
2.4809,NaN,NaN,0.66742,0.80419,-0.37201,-2.328,0.91277,0.51168,2.0424
2.5208,NaN,NaN,1.0279,1.559,-0.39524,-2.4733,0.96976,0.54348,3.436
2.5609,NaN,NaN,1.4502,2.3975,-0.41849,-2.6188,1.0268,0.5753,4.8704
2.6009,NaN,NaN,2.1652,1.4834,-0.81493,-3.3551,0.9969,0.5275,4.9756
2.6409,NaN,NaN,2.0732,1.4684,-0.78818,-3.3284,1.0179,0.5275,4.8162
2.6809,NaN,NaN,1.9819,1.4521,-0.76027,-3.2985,1.0391,0.5275,4.6578
******-------------------------------------------------------------------------------------------------------------------****** 
TargetID: ID20
Target can not be processed due to lack of Data
******-------------------------------------------------------------------------------------------------------------------****** 
