******-------------------------------------------------------------------------------------------------------------------****** 
Duration of the scene is: 146.8966 seconds
Original Targets Numbers in the hole Scene: 8
Number of Targets in the hole Scene after preprocessing: 18
Number of static portions: 3
******-------------------------------------------------------------------------------------------------------------------****** 
TargetID: ID01
Target can not be processed due to lack of Data
******-------------------------------------------------------------------------------------------------------------------****** 
TargetID: ID12
Target can not be processed due to lack of Data
******-------------------------------------------------------------------------------------------------------------------****** 
TargetID: ID13
Target can not be processed due to lack of Data
******-------------------------------------------------------------------------------------------------------------------****** 
TargetID: ID02
Relevancy: 0
tj = Inf
Label: -1
Comment: Target is irrelevant as it is not crossing the estimated holding line
DATA:
61.723,-0,-0,8.627,0.16076,-0.46521,-2.017,0,0.5588,15.441
61.774,0.34021,-0.012004,8.6957,0.35265,-0.44521,-2.1107,0.0215,0.5589,15.571
61.779,0.38984,-0.018801,10.119,-2.8176,-0.44296,-2.1355,0.02248,0.55702,18.857
61.826,0.92456,-0.29482,8.4335,0.45433,-0.42292,-2.3564,0.0312,0.5403,15.632
61.851,1.32,-0.80888,8.6064,0.52701,-0.38226,-2.2587,0.0612,0.5338,16.153
61.891,1.9731,-0.36862,8.4372,0.79078,-0.34459,-2.285,0.0935,0.5338,15.875
61.936,2.3377,-0.27996,8.4597,0.85844,-0.27967,-1.987,0.1011,0.523,16.258
61.971,2.619,-0.55621,8.3873,0.73638,-0.20954,-1.9176,0.0692,0.4885,17.236
62.018,2.9454,-0.64893,8.386,0.78786,-0.16512,-1.6864,0.0775,0.4792,17.577
62.085,3.5971,-0.80603,8.368,0.88498,-0.098083,-1.3009,0.0929,0.4623,18.202
62.132,4.2818,-1.0914,8.2717,1.0431,-0.047865,-0.96786,0.116,0.4484,18.593
62.137,4.9005,-0.83017,8.3072,1.1238,-0.040347,-0.84542,0.1426,0.4455,18.817
62.171,5.2472,-0.81647,8.3231,1.33,-0.014062,-0.59978,0.1527,0.4399,19.16
62.236,5.5808,-0.8042,8.2951,1.3332,-0.014161,-0.60618,0.1652,0.437,19.226
62.289,5.8949,-0.93062,8.2631,1.3233,-0.0011359,-0.51918,0.1538,0.4206,19.896
62.336,6.5657,-0.99186,8.2994,1.3458,0.0027603,-0.23548,0.163,0.4066,20.678
62.336,6.9166,-1.336,8.2654,1.3263,0.0065808,-0.19353,0.1572,0.3902,21.454
62.389,7.2454,-1.5028,8.2173,1.2916,0.009062,-0.19194,0.154,0.3787,21.965
62.411,7.8597,-1.2594,8.2209,1.3499,0.0067744,-0.11691,0.1639,0.3724,22.371
62.49,8.5211,-1.8225,8.1821,1.0254,0.0018911,-0.021701,0.1245,0.3338,24.704
62.495,9.0192,-1.9287,8.1509,0.64613,-0.0030222,0.030103,0.0795,0.3012,27.146
62.545,9.3466,-1.9742,8.1535,0.67601,-0.0064836,0.058294,0.0834,0.297,27.547
62.578,9.9165,-2.5449,8.1022,0.3587,-0.0094581,0.067452,0.0451,0.2616,31.002
62.616,10.249,-2.7357,8.0723,0.27411,-0.0066809,0.043734,0.0345,0.2499,32.321
62.651,10.856,-2.8046,8.0611,0.16469,-0.0091331,0.054785,0.0211,0.2358,34.193
62.691,11.774,-3.183,7.9941,-0.17383,0.0019699,-0.010423,-0.0219,0.2023,39.525
62.746,12.398,-3.3261,7.9482,-0.19007,0.015279,-0.074322,-0.0249,0.1926,41.28
62.796,12.776,-3.493,7.9322,-0.15857,0.019338,-0.088094,-0.0212,0.1878,42.246
62.818,12.577,-3.8147,7.8729,-0.66243,0.019685,-0.085278,-0.086,0.1514,52.185
62.851,12.885,-3.9891,7.8612,-0.81036,0.021937,-0.09204,-0.105,0.1393,56.733
62.891,13.971,-4.1124,7.8547,-0.96879,0.017964,-0.07195,-0.1237,0.1258,62.911
62.948,14.524,-4.4079,7.7765,-1.2054,0.03398,-0.12944,-0.1555,0.107,73.546
62.97,15.205,-4.6955,7.7605,-1.2754,0.03485,-0.12317,-0.1645,0.0969,81.162
63.051,15.815,-4.9559,7.7503,-1.4247,0.033418,-0.11237,-0.1833,0.0853,92.382
63.056,16.47,-5.2587,7.7679,-1.5323,0.024051,-0.076314,-0.1948,0.0764,103.63
63.092,17.048,-5.4708,7.8071,-1.6279,0.014734,-0.045016,-0.2056,0.0708,112.64
******-------------------------------------------------------------------------------------------------------------------****** 
TargetID: ID15
Target can not be processed due to lack of Data
******-------------------------------------------------------------------------------------------------------------------****** 
TargetID: ID17
Target can not be processed due to lack of Data
******-------------------------------------------------------------------------------------------------------------------****** 
TargetID: ID18
Target can not be processed due to lack of Data
******-------------------------------------------------------------------------------------------------------------------****** 
TargetID: ID21
Relevancy: 0
tj = Inf
Label: -1
Comment: Target is irrelevant as it is not crossing the estimated holding line
DATA:
60.811,-0,-0,8.4829,-0.00012475,-0,-0,0,0,Inf
60.859,0.31371,0.09632,8.4656,-0.050665,0.011902,0.036877,-0.006,-0.0101,-838.2
60.914,0.65706,0.082481,8.4684,-0.046957,0.01288,0.041907,-0.0055,-0.0076,-1114.3
60.956,1.0102,-0.053005,8.5028,-0.091884,0.013247,0.045342,-0.0107,-0.0186,-457.17
61.007,3.1232,-0.27776,8.3038,-0.56523,-0.065978,-0.23923,-0.0621,-0.1804,-46.137
61.015,3.5634,-0.28156,8.2925,-0.67049,-0.047637,-0.18574,-0.0759,-0.2108,-39.467
61.051,4.1484,-0.2589,8.3375,-0.55465,-0.0047455,-0.020242,-0.0658,-0.1575,-53.054
61.099,4.7947,-0.39933,8.433,-0.59944,0.051562,0.24677,-0.0782,-0.1366,-61.891
61.136,4.9118,-1.2041,8.8137,-0.11499,0.18452,1.037,-0.0386,-0.0047,-1875.4
61.212,6.179,-1.1973,9.2445,-0.047244,0.18714,1.4651,-0.0378,-0.0226,-409.05
61.219,6.5685,-1.1892,9.4328,0.060682,0.18847,1.7272,-0.0306,-0.0038,-2482.4
61.267,7.0224,-1.1158,9.4032,0.050106,0.14491,1.5621,-0.0283,-0.0104,-904.17
61.304,7.6806,-1.2467,9.6193,0.014437,0.12348,1.719,-0.0339,-0.0074,-1299.9
61.365,8.1007,-1.1988,9.6539,-0.66995,0.21679,1.7178,-0.0343,-0.0119,-813.2
61.416,8.5524,-1.1399,9.7715,-0.63688,0.19781,1.8011,-0.0293,-0.0093,-1052.9
61.42,9.3588,-1.2058,10.298,-0.55048,0.22421,2.3633,-0.0111,0.0227,454.3
61.451,10.109,-1.2674,10.315,-0.65466,0.13113,2.0961,-0.026,0.0028,3691.4
61.49,10.54,-1.2415,10.449,0.18183,-0.053367,2.1178,-0.0195,0.0109,958.78
61.569,11.368,-1.2258,10.591,0.2106,-0.098965,2.0276,-0.0144,0.0156,679.05
61.574,11.746,-1.2496,10.605,0.13422,-0.1151,1.9232,-0.0198,0.0092,1152.8
61.61,12.223,-1.1784,10.55,0.066309,-0.13193,1.713,-0.0229,-0.0008,-13187
61.675,12.858,-1.0543,10.45,-0.30839,-0.13646,1.4471,-0.0545,-0.0242,-431.99
61.723,13.257,-0.96867,10.413,-0.41736,-0.139,1.3046,-0.0627,-0.0302,-345.08
61.774,13.703,-0.97738,10.488,-0.85311,-0.1002,1.3123,-0.0588,-0.0261,-403.16
61.779,14.112,-1.0541,10.595,-0.33197,-0.17105,1.2843,-0.0529,-0.019,-557.89
61.826,14.543,-1.0678,10.607,-0.77213,-0.12696,1.2023,-0.0526,-0.0182,-584.36
61.851,14.272,-0.73553,10.68,-0.28961,-0.18702,1.1512,-0.037,-0.0143,-747.15
61.891,14.898,-1.0135,10.772,-0.44089,-0.19494,1.0885,-0.0496,-0.0152,-709.28
61.936,16.166,-1.1333,10.807,-0.4176,-0.20284,1.0291,-0.0546,-0.0169,-639.94
61.971,16.647,-1.0543,10.85,-0.31874,-0.21347,1.0057,-0.0449,-0.0099,-1096.4
62.018,17.145,-1.03,10.979,-0.26541,-0.22447,0.99529,-0.0395,-0.0054,-2033.8
62.085,17.944,-1.1648,10.855,-0.48656,-0.17462,0.7002,-0.0558,-0.0213,-510.14
62.132,18.934,-0.98922,10.915,-0.40942,-0.1745,0.6205,-0.0471,-0.0177,-617.12
62.137,19.679,-1.266,10.94,-0.56348,-0.16354,0.54759,-0.0599,-0.0208,-526.68
62.171,20.119,-1.2916,10.984,-0.5672,-0.16704,0.53757,-0.0598,-0.02,-549.91
******-------------------------------------------------------------------------------------------------------------------****** 
TargetID: ID22
Target can not be processed due to lack of Data
******-------------------------------------------------------------------------------------------------------------------****** 
TargetID: ID23
Relevancy: 0
tj = Inf
Label: -1
Comment: Target is irrelevant as it is not crossing the estimated holding line
DATA:
59.781,-0,-0,7.0686,-0.2266,1.9558,3.0128,0,-0.2135,-33.125
59.811,0.32418,0.034935,7.1914,-0.22797,1.9314,3.031,0.0012,-0.1972,-36.486
59.851,0.52167,0.054422,7.1723,-0.068852,1.7988,2.8691,0.0214,-0.1428,-50.229
59.891,0.80056,0.05949,6.7061,0.30358,1.6969,2.7518,0.028434,-0.13056,-51.416
59.939,1.1131,0.082119,6.3407,0.61431,1.5753,2.612,0.036827,-0.11596,-54.935
59.987,1.4122,0.11608,6.183,0.77937,1.454,2.4725,0.045197,-0.1014,-61.458
60.039,1.7356,0.15791,6.2464,0.79459,1.3218,2.3206,0.054317,-0.085536,-73.615
60.086,2.0349,0.19269,6.5134,0.66125,1.2028,2.1836,0.062535,-0.071241,-91.899
60.1,2.1244,0.20127,6.6279,0.5966,1.1683,2.144,0.064914,-0.0671,-99.176
60.141,2.4056,0.2207,7.075,0.33047,1.0642,2.0242,0.0721,-0.0546,-129.72
60.194,2.8099,0.23743,7.4929,0.46914,1.2498,2.5539,0.0625,-0.0654,-114.79
60.211,2.9268,0.24929,6.5428,0.91856,1.1501,2.3663,0.063821,-0.062998,-104.88
60.292,3.4146,0.33501,6.9108,0.48617,0.66883,1.4604,0.0702,-0.0514,-134.78
60.296,4.1999,0.41435,6.9314,0.3826,0.56897,1.3026,0.0723,-0.0429,-161.82
60.331,4.4716,0.43308,6.9732,0.37425,0.55209,1.3018,0.0706,-0.0429,-162.78
60.395,4.745,0.4508,7.015,0.36638,0.53522,1.3006,0.069,-0.0429,-163.74
60.416,5.1301,0.53014,7.0548,0.39595,0.51143,1.3016,0.0726,-0.0429,-164.71
60.456,5.5931,0.50866,7.1402,0.33777,0.48446,1.2936,0.0635,-0.0429,-166.62
60.499,5.5033,0.55167,-7.923,1.5354,0.34337,0.93965,0.099895,-0.029416,-274.35
60.548,5.1912,0.64212,-0.59061,2.0264,0.18418,0.54033,0.14096,-0.014203,-148.6
60.571,5.3103,0.68827,11.879,1.9406,0.1088,0.35125,0.1604,-0.007,-1719.6
60.611,5.7435,0.72805,11.879,1.9406,NaN,NaN,0.15832,NaN,NaN
60.652,6.1842,0.76852,11.879,1.9406,NaN,NaN,0.15621,NaN,NaN
60.691,6.6101,0.80763,11.879,1.9406,NaN,NaN,0.15416,NaN,NaN
60.74,7.1391,0.8562,11.879,1.9406,NaN,NaN,0.15163,NaN,NaN
60.803,7.8261,0.91929,11.879,1.9406,NaN,NaN,0.14833,NaN,NaN
60.811,7.9091,0.92691,11.879,1.9406,NaN,NaN,0.14793,NaN,NaN
60.859,8.4302,0.97476,11.879,1.9406,NaN,NaN,0.14543,NaN,NaN
60.914,9.02,1.0289,11.879,1.9406,NaN,NaN,0.1426,NaN,NaN
60.956,9.4822,1.0714,11.879,1.9406,NaN,NaN,0.14038,NaN,NaN
61.007,10.027,1.1214,11.879,1.9406,NaN,NaN,0.13777,NaN,NaN
61.015,10.121,1.13,11.879,1.9406,NaN,NaN,0.13732,NaN,NaN
61.051,10.51,1.1657,11.879,1.9406,NaN,NaN,0.13545,NaN,NaN
61.099,11.026,1.2131,11.879,1.9406,NaN,NaN,0.13298,NaN,NaN
61.136,11.427,1.25,11.879,1.9406,NaN,NaN,0.13105,NaN,NaN
61.212,12.248,1.3254,11.879,1.9406,NaN,NaN,0.12711,NaN,NaN
61.219,12.329,1.3328,11.879,1.9406,NaN,NaN,0.12672,NaN,NaN
61.267,12.843,1.38,11.879,1.9406,NaN,NaN,0.12426,NaN,NaN
61.304,13.246,1.417,11.879,1.9406,NaN,NaN,0.12232,NaN,NaN
61.365,13.91,1.4779,11.879,1.9406,NaN,NaN,0.11914,NaN,NaN
61.416,14.458,1.5283,11.879,1.9406,NaN,NaN,0.11651,NaN,NaN
61.42,14.507,1.5328,11.879,1.9406,NaN,NaN,0.11627,NaN,NaN
61.451,14.839,1.5633,11.879,1.9406,NaN,NaN,0.11468,NaN,NaN
61.49,15.263,1.6022,11.879,1.9406,NaN,NaN,0.11264,NaN,NaN
61.569,16.12,1.6809,11.879,1.9406,NaN,NaN,0.10853,NaN,NaN
61.574,16.177,1.6861,11.879,1.9406,NaN,NaN,0.10826,NaN,NaN
61.61,16.559,1.7213,11.879,1.9406,NaN,NaN,0.10643,NaN,NaN
61.675,17.262,1.7858,11.879,1.9406,NaN,NaN,0.10305,NaN,NaN
61.723,17.787,1.834,11.879,1.9406,NaN,NaN,0.10054,NaN,NaN
61.774,18.335,1.8843,11.879,1.9406,NaN,NaN,0.097905,NaN,NaN
61.779,18.392,1.8896,11.879,1.9406,NaN,NaN,0.097632,NaN,NaN
61.826,18.899,1.9361,NaN,NaN,NaN,NaN,0.0952,NaN,NaN
******-------------------------------------------------------------------------------------------------------------------****** 
TargetID: ID25
Target can not be processed due to lack of Data
******-------------------------------------------------------------------------------------------------------------------****** 
TargetID: ID06
Target can not be processed due to lack of Data
******-------------------------------------------------------------------------------------------------------------------****** 
TargetID: ID26
Target can not be processed due to lack of Data
******-------------------------------------------------------------------------------------------------------------------****** 
TargetID: ID27
Target can not be processed due to lack of Data
******-------------------------------------------------------------------------------------------------------------------****** 
