******-------------------------------------------------------------------------------------------------------------------****** 
Duration of the scene is: 19.4039 seconds
Original Targets Numbers in the hole Scene: 7
Number of Targets in the hole Scene after preprocessing: 7
Number of static portions: 1
******-------------------------------------------------------------------------------------------------------------------****** 
TargetID: ID01
Target can not be processed due to lack of Data
******-------------------------------------------------------------------------------------------------------------------****** 
TargetID: ID03
Target can not be processed due to lack of Data
******-------------------------------------------------------------------------------------------------------------------****** 
TargetID: ID16
Relevancy: 0
tj = Inf
Label: -1
Comment: Target is irrelevant as it is not crossing the estimated holding line
DATA:
5.6399,0,-0,3.5473,-0.0023571,-0.038059,0.049153,0,0.0332,106.85
5.68,0.14215,-0.000206,3.5573,0.0026563,-0.037972,0.049041,0.0013,0.0332,107.15
5.7205,0.28406,0.00031907,3.5673,0.0073608,-0.037887,0.048928,0.0027,0.0332,107.45
5.7604,0.42662,0.00087145,3.5773,0.012168,-0.037713,0.048703,0.004,0.0332,107.75
5.8015,0.5696,0.0016735,3.5874,0.016971,-0.037627,0.04859,0.0053,0.0332,108.06
5.8416,0.77126,-0.075934,3.7218,-0.060967,-0.042825,0.05531,-0.0158,0.0296,125.75
5.8805,0.97211,-0.12352,3.8474,-0.10671,-0.035895,0.046326,-0.0273,0.0272,141.5
5.9211,0.22156,-0.594,3.1495,-0.37805,0.060256,-0.076539,-0.1256,-0.0456,-69.564
5.9608,0.35705,-0.60736,3.131,-0.38147,0.061495,-0.078083,-0.1276,-0.0471,-66.968
6.0012,0.51456,-0.64293,3.2618,-0.55527,0.03607,-0.046118,-0.1719,-0.0997,-33.187
6.0413,0.64003,-0.65771,3.2303,-0.55894,0.036509,-0.046673,-0.1747,-0.1013,-32.362
6.0812,0.7901,-0.69658,3.3476,-0.76748,0.020866,-0.026773,-0.227,-0.1621,-21.188
6.1204,0.90097,-0.71049,3.2937,-0.76761,0.01808,-0.023206,-0.2304,-0.1639,-20.634
6.1604,0.98453,-0.7255,3.3163,-0.83649,0.0093792,-0.012055,-0.2478,-0.1798,-19.022
6.2004,1.4168,-0.67584,3.3708,-0.91996,0.010767,-0.013842,-0.267,-0.1943,-17.983
6.2408,1.4204,-0.43879,3.3672,-0.94407,0.0048608,-0.0062533,-0.2737,-0.1953,-17.906
6.2806,1.5745,-0.38735,3.3845,-0.97539,0.0033848,-0.0043556,-0.2808,-0.1963,-17.943
6.3209,1.6479,-0.45454,3.3504,-0.94716,-0.00399,0.0051381,-0.2752,-0.1851,-18.81
6.361,1.7924,-0.47013,3.3582,-0.94937,-0.0050301,0.0064781,-0.2751,-0.1791,-19.485
6.4,1.6867,-0.34809,2.9597,-0.82832,-0.0526,0.068191,-0.2672,-0.1744,-17.623
6.4402,1.6417,-0.2969,2.6767,-0.73582,-0.078785,0.10282,-0.2573,-0.1641,-16.916
6.4802,1.7431,-0.31937,2.7081,-0.71649,-0.070015,0.091281,-0.2485,-0.149,-18.8
6.5209,1.8897,-0.33675,2.757,-0.72791,-0.063239,0.082305,-0.2492,-0.1446,-19.719
6.5604,2.0163,-0.36562,2.8,-0.74189,-0.057627,0.07491,-0.251,-0.1418,-20.428
6.6006,2.1615,-0.39259,2.867,-0.75664,-0.049016,0.063601,-0.2514,-0.1376,-21.549
6.6408,1.1169,-0.077299,3.8363,-0.61027,-0.014944,0.019221,-0.1591,-0.0665,-58.414
6.6809,1.5855,-0.16857,3.8983,-0.61475,-0.013257,0.017092,-0.1552,-0.0664,-59.434
6.7214,1.7408,-0.19471,3.8766,-0.62212,-0.014381,0.018544,-0.1579,-0.0664,-59.13
6.7611,1.8952,-0.22115,3.8549,-0.62957,-0.015506,0.019996,-0.1605,-0.0664,-58.824
6.8001,2.2925,-0.30316,4.0663,-0.68539,-0.015335,0.019772,-0.1658,-0.0662,-62.291
6.8404,2.4545,-0.33216,4.0473,-0.69361,-0.016287,0.021002,-0.1684,-0.0662,-62.029
6.8804,3.0206,-0.58283,4.6665,-1.3201,-0.012674,0.01631,-0.2763,-0.1323,-36.656
6.9207,3.509,-0.70264,5.1116,-1.6861,0.036923,-0.047543,-0.3173,-0.1557,-34.569
******-------------------------------------------------------------------------------------------------------------------****** 
TargetID: ID17
Relevancy: 0
tj = Inf
Label: -1
Comment: Target is irrelevant as it is not crossing the estimated holding line
DATA:
7.722,-0,0,3.9327,-0.0010946,-0.0030969,0.0028988,0,0.0667,58.961
7.762,-0.0848,0.027912,2.6055,0.054981,-0.0011359,0.0010629,0.0214,0.0215,121.21
7.8001,0.071122,0.068786,2.7734,0.11501,0.0020643,-0.0019325,0.0419,0.0231,120.16
7.8401,0.17132,0.069037,2.795,0.12427,0.0040244,-0.0037695,0.0452,0.0216,129.53
7.8812,0.28299,0.074944,2.7925,0.12652,0.0041276,-0.0038661,0.0461,0.0216,129.41
7.9216,0.37463,0.094278,2.7505,-0.19022,0.0060977,-0.0057027,-0.0701,-0.0723,-38.134
7.9616,0.4854,0.092488,2.7784,-0.20113,0.011442,-0.010729,-0.0703,-0.0728,-38.265
8.0017,0.59634,0.082146,2.7836,-0.20959,0.011546,-0.010826,-0.0732,-0.0728,-38.344
8.0418,0.72359,0.073139,2.8878,-0.23155,0.030948,-0.02911,-0.0751,-0.0831,-34.862
8.0818,0.83915,0.061809,2.8995,-0.24234,0.031564,-0.02969,-0.0784,-0.0831,-35.014
8.1223,1.0183,0.063363,3.099,-0.27482,0.065261,-0.061647,-0.0794,-0.097,-32.074
8.1622,1.1424,0.050253,3.1223,-0.28927,0.067001,-0.063291,-0.0833,-0.097,-32.326
8.2002,1.2339,0.030561,3.0803,-0.29921,0.055395,-0.052243,-0.0892,-0.0948,-32.646
8.2403,1.394,-0.026198,3.2654,-0.40743,0.1112,-0.10542,-0.1108,-0.1222,-26.929
8.2803,1.5061,0.0084228,3.2264,-0.34451,0.075392,-0.071219,-0.097,-0.1012,-32.063
8.3209,1.589,0.05248,3.1867,-0.28459,0.047861,-0.045075,-0.0828,-0.0825,-38.78
8.3606,1.6891,-0.048035,3.2691,-0.43169,0.094131,-0.089022,-0.1203,-0.1177,-28.016
8.4007,1.7623,0.072626,3.2815,-0.29971,0.057883,-0.054561,-0.084,-0.0823,-40.039
8.4409,1.8808,-0.081194,3.4514,-0.33638,0.094452,-0.089333,-0.0867,-0.081,-42.812
8.4809,2.0252,-0.10519,3.542,-0.15883,0.065879,-0.061388,-0.052,-0.0438,-80.948
8.5211,2.1474,-0.079395,3.6327,-0.19399,0.064352,-0.060665,-0.0466,-0.0404,-90.045
8.5611,2.2904,-0.057002,3.7063,-0.17002,0.055887,-0.052626,-0.0402,-0.0348,-106.62
8.6012,2.4267,0.12069,3.7606,0.17103,-0.038151,0.035514,0.0414,0.0351,107.25
8.6416,2.575,0.11263,3.7849,0.058489,-0.0058831,0.0055067,0.0161,0.0093,407.03
8.6814,2.7306,0.10522,3.8324,0.049305,0.001962,-0.0018359,0.0127,0.0057,672.4
8.7221,2.8778,0.09242,3.8501,-0.027918,0.030547,-0.028525,-0.0102,-0.0149,-258.4
8.7618,3.0327,0.090286,3.8948,-0.03109,0.030233,-0.028234,-0.0108,-0.0149,-261.4
8.8019,3.1815,0.079221,3.929,-0.025911,0.029713,-0.02775,-0.0094,-0.0119,-330.17
8.842,3.3347,0.066314,3.9591,-0.058527,0.042176,-0.039363,-0.0186,-0.0201,-196.99
8.8823,3.6503,0.14153,4.2936,0.024169,0.022576,-0.021169,0.0074,0.0025,1717.5
8.9222,3.9952,0.22911,4.6714,0.223,-0.02555,0.023855,0.0459,0.0254,184.12
8.9605,4.0414,0.16233,4.4647,0.084841,0.023235,-0.021749,0.019,0.0073,611.72
9.0003,4.3614,0.19936,4.807,0.20824,-0.013126,0.012269,0.0424,0.0237,203.02
9.0405,4.5387,0.16467,4.836,0.16877,0.00020653,-0.00019325,0.0349,0.0205,236.04
9.0806,4.7518,0.17943,4.9503,0.23143,-0.021404,0.019994,0.0454,0.0281,176.36
9.1212,4.981,0.17369,6.1563,-0.40727,-0.017179,0.016051,0.042599,0.025839,238.78
9.162,5.2384,0.15494,6.278,-0.4039,-0.012933,0.012088,0.039784,0.023567,266.94
9.2009,5.4684,0.1491,5.3757,0.20187,-0.0088847,0.0083086,0.0371,0.0214,251.38
9.2411,5.771,0.13983,5.6286,0.20524,-0.0084707,0.0079222,0.036,0.0226,249.22
9.2813,6.0645,0.19543,5.8663,0.28934,-0.037546,0.03506,0.0476,0.031,189.47
9.3207,6.331,0.18131,6.0121,0.27047,-0.029466,0.02753,0.0437,0.0271,222.07
9.3604,6.5342,0.20464,6.0334,0.29165,-0.0363,0.033924,0.0468,0.0278,217.28
9.4005,6.7492,0.20194,6.0608,0.27016,-0.028016,0.026177,0.0434,0.0233,260.38
9.4406,7.1409,0.11954,6.4126,0.16842,0.0027881,-0.0026089,0.0264,0.0126,509.11
9.4807,7.3271,0.14284,6.3724,0.19146,-0.0064034,0.0059907,0.0298,0.014,455.37
9.5213,7.5054,0.14269,6.3139,0.18159,-0.0033045,0.003092,0.0286,0.0124,509.4
9.5609,7.6213,0.11618,6.1265,0.12231,0.014552,-0.013626,0.0205,0.0041,1494.6
9.6012,7.8542,0.10303,6.1767,0.10174,0.015687,-0.014687,0.0171,0.0016,3860.9
9.6412,8.0484,0.039246,6.1435,0.002209,0.044847,-0.042046,0.0021,-0.0105,-585.1
9.6813,8.2839,-0.022276,6.1969,-0.07935,0.064293,-0.060264,-0.0104,-0.0189,-327.91
9.7216,8.4565,-0.10153,6.1226,-0.18336,0.088844,-0.083435,-0.0266,-0.0304,-201.49
9.7615,8.5742,-0.099425,5.9217,-0.15926,0.066546,-0.062383,-0.0242,-0.0269,-220.22
9.8017,8.7262,-0.1787,5.8148,-0.24687,0.079587,-0.074729,-0.0391,-0.0365,-159.45
9.842,8.9595,-0.18912,5.8643,-0.25741,0.081131,-0.076179,-0.0406,-0.0365,-160.82
9.8818,9.1951,-0.20027,5.9136,-0.26848,0.082779,-0.077725,-0.0421,-0.0365,-162.18
9.9221,9.1574,-0.154,5.3876,-0.15994,0.024035,-0.022507,-0.0285,-0.0238,-226.47
9.9613,9.3734,-0.16081,5.4139,-0.16569,0.024242,-0.022701,-0.0294,-0.0238,-227.58
10.001,9.448,-0.26568,5.1972,-0.24835,0.021252,-0.019899,-0.0467,-0.033,-157.67
10.042,9.6562,-0.27646,5.2147,-0.25599,0.021459,-0.020093,-0.048,-0.033,-158.21
******-------------------------------------------------------------------------------------------------------------------****** 
TargetID: ID04
Relevancy: 0
tj = Inf
Label: -1
Comment: Target is irrelevant as it is not crossing the estimated holding line
DATA:
13.241,0,-0,3.576,0.00017648,0.00033096,-0.00026545,0,0.0069,518.26
13.282,0.18717,0.012251,3.626,0.085776,0.00099288,-0.00079636,0.0235,0.0151,240.2
13.323,0.37004,0.030152,3.6741,0.12596,0.0022074,-0.0017696,0.034,0.0215,170.99
13.363,0.54024,0.048657,3.7072,0.14456,0.0034209,-0.0027429,0.0385,0.0236,157.2
13.403,0.70961,0.068718,3.7402,0.16231,0.0049674,-0.0039815,0.0427,0.0259,144.55
13.441,0.89328,0.095068,3.7576,0.18594,0.0056293,-0.0045124,0.0487,0.0337,111.64
13.481,1.0366,0.12781,3.7492,0.20919,0.0044148,-0.0035392,0.0552,0.0428,87.733
13.522,1.1767,0.14584,3.7318,0.23579,0.002759,-0.002212,0.0627,0.0538,69.503
13.562,1.3124,0.17626,3.7086,0.24239,0.0011032,-0.00088484,0.0651,0.0525,70.791
13.602,1.4437,0.2038,3.6749,0.25913,-0.00088256,0.00070788,0.0705,0.058,63.517
13.642,1.5709,0.23018,3.6338,0.2626,-0.0029776,0.0023892,0.0725,0.0563,64.711
13.682,1.6876,0.25277,3.5661,0.28069,-0.0052914,0.0042477,0.0793,0.0643,55.632
13.722,1.808,0.27637,3.5106,0.28529,-0.0068339,0.0054867,0.0821,0.064,55.034
13.762,1.9177,0.29767,3.4299,0.29651,-0.0078238,0.0062834,0.0875,0.0683,50.406
13.802,2.0983,0.32422,3.5262,0.32176,-0.0040838,0.0032737,0.0904,0.0682,51.918
13.842,2.2637,0.34799,3.582,0.33231,-0.0022074,0.0017696,0.0922,0.0659,54.589
13.882,2.4307,0.3745,3.639,0.34723,-0.00088256,0.00070788,0.095,0.0656,55.724
13.923,2.5714,0.39522,3.6551,0.35577,-0.0005516,0.00044242,0.0969,0.0641,57.292
13.963,2.7258,0.41836,3.6756,0.3659,-0.00022064,0.00017697,0.0992,0.0632,58.446
14.002,3.0892,0.44918,4.1908,0.41362,0.008274,-0.0066363,0.0984,0.0581,72.482
14.042,3.2462,0.47351,4.2087,0.42184,0.0065049,-0.005221,0.1006,0.0574,73.689
14.082,3.4029,0.4968,4.2165,0.43119,0.0048521,-0.0038935,0.1024,0.0563,75.285
******-------------------------------------------------------------------------------------------------------------------****** 
TargetID: ID09
Relevancy: 1
tj = 6.9207
Label: 0
Comment: Target is relevant and going straight, since target is crossing Ego X-axis in EFC
DATA:
6.7611,-0,0,2.9796,-0.00013329,-0.018669,0.016029,0,-0.0105,-283.77
6.8001,0.11927,-5.7689e-05,2.981,-0.00143,-0.019957,0.017134,-0.0005,-0.0105,-283.91
6.8404,0.23863,-7.3899e-06,2.9823,-0.0027355,-0.021244,0.01824,-0.0009,-0.0105,-284.03
6.8804,0.35671,-0.0029839,2.9264,-0.13588,-0.022079,0.018958,-0.0043523,-0.012655,-231.49
6.9207,0.47394,-0.010123,2.8943,-0.208,-0.022921,0.019681,-0.0078313,-0.014827,-195.71
6.9609,0.59001,-0.018888,2.8865,-0.21789,-0.02376,0.020403,-0.0113,-0.016993,-170.35
7.0008,0.70537,-0.026755,2.9025,-0.16648,-0.024593,0.021118,-0.014742,-0.019142,-151.89
7.0408,0.82236,-0.031365,2.9426,-0.053449,-0.025429,0.021838,-0.0182,-0.0213,-138.17
7.0809,0.94021,-0.033431,2.9409,-0.055987,-0.026609,0.022851,-0.0191,-0.0213,-138.1
7.1214,1.0551,-0.070785,2.9363,-0.11213,-0.021463,0.018424,-0.0384,-0.0365,-80.506
7.1611,1.1722,-0.076158,2.9349,-0.11602,-0.022429,0.019254,-0.0397,-0.0365,-80.471
7.2016,1.2895,-0.08103,2.9334,-0.12022,-0.023394,0.020082,-0.0412,-0.0365,-80.435
7.2415,1.4069,-0.086002,2.932,-0.12441,-0.024254,0.020819,-0.0427,-0.0365,-80.402
7.2816,1.524,-0.091185,2.9305,-0.12861,-0.025219,0.021648,-0.0441,-0.0365,-80.366
7.3216,1.6452,-0.089881,3.1177,0.17053,-0.022884,0.019645,-0.036488,-0.029089,-107.34
7.3619,1.7731,-0.079308,3.2149,0.3306,-0.020531,0.017627,-0.028817,-0.021622,-149.47
7.3999,1.8957,-0.065945,3.2223,0.35156,-0.018312,0.015723,-0.021583,-0.014579,-222.33
7.4401,2.0238,-0.053665,3.1413,0.2366,-0.015968,0.013712,-0.01394,-0.0071378,-441.35
7.4802,2.1467,-0.048829,2.9693,-0.0191,-0.013625,0.011702,-0.0063,0.0003,9897.7
7.5205,2.2653,-0.049747,2.9691,-0.018931,-0.014161,0.012162,-0.0062,0.0003,9897
7.5604,2.3844,-0.050209,2.9689,-0.019061,-0.014698,0.012623,-0.0063,0.0003,9896.4
7.6014,4.332,0.078711,3.1771,0.89705,0.0011802,-0.0010134,0.275,0.0001,33013
7.6416,4.4237,0.13325,3.2714,0.72985,-0.070195,0.060958,0.2302,-0.0182,-184.16
7.682,4.5621,0.16439,3.5864,0.81331,-0.068749,0.059703,0.29303,-0.017825,-206.3
7.722,4.7115,0.1985,3.8791,0.89144,-0.067316,0.058458,0.35532,-0.017454,-228.04
7.762,4.8721,0.23562,4.152,0.96492,-0.065885,0.057215,0.41757,-0.017082,-249.53
7.8001,5.0351,0.27369,4.3941,1.0307,-0.064518,0.056028,0.47697,-0.016728,-269.81
7.8401,5.2156,0.31622,4.6289,1.0953,-0.063086,0.054784,0.53925,-0.016357,-290.81
7.8812,5.4105,0.36252,4.8499,1.1568,-0.061613,0.053505,0.60326,-0.015975,-312.11
7.9216,5.6106,0.41043,5.047,1.2125,-0.060165,0.052248,0.66621,-0.0156,-332.74
7.9616,5.8161,0.45999,5.2224,1.2631,-0.058731,0.051003,0.72854,-0.015228,-352.84
8.0017,6.0284,0.51149,5.3783,1.3091,-0.057297,0.049758,0.79089,-0.014856,-372.6
8.0418,6.2469,0.56483,5.5148,1.3505,-0.055861,0.04851,0.85332,-0.014484,-392.01
8.0818,6.4702,0.61968,5.6315,1.3873,-0.054426,0.047264,0.91571,-0.014112,-411
8.1223,6.6999,0.67645,5.7294,1.4197,-0.052978,0.046006,0.97868,-0.013736,-429.72
8.1622,6.9303,0.7337,5.8064,1.4471,-0.051547,0.044764,1.0409,-0.013365,-447.73
8.2002,7.1521,0.78912,5.8616,1.469,-0.050186,0.043582,1.1,-0.013012,-464.4
8.2403,7.388,0.84841,5.9006,1.4875,-0.04875,0.042335,1.1625,-0.01264,-481.44
8.2803,7.6247,0.90826,5.92,1.5014,-0.047315,0.041089,1.2248,-0.012268,-497.84
8.3209,7.8651,0.96943,5.9196,1.5107,-0.045861,0.039826,1.2881,-0.011891,-513.79
8.3606,8.0995,1.0294,5.8998,1.5153,-0.04444,0.038592,1.3498,-0.011522,-528.64
8.4007,8.3353,1.0902,5.8601,1.5153,-0.043004,0.037345,1.4123,-0.01115,-542.85
8.4409,8.5696,1.151,5.8007,1.5107,-0.041565,0.036096,1.4748,-0.010777,-556.2
8.4809,8.8001,1.2113,5.7219,1.5015,-0.040133,0.034851,1.5371,-0.010406,-568.51
8.5211,9.0285,1.2714,5.6228,1.4876,-0.03869,0.033599,1.5998,-0.010032,-579.79
8.5611,9.251,1.3306,5.5048,1.4691,-0.037258,0.032355,1.6621,-0.0096603,-589.78
8.6012,9.469,1.389,5.3668,1.446,-0.035822,0.031108,1.7245,-0.0092879,-598.43
8.6416,9.6826,1.4469,5.2079,1.4181,-0.034376,0.029852,1.7874,-0.0089129,-605.58
8.6814,9.8868,1.5028,5.0314,1.3859,-0.032947,0.028612,1.8495,-0.0085425,-610.92
8.7221,10.087,1.5583,4.8316,1.3484,-0.031492,0.027348,1.9127,-0.0081652,-614.34
8.7618,10.275,1.611,4.6169,1.3071,-0.03007,0.026113,1.9745,-0.0077966,-615.44
8.8019,10.456,1.6627,4.3799,1.2608,-0.028631,0.024863,2.0371,-0.0074234,-613.97
8.842,10.626,1.7121,4.1241,1.2099,-0.027197,0.023618,2.0995,-0.0070515,-609.5
8.8823,10.787,1.7598,3.8469,1.1541,-0.025753,0.022365,2.1622,-0.0066773,-601.48
8.9222,10.934,1.8047,3.5525,1.0942,-0.024323,0.021122,2.2244,-0.0063064,-589.43
8.9605,11.065,1.8454,3.2517,1.0324,-0.02295,0.01993,2.2841,-0.0059506,-573.33
9.0003,11.188,1.8851,2.9205,0.96382,-0.021526,0.018693,2.346,-0.0055812,-551.03
9.0405,11.298,1.9225,2.5656,0.88976,-0.020084,0.017441,2.4087,-0.0052074,-521.48
9.0806,11.393,1.9565,2.1928,0.81142,-0.018649,0.016195,2.471,-0.0048354,-483.54
9.1212,11.474,1.9878,1.7948,0.7273,-0.017195,0.014932,2.5343,-0.0044583,-434.37
9.162,11.539,2.0157,1.3744,0.63795,-0.015733,0.013663,2.5978,-0.0040792,-371.44
9.2009,11.585,2.0388,0.95454,0.54831,-0.014339,0.012452,2.6584,-0.0037178,-296.09
9.2411,11.614,2.0589,0.50159,0.45117,-0.0129,0.011202,2.721,-0.0033446,-201.71
9.2813,11.625,2.075,0.028151,0.34923,-0.011458,0.0099503,2.7837,-0.0029709,-117.93
9.3207,11.616,2.0867,-0.4543,0.24496,-0.010048,0.0087254,2.845,-0.0026051,-198.12
9.3604,11.588,2.0943,-0.95989,0.13533,-0.0086255,0.0074904,2.9068,-0.0022364,-433.46
9.4005,11.539,2.0974,-1.4895,0.020139,-0.0071908,0.0062445,2.9692,-0.0018644,-798.98
9.4406,11.468,2.0958,-2.0403,-0.10001,-0.0057521,0.0049952,3.0317,-0.0014914,-1369.7
9.4807,11.375,2.0893,-2.6099,-0.2246,-0.0043158,0.0037479,3.0942,-0.001119,-2341
9.5213,11.257,2.0776,-3.2057,-0.35524,-0.0028638,0.0024869,3.1573,-0.00074252,-4343.8
9.5609,11.118,2.0609,-3.8083,-0.48769,-0.0014427,0.0012528,3.2191,-0.00037405,-10264
9.6012,10.952,2.0384,-4.4398,-0.62677,-0,0,3.2818,0,Inf
9.6412,10.775,2.0132,-4.4398,-0.62648,-0,0,3.2818,0,Inf
9.6813,10.597,1.9882,-4.4398,-0.62648,-0,0,3.2818,0,Inf
9.7216,10.419,1.9631,-4.4398,-0.62677,-0,0,3.2818,0,Inf
9.7615,10.242,1.9381,-4.4398,-0.62668,-0,0,3.2818,0,Inf
9.8017,10.064,1.913,-4.4398,-0.62668,-0,0,3.2818,0,Inf
9.842,9.8867,1.8879,-4.4398,-0.62677,-0,0,3.2818,0,Inf
9.8818,9.7094,1.8628,-4.4398,-0.62658,-0,0,3.2818,0,Inf
9.9221,9.5317,1.8377,-4.4398,-0.62668,-0,0,3.2818,0,Inf
9.9613,9.3539,1.8126,-4.4398,-0.62677,-0,0,3.2818,0,Inf
10.001,9.1765,1.7876,-4.4398,-0.62658,-0,0,3.2818,0,Inf
10.042,8.9988,1.7624,-4.4398,-0.62668,-0,0,3.2818,0,Inf
10.082,9.5054,1.9461,-3.7418,-0.25953,0.0042908,-0.0036852,3.2112,-0.0776,-48.335
10.122,9.356,1.938,-3.718,-0.24563,0.0063274,-0.0054358,3.2081,-0.0776,-48.016
10.162,9.3276,2.5792,-3.3439,0.259,0.12053,-0.10416,3.0752,-0.1153,-29.088
10.202,9.1941,2.5912,-3.3097,0.27318,0.12411,-0.10727,3.0706,-0.1153,-28.803
10.242,9.0624,2.6038,-3.2754,0.2873,0.12779,-0.11047,3.066,-0.1153,-28.517
10.282,8.9322,2.617,-3.2411,0.30113,0.13147,-0.11368,3.0614,-0.1153,-28.231
******-------------------------------------------------------------------------------------------------------------------****** 
TargetID: ID11
Relevancy: 0
tj = Inf
Label: -1
Comment: Target is irrelevant as it is not crossing the estimated holding line
DATA:
3.2401,NaN,NaN,NaN,NaN,NaN,NaN,0,NaN,NaN
3.2802,NaN,NaN,3.8935,-0.0026676,0,-0,-0.0007,0,Inf
3.3209,NaN,NaN,3.9887,-0.32127,9.7397e-05,-0.00010254,-0.0804,-0.0113,-354.12
3.3594,NaN,NaN,4.0414,-0.40707,0.00068178,-0.00071776,-0.1005,-0.0262,-155.03
3.4005,NaN,NaN,4.0854,-0.4268,0.0019479,-0.0020507,-0.1043,-0.0337,-121.89
3.4406,NaN,NaN,4.1177,-0.46018,0.0037031,-0.0038965,-0.1117,-0.0487,-85.08
3.4808,NaN,NaN,4.1646,-0.46279,0.006628,-0.0069716,-0.1114,-0.0488,-85.865
3.5209,NaN,NaN,4.2005,-0.46886,0.0094565,-0.0099453,-0.1122,-0.0502,-84.195
3.5611,NaN,NaN,4.2525,-0.47548,0.014143,-0.014865,-0.1129,-0.0508,-84.233
3.6013,NaN,NaN,4.2796,-0.47996,0.016683,-0.017531,-0.1134,-0.0511,-84.274
3.6394,NaN,NaN,4.378,-0.51239,0.056198,-0.059374,-0.1108,-0.0395,-111.59
3.6794,NaN,NaN,4.3862,-0.45673,0.049419,-0.051759,-0.1087,-0.0343,-128.57
3.7196,NaN,NaN,4.3977,-0.45389,0.043522,-0.045613,-0.1072,-0.0306,-144.48
3.7595,NaN,NaN,4.0901,-0.40685,0.02569,-0.026961,-0.1022,-0.0234,-175.65
3.7997,NaN,NaN,4.1264,-0.40855,0.022848,-0.023989,-0.1013,-0.0213,-194.67
3.8398,NaN,NaN,4.1796,-0.45209,0.023997,-0.025309,-0.105,-0.028,-150.14
3.8809,NaN,NaN,4.2218,-0.46116,0.026172,-0.027476,-0.1116,-0.039,-108.9
3.921,NaN,NaN,4.23,-0.46855,0.02676,-0.028091,-0.1132,-0.039,-109.13
3.9611,NaN,NaN,4.2382,-0.47624,0.027346,-0.028706,-0.1148,-0.039,-109.36
4.0002,NaN,NaN,4.2465,-0.48354,0.027934,-0.029322,-0.1164,-0.039,-109.59
4.0406,NaN,NaN,4.2547,-0.49103,0.028521,-0.029937,-0.1179,-0.039,-109.82
4.0795,NaN,NaN,4.263,-0.49833,0.029107,-0.030552,-0.1194,-0.039,-110.05
4.1197,NaN,NaN,4.2712,-0.50572,0.029695,-0.031166,-0.121,-0.039,-110.28
4.1597,NaN,NaN,4.2794,-0.51332,0.030282,-0.031782,-0.1225,-0.039,-110.51
4.1998,NaN,NaN,4.2876,-0.52083,0.030869,-0.032397,-0.1241,-0.039,-110.75
4.2399,NaN,NaN,4.3801,-0.46227,0.019614,-0.020608,-0.1071,-0.0185,-238.08
4.28,NaN,NaN,4.3229,-0.41661,0.013459,-0.014149,-0.0975,-0.0081,-536.17
4.3206,NaN,NaN,4.4477,-0.41158,0.019418,-0.020403,-0.0942,-0.0055,-812.13
4.3603,NaN,NaN,4.5145,-0.41355,0.021579,-0.022752,-0.0892,-0.0006,-7555.6
4.4004,NaN,NaN,4.8439,-0.41362,0.038202,-0.040084,-0.0884,-0.0009,-5401.7
4.4405,NaN,NaN,4.8856,-0.42589,0.036224,-0.038222,-0.0839,0.0033,1486.1
4.4806,NaN,NaN,4.3873,-0.42261,0.019614,-0.020608,-0.098,-0.0092,-479.09
******-------------------------------------------------------------------------------------------------------------------****** 
