******-------------------------------------------------------------------------------------------------------------------****** 
Duration of the scene is: 77.2959 seconds
Original Targets Numbers in the hole Scene: 13
Number of Targets in the hole Scene after preprocessing: 45
Number of static portions: 4
******-------------------------------------------------------------------------------------------------------------------****** 
TargetID: ID01
Relevancy: 0
tj = Inf
Label: -1
Comment: Target is irrelevant as it is not crossing the estimated holding line
DATA:
8.4418,0,0,NaN,NaN,NaN,NaN,0,NaN,NaN
8.4818,0.18163,0.0018934,NaN,NaN,NaN,NaN,-0.0001,NaN,NaN
8.5218,0.36071,0.0086551,NaN,NaN,NaN,NaN,-0.0002,NaN,NaN
8.5618,1.1203,-1.4034,NaN,NaN,NaN,NaN,-0.5567,NaN,NaN
8.6017,NaN,NaN,NaN,NaN,NaN,NaN,-0.4756,NaN,NaN
8.6418,NaN,NaN,NaN,NaN,NaN,NaN,-0.1664,NaN,NaN
8.6818,NaN,NaN,NaN,NaN,NaN,NaN,-0.1664,NaN,NaN
8.7218,NaN,NaN,NaN,NaN,NaN,NaN,-0.1233,NaN,NaN
8.7618,NaN,NaN,NaN,NaN,NaN,NaN,-0.1545,NaN,NaN
8.8018,NaN,NaN,NaN,NaN,NaN,NaN,-0.1836,NaN,NaN
8.8419,NaN,NaN,NaN,NaN,NaN,NaN,-0.1816,NaN,NaN
8.8819,NaN,NaN,NaN,NaN,NaN,NaN,-0.1816,NaN,NaN
8.9218,NaN,NaN,NaN,NaN,NaN,NaN,-0.0014,NaN,NaN
8.9619,NaN,NaN,NaN,NaN,NaN,NaN,-0.0014,NaN,NaN
9.0018,2.3789,-0.20983,4.6788,-0.16857,0,0,-0.036,0,Inf
9.0419,2.5823,-0.23554,4.6948,-0.25372,-0.061471,0.017005,-0.0539,-0.0282,-166.73
9.0819,2.1665,-0.68201,4.6426,-0.20542,-0.032493,0.0087742,-0.044,-0.0217,-214.15
9.1219,2.3781,-0.73875,4.7177,-0.25683,0.10067,-0.026496,-0.055,-0.0107,-441.56
9.1619,2.477,-0.59595,4.5509,0.22757,0.65111,-0.16579,0.0438,0.1831,24.886
9.2019,2.6101,-0.51077,4.5766,0.3289,0.8452,-0.20902,0.0636,0.2104,21.808
9.2419,2.8335,-0.49458,4.6734,0.36638,0.92291,-0.22253,0.0697,0.2177,21.533
9.2824,3.0181,-0.46615,4.7187,0.32941,0.87994,-0.20932,0.062,0.1628,29.055
9.3219,3.2397,-0.44196,4.7451,0.3532,0.91742,-0.21177,0.0664,0.1577,30.173
9.362,3.3902,-0.38989,4.692,0.40393,0.86973,-0.19669,0.0781,0.1474,31.95
9.4019,3.2855,-0.37375,-7.8556,0.41448,0.78855,-0.17574,0.091813,0.1492,52.726
9.442,2.9278,-0.3559,-7.9116,0.48739,0.70715,-0.15474,0.10556,0.151,52.494
9.482,2.819,-0.3339,4.5552,0.62252,0.62584,-0.13375,0.1193,0.1528,30.089
9.522,2.9963,-0.29781,4.5697,0.57699,0.59601,-0.12578,0.1104,0.1191,38.673
******-------------------------------------------------------------------------------------------------------------------****** 
TargetID: ID02
Target can not be processed due to lack of Data
******-------------------------------------------------------------------------------------------------------------------****** 
TargetID: ID20
Target can not be processed due to lack of Data
******-------------------------------------------------------------------------------------------------------------------****** 
TargetID: ID03
Target can not be processed due to lack of Data
******-------------------------------------------------------------------------------------------------------------------****** 
TargetID: ID04
Relevancy: 0
tj = Inf
Label: -1
Comment: Target is irrelevant as it is not crossing the estimated holding line
DATA:
4.601,0,-0,NaN,NaN,NaN,NaN,0,NaN,NaN
4.641,0.3313,-0.2694,NaN,NaN,NaN,NaN,-0.2129,NaN,NaN
4.681,-1.027,1.2084,-6.8729,11.349,0,-0,2.1153,0,Inf
4.7211,-0.51759,0.76402,-2.4265,5.8322,0.01186,-0.00067682,1.9651,0.0046,1373.2
4.7611,-0.61278,0.99605,-2.4277,5.8312,0.011439,-0.00061067,1.9653,0.0046,1373.1
4.801,-0.788,1.6009,-3.6395,8.7081,-0.61766,0.030421,1.966,-0.3285,-28.731
4.841,-0.92807,1.9485,-3.5316,8.7724,-0.61594,0.027983,1.9529,-0.3285,-28.787
4.8811,-0.67458,2.0834,-2.4018,8.163,-0.72253,0.02971,1.856,-0.5798,-14.676
4.921,-0.43469,2.0142,-1.6291,7.2401,-0.64704,0.023614,1.791,-0.6537,-11.353
4.9611,-0.28206,2.0785,-1.1369,6.7699,-0.65809,0.020879,1.7358,-0.7095,-9.6755
5.0011,-0.13527,2.1961,-0.70281,6.4272,-0.6488,0.01837,1.6797,-0.7645,-8.4572
5.041,0.032615,2.2696,-0.28696,6.0349,-0.59611,0.0129,1.6167,-0.8254,-7.3198
5.081,0.22761,2.2557,0.17349,5.4676,-0.48661,0.0079633,1.5375,-0.9062,-6.0366
5.1211,0.35771,2.359,0.48532,5.2146,-0.409,0.0044037,1.4765,-0.9491,-5.518
5.1611,0.53501,2.4045,0.83637,4.85,-0.32018,0.0022951,1.4013,-1.0109,-4.8685
5.2011,0.66738,0.92863,1.3428,4.0758,-0.024885,2.3752e-05,1.2545,-1.181,-3.6336
5.2411,0.79396,0.96714,1.5511,3.7794,-0.00042384,-3.4193e-06,1.1814,-1.2183,-3.3532
5.2811,0.90305,1.0932,1.7328,3.7013,0.0019793,3.3147e-05,1.1328,-1.2183,-3.3546
5.3211,1.0129,1.2203,1.9108,3.6146,0.0043838,0.0001117,1.0842,-1.2183,-3.356
5.3611,1.1305,1.3391,2.0844,3.5193,0.006786,0.00023708,1.0355,-1.2183,-3.3574
5.4012,1.2487,1.4593,2.2536,3.4154,0.0091866,0.00041347,0.9869,-1.2183,-3.3587
5.4412,1.3656,1.4191,2.2655,2.9151,0.094021,0.0057224,0.9021,-1.2656,-2.9171
5.4812,1.5326,1.561,2.4008,2.7786,0.061837,0.0041232,0.8582,-1.2648,-2.9033
5.5212,1.669,1.6339,2.512,2.6267,-0.0097263,-0.00077343,0.8077,-1.2648,-2.8736
5.5612,1.7957,1.7114,2.6147,2.4709,-0.081635,-0.0075804,0.7571,-1.2648,-2.8443
5.6012,1.9318,1.7753,2.7082,2.3123,-0.15345,-0.016373,0.7067,-1.2648,-2.8155
5.6411,2.0715,1.8297,2.7932,2.1508,-0.22489,-0.027202,0.6562,-1.2648,-2.7872
5.6812,2.2074,1.8824,2.8694,1.9869,-0.29603,-0.040209,0.6057,-1.2648,-2.7594
5.7212,2.3562,1.917,2.937,1.8214,-0.36642,-0.055446,0.5551,-1.2648,-2.7324
5.7612,2.4973,1.952,2.9959,1.6546,-0.43527,-0.072848,0.5046,-1.2648,-2.7059
5.8012,2.6358,1.9796,3.0464,1.487,-0.50252,-0.092465,0.4541,-1.2648,-2.6802
5.8412,2.7894,1.9896,3.0885,1.3191,-0.56775,-0.11452,0.4037,-1.2648,-2.6553
5.8813,2.9234,2.0062,3.1227,1.1508,-0.63044,-0.13888,0.3531,-1.2648,-2.6312
5.9212,3.0681,2.0069,3.1486,0.98305,-0.68992,-0.16554,0.3026,-1.2648,-2.6079
5.9612,3.2095,2.0025,3.1666,0.81567,-0.74574,-0.19416,0.2521,-1.2648,-2.5854
6.0012,3.3476,1.9913,3.1768,0.6494,-0.7975,-0.22487,0.2016,-1.2648,-2.5636
******-------------------------------------------------------------------------------------------------------------------****** 
TargetID: ID32
Relevancy: 0
tj = Inf
Label: -1
Comment: Target is irrelevant as it is not crossing the estimated holding line
DATA:
6.1613,-0,-0,NaN,NaN,NaN,NaN,0,NaN,NaN
6.2013,-0.9185,0.14098,13.11,1.4634,-0,-0,0.1112,0,Inf
6.2418,-0.80897,0.33418,10.516,1.8232,0.05189,0.039,0.1716,0.0901,118.46
6.2813,0.095596,0.22051,12.988,1.8055,0.10576,0.083309,0.1382,0.1527,85.871
6.3213,-0.044056,0.39955,10.563,2.267,0.16624,0.13738,0.2113,0.2885,37.446
6.3614,-0.14167,0.52391,9.4406,2.3805,0.21708,0.18828,0.2469,0.3365,28.933
6.4014,0.42081,0.52304,9.6957,2.4576,0.15818,0.1441,0.2483,0.297,33.678
6.4413,0.37851,0.64932,8.6774,2.5651,0.15287,0.14645,0.2873,0.3357,26.954
6.4814,0.45162,0.74983,8.0426,2.6492,0.13763,0.13875,0.3181,0.3576,23.679
6.5213,0.16342,0.8745,6.6972,2.6323,0.03878,0.041183,0.3745,0.4098,17.56
6.5614,0.43304,0.98223,6.6538,2.7429,0.039846,0.044618,0.391,0.4098,17.562
6.6014,0.52154,1.1024,6.2281,2.7923,-0.079022,-0.09338,0.4215,0.4266,16
6.6414,0.77088,1.2165,6.1757,2.8965,-0.074979,-0.093595,0.4386,0.4266,15.99
6.6814,1.0149,1.3351,6.1214,2.9998,-0.071049,-0.093788,0.4557,0.4266,15.98
6.7214,1.2539,1.4567,6.0653,3.1022,-0.067301,-0.094089,0.4728,0.4266,15.969
6.7614,1.4989,1.5839,6.0075,3.2035,-0.063701,-0.094522,0.4899,0.4266,15.959
6.8014,1.7388,1.7135,5.948,3.3038,-0.060207,-0.095117,0.507,0.4266,15.949
6.8414,1.981,1.848,5.8866,3.4034,-0.056788,-0.095883,0.5242,0.4266,15.939
6.8814,2.2125,1.9855,5.8237,3.5015,-0.053535,-0.09693,0.5413,0.4266,15.929
6.9214,2.4399,2.1275,5.7596,3.5978,-0.05041,-0.098114,0.5584,0.4266,15.919
6.9615,2.6641,2.2735,5.6941,3.6928,-0.047332,-0.099322,0.5753,0.4266,15.909
******-------------------------------------------------------------------------------------------------------------------****** 
TargetID: ID07
Target can not be processed due to lack of Data
******-------------------------------------------------------------------------------------------------------------------****** 
TargetID: ID51
Relevancy: 0
tj = Inf
Label: -1
Comment: Target is irrelevant as it is not crossing the estimated holding line
DATA:
4.801,-0,-0,5.5095,0.082392,-0.13517,-0.21307,0,-0.1062,-51.885
4.841,0.20422,0.02517,5.5218,-0.014718,-0.095997,-0.15187,-0.0133,-0.1283,-43.038
4.8811,0.44166,0.047536,5.6374,-0.25988,0.057115,0.089239,-0.04,-0.1964,-28.734
4.921,0.6704,0.024796,5.6645,-0.38974,0.079723,0.12531,-0.0601,-0.246,-23.081
4.9611,1.1637,0.19121,5.5661,0.016001,-0.20475,-0.33902,-0.0189,-0.0792,-70.279
5.0011,1.4024,0.22056,5.4076,0.20191,-0.38489,-0.66527,-0.0074,-0.0304,-178
5.041,1.6025,0.24763,5.4036,0.10568,-0.33204,-0.57695,-0.0194,-0.0643,-84.053
5.081,1.7954,0.29006,5.5441,-0.29013,-0.063903,-0.10732,-0.0594,-0.1766,-31.436
5.1211,2.0134,0.24049,5.5677,-0.35273,-0.043267,-0.073365,-0.0681,-0.1814,-30.754
5.1611,2.2444,0.2019,5.6055,-0.42036,-0.004642,-0.007931,-0.0754,-0.1818,-30.92
5.2011,2.4685,0.17627,5.6022,-0.46017,-0.0052207,-0.0090659,-0.0825,-0.1818,-30.919
5.2411,2.681,0.17714,5.5533,-0.43185,-0.068366,-0.12241,-0.0858,-0.1741,-31.994
5.2811,3.0422,0.14495,5.7083,-0.067178,-0.047564,-0.086309,-0.017,-0.0192,-297.33
5.3211,3.2497,0.14001,5.6109,-0.011229,-0.13743,-0.25945,-0.0184,-0.0208,-269.75
5.3611,3.5089,0.16428,5.6111,0.1212,-0.15417,-0.29876,0.003,0.0197,284.89
5.4012,3.7498,0.2237,5.586,-0.049605,-0.18605,-0.34245,0.0127,0.0362,154.32
5.4412,3.9711,0.28904,5.5754,0.028813,-0.1602,-0.30415,0.0245,0.058,96.128
5.4812,4.1924,0.33806,5.5309,0.067285,-0.1861,-0.36057,0.0354,0.0739,74.849
5.5212,4.3371,0.38774,5.3708,0.039085,-0.28078,-0.54473,0.0444,0.0903,59.478
5.5612,4.4489,0.30979,5.0713,-0.10809,-0.45002,-0.8471,0.0441,0.0918,55.256
5.6012,4.6481,0.31366,5.0499,-0.11278,-0.4198,-0.81763,0.0415,0.0819,61.675
5.6411,4.7498,0.34746,4.727,-0.30214,-0.6645,-1.2203,0.045,0.0849,55.791
5.6812,4.9545,0.36795,4.702,-0.28123,-0.63963,-1.2133,0.0496,0.0869,54.205
5.7212,5.2649,0.36799,5.1256,0.058969,-0.21817,-0.50271,0.0496,0.0789,64.967
5.7612,5.5102,0.38269,5.2463,0.17081,-0.1093,-0.27561,0.0524,0.078,67.295
5.8012,5.7026,0.3695,5.1952,0.12795,-0.12707,-0.33191,0.0491,0.0691,75.206
5.8412,5.9004,0.35192,5.2464,0.15115,-0.068481,-0.19432,0.0429,0.0567,92.567
5.8813,6.1529,0.35552,5.4048,0.29208,0.040503,0.13152,0.045,0.0564,95.97
5.9212,6.3712,0.34386,5.4584,0.33401,0.067381,0.24089,0.045,0.0532,102.79
5.9612,6.589,0.35377,5.4801,0.35633,0.069177,0.26913,0.047,0.0531,103.42
6.0012,6.8107,0.3648,5.504,0.38143,0.07061,0.30231,0.0492,0.0531,103.9
6.0413,7.0265,0.36026,5.4872,0.35428,0.047453,0.21827,0.05,0.0517,106.36
6.0813,7.2344,0.35129,5.4592,0.31534,0.026499,0.13185,0.0488,0.0485,112.75
6.1213,7.4215,0.32283,5.3489,0.16296,-0.037525,-0.18767,0.0437,0.0417,128.33
6.1613,7.6394,0.34541,5.3439,0.20422,-0.022878,-0.13121,0.0474,0.0437,122.38
6.2013,7.8623,0.36761,5.3833,0.27159,-0.0028046,-0.019462,0.0518,0.0461,116.92
6.2418,8.0504,0.41214,5.3264,0.27973,-0.0090313,-0.072193,0.0576,0.0494,107.97
6.2813,8.2518,0.39937,5.3038,0.22897,-0.019629,-0.17961,0.056,0.0465,114.17
6.3213,8.4632,0.39486,5.2776,0.18867,-0.023168,-0.25417,0.0541,0.0432,122.24
6.3614,8.673,0.34604,5.2627,0.15163,-0.014892,-0.2256,0.0453,0.0346,152.17
6.4014,8.8743,0.33588,5.2579,0.12222,-0.013144,-0.28751,0.0443,0.0325,161.83
6.4413,9.0704,0.31766,5.2023,0.051806,-0.011635,-0.39557,0.0396,0.0277,187.82
6.4814,9.2695,0.29882,5.1667,0.011369,-0.0039217,-0.44948,0.0364,0.0243,212.62
6.5213,9.4678,0.27965,5.1334,-0.020768,0.0067542,-0.48148,0.0331,0.021,244.45
6.5614,9.6724,0.28601,5.074,-0.0090237,0.019017,-0.45215,0.034,0.021,241.62
6.6014,9.8762,0.29557,5.0643,0.010813,0.030199,-0.42669,0.0361,0.0218,232.31
6.6414,10.08,0.27131,5.0773,-0.021765,0.042888,-0.44925,0.0313,0.0178,285.25
6.6814,10.288,0.23013,5.0362,-0.040344,0.050776,-0.39789,0.024,0.0122,412.82
6.7214,10.488,0.22576,5.024,-0.033069,0.059127,-0.37553,0.0238,0.0117,429.41
6.7614,10.695,0.19973,5.0187,-0.047191,0.065341,-0.34596,0.0186,0.0078,643.45
6.8014,10.892,0.1921,4.9683,-0.047603,0.071819,-0.3236,0.0172,0.0066,752.8
6.8414,11.108,0.15184,5.0187,-0.062148,0.070786,-0.2759,0.0099,0.0017,2952.4
6.8814,11.317,0.1121,5.0284,-0.077761,0.06971,-0.23831,0.0037,-0.0024,-2095.4
6.9214,11.528,0.087269,5.0393,-0.082349,0.066169,-0.2012,-0.0002,-0.0049,-1028.6
6.9615,11.761,0.12243,5.0304,-0.054775,0.079539,-0.22036,0.0069,-0.0001,-50307
7.0014,11.968,0.10649,5.0274,-0.05899,0.07765,-0.19542,0.004,-0.0018,-2793.2
7.0414,12.169,0.12237,5.0116,-0.038082,0.078199,-0.18029,0.007,0.0001,50118
7.0815,12.37,0.081363,5.001,-0.058959,0.077345,-0.16403,0.0016,-0.0032,-1562.9
7.1215,12.575,0.099107,5.0097,-0.037143,0.073382,-0.14407,0.0043,-0.0015,-3339.9
7.1615,12.775,0.099814,4.9883,-0.029122,0.067357,-0.12207,0.0042,-0.0015,-3325.6
7.2015,12.975,0.14914,4.9107,-0.005279,0.10014,-0.17113,0.0135,0.0045,1091.3
7.2415,13.174,0.17824,4.8746,0.025703,0.09383,-0.14879,0.0182,0.0074,658.74
7.2815,13.377,0.20569,4.8764,0.063379,0.08672,-0.12874,0.0242,0.0108,451.56
7.3215,13.598,0.16684,4.8885,0.050904,0.069357,-0.096081,0.0187,0.0077,634.91
7.3615,13.795,0.16602,4.8675,0.057348,0.058396,-0.075669,0.0184,0.0074,657.82
7.4015,13.99,0.17641,4.849,0.064837,0.048966,-0.059633,0.0186,0.0074,655.33
7.4416,14.188,0.18224,4.8637,0.08408,0.034981,-0.04015,0.0208,0.0087,559.13
******-------------------------------------------------------------------------------------------------------------------****** 
TargetID: ID09
Target can not be processed due to lack of Data
******-------------------------------------------------------------------------------------------------------------------****** 
TargetID: ID52
Relevancy: 0
tj = Inf
Label: -1
Comment: Target is irrelevant as it is not crossing the estimated holding line
DATA:
6.6014,0,0,8.3809,0.042071,0.0079977,0.24866,0,0.1341,62.498
6.6414,0.79144,-0.19992,7.908,-0.1754,0.00049058,0.058872,-0.0241,0.0733,107.91
6.6814,1.2626,-0.22726,8.166,-0.30309,-0.0017324,0.13912,-0.0327,-0.0347,-235.49
6.7214,1.5466,-0.39188,8.2307,-0.34461,-0.0054577,0.1146,-0.0454,-0.0549,-150.05
6.7614,1.7845,-0.33465,8.076,-0.2003,-0.0034409,0.046715,-0.0263,0.0566,142.73
6.8014,2.5946,-0.1692,8.6046,0.43197,-0.029543,0.27133,0.0425,0.1251,68.868
6.8414,2.8994,-0.13749,8.6552,0.28397,-0.042307,0.34983,0.0426,0.1237,70.007
6.8814,3.2478,-0.11269,8.6673,0.3294,-0.052151,0.34366,0.0476,0.1237,70.118
6.9214,3.4296,-0.10895,8.2738,0.3569,0.019281,-0.098335,0.0401,0.1118,74.075
6.9615,3.7678,-0.13043,8.2828,0.24793,0.012582,-0.056131,0.0299,0.0676,122.58
7.0014,4.1469,-0.14606,8.4356,0.16221,-0.039418,0.15454,0.0192,0.0254,332.17
7.0414,4.234,-0.16484,7.5866,-0.076038,0.17621,-0.66397,0.0142,0.0245,309.67
7.0815,4.2896,-0.17371,6.8711,0.23468,0.39569,-1.063,-0.0128,-0.0217,-316.83
7.1215,4.6039,-0.091395,6.9445,0.22875,0.36702,-0.9211,-0.0069,-0.0108,-643.36
7.1615,4.8845,-0.093384,6.8817,0.20493,0.36169,-0.84079,-0.0073,-0.0108,-637.48
7.2015,5.203,-0.12547,6.7956,-0.32482,0.31336,-0.79708,-0.0119,-0.0233,-291.99
7.2415,5.3482,-0.20292,6.3701,-0.46084,0.3604,-0.84909,-0.0291,-0.0488,-130.88
7.2815,5.8498,-0.24801,7.2668,0.046242,0.1789,-0.34941,-0.0074,0.0032,2270.9
7.3215,6.1839,-0.37721,7.2806,0.05039,0.173,-0.31543,-0.0055,0.0072,1011.2
7.3615,6.4045,-0.42823,7.108,-0.17593,0.17988,-0.31991,-0.0116,0.0036,1975.1
7.4015,6.4063,-0.53801,6.6236,-0.32035,0.181,-0.28859,-0.0615,-0.0564,-117.58
7.4416,6.5866,-0.60779,6.3907,-0.54843,0.15441,-0.23967,-0.074,-0.0663,-96.744
7.4816,6.7766,-0.66968,6.2534,-0.53612,0.1038,-0.14821,-0.0929,-0.0856,-73.322
7.5216,7.1612,-0.69974,11.351,-0.85385,0.062788,-0.088142,-0.083851,-0.072551,-156.9
7.5616,7.5564,-0.72909,6.7845,-0.50016,0.021762,-0.028058,-0.0748,-0.0595,-114.33
7.6016,7.7788,-0.80592,6.6797,-0.59861,-0.008757,0.01074,-0.0889,-0.0715,-93.797
7.6426,8.1604,-0.89055,7.0888,-0.61559,-0.016932,0.019752,-0.0859,-0.062,-114.77
7.6816,8.4468,-0.94242,7.4599,-1.6943,-0.02168,0.023911,-0.087379,-0.06062,-126.19
7.7218,8.7421,-0.9967,7.1089,-0.64128,-0.026566,0.028191,-0.0889,-0.0592,-120.57
******-------------------------------------------------------------------------------------------------------------------****** 
TargetID: ID11
Relevancy: 0
tj = Inf
Label: -1
Comment: Target is irrelevant as it is not crossing the estimated holding line
DATA:
5.7612,0,0,5.2219,-0.12983,0.31339,0.72585,0,-0.0753,-69.369
5.8012,0.19938,-0.01253,5.2223,-0.13603,0.28182,0.68403,-0.0026,-0.0735,-71.075
5.8412,0.45136,-0.0039116,5.3377,-0.16507,0.32269,0.81701,-0.0041,-0.0728,-73.356
5.8813,0.60315,-0.026016,5.2036,-0.15328,0.21559,0.58307,-0.0093,-0.0731,-71.215
5.9212,0.83277,-0.020659,5.2761,-0.17455,0.23158,0.66056,-0.0108,-0.0724,-72.914
5.9612,1.0972,0.015885,5.4211,-0.17307,0.27908,0.83804,-0.0052,-0.0663,-81.809
6.0012,1.3651,0.020318,5.6052,-0.21049,0.33456,1.06,-0.0059,-0.0655,-85.635
6.0413,1.6144,0.030638,5.6926,-0.21472,0.33174,1.1264,-0.0052,-0.0627,-90.856
6.0813,1.8986,0.044026,5.8327,-0.19601,0.33773,1.2358,0.0004,-0.055,-106.11
6.1213,2.1351,0.041895,5.8347,0.20678,0.2209,1.2116,0.0006,-0.0502,-116.3
6.1613,1.9747,-0.14642,5.3248,-0.16673,0.12683,0.74387,-0.0571,-0.1025,-51.974
6.2013,2.2427,-0.13385,5.407,-0.42221,0.15917,0.79093,-0.0514,-0.0943,-57.513
6.2418,2.5345,-0.10272,5.5364,-0.36693,0.15473,0.86275,-0.0386,-0.0812,-68.332
6.2813,2.7582,-0.10895,5.5637,-0.38283,0.13223,0.84826,-0.0419,-0.0812,-68.681
6.3213,3.0948,-0.068799,5.7936,-0.17782,0.10906,1.0378,-0.0307,-0.0713,-81.295
6.3614,3.3864,-0.052806,5.932,-0.34219,0.12946,1.1428,-0.0259,-0.0658,-90.303
6.4014,3.627,-0.053431,5.9701,-0.35274,0.098408,1.1175,-0.0284,-0.0658,-90.889
6.4413,3.9465,-0.03591,6.1689,-0.32963,0.082974,1.2713,-0.0208,-0.0587,-105.24
6.4814,4.1932,-0.03903,6.2127,-0.33795,0.048181,1.2377,-0.023,-0.0587,-106
6.5213,4.5111,-0.024546,6.3855,-0.12573,-0.02392,1.3322,-0.0197,-0.0548,-116.55
6.5614,4.7646,-0.028912,6.4338,-0.14013,-0.056634,1.2904,-0.0218,-0.0548,-117.43
6.6014,5.0223,-0.030902,6.482,-0.155,-0.087538,1.2463,-0.0239,-0.0548,-118.32
6.6414,5.2862,-0.034396,6.7055,-0.024155,-0.10546,1.1989,-0.023127,-0.053036,-126.43
6.6814,5.5588,-0.033192,6.8978,0.079672,-0.1234,1.1513,-0.022353,-0.05127,-134.55
6.7214,5.8378,-0.02839,7.0583,0.1561,-0.14131,1.1039,-0.021581,-0.049508,-142.6
6.7614,6.1231,-0.021062,7.1876,0.2055,-0.15923,1.0564,-0.020808,-0.047743,-150.61
6.8014,6.4123,-0.012318,7.2854,0.2277,-0.17713,1.009,-0.020036,-0.045982,-158.52
6.8414,6.7052,-0.0032166,7.352,0.2228,-0.19504,0.96157,-0.019264,-0.044218,-166.34
6.8814,7.0002,0.0051479,7.3873,0.19074,-0.21297,0.91409,-0.018491,-0.042454,-174.06
6.9214,7.2959,0.011685,7.3911,0.13154,-0.23088,0.86663,-0.017718,-0.04069,-181.67
6.9615,7.5914,0.015312,7.3636,0.045118,-0.24882,0.81913,-0.016945,-0.038925,-189.18
7.0014,7.8846,0.014941,7.3048,-0.068233,-0.26671,0.77173,-0.016173,-0.037164,-196.56
7.0414,8.1751,0.0094884,7.2145,-0.20886,-0.28463,0.72426,-0.0154,-0.0354,-203.89
7.0815,8.465,0.012531,7.2664,-0.21073,-0.28389,0.66047,-0.0169,-0.0354,-205.35
7.1215,8.7554,0.0061314,7.3184,-0.21297,-0.27906,0.59643,-0.0183,-0.0354,-206.82
7.1615,8.66,-0.17053,6.854,-0.24757,-0.19071,0.36376,-0.0436,-0.0462,-148.45
7.2015,8.9336,-0.18151,6.8917,-0.26921,-0.17839,0.31725,-0.0455,-0.0462,-149.28
7.2415,8.866,-0.37591,6.4498,-0.44821,-0.10069,0.16763,-0.0734,-0.0582,-111.09
7.2815,8.9707,-0.41675,6.2397,-0.4887,-0.069345,0.1081,-0.081,-0.0593,-105.54
7.3215,9.22,-0.4374,6.2606,-0.51018,-0.056782,0.083026,-0.0835,-0.0593,-105.92
7.3615,9.7692,-0.12007,6.8481,-0.17384,-0.14979,0.20786,-0.0205,-0.012,-570.86
7.4015,10.234,-0.14983,7.0049,-0.085327,-0.15088,0.19437,-0.0175,-0.0059,-1187.4
7.4416,10.37,-0.1336,7.0949,-0.073585,-0.12595,0.1533,-0.014,-0.0021,-3378.7
7.4816,10.862,-0.03639,7.3285,-0.0080589,-0.11173,0.12826,-0.004,0.0003,24429
7.5216,11.103,-0.031425,7.4097,-0.022821,-0.071664,0.078186,-0.0048,-0.0002,-37049
7.5616,11.529,-0.0045452,7.571,0.0029909,-0.037356,0.038648,-0.0004,0.0014,5407.9
7.6016,11.697,-0.10306,7.546,-0.10356,0.029114,-0.028667,-0.0131,-0.0038,-1986
7.6426,12.001,-0.10827,7.6155,-0.11228,0.074329,-0.069695,-0.0133,-0.0038,-2004.3
7.6816,12.305,-0.1334,7.6813,-0.12141,0.12578,-0.11212,-0.0158,-0.005,-1536.4
7.7218,12.613,-0.13137,7.7491,-0.12469,0.17228,-0.1465,-0.0161,-0.005,-1550
7.7617,12.952,-0.11515,7.8469,-0.13491,0.21737,-0.17708,-0.0138,-0.004,-1962
7.8016,13.214,-0.16276,7.8774,-0.14846,0.28123,-0.21801,-0.0229,-0.0088,-895.32
7.8416,13.528,-0.18813,7.9609,-0.20139,0.33863,-0.25226,-0.0253,-0.0102,-780.73
7.8817,13.79,-0.28053,8.0008,-0.33617,0.41209,-0.29551,-0.0368,-0.0166,-482.4
******-------------------------------------------------------------------------------------------------------------------****** 
TargetID: ID12
Target can not be processed due to lack of Data
******-------------------------------------------------------------------------------------------------------------------****** 
TargetID: ID13
Target can not be processed due to lack of Data
******-------------------------------------------------------------------------------------------------------------------****** 
TargetID: ID54
Target can not be processed due to lack of Data
******-------------------------------------------------------------------------------------------------------------------****** 
TargetID: ID55
Target can not be processed due to lack of Data
******-------------------------------------------------------------------------------------------------------------------****** 
TargetID: ID15
Target can not be processed due to lack of Data
******-------------------------------------------------------------------------------------------------------------------****** 
TargetID: ID16
Target can not be processed due to lack of Data
******-------------------------------------------------------------------------------------------------------------------****** 
TargetID: ID21
Target can not be processed due to lack of Data
******-------------------------------------------------------------------------------------------------------------------****** 
TargetID: ID22
Target can not be processed due to lack of Data
******-------------------------------------------------------------------------------------------------------------------****** 
TargetID: ID33
Relevancy: 0
tj = Inf
Label: -1
Comment: Target is irrelevant as it is not crossing the estimated holding line
DATA:
24.125,0,-0,9.7048,0.026621,-1.0901,-0.16958,0,0.151,64.27
24.165,0.40705,-0.016359,9.6997,0.084493,-1.0034,-0.1542,0.0064,0.1521,63.774
24.205,0.83376,0.00057486,9.8221,0.21495,-0.54313,-0.082405,0.0208,0.1782,55.131
24.245,1.2542,0.015499,9.9062,0.32733,-0.23874,-0.035721,0.0326,0.1925,51.489
24.285,1.5298,0.016696,9.2783,0.11804,-2.0273,-0.29947,0.0078,0.1007,92.146
24.325,1.7577,0.011275,9.3475,0.11837,-1.7022,-0.24734,0.0081,0.0921,101.5
24.366,2.1322,0.016841,9.2854,0.15045,-1.6956,-0.24218,0.0118,0.0921,100.83
24.405,2.5021,0.024209,9.2233,0.18135,-1.6888,-0.23651,0.0155,0.0921,100.16
24.445,2.8045,0.011393,8.8249,0.12818,-2.4589,-0.33754,0.0076,0.0662,133.32
24.485,2.9346,0.092998,8.6668,0.24054,-2.5104,-0.33598,0.0328,0.1164,74.486
24.525,3.2772,0.10929,8.5718,0.28029,-2.4948,-0.32497,0.0374,0.1164,73.68
24.565,3.6584,-0.023409,8.4543,0.0019389,-2.6762,-0.33877,0.0069,0.0514,164.48
24.605,4.0204,-0.049175,8.3959,-0.030375,-2.6149,-0.32011,0.003,0.0416,201.82
24.645,4.3611,-0.05087,8.4019,-0.01376,-2.4135,-0.2851,0.0041,0.0408,205.93
24.685,4.8677,-0.028237,8.796,0.082501,-1.5798,-0.1791,0.0124,0.0545,161.4
24.725,5.2923,-0.027221,8.9432,0.10307,-1.2291,-0.13321,0.0137,0.0543,164.71
24.766,5.7358,-0.090219,9.1282,0.11439,-0.83765,-0.086122,0.0112,0.0482,189.4
24.805,6.2312,-0.053458,9.4357,0.058486,-0.26547,-0.025701,0.0058,0.0396,238.28
24.845,6.6122,-0.052911,9.4256,0.071847,-0.26366,-0.023771,0.0073,0.0396,238.03
24.885,7.0306,-0.036452,9.5202,0.093661,-0.092736,-0.0077054,0.0099,0.0401,237.42
24.925,7.4075,-0.012804,9.7465,0.17391,0.36948,0.027945,0.0182,0.0488,199.75
24.965,7.8432,0.0022791,9.9407,0.23605,0.72201,0.048947,0.0242,0.0544,182.78
25.005,8.1803,-0.00015579,10.076,0.23299,0.8871,0.052838,0.0227,0.0516,195.32
25.045,8.6423,-0.078243,10.177,0.12983,0.9265,0.047191,0.0123,0.0385,264.37
25.085,9.0614,-0.065093,10.206,0.12119,0.83972,0.035207,0.0115,0.0348,293.3
25.125,9.5163,-0.10074,10.256,0.056541,0.79394,0.025729,0.0052,0.0269,381.28
25.165,9.9195,-0.10034,10.213,0.06164,0.60909,0.013523,0.0059,0.0263,388.32
25.205,10.363,-0.11301,10.247,0.018412,0.54514,0.0063227,0.0017,0.0205,499.86
25.245,10.778,-0.11636,10.269,0.024682,0.53896,0.00016031,0.0024,0.0205,500.93
25.285,11.211,-0.15255,10.309,-0.030038,0.52945,-0.0060894,-0.0029,0.0148,696.54
25.325,11.624,-0.15322,10.33,-0.02536,0.52268,-0.012495,-0.0023,0.0148,697.95
25.365,12.044,-0.16133,10.35,-0.021234,0.51541,-0.019027,-0.0018,0.0148,699.35
25.405,12.496,-0.2333,10.402,-0.13139,0.49179,-0.024905,-0.0124,0.0044,2364.3
25.446,12.912,-0.23845,10.422,-0.13243,0.48418,-0.031562,-0.0124,0.0044,2368.8
25.485,13.339,-0.25382,10.442,-0.13161,0.4759,-0.03815,-0.0122,0.0044,2373.3
25.525,13.756,-0.25949,10.462,-0.13177,0.46737,-0.04467,-0.0121,0.0044,2377.8
25.565,13.961,-0.034934,9.9694,0.23572,-0.33129,0.036813,0.0236,0.0338,295.03
25.605,14.448,-0.12711,10.142,0.10844,-0.09119,0.011588,0.0107,0.0229,442.9
25.645,14.908,-0.1967,10.205,0.0025635,-0.064677,0.0092652,0.0001,0.0127,803.56
25.685,15.382,-0.27757,10.284,-0.099443,-0.0026532,0.00042424,-0.0097,0.0043,2391.6
25.725,15.728,-0.16224,10.184,0.077974,-0.1036,0.01839,0.0074,0.0169,602.64
25.765,16.182,-0.20736,10.258,0.019157,-0.0087436,0.0017129,0.0018,0.0136,754.24
25.805,16.625,-0.28542,10.296,-0.032546,0.023782,-0.0051065,-0.0031,0.0088,1170
25.845,17.076,-0.32198,10.31,-0.088204,-0.0056453,0.0013211,-0.0086,0.0037,2786.5
25.885,17.505,-0.34186,10.325,-0.10573,0.013846,-0.0035102,-0.0102,0.0023,4489.3
25.925,17.934,-0.37969,10.37,-0.14548,0.069026,-0.018861,-0.0138,0.0005,20742
25.965,18.362,-0.38478,10.35,-0.14923,0.0032572,-0.0009533,-0.0144,-0.0006,-17252
26.005,18.786,-0.41154,10.339,-0.1609,-0.028616,0.0089456,-0.0157,-0.0014,-7386.1
26.045,19.246,-0.47837,10.404,-0.25543,0.018919,-0.0062971,-0.0245,-0.0079,-1317.3
26.085,19.671,-0.50691,10.436,-0.27259,0.057063,-0.020176,-0.0259,-0.0081,-1288.8
26.125,20.134,-0.48273,10.405,-0.21666,0.033108,-0.0124,-0.0207,-0.0032,-3252.4
26.165,20.47,-0.39798,10.239,-0.071665,-0.13852,0.054766,-0.0078,0.0064,1599.9
26.205,20.691,-0.10292,10.038,0.27893,-0.18497,0.077059,0.0278,0.0301,333.62
26.245,21.161,-0.16308,10.121,0.21927,-0.11106,0.048597,0.0209,0.0245,413.18
26.285,21.603,-0.20977,10.158,0.16619,-0.090382,0.041482,0.0157,0.0201,505.45
26.325,22.022,-0.22718,10.161,0.14736,-0.073689,0.035371,0.0145,0.0189,537.65
26.365,22.49,-0.2707,10.236,0.08534,-0.02099,0.010514,0.0083,0.014,731.15
26.405,22.949,-0.31233,10.344,0.03017,0.067187,-0.035058,0.0034,0.0103,1004.3
26.446,23.335,-0.26528,10.322,0.099297,0.049487,-0.026821,0.0096,0.0146,707.02
26.485,23.722,-0.20797,10.256,0.17021,-0.0040687,0.0022861,0.0166,0.0196,523.36
26.525,24.156,-0.22613,10.277,0.15086,0.0017117,-0.00099523,0.0147,0.0175,587.32
26.565,24.58,-0.25285,10.304,0.12254,0.017214,-0.01034,0.012,0.015,686.97
26.605,24.993,-0.25197,10.305,0.12853,0.016949,-0.010502,0.0126,0.015,687.06
26.646,25.366,-0.20099,10.266,0.20887,0.0085842,-0.0054764,0.0203,0.0204,503.33
26.686,25.8,-0.22511,10.307,0.16936,0.024355,-0.015979,0.0167,0.0171,602.82
******-------------------------------------------------------------------------------------------------------------------****** 
TargetID: ID17
Target can not be processed due to lack of Data
******-------------------------------------------------------------------------------------------------------------------****** 
TargetID: ID18
Target can not be processed due to lack of Data
******-------------------------------------------------------------------------------------------------------------------****** 
TargetID: ID19
Target can not be processed due to lack of Data
******-------------------------------------------------------------------------------------------------------------------****** 
TargetID: ID23
Target can not be processed due to lack of Data
******-------------------------------------------------------------------------------------------------------------------****** 
TargetID: ID24
Relevancy: 0
tj = Inf
Label: -1
Comment: Target is irrelevant as it is not crossing the estimated holding line
DATA:
54.051,-0,0,NaN,NaN,NaN,NaN,0,NaN,NaN
54.091,0.31791,-0.0037442,NaN,NaN,NaN,NaN,0.0053,NaN,NaN
54.131,0.59843,0.32056,NaN,NaN,NaN,NaN,0.4683,NaN,NaN
54.171,0.74432,0.31476,NaN,NaN,NaN,NaN,0.3726,NaN,NaN
54.211,0.8725,0.39909,NaN,NaN,NaN,NaN,0.388,NaN,NaN
54.251,NaN,NaN,NaN,NaN,NaN,NaN,-0.0111,NaN,NaN
54.291,NaN,NaN,NaN,NaN,NaN,NaN,0.3225,NaN,NaN
54.331,NaN,NaN,NaN,NaN,NaN,NaN,0.261,NaN,NaN
54.371,NaN,NaN,NaN,NaN,NaN,NaN,0.1765,NaN,NaN
54.411,NaN,NaN,NaN,NaN,NaN,NaN,0.4627,NaN,NaN
54.451,NaN,NaN,NaN,NaN,NaN,NaN,0.3013,NaN,NaN
54.491,NaN,NaN,NaN,NaN,NaN,NaN,0.0816,NaN,NaN
54.531,NaN,NaN,NaN,NaN,NaN,NaN,0.123,NaN,NaN
54.571,NaN,NaN,NaN,NaN,NaN,NaN,0.2508,NaN,NaN
54.611,NaN,NaN,NaN,NaN,NaN,NaN,0.3288,NaN,NaN
54.651,NaN,NaN,NaN,NaN,NaN,NaN,0.2642,NaN,NaN
54.691,NaN,NaN,NaN,NaN,NaN,NaN,0.3099,NaN,NaN
54.731,NaN,NaN,NaN,NaN,NaN,NaN,0.281,NaN,NaN
54.771,NaN,NaN,NaN,NaN,NaN,NaN,0.281,NaN,NaN
54.811,3.3548,1.5761,4.3038,1.5759,-0,0,0.351,0,Inf
54.851,2.0082,1.9875,4.3013,1.5038,-0.0027585,0.00062438,0.3364,0.0115,396.23
54.891,2.1782,2.0126,4.2304,1.3874,-0.1406,0.032016,0.3221,0.0258,172.56
54.931,2.0911,2.0117,4.1585,1.6257,-0.18212,0.041241,0.3813,0.0653,68.377
54.971,2.2655,2.0295,4.1586,1.608,-0.17354,0.039273,0.3772,0.0788,56.582
55.011,2.4362,2.053,4.124,1.6062,-0.19614,0.044401,0.3809,0.104,42.555
55.051,1.8768,1.8406,4.0458,1.2517,-0.31229,0.071174,0.3224,0.0445,95.168
55.091,1.9061,1.7526,4.0739,1.5386,-0.21297,0.048718,0.3781,0.104,41.873
55.131,2.1265,1.7553,4.0591,1.5313,-0.20259,0.046311,0.3768,0.1131,38.359
55.171,2.3644,1.8767,4.1,1.6001,-0.19894,0.045466,0.3876,0.1206,36.494
55.211,2.851,2.023,4.0579,1.5437,-0.21002,0.04785,0.3779,0.1179,36.824
55.252,2.7387,1.8783,4.0048,1.349,-0.25209,0.057667,0.3444,0.0651,64.915
55.292,2.8754,1.9251,4.0024,1.3976,-0.2223,0.050801,0.3536,0.0796,53.259
55.331,3.6862,2.2059,3.9724,1.4395,-0.21792,0.0495,0.3605,0.0895,47.209
55.371,3.1537,1.9064,3.963,1.4401,-0.20472,0.046886,0.3659,0.0932,45.242
55.411,3.3335,2.021,3.9609,1.5097,-0.20605,0.047714,0.3819,0.1064,39.839
55.452,3.4337,2.0575,3.9293,1.5599,-0.17803,0.040775,0.3939,0.124,34.093
55.492,3.5296,2.0481,3.6805,1.3583,-0.34268,0.079958,0.3894,0.1196,32.802
55.531,3.609,2.2798,3.6521,1.2687,-0.3484,0.080665,0.3708,0.0869,44.49
55.571,3.7383,2.3314,3.6011,1.0367,-0.40993,0.094542,0.3226,0.0194,193.16
55.611,3.9326,2.4021,3.5837,0.95985,-0.40342,0.092571,0.3019,-0.008,-463.76
55.652,4.079,2.4419,3.5539,0.86243,-0.41237,0.094261,0.2787,-0.0361,-101.3
55.692,4.2482,2.4859,3.5151,0.74564,-0.42373,0.096442,0.2494,-0.0699,-51.407
55.731,4.4115,2.5339,3.5588,0.78353,-0.38807,0.090393,0.2533,-0.0617,-59.061
55.771,4.5747,2.5681,3.456,0.63857,-0.42726,0.09696,0.2225,-0.0957,-36.725
55.812,4.7117,2.5872,3.4082,0.66158,-0.44565,0.10144,0.2356,-0.075,-46.291
55.851,4.848,2.6877,3.3639,0.84994,-0.41187,0.090261,0.2475,-0.0595,-58.313
55.892,4.9787,2.7245,3.283,0.41951,-0.54362,0.12318,0.1791,-0.1348,-24.553
55.931,5.0658,2.768,2.9455,0.14122,-0.97971,0.22289,0.1624,-0.1509,-19.542
55.971,5.1608,2.7536,3.0919,0.23396,-0.75501,0.17855,0.1554,-0.1526,-20.319
56.012,5.3339,2.8279,3.0167,0.11629,-0.67179,0.15076,0.1003,-0.2034,-14.842
56.052,5.4733,2.8612,3.0138,0.064944,-0.60734,0.13611,0.0728,-0.2234,-13.494
56.092,5.63,2.87,3.0844,0.090594,-0.41642,0.093358,0.0614,-0.2252,-13.702
56.132,5.7933,2.883,3.1488,0.1003,-0.24937,0.055938,0.0493,-0.2277,-13.836
56.172,5.9368,2.8963,3.2056,0.18237,-0.16075,0.036086,0.0684,-0.2003,-16.03
56.212,6.0917,2.9252,3.2411,0.17653,-0.087469,0.019632,0.0604,-0.2001,-16.221
56.252,6.2354,2.9633,3.269,0.27167,-0.074936,0.016808,0.0884,-0.1672,-19.619
56.292,6.4668,3.0617,3.4492,0.35895,0.24916,-0.055093,0.0876,-0.1591,-21.797
56.332,6.5643,3.0563,3.5177,0.44334,0.23114,-0.051861,0.1097,-0.1338,-26.499
56.372,6.7338,3.0924,3.5511,0.43613,0.25061,-0.056237,0.1057,-0.1323,-27.043
56.412,6.8753,3.107,3.5557,0.41527,0.22353,-0.050167,0.1018,-0.131,-27.327
56.452,7.109,3.2559,3.6146,0.52201,0.34847,-0.076359,0.1209,-0.1105,-33.051
56.492,7.258,3.3034,3.6976,0.6099,0.31099,-0.06968,0.1428,-0.0888,-42.202
56.532,7.4042,3.3259,3.7219,0.59894,0.31315,-0.070175,0.1392,-0.0888,-42.453
56.572,7.5291,3.3358,3.5573,0.36981,0.03411,-0.0076463,0.1014,-0.1152,-31.046
56.612,7.6091,3.4522,3.5292,0.04969,0.027194,-0.0060878,0.0128,-0.1782,-19.807
56.652,7.6121,3.6329,3.3589,-0.54821,-0.020286,0.0045448,-0.1615,-0.3027,-11.243
56.692,7.7525,3.716,3.3579,-0.70045,0.085285,-0.019107,-0.2059,-0.3259,-10.525
56.732,7.85,3.6875,3.318,-0.98956,0.26379,-0.059074,-0.286,-0.3742,-9.253
56.772,7.9609,3.6901,3.2722,-1.2048,0.36895,-0.082525,-0.343,-0.4042,-8.6268
56.812,8.0909,3.7097,3.2341,-1.4545,0.52208,-0.11652,-0.4027,-0.4344,-8.1633
56.852,8.2466,3.7052,3.276,-1.5063,0.59691,-0.13314,-0.4083,-0.4256,-8.4721
56.892,8.3932,3.7322,3.2437,-1.7193,0.69955,-0.1557,-0.4554,-0.4455,-8.2405
56.932,8.5418,3.7389,3.2037,-1.9138,0.77305,-0.17203,-0.4982,-0.4617,-8.0827
56.972,8.691,3.8091,3.1733,-2.0571,0.82615,-0.18379,-0.5288,-0.4689,-8.065
57.012,8.8053,3.7143,3.1549,-2.1416,0.83532,-0.18598,-0.5476,-0.4689,-8.1321
57.052,8.9405,3.7208,3.1126,-2.2939,0.89771,-0.20018,-0.5794,-0.4768,-8.1094
57.092,9.1058,3.7081,3.1607,-2.401,1.0751,-0.23956,-0.5852,-0.4671,-8.4977
57.132,9.2758,3.7915,3.1418,-2.5769,1.2118,-0.27076,-0.6128,-0.4712,-8.6235
57.172,9.3856,3.6839,3.1193,-2.671,1.2236,-0.27405,-0.6315,-0.4712,-8.7152
57.212,9.4968,3.5743,3.0942,-2.7651,1.2351,-0.27752,-0.6504,-0.4712,-8.8066
57.252,9.6257,3.5651,3.0492,-2.4206,0.60165,-0.13456,-0.6295,-0.4458,-8.7332
57.292,9.7851,3.6049,3.0315,-2.51,0.67575,-0.15127,-0.6445,-0.4428,-8.8883
57.332,9.8917,3.4964,3.0005,-2.5837,0.68084,-0.15272,-0.6622,-0.4428,-8.9422
57.372,9.9973,3.3858,2.9679,-2.657,0.68596,-0.15421,-0.6799,-0.4428,-8.9962
57.412,10.102,3.2717,2.9339,-2.7297,0.69067,-0.15559,-0.6976,-0.4428,-9.05
57.452,10.205,3.1548,2.8981,-2.8019,0.69525,-0.15699,-0.7153,-0.4428,-9.1037
57.492,10.307,3.0367,2.8607,-2.8735,0.69953,-0.15843,-0.7331,-0.4428,-9.157
57.532,10.407,2.9137,2.8218,-2.9447,0.70369,-0.15983,-0.7508,-0.4428,-9.2106
57.572,10.506,2.7885,2.7814,-3.015,0.70755,-0.1612,-0.7685,-0.4428,-9.2637
57.612,10.604,2.6626,2.7392,-3.0848,0.71108,-0.16269,-0.7862,-0.4428,-9.3167
57.652,10.701,2.5313,2.6956,-3.1539,0.71446,-0.16413,-0.804,-0.4428,-9.3696
57.692,10.796,2.3964,2.6508,-3.2219,0.71755,-0.16546,-0.8216,-0.4428,-9.4223
******-------------------------------------------------------------------------------------------------------------------****** 
TargetID: ID25
Relevancy: 1
tj = 59.9324
Label: 1
Comment: Target is relevant and Turning, since the velocity ratio is highly changing at the end
DATA:
57.972,-0,0,NaN,NaN,NaN,NaN,0,NaN,NaN
58.012,0.14046,-0.00012617,NaN,NaN,NaN,NaN,0,NaN,NaN
58.052,0.27602,0.0035227,NaN,NaN,NaN,NaN,0.0001,NaN,NaN
58.092,0.4166,0.0031756,NaN,NaN,NaN,NaN,0.0001,NaN,NaN
58.132,0.55416,0.0078681,NaN,NaN,NaN,NaN,0,NaN,NaN
58.172,0.6918,0.01006,NaN,NaN,NaN,NaN,0,NaN,NaN
58.212,0.93608,0.61594,NaN,NaN,NaN,NaN,0.4774,NaN,NaN
58.252,1.086,0.6961,NaN,NaN,NaN,NaN,0.4773,NaN,NaN
58.292,1.2357,0.77427,NaN,NaN,NaN,NaN,0.4773,NaN,NaN
58.332,1.3858,0.84958,NaN,NaN,NaN,NaN,0.4774,NaN,NaN
58.372,1.53,0.93968,NaN,NaN,NaN,NaN,0.4773,NaN,NaN
58.412,1.6925,0.5366,NaN,NaN,NaN,NaN,0.2562,NaN,NaN
58.452,1.8281,0.57691,NaN,NaN,NaN,NaN,0.2562,NaN,NaN
58.492,1.9604,0.62298,NaN,NaN,NaN,NaN,0.2562,NaN,NaN
58.532,2.0993,0.6591,NaN,NaN,NaN,NaN,0.2562,NaN,NaN
58.572,2.4476,0.54185,NaN,NaN,NaN,NaN,0.2015,NaN,NaN
58.612,2.5792,0.57668,NaN,NaN,NaN,NaN,0.2015,NaN,NaN
58.652,2.71,0.60864,NaN,NaN,NaN,NaN,0.2016,NaN,NaN
58.692,2.8427,0.64302,NaN,NaN,NaN,NaN,0.2015,NaN,NaN
58.732,2.9775,0.67157,NaN,NaN,NaN,NaN,0.2015,NaN,NaN
58.772,3.1171,0.69167,NaN,NaN,NaN,NaN,0.2015,NaN,NaN
58.812,2.7526,0.47918,2.9277,-0.3191,-0,0,-0.1086,0,Inf
58.852,2.868,0.46914,2.9277,-0.31896,-0,0,-0.1085,0,Inf
58.892,2.9835,0.45896,2.9277,-0.31918,-0,0,-0.1086,0,Inf
58.932,3.0968,0.45234,2.9277,-0.31902,-0,0,-0.1086,0,Inf
58.972,3.2135,0.44117,2.9276,-0.31913,-0,0,-0.1086,0,Inf
59.012,3.3265,0.43279,2.9277,-0.31881,-0,0,-0.1085,0,Inf
59.052,3.4438,0.41926,2.9277,-0.31892,-0,0,-0.1085,0,Inf
59.092,3.555,0.41611,2.9276,-0.31886,-0,0,-0.1085,0,Inf
59.132,3.6729,0.40174,2.9276,-0.31895,-0,0,-0.1085,0,Inf
59.172,3.7922,0.38614,2.9276,-0.31897,-0,0,-0.1085,0,Inf
59.212,3.9077,0.37567,2.9277,-0.3189,-0,0,-0.1085,0,Inf
59.252,4.0203,0.36936,2.9276,-0.31886,-0,0,-0.1085,0,Inf
59.292,4.1371,0.35585,2.9277,-0.31861,-0,0,-0.1084,0,Inf
59.332,4.2548,0.34304,2.9277,-0.31873,-0,0,-0.1084,0,Inf
59.372,4.3716,0.32999,2.9096,-0.33302,0.010513,7.0162e-05,-0.11467,-0.00012845,-22799
59.412,4.4878,0.31638,2.8916,-0.34687,0.021029,0.00014035,-0.12093,-0.00025695,-11334
59.452,4.6028,0.30227,2.8738,-0.36021,0.031508,0.00021029,-0.12718,-0.000385,-7522.8
59.492,4.7176,0.28757,2.856,-0.37316,0.042033,0.00028052,-0.13345,-0.00051359,-5608.1
59.532,4.8313,0.27243,2.8384,-0.38561,0.052514,0.00035048,-0.1397,-0.00064166,-4464.1
59.572,4.9447,0.25672,2.8208,-0.39766,0.063047,0.00042077,-0.14598,-0.00077036,-3697.9
59.612,5.0572,0.24058,2.8034,-0.40923,0.073549,0.00049086,-0.15224,-0.00089868,-3152.5
59.652,5.1691,0.22397,2.7861,-0.42035,0.084064,0.00056104,-0.1585,-0.0010272,-2743.1
59.692,5.2799,0.207,2.769,-0.43098,0.094537,0.00063094,-0.16475,-0.0011551,-2426
59.732,5.3904,0.18954,2.7519,-0.4412,0.10505,0.00070109,-0.17101,-0.0012836,-2171.4
59.773,5.5023,0.17133,2.7346,-0.45115,0.11577,0.00077261,-0.1774,-0.0014145,-1959.4
59.812,5.6094,0.15342,2.7181,-0.46028,0.12608,0.00084147,-0.18355,-0.0015406,-1789.5
59.852,5.7178,0.13483,2.7014,-0.46914,0.13659,0.00091159,-0.18981,-0.001669,-1642.9
59.892,5.8253,0.11594,2.6849,-0.47751,0.14707,0.00098151,-0.19605,-0.001797,-1517.5
59.932,5.9325,0.096654,2.6684,-0.48547,0.15759,0.0010517,-0.20232,-0.0019255,-1408.5
59.973,6.0397,0.076934,2.6519,-0.49302,0.16817,0.0011224,-0.20863,-0.0020549,-1312.7
60.012,6.1449,0.057179,2.6357,-0.50002,0.17862,0.0011921,-0.21486,-0.0021825,-1229.2
60.052,6.2499,0.03707,2.6196,-0.5066,0.18911,0.0012621,-0.22111,-0.0023107,-1154.7
60.092,6.3545,0.016654,2.6036,-0.51274,0.19963,0.0013323,-0.22738,-0.0024392,-1087.9
60.132,6.4584,-0.0039777,2.5877,-0.51842,0.21014,0.0014024,-0.23365,-0.0025676,-1027.8
60.173,6.5619,-0.024893,2.5719,-0.52367,0.22068,0.0014728,-0.23993,-0.0026964,-973.38
60.212,6.6641,-0.045855,2.5563,-0.52843,0.23114,0.0015426,-0.24616,-0.0028243,-924.24
60.252,6.7661,-0.067103,2.5407,-0.53275,0.24166,0.0016128,-0.25243,-0.0029528,-879.17
60.292,6.8674,-0.088477,2.5253,-0.53662,0.25215,0.0016829,-0.25869,-0.003081,-837.93
60.333,6.9682,-0.11004,2.51,-0.54004,0.26267,0.001753,-0.26496,-0.0032095,-799.93
60.372,7.0682,-0.13168,2.4948,-0.54301,0.27317,0.0018231,-0.27121,-0.0033378,-764.94
60.412,7.1675,-0.15342,2.4797,-0.54551,0.28365,0.0018931,-0.27746,-0.0034659,-732.57
60.453,7.2667,-0.17534,2.4647,-0.54758,0.29419,0.0019634,-0.28374,-0.0035946,-702.38
60.492,7.3649,-0.19726,2.4499,-0.54919,0.30468,0.0020334,-0.29,-0.0037229,-674.39
60.533,7.4626,-0.21926,2.4351,-0.55034,0.31519,0.0021036,-0.29626,-0.0038512,-648.25
60.573,7.5617,-0.24173,2.4202,-0.55105,0.3259,0.0021751,-0.30265,-0.0039822,-623.32
60.613,7.6565,-0.26339,2.406,-0.55129,0.33622,0.0022439,-0.3088,-0.0041083,-600.82
60.653,7.7524,-0.28542,2.3916,-0.55109,0.34672,0.002314,-0.31505,-0.0042365,-579.31
60.692,7.8475,-0.3074,2.3774,-0.55043,0.3572,0.0023839,-0.3213,-0.0043645,-559.11
60.733,7.9426,-0.32946,2.3632,-0.54932,0.36774,0.0024542,-0.32758,-0.0044933,-539.96
60.773,8.037,-0.35144,2.3491,-0.54775,0.37825,0.0025244,-0.33385,-0.0046218,-521.9
60.813,8.1305,-0.37327,2.3352,-0.54574,0.38874,0.0025944,-0.3401,-0.0047499,-504.88
60.853,8.2236,-0.39504,2.3214,-0.54327,0.39924,0.0026645,-0.34635,-0.0048782,-488.73
60.893,8.3165,-0.41678,2.3077,-0.54034,0.40978,0.0027348,-0.35264,-0.005007,-473.36
60.933,8.4085,-0.43832,2.2941,-0.53697,0.42027,0.0028049,-0.35889,-0.0051353,-458.81
60.972,8.4987,-0.45942,2.2809,-0.5332,0.43063,0.002874,-0.36506,-0.0052618,-445.16
61.013,8.5906,-0.4809,2.2674,-0.52888,0.44125,0.0029449,-0.37139,-0.0053916,-431.83
61.053,8.6813,-0.50201,2.2541,-0.52413,0.45178,0.0030152,-0.37767,-0.0055202,-419.23
61.093,8.7712,-0.52289,2.241,-0.51894,0.46229,0.0030853,-0.38394,-0.0056487,-407.23
61.133,8.8605,-0.54351,2.228,-0.51331,0.47278,0.0031553,-0.39019,-0.0057769,-395.78
61.173,8.9496,-0.56398,2.2151,-0.50721,0.48332,0.0032256,-0.39647,-0.0059056,-384.79
61.213,9.0378,-0.58409,2.2024,-0.50068,0.4938,0.0032956,-0.40271,-0.0060336,-374.33
61.253,9.1255,-0.60395,2.1897,-0.49369,0.50429,0.0033656,-0.40896,-0.0061618,-364.29
61.293,9.2129,-0.62357,2.1772,-0.48624,0.5148,0.0034358,-0.41523,-0.0062903,-354.65
61.333,9.3,-0.64291,2.1647,-0.47832,0.52533,0.003506,-0.42151,-0.0064189,-345.38
61.373,9.3862,-0.66186,2.1525,-0.46997,0.53582,0.0035761,-0.42776,-0.0065471,-336.51
61.413,9.4719,-0.68046,2.1403,-0.46118,0.54631,0.0036461,-0.43401,-0.0066753,-327.99
61.453,9.5576,-0.69877,2.1282,-0.45189,0.55685,0.0037164,-0.44029,-0.006804,-319.76
61.493,9.6422,-0.71661,2.1163,-0.4422,0.56733,0.0037863,-0.44654,-0.0069321,-311.88
61.533,9.727,-0.73416,2.1044,-0.432,0.57787,0.0038567,-0.45282,-0.0070609,-304.25
61.573,9.811,-0.75124,2.0927,-0.42138,0.58838,0.0039268,-0.45909,-0.0071893,-296.92
61.613,9.8941,-0.76781,2.0811,-0.41035,0.59885,0.0039967,-0.46533,-0.0073172,-289.89
61.653,9.9774,-0.78404,2.0696,-0.39879,0.60938,0.004067,-0.4716,-0.0074459,-283.06
61.693,10.06,-0.79972,2.0582,-0.38684,0.61986,0.0041369,-0.47785,-0.007574,-276.51
61.733,10.142,-0.81497,2.047,-0.37439,0.63038,0.0042071,-0.48412,-0.0077025,-270.16
61.773,10.224,-0.82971,2.0358,-0.3615,0.6409,0.0042773,-0.49039,-0.007831,-264.03
61.813,10.305,-0.84388,2.0248,-0.34819,0.65138,0.0043473,-0.49664,-0.0079591,-258.14
61.853,10.386,-0.85753,2.0139,-0.3344,0.66189,0.0044174,-0.5029,-0.0080875,-252.43
61.893,10.466,-0.87066,2.0031,-0.32013,0.67242,0.0044877,-0.50918,-0.0082162,-246.89
61.933,10.546,-0.88318,1.9924,-0.30542,0.68294,0.0045579,-0.51544,-0.0083447,-241.55
61.973,10.626,-0.89514,1.9818,-0.29022,0.69348,0.0046282,-0.52173,-0.0084734,-236.38
62.013,10.705,-0.90639,1.9714,-0.27468,0.70394,0.004698,-0.52796,-0.0086013,-231.41
62.053,10.783,-0.91706,1.9611,-0.25863,0.71445,0.0047682,-0.53422,-0.0087297,-226.59
62.093,10.862,-0.92709,1.9509,-0.24211,0.72496,0.0048383,-0.54049,-0.0088581,-221.92
62.133,10.939,-0.93644,1.9408,-0.22515,0.73547,0.0049085,-0.54675,-0.0089865,-217.41
62.173,11.017,-0.9451,1.9308,-0.20772,0.74598,0.0049786,-0.55302,-0.009115,-213.05
62.213,11.094,-0.95305,1.9209,-0.18987,0.75647,0.0050487,-0.55927,-0.0092432,-208.83
62.253,11.171,-0.96028,1.9112,-0.17156,0.76698,0.0051188,-0.56554,-0.0093716,-204.75
62.293,11.247,-0.96677,1.9015,-0.15278,0.77749,0.0051889,-0.5718,-0.0095,-200.81
62.333,11.316,-0.93795,1.9682,-0.13221,0.85515,0.0011882,-0.5609,-0.0052,-379.35
62.373,11.303,-1.0022,1.8115,-0.22642,0.69284,-0.011891,-0.5719,-0.0092,-198.44
62.413,11.36,-1.0602,1.1968,-2.0731,0.61685,-0.023151,-0.56624,-0.006897,-347.06
62.453,11.413,-1.1206,1.6557,-0.3561,0.54105,-0.034382,-0.5606,-0.0046,-368.16
62.493,11.47,-1.1521,1.7378,-0.34363,0.60433,-0.032422,-0.5599,-0.0043,-411.96
62.533,11.516,-1.1796,1.7507,-0.3597,0.60643,-0.03337,-0.5602,-0.0043,-415.64
62.573,11.532,-1.2182,1.6171,-0.42918,0.47803,-0.036169,-0.5648,-0.0058,-288.46
62.613,11.57,-1.2678,0.60528,-1.663,0.44069,-0.035873,-0.56894,-0.0071972,-245.89
62.653,11.607,-1.3191,1.5559,-0.49641,0.40321,-0.035577,-0.5731,-0.0086,-189.9
62.693,11.657,-1.3521,1.589,-0.49928,0.42312,-0.035753,-0.5735,-0.0087,-191.45
62.733,11.7,-1.3766,1.5991,-0.50881,0.42387,-0.035457,-0.5738,-0.0087,-192.89
62.773,11.767,-1.4113,1.6747,-0.49688,0.4805,-0.03545,-0.5727,-0.0081,-215.66
62.813,11.843,-1.4494,1.6928,-0.51597,0.4824,-0.036551,-0.5713,-0.0076,-232.86
62.853,11.439,-1.3407,1.6379,-0.62588,0.44552,-0.0321,-0.6084,-0.0207,-84.705
62.893,11.467,-1.3133,1.6169,-0.59866,0.44116,-0.03121,-0.6021,-0.0182,-94.735
62.933,11.453,-1.3918,1.5318,-0.65238,0.35767,-0.028698,-0.6182,-0.0236,-70.549
62.973,11.373,-0.93477,1.3067,-0.67148,0.18954,-0.024837,-0.583,-0.0107,-137.3
63.013,11.422,-0.96853,1.3114,-0.67533,0.18972,-0.024621,-0.5835,-0.0107,-137.86
63.053,11.47,-1.002,1.3162,-0.679,0.1899,-0.024312,-0.5839,-0.0107,-138.41
63.093,11.539,-0.91953,1.4323,-0.66838,0.30477,-0.033176,-0.5957,-0.0147,-107.52
63.133,11.593,-0.94733,1.2443,-0.7208,0.31722,-0.031077,-0.59824,-0.015033,-95.656
63.173,11.639,-0.97721,1.0675,-0.77049,0.32968,-0.028976,-0.60078,-0.015367,-85.672
63.213,11.678,-1.0089,0.90283,-0.81718,0.3421,-0.026883,-0.6033,-0.0157,-77.565
63.253,11.711,-1.0425,0.74914,-0.86118,0.35455,-0.024785,-0.60584,-0.016033,-71.193
63.293,11.738,-1.0778,0.60673,-0.90242,0.36701,-0.022685,-0.60838,-0.016366,-66.442
63.333,11.76,-1.1147,0.47574,-0.94086,0.37947,-0.020584,-0.61092,-0.0167,-63.131
63.373,11.777,-1.1531,0.35636,-0.97644,0.39192,-0.018486,-0.61345,-0.017033,-61.023
63.413,11.789,-1.1928,0.24842,-1.0092,0.40437,-0.016388,-0.61599,-0.017367,-59.847
63.453,11.797,-1.2337,0.15199,-1.0392,0.41681,-0.014291,-0.61852,-0.0177,-59.335
63.493,11.801,-1.2758,0.066897,-1.0663,0.42925,-0.012193,-0.62106,-0.018033,-59.248
63.533,11.802,-1.319,-0.006823,-1.0907,0.44171,-0.010093,-0.6236,-0.018367,-59.387
63.573,11.801,-1.3632,-0.069156,-1.1123,0.45418,-0.0079911,-0.62614,-0.0187,-59.594
63.613,11.797,-1.4081,-0.11991,-1.131,0.46663,-0.0058935,-0.62867,-0.019034,-59.756
63.653,11.791,-1.4535,-0.15918,-1.1469,0.47905,-0.0038003,-0.6312,-0.019366,-59.791
63.693,11.784,-1.4997,-0.18713,-1.1601,0.4915,-0.0017014,-0.63374,-0.0197,-59.65
63.733,11.776,-1.5464,-0.20365,-1.1704,0.50397,0.00040083,-0.63628,-0.020033,-59.301
63.773,11.768,-1.5933,-0.20871,-1.1779,0.51641,0.0024975,-0.63881,-0.020367,-58.738
63.813,11.76,-1.6405,-0.20234,-1.1827,0.52886,0.0045952,-0.64135,-0.0207,-57.964
63.853,11.752,-1.6879,-0.18453,-1.1846,0.54131,0.0066942,-0.64388,-0.021033,-56.998
63.893,11.745,-1.7353,-0.15526,-1.1837,0.55377,0.0087944,-0.64642,-0.021367,-55.872
63.933,11.74,-1.7826,-0.11459,-1.18,0.56622,0.010892,-0.64896,-0.0217,-54.632
63.973,11.736,-1.8297,-0.062454,-1.1734,0.57867,0.012992,-0.6515,-0.022033,-53.333
64.013,11.735,-1.8764,0.0010212,-1.1641,0.59111,0.015088,-0.65403,-0.022366,-52.048
64.053,11.736,-1.9228,0.075985,-1.152,0.60356,0.017186,-0.65656,-0.0227,-50.86
64.093,11.741,-1.9686,0.16246,-1.1371,0.61601,0.019286,-0.6591,-0.023033,-49.868
64.133,11.75,-2.0137,0.26025,-1.1193,0.62846,0.021383,-0.66164,-0.023366,-49.182
64.173,11.762,-2.0582,0.36983,-1.0987,0.64094,0.023487,-0.66418,-0.023701,-48.915
64.213,11.779,-2.1016,0.49036,-1.0754,0.65337,0.025582,-0.66671,-0.024033,-49.179
64.253,11.802,-2.1443,0.62286,-1.0492,0.66585,0.027686,-0.66925,-0.024368,-50.073
64.293,11.829,-2.1856,0.76611,-1.0203,0.67827,0.029779,-0.67178,-0.0247,-51.656
64.333,11.863,-2.2257,0.92102,-0.98856,0.69071,0.031876,-0.67432,-0.025033,-53.973
64.373,11.903,-2.2646,1.0877,-0.95393,0.70318,0.033978,-0.67686,-0.025367,-57.033
64.413,11.95,-2.302,1.2654,-0.91659,0.71561,0.036073,-0.67939,-0.0257,-60.797
64.453,12.005,-2.3379,1.455,-0.87633,0.72808,0.038175,-0.68193,-0.026034,-65.244
64.493,12.067,-2.3721,1.6555,-0.83339,0.74052,0.040271,-0.68446,-0.026367,-70.296
64.533,12.137,-2.4045,1.8677,-0.78758,0.75297,0.04237,-0.687,-0.0267,-75.917
64.573,12.174,-2.4125,1.5808,-0.6506,0.60713,-0.018172,-0.6846,-0.0255,-67.036
64.613,12.313,-2.5591,2.0872,-0.87601,0.94105,0.055331,-0.6869,-0.0257,-88.077
64.653,12.368,-2.6052,2.1011,-0.9016,0.94406,0.050677,-0.688,-0.0257,-88.963
64.693,12.539,-2.7245,2.2344,-0.78965,1.3002,-0.0087701,-0.685,-0.0243,-97.522
64.733,12.587,-2.7301,2.2433,-0.99583,1.0493,0.034778,-0.6793,-0.0218,-112.59
64.773,12.656,-2.7885,2.2599,-1.0231,1.0522,0.030307,-0.6801,-0.0218,-113.8
64.813,12.658,-2.8482,2.0503,-1.0198,0.79697,0.0022146,-0.678,-0.0205,-111.7
64.853,12.696,-2.8781,1.7384,-0.90213,0.58807,-0.038024,-0.6777,-0.02,-97.925
64.893,12.723,-2.9171,1.6884,-1.0133,0.40752,-0.020303,-0.6778,-0.0195,-100.98
64.933,12.713,-2.9486,1.4041,-0.96302,0.19765,-0.019953,-0.6843,-0.0213,-79.937
64.973,12.741,-3.0038,1.3687,-1.0099,0.12536,-0.012185,-0.6891,-0.0225,-75.598
65.013,12.768,-3.0483,1.249,-1.0069,0.03041,-0.0036821,-0.6926,-0.0233,-68.855
65.053,12.82,-3.0783,1.2092,-1.0138,-0.011382,0.0014555,-0.6923,-0.0228,-69.207
65.093,12.864,-3.1165,1.1559,-1.0334,-0.07523,0.0102,-0.6928,-0.0226,-68.604
65.133,12.905,-3.1406,1.0718,-1.0163,-0.12637,0.019834,-0.6929,-0.0222,-66.531
65.173,12.912,-3.2352,1.0677,-1.0374,-0.10846,0.016745,-0.7132,-0.0282,-52.789
65.213,12.963,-3.2725,1.0247,-1.0352,-0.14202,0.023293,-0.7125,-0.0274,-53.161
65.253,12.957,-3.3323,0.93191,-1.1154,-0.26011,0.044288,-0.7275,-0.0317,-45.85
65.293,13.008,-3.3722,0.87126,-1.0422,-0.23572,0.046592,-0.7276,-0.031,-43.821
65.333,13.056,-3.4205,0.97284,-1.0384,-0.15036,0.025594,-0.7296,-0.0313,-45.461
65.373,13.107,-3.4851,1.1431,-1.0253,0.00056163,-7.0029e-05,-0.7315,-0.0313,-49.059
65.413,13.172,-3.5348,1.211,-0.96571,0.1117,-0.013117,-0.7328,-0.031,-49.966
******-------------------------------------------------------------------------------------------------------------------****** 
TargetID: ID26
Relevancy: 0
tj = Inf
Label: -1
Comment: Target is irrelevant as it is not crossing the estimated holding line
DATA:
59.572,-0,0,NaN,NaN,NaN,NaN,0,NaN,NaN
59.612,NaN,NaN,NaN,NaN,NaN,NaN,-0.0394,NaN,NaN
59.652,NaN,NaN,NaN,NaN,NaN,NaN,-0.0394,NaN,NaN
59.692,NaN,NaN,NaN,NaN,NaN,NaN,-0.0394,NaN,NaN
59.732,NaN,NaN,NaN,NaN,NaN,NaN,0.0696,NaN,NaN
59.773,NaN,NaN,NaN,NaN,NaN,NaN,0.0696,NaN,NaN
59.812,NaN,NaN,NaN,NaN,NaN,NaN,0.0696,NaN,NaN
59.852,NaN,NaN,NaN,NaN,NaN,NaN,0.1639,NaN,NaN
59.892,NaN,NaN,NaN,NaN,NaN,NaN,0.2639,NaN,NaN
59.932,NaN,NaN,NaN,NaN,NaN,NaN,0.3696,NaN,NaN
59.973,NaN,NaN,NaN,NaN,NaN,NaN,0.341,NaN,NaN
60.012,NaN,NaN,NaN,NaN,NaN,NaN,0.341,NaN,NaN
60.052,NaN,NaN,NaN,NaN,NaN,NaN,0.4234,NaN,NaN
60.092,NaN,NaN,NaN,NaN,NaN,NaN,0.4636,NaN,NaN
60.132,NaN,NaN,NaN,NaN,NaN,NaN,0.4777,NaN,NaN
60.173,NaN,NaN,NaN,NaN,NaN,NaN,0.2615,NaN,NaN
60.212,NaN,NaN,NaN,NaN,NaN,NaN,0.3173,NaN,NaN
60.252,NaN,NaN,NaN,NaN,NaN,NaN,0.3278,NaN,NaN
60.292,0.53358,0.60039,2.0227,0.49876,-0,0,0.2418,0,Inf
60.333,-0.61045,-0.21882,1.973,0.48061,0.13973,0.085097,0.2553,0.0019,1068.8
60.372,-1.4264,-0.59766,2.025,0.44398,0.12027,0.073175,0.2396,-0.0016,-1295.7
60.412,-2.4567,-0.82513,2.0587,0.45226,0.044903,0.027286,0.2294,-0.0064,-329.34
60.453,-2.2829,-1.081,2.1381,0.44775,0.042833,0.026035,0.2185,-0.016,-136.53
60.492,-2.1948,-1.0471,2.2261,0.38323,0.14607,0.088689,0.2098,-0.0253,-89.284
60.533,-2.0763,-1.0558,2.3204,0.72308,0.37486,0.23856,0.2072,-0.022,-110.48
60.573,-1.9654,-1.0429,2.2521,0.47882,0.0074864,0.0045559,0.2075,-0.0218,-105.62
60.613,-1.9412,-1.0642,1.7922,0.36074,-0.86373,-0.4914,0.1986,-0.0356,-51.351
60.653,-1.9048,-1.0751,1.4153,-1.5721,-3.065,-1.1881,0.2022,-0.0155,-136.47
60.692,-1.8669,-1.0883,0.64092,0.1282,-2.6151,-0.99775,0.1974,-0.0187,-34.953
******-------------------------------------------------------------------------------------------------------------------****** 
TargetID: ID29
Target can not be processed due to lack of Data
******-------------------------------------------------------------------------------------------------------------------****** 
TargetID: ID31
Target can not be processed due to lack of Data
******-------------------------------------------------------------------------------------------------------------------****** 
TargetID: ID34
Target can not be processed due to lack of Data
******-------------------------------------------------------------------------------------------------------------------****** 
TargetID: ID35
Target can not be processed due to lack of Data
******-------------------------------------------------------------------------------------------------------------------****** 
TargetID: ID36
Relevancy: 0
tj = Inf
Label: -1
Comment: Target is irrelevant as it is not crossing the estimated holding line
DATA:
50.891,0,0,5.4309,0.0001456,0,0,0,0,Inf
50.931,0.14973,-0.18505,5.3851,-0.1679,0.018291,-0.011822,-0.0311,-0.0021,-2565.6
50.971,0.41045,-0.017956,5.4441,0.024481,0.047631,-0.030781,0.0044,-0,-Inf
51.011,0.62823,-0.017607,5.4496,0.024524,0.046324,-0.029938,0.0044,-0,-Inf
51.051,0.87437,0.29336,5.4521,0.40566,-0.018648,0.012053,0.0742,0.0216,253.11
51.091,1.0923,0.30916,5.4534,0.4106,-0.022924,0.014816,0.0751,0.0216,253.19
51.131,1.3105,0.32594,5.4546,0.41552,-0.027319,0.017657,0.076,0.0216,253.26
51.171,1.5471,0.36925,5.4546,0.41552,NaN,NaN,0.059542,NaN,NaN
51.211,1.7853,0.41284,5.4546,0.41552,NaN,NaN,0.042976,NaN,NaN
51.251,2.0232,0.45637,5.4546,0.41552,NaN,NaN,0.026431,NaN,NaN
51.291,2.2617,0.50003,5.4546,0.41552,NaN,NaN,0.00984,NaN,NaN
51.331,2.4997,0.54359,5.4546,0.41552,NaN,NaN,-0.006712,NaN,NaN
51.371,2.7376,0.58713,5.4546,0.41552,NaN,NaN,-0.02326,NaN,NaN
51.411,2.9761,0.63077,5.4546,0.41552,NaN,NaN,-0.039844,NaN,NaN
51.451,3.2142,0.67435,5.4546,0.41552,NaN,NaN,-0.056407,NaN,NaN
51.491,3.4524,0.71795,5.4546,0.41552,NaN,NaN,-0.072977,NaN,NaN
51.531,3.6907,0.76155,5.4546,0.41552,NaN,NaN,-0.089546,NaN,NaN
51.571,3.9286,0.80509,5.4546,0.41552,NaN,NaN,-0.10609,NaN,NaN
51.611,4.167,0.84872,5.4546,0.41552,NaN,NaN,-0.12267,NaN,NaN
51.651,4.4052,0.89232,5.4546,0.41552,NaN,NaN,-0.13924,NaN,NaN
51.691,4.6433,0.93589,NaN,NaN,NaN,NaN,-0.1558,NaN,NaN
51.731,4.8507,0.90385,NaN,NaN,NaN,NaN,-0.1558,NaN,NaN
51.771,5.0585,0.87259,NaN,NaN,NaN,NaN,-0.1558,NaN,NaN
******-------------------------------------------------------------------------------------------------------------------****** 
TargetID: ID37
Target can not be processed due to lack of Data
******-------------------------------------------------------------------------------------------------------------------****** 
TargetID: ID38
Relevancy: 0
tj = Inf
Label: -1
Comment: Target is irrelevant as it is not crossing the estimated holding line
DATA:
57.052,-0,0,NaN,NaN,NaN,NaN,0,NaN,NaN
57.092,0.1799,0.42083,NaN,NaN,NaN,NaN,0.7916,NaN,NaN
57.132,0.318,0.57166,NaN,NaN,NaN,NaN,0.7915,NaN,NaN
57.172,0.45528,0.71875,NaN,NaN,NaN,NaN,0.7916,NaN,NaN
57.212,0.59485,0.8667,NaN,NaN,NaN,NaN,0.7916,NaN,NaN
57.252,0.73667,1.0084,NaN,NaN,NaN,NaN,0.7916,NaN,NaN
57.292,0.87906,1.1498,NaN,NaN,NaN,NaN,0.7916,NaN,NaN
57.332,1.0182,1.2968,NaN,NaN,NaN,NaN,0.7916,NaN,NaN
57.372,1.1579,1.4437,NaN,NaN,NaN,NaN,0.7916,NaN,NaN
57.412,1.2975,1.5893,NaN,NaN,NaN,NaN,0.7916,NaN,NaN
57.452,1.034,0.8823,NaN,NaN,NaN,NaN,0.4553,NaN,NaN
57.492,1.1644,0.9498,NaN,NaN,NaN,NaN,0.4552,NaN,NaN
57.532,1.308,1.001,NaN,NaN,NaN,NaN,0.4371,NaN,NaN
57.572,1.4422,1.0648,NaN,NaN,NaN,NaN,0.4371,NaN,NaN
57.612,1.5768,1.1307,NaN,NaN,NaN,NaN,0.437,NaN,NaN
57.652,1.2897,1.5825,3.4243,1.4778,-0,0,0.4074,0,Inf
57.692,1.4296,1.6241,3.4677,1.4515,0.025739,-0.006076,0.3964,-0.0074,-508.01
57.732,1.5656,1.687,3.4762,1.4539,0.024638,-0.0058132,0.3961,-0.0074,-509.18
57.772,1.7799,1.9125,3.6658,1.7963,0.058647,-0.013828,0.4554,-0.0237,-172.25
57.812,1.8719,2.044,3.7319,1.9179,-0.0026149,0.00061674,0.4747,-0.0297,-141.28
57.852,1.9367,2.0295,3.7269,1.7662,0.0017894,-0.00042229,0.4426,-0.0366,-112.68
57.892,2.1643,2.0605,3.789,1.6839,0.038269,-0.0090244,0.418,-0.0453,-91.53
57.932,2.316,2.1309,3.8299,1.6934,0.028495,-0.0067194,0.4162,-0.0453,-92.441
57.972,2.4695,2.1996,3.8708,1.703,0.018583,-0.0043816,0.4144,-0.0453,-93.352
58.012,2.6259,2.2676,3.9117,1.7123,0.0088092,-0.0020773,0.4126,-0.0453,-94.262
58.052,2.8252,2.3853,3.9586,1.816,0.0066067,-0.0015575,0.4301,-0.0234,-186.12
58.092,3.0879,2.5801,4.0785,2.1174,-0.038951,0.0091825,0.479,0.0269,170.83
58.132,3.2501,2.6702,4.1207,2.1443,-0.054225,0.01279,0.48,0.0269,172.69
58.172,3.3055,2.4781,3.8542,1.6309,-0.077915,0.018369,0.4,-0.0169,-247.64
58.212,3.4587,2.5442,3.8718,1.6356,-0.090442,0.02133,0.3994,-0.0169,-248.71
58.252,3.7012,2.7334,3.9877,1.9159,-0.056971,0.013467,0.4481,0.0404,109.51
58.292,3.8607,2.8109,4.0088,1.934,-0.069901,0.016539,0.4497,0.0404,110.17
58.332,4.0791,2.9171,4.0416,2.0425,-0.076913,0.018215,0.4682,0.0699,64.784
58.372,4.2356,3.0122,4.0603,2.0655,-0.090385,0.021444,0.4709,0.0699,65.172
58.412,4.3989,3.0942,4.0788,2.0891,-0.10386,0.024674,0.4737,0.0699,65.56
58.452,4.5591,3.1825,4.0971,2.1129,-0.11732,0.027924,0.4765,0.0699,65.949
58.492,4.717,3.2776,4.1154,2.1367,-0.13079,0.031185,0.4793,0.0699,66.338
58.532,4.7697,2.93,3.5974,1.2462,-0.33234,0.07942,0.3347,-0.0565,-67.383
58.572,4.9172,2.9738,3.5762,1.2295,-0.34192,0.081855,0.3325,-0.0565,-66.931
58.612,5.0562,3.0301,3.5549,1.2129,-0.35136,0.084264,0.3302,-0.0565,-66.481
58.652,5.1934,3.0828,3.5335,1.1969,-0.3608,0.086643,0.328,-0.0565,-66.03
58.692,5.3318,3.1374,3.5121,1.1804,-0.37023,0.089103,0.3257,-0.0565,-65.578
58.732,5.4713,3.1855,3.4907,1.1642,-0.37937,0.091506,0.3234,-0.0565,-65.128
58.772,5.6144,3.2241,3.4691,1.1482,-0.38852,0.093917,0.3212,-0.0565,-64.676
58.812,5.755,3.2664,3.4476,1.1321,-0.3975,0.096384,0.3189,-0.0565,-64.224
58.852,5.8909,3.3143,3.426,1.1162,-0.40634,0.09883,0.3167,-0.0565,-63.774
58.892,6.0262,3.3616,3.4044,1.1003,-0.41518,0.10129,0.3144,-0.0565,-63.323
58.932,6.1584,3.4117,3.3826,1.0847,-0.42403,0.10372,0.3121,-0.0565,-62.872
58.972,6.293,3.4566,3.3608,1.0691,-0.43288,0.10611,0.3098,-0.0565,-62.42
59.012,6.423,3.5036,3.3389,1.0539,-0.44175,0.10843,0.3077,-0.0565,-61.97
59.052,6.5564,3.5449,3.317,1.0384,-0.45062,0.11075,0.3054,-0.0565,-61.517
******-------------------------------------------------------------------------------------------------------------------****** 
TargetID: ID39
Relevancy: 1
tj = 67.1738
Label: 0
Comment: Target is relevant and going straight, since target is crossing Ego X-axis in EFC
DATA:
61.173,-0,-0,NaN,NaN,NaN,NaN,0,NaN,NaN
61.213,0.28435,0.0014393,NaN,NaN,NaN,NaN,0.0009,NaN,NaN
61.253,0.5308,-0.33245,NaN,NaN,NaN,NaN,-0.4571,NaN,NaN
61.293,0.76279,-0.30912,NaN,NaN,NaN,NaN,-0.3306,NaN,NaN
61.333,0.94317,0.42923,NaN,NaN,NaN,NaN,0.4999,NaN,NaN
61.373,1.1538,0.18085,NaN,NaN,NaN,NaN,0.1959,NaN,NaN
61.413,1.3532,0.065261,NaN,NaN,NaN,NaN,0.0636,NaN,NaN
61.453,1.5429,-0.16165,NaN,NaN,NaN,NaN,-0.1237,NaN,NaN
61.493,1.7382,-0.24755,NaN,NaN,NaN,NaN,-0.1625,NaN,NaN
61.533,1.9324,-0.22193,NaN,NaN,NaN,NaN,-0.1253,NaN,NaN
61.573,2.1272,-0.27059,NaN,NaN,NaN,NaN,-0.1395,NaN,NaN
61.613,2.3037,-0.273,NaN,NaN,NaN,NaN,-0.1203,NaN,NaN
61.653,2.5001,-0.36333,NaN,NaN,NaN,NaN,-0.1531,NaN,NaN
61.693,2.6643,-0.56348,NaN,NaN,NaN,NaN,-0.2363,NaN,NaN
61.733,2.8507,-0.53956,NaN,NaN,NaN,NaN,-0.2009,NaN,NaN
61.773,3.0345,-0.53507,NaN,NaN,NaN,NaN,-0.1804,NaN,NaN
61.813,2.9677,-1.0133,4.7062,-0.83411,-0,-0,-0.1754,0,Inf
61.853,3.1628,-1.1122,4.6748,-0.94553,0.01359,-0.027042,-0.1997,-0.0026,-1834.4
61.893,3.3456,-1.1542,4.643,-0.93876,0.03409,-0.067708,-0.1998,-0.0052,-910.95
61.933,3.5315,-1.215,4.61,-0.97102,0.048531,-0.096225,-0.208,-0.0088,-535.35
61.973,3.7141,-1.2622,4.5797,-0.96338,0.060217,-0.11916,-0.2078,-0.0106,-441.5
62.013,3.9036,-1.1819,4.5376,-0.71398,0.08818,-0.17413,-0.1568,0.0018,2551.9
62.053,4.0807,-1.1892,4.503,-0.64346,0.087683,-0.17279,-0.1427,0.007,649.82
62.093,4.2578,-1.169,4.4645,-0.5764,0.090831,-0.17911,-0.1276,0.0148,304.16
62.133,4.4341,-1.2415,4.4245,-0.625,0.092345,-0.18157,-0.1403,0.0064,698.19
62.173,4.6121,-1.3356,4.39,-0.71111,0.08836,-0.17304,-0.1614,-0.0106,-419.55
62.213,4.7846,-1.3538,4.3623,-0.68224,0.092256,-0.17999,-0.156,-0.0048,-919.87
62.253,4.9575,-1.3847,4.3331,-0.67841,0.094139,-0.18316,-0.1562,-0.0048,-913.72
62.293,5.131,-1.3928,4.3069,-0.63882,0.099431,-0.19358,-0.1463,0.0049,888.58
62.333,5.3019,-1.4217,4.2781,-0.63383,0.10143,-0.197,-0.1461,0.0049,882.62
62.373,5.4731,-1.5524,4.2192,-0.8274,0.084327,-0.16302,-0.1944,-0.0462,-93.065
62.413,5.5975,-1.5667,4.1159,-0.83332,0.093808,-0.18091,-0.1989,-0.0436,-96.317
62.453,5.775,-1.6431,4.0835,-0.9078,0.083396,-0.15974,-0.2196,-0.0673,-62.157
62.493,5.9403,-1.7779,4.0435,-1.1079,0.056176,-0.10734,-0.2669,-0.117,-35.833
62.533,6.0838,-1.9733,3.9681,-1.4309,0.018672,-0.035554,-0.3459,-0.1972,-21.39
62.573,6.2169,-2.0688,3.9071,-1.5361,0.010604,-0.020148,-0.3745,-0.2144,-19.581
62.613,6.3589,-2.2222,3.844,-1.7371,-0.0032983,0.0062555,-0.4245,-0.2568,-16.426
62.653,6.5129,-2.2909,3.8024,-1.7652,-0.0050867,0.0096291,-0.4347,-0.2568,-16.325
62.693,6.6449,-2.5835,3.6909,-2.2354,-0.01258,0.023745,-0.5446,-0.3595,-12.003
62.733,6.7963,-2.5592,3.7041,-1.9947,-0.015141,0.02847,-0.4941,-0.2875,-14.633
62.773,6.9386,-2.6353,3.681,-2.0269,-0.0089943,0.016842,-0.5034,-0.2807,-14.97
62.813,7.0952,-2.5585,3.6637,-1.7296,-0.0072167,0.013461,-0.441,-0.2088,-19.404
62.853,7.2447,-2.5979,3.6433,-1.6984,-0.0080402,0.014945,-0.4362,-0.1958,-20.53
62.893,7.3887,-2.7163,3.6353,-1.8197,-0.0085253,0.015807,-0.464,-0.2132,-19.068
62.933,7.5053,-2.5695,3.4991,-1.4298,-0.012374,0.022893,-0.388,-0.1317,-28.702
62.973,7.6607,-2.6322,3.4984,-1.4683,-0.020608,0.03805,-0.3972,-0.1372,-27.654
63.013,7.7942,-2.66,3.4685,-1.4433,-0.02377,0.043747,-0.3945,-0.1283,-29.282
63.053,7.9362,-2.715,3.4498,-1.4581,-0.027752,0.050905,-0.3996,-0.1281,-29.237
63.093,8.031,-2.63,3.381,-1.2464,-0.011823,0.021584,-0.3533,-0.0754,-47.79
63.133,8.1661,-2.6787,3.3488,-1.2461,-0.013223,0.024042,-0.3564,-0.0754,-47.389
63.173,8.3094,-2.7277,3.3566,-1.2632,-0.017007,0.030833,-0.3598,-0.0763,-47.004
63.213,8.4077,-2.7484,3.3175,-1.2577,-0.020538,0.037132,-0.3626,-0.0711,-49.9
63.253,8.5238,-2.8061,3.2932,-1.2882,-0.025029,0.045155,-0.3731,-0.0752,-47.024
63.293,8.6544,-2.7932,3.2619,-1.1725,-0.015103,0.0272,-0.3449,-0.0498,-69.604
63.333,8.7855,-2.8974,3.2603,-1.2712,-0.024702,0.044366,-0.372,-0.0697,-50.205
63.373,8.9067,-3.0424,3.237,-1.4235,-0.036763,0.065826,-0.4146,-0.1002,-35.291
63.413,9.0552,-3.1436,3.2342,-1.5037,-0.036123,0.064534,-0.4349,-0.1142,-31.231
63.453,9.187,-3.2152,3.2144,-1.5298,-0.035445,0.063121,-0.4439,-0.1177,-30.245
63.493,9.3292,-3.2378,3.2124,-1.4512,-0.028506,0.050648,-0.424,-0.1007,-35.005
63.533,9.4624,-3.2048,3.1851,-1.3005,-0.023137,0.041014,-0.3874,-0.0716,-48.05
63.573,9.5925,-3.2455,3.1633,-1.3022,-0.02387,0.042224,-0.3903,-0.0716,-47.777
63.613,9.7186,-3.3568,3.1378,-1.3929,-0.034505,0.06089,-0.4174,-0.0887,-38.704
63.653,9.8426,-3.3608,3.1107,-1.3212,-0.032395,0.057057,-0.4013,-0.0749,-45.123
63.693,9.9666,-3.3695,3.0833,-1.2427,-0.028763,0.050523,-0.3835,-0.0608,-54.676
63.733,10.074,-3.527,3.0412,-1.4087,-0.051316,0.089947,-0.4343,-0.0923,-36.312
63.773,10.191,-3.5286,3.0107,-1.3161,-0.046211,0.080917,-0.4116,-0.0749,-43.869
63.813,10.321,-3.6132,2.9901,-1.3601,-0.053013,0.092662,-0.4263,-0.0831,-39.529
63.853,10.458,-3.6744,2.9691,-1.3658,-0.057653,0.10059,-0.4305,-0.0849,-38.495
63.893,10.581,-3.8236,2.943,-1.483,-0.069372,0.12073,-0.4661,-0.1053,-31.297
63.933,10.705,-3.9231,2.9101,-1.5474,-0.078381,0.13609,-0.4879,-0.1165,-28.291
63.973,10.777,-3.9663,2.8466,-1.5502,-0.087418,0.15147,-0.4995,-0.118,-27.469
64.013,10.889,-3.9355,2.8067,-1.4109,-0.084304,0.14576,-0.4667,-0.0957,-32.825
64.053,11.015,-3.9996,2.7821,-1.4061,-0.087449,0.15113,-0.467,-0.0947,-32.917
64.093,11.146,-4.059,2.7668,-1.3983,-0.088418,0.15252,-0.4669,-0.0936,-33.12
64.133,11.256,-4.0697,2.7232,-1.3295,-0.092263,0.15867,-0.4553,-0.0849,-35.695
64.173,11.366,-4.1529,2.6982,-1.3645,-0.098786,0.16962,-0.4694,-0.091,-33.227
64.213,11.47,-4.1487,2.6597,-1.2913,-0.093989,0.16112,-0.4532,-0.0798,-37.05
64.253,11.576,-4.2134,2.6368,-1.3156,-0.092813,0.15888,-0.4616,-0.0825,-35.718
64.293,11.669,-4.15,2.5978,-1.1761,-0.078143,0.13349,-0.4262,-0.0608,-46.901
64.333,11.784,-4.2202,2.5937,-1.204,-0.07585,0.12957,-0.4335,-0.0639,-44.75
64.373,11.898,-4.309,2.5939,-1.2605,-0.074386,0.12678,-0.4514,-0.0721,-40
64.413,12.001,-4.3407,2.5856,-1.2378,-0.066479,0.11328,-0.4456,-0.0675,-42.468
64.453,12.105,-4.389,2.5634,-1.2357,-0.067536,0.11495,-0.4483,-0.0675,-42.158
64.493,12.213,-4.3761,2.5554,-1.1675,-0.055334,0.094085,-0.4278,-0.0559,-50.259
64.533,12.319,-4.3465,2.5421,-1.0722,-0.043048,0.073102,-0.3984,-0.0403,-68.46
64.573,12.417,-4.3786,2.5278,-1.0586,-0.042061,0.071284,-0.3972,-0.0387,-70.814
64.613,12.522,-4.3959,2.5194,-1.0444,-0.038321,0.064919,-0.393,-0.0359,-75.969
64.653,12.617,-4.3676,2.5017,-0.9715,-0.03023,0.051153,-0.3709,-0.0242,-110.9
64.693,12.717,-4.3526,2.4935,-0.91941,-0.022877,0.038712,-0.3529,-0.015,-177.17
64.733,12.816,-4.3844,2.4876,-0.91411,-0.021309,0.036019,-0.3518,-0.0142,-186.64
64.773,12.921,-4.3388,2.4887,-0.8395,-0.012972,0.021907,-0.3256,-0.0017,-1545
64.813,13.02,-4.3781,2.488,-0.84007,-0.012035,0.02032,-0.3254,-0.0016,-1641.2
64.853,13.128,-4.4184,2.4987,-0.85114,-0.01031,0.017396,-0.3281,-0.003,-879.9
64.893,13.231,-4.4631,2.5035,-0.86726,-0.009235,0.01557,-0.3335,-0.0054,-490.64
64.933,13.346,-4.556,2.5147,-0.91581,-0.0094534,0.01593,-0.3491,-0.0128,-209.08
64.973,13.451,-4.5833,2.5219,-0.91772,-0.0063538,0.010701,-0.349,-0.0126,-212.99
65.013,13.552,-4.5827,2.5249,-0.88433,-0.0031774,0.0053501,-0.3368,-0.0069,-387.72
65.053,13.656,-4.6199,2.5366,-0.89028,-0.00021649,0.0003651,-0.3376,-0.0071,-378.63
65.093,13.711,-4.5494,2.3516,-0.7598,-0.02205,0.037089,-0.313,0.0043,574.72
65.133,13.819,-4.5923,2.3898,-0.7734,-0.015098,0.025407,-0.3127,0.0042,598.07
65.173,13.927,-4.6204,2.4368,-0.78821,-0.0073703,0.012399,-0.3127,0.004,640.27
65.213,14.051,-4.671,2.5083,-0.81885,0.0019513,-0.0032818,-0.3156,0.0022,1199.4
65.253,14.173,-4.7108,2.5727,-0.83618,0.0099071,-0.016652,-0.3144,0.0022,1229.6
65.293,14.287,-4.7137,2.6198,-0.82134,0.013374,-0.022481,-0.3036,0.0066,415.99
65.333,14.396,-4.7062,2.6741,-0.78476,0.013088,-0.021997,-0.2854,0.0139,200.49
65.373,14.515,-4.7679,2.7441,-0.8347,0.020969,-0.035234,-0.2949,0.0098,292.67
65.413,14.642,-4.7711,2.8116,-0.81038,0.018242,-0.030619,-0.2809,0.0149,196.38
65.454,14.761,-4.8023,2.8804,-0.81189,0.017886,-0.030008,-0.275,0.017,176.04
65.493,14.865,-4.85,2.9283,-0.8615,0.026486,-0.044454,-0.2857,0.0132,231.24
65.533,14.982,-4.8877,2.963,-0.86985,0.026273,-0.044087,-0.2852,0.0132,233.95
65.573,13.504,-5.3032,3.0329,-0.84195,0.02261,-0.037616,-0.2754,0.0168,187.36
65.613,13.608,-5.329,3.0786,-0.8525,0.023934,-0.039794,-0.2749,0.0175,182.54
65.653,13.688,-5.2874,3.1107,-0.77436,0.0011602,-0.0019427,-0.2442,0.03,106.85
65.694,13.806,-5.3064,3.1763,-0.85886,0.020789,-0.034572,-0.268,0.0204,161.29
65.733,13.933,-5.3521,3.2473,-0.96218,0.046462,-0.07672,-0.2961,0.0092,368.14
65.774,14.037,-5.3418,3.2445,-0.91384,0.029844,-0.049466,-0.2798,0.0158,213.34
65.814,14.019,-5.3372,3.3261,-1.0136,0.054689,-0.090043,-0.3055,0.0057,610.02
65.854,14.193,-5.4476,3.4463,-1.128,0.085949,-0.14079,-0.3298,-0.0041,-884.45
65.894,14.345,-5.517,3.5152,-1.1683,0.093409,-0.1529,-0.3349,-0.0062,-597.46
65.934,14.496,-5.5612,3.5744,-1.1678,0.087449,-0.14332,-0.3286,-0.0041,-917.17
65.974,14.628,-5.5761,3.5978,-1.1315,0.071164,-0.11691,-0.3153,0.0011,3428.6
66.014,14.747,-5.5597,3.5986,-1.0575,0.047319,-0.078024,-0.2931,0.0097,386.68
66.054,14.9,-5.6526,3.6472,-1.1399,0.063153,-0.1038,-0.3121,0.0023,1661.4
66.094,15.064,-5.691,3.6991,-1.1216,0.053643,-0.088291,-0.3021,0.0054,715.82
66.134,15.212,-5.7252,3.7502,-1.1598,0.059301,-0.097476,-0.3081,0.0031,1266.3
66.174,15.368,-5.7708,3.7844,-1.1584,0.054103,-0.088996,-0.3044,0.0041,965.29
66.214,15.827,-5.6815,3.8304,-1.2332,0.065871,-0.10841,-0.3188,-0.0012,-3353.4
66.254,15.976,-5.7398,3.8603,-1.2473,0.06484,-0.1067,-0.3196,-0.0015,-2704.5
66.294,16.154,-5.7888,3.9065,-1.2556,0.061974,-0.10196,-0.3176,-0.0014,-2930.9
66.334,16.353,-5.6744,3.9444,-1.2885,0.064793,-0.1066,-0.3225,-0.0033,-1257.4
66.374,16.494,-5.7203,3.9646,-1.3054,0.063332,-0.10416,-0.3246,-0.0041,-1018
66.414,16.661,-5.784,3.9997,-1.3218,0.062684,-0.10305,-0.3255,-0.0046,-915.74
66.454,16.814,-5.8108,4.0145,-1.2876,0.053594,-0.088136,-0.3159,-0.0011,-3832.7
66.494,16.984,-5.8643,4.0502,-1.3028,0.053382,-0.087763,-0.3166,-0.0016,-2659.1
66.534,17.139,-5.9207,4.0835,-1.3203,0.053912,-0.088599,-0.318,-0.0022,-1950.8
66.574,17.296,-5.9581,4.1005,-1.3144,0.0506,-0.083137,-0.3152,-0.001,-4306
66.614,17.434,-5.9706,4.1117,-1.2692,0.042607,-0.070128,-0.3037,0.0036,1195.3
66.654,17.617,-6.0616,4.1529,-1.327,0.048101,-0.079079,-0.3139,-0.0006,-7266.3
66.694,17.795,-6.0867,4.185,-1.3602,0.051639,-0.084661,-0.3191,-0.0027,-1629.8
66.734,17.936,-6.1093,4.1926,-1.3211,0.045881,-0.075211,-0.3096,0.0014,3139.8
66.774,18.114,-6.1685,4.2277,-1.3425,0.046639,-0.076407,-0.3118,0.0003,14786
66.814,18.283,-6.222,4.2606,-1.341,0.045836,-0.075068,-0.3091,0.0013,3435.9
66.854,18.469,-6.2919,4.2979,-1.3765,0.047707,-0.078076,-0.3142,-0.0011,-4102.7
66.894,18.642,-6.3581,4.333,-1.3849,0.048395,-0.07915,-0.3136,-0.0009,-5054.4
66.934,18.819,-6.4126,4.3695,-1.3914,0.048943,-0.079976,-0.3125,-0.0005,-9171.4
66.974,18.974,-6.4243,4.3726,-1.336,0.040046,-0.065516,-0.3001,0.0046,993.94
67.014,19.15,-6.4761,4.4026,-1.3443,0.040293,-0.065862,-0.2999,0.0046,1000.7
67.054,19.323,-6.5197,4.4095,-1.3321,0.036458,-0.059558,-0.2966,0.0056,822.56
67.094,19.524,-6.6113,4.469,-1.3915,0.042808,-0.069758,-0.3054,0.0015,3120.4
67.134,19.709,-6.6598,4.4993,-1.4008,0.043212,-0.07034,-0.3054,0.0014,3365.9
67.174,19.931,-6.7826,4.5825,-1.4985,0.053668,-0.087209,-0.3202,-0.0056,-860.94
67.214,20.133,-6.8584,4.6183,-1.5353,0.053975,-0.087747,-0.325,-0.0082,-593.51
67.254,20.344,-6.9502,4.6822,-1.6048,0.063747,-0.10331,-0.3348,-0.0125,-395.97
67.294,20.526,-6.9973,4.6905,-1.5833,0.059321,-0.096044,-0.3298,-0.0103,-480.64
67.334,20.7,-7.1053,4.7151,-1.5961,0.059517,-0.096245,-0.3306,-0.0106,-469.61
67.374,20.855,-7.1697,4.7513,-1.6198,0.061815,-0.099831,-0.333,-0.0116,-432.74
67.414,21.046,-7.2387,4.7798,-1.6321,0.063071,-0.10172,-0.3335,-0.0118,-428.03
67.454,21.238,-7.3015,4.8072,-1.6443,0.063878,-0.10289,-0.334,-0.0118,-430.56
67.494,21.39,-7.3233,4.757,-1.5665,0.050891,-0.08191,-0.3218,-0.0058,-863.5
67.534,21.604,-7.4221,4.8301,-1.6451,0.060566,-0.09726,-0.3324,-0.0105,-485.96
67.574,21.81,-7.4943,4.8859,-1.6599,0.065223,-0.10455,-0.3319,-0.0102,-505.89
67.614,21.97,-7.5838,4.9208,-1.691,0.067787,-0.10846,-0.3355,-0.0121,-430.02
67.654,22.183,-7.653,4.9773,-1.7072,0.072313,-0.1155,-0.3352,-0.0118,-445.93
67.694,22.388,-7.7223,5.015,-1.7253,0.073725,-0.11763,-0.3361,-0.0121,-438.3
67.734,22.581,-7.7963,5.0549,-1.7486,0.076579,-0.12203,-0.3379,-0.013,-411.45
67.774,22.76,-7.8444,5.044,-1.7019,0.069452,-0.11059,-0.3299,-0.0085,-626.28
67.814,23.035,-7.9018,5.0865,-1.7225,0.071671,-0.11405,-0.3309,-0.0089,-603.39
67.854,23.244,-7.9543,5.103,-1.7261,0.069081,-0.10981,-0.3304,-0.0086,-626.4
67.894,23.458,-8.0287,5.1549,-1.7547,0.073374,-0.11649,-0.3324,-0.0096,-567.22
67.934,23.669,-8.0787,5.166,-1.7334,0.068121,-0.10807,-0.3278,-0.0067,-813.29
67.974,23.885,-8.1513,5.2159,-1.7543,0.071509,-0.11331,-0.3286,-0.0071,-775.07
68.014,24.099,-8.2277,5.2483,-1.7732,0.07094,-0.11232,-0.3299,-0.0078,-710.22
68.054,24.319,-8.2991,5.2927,-1.7961,0.072639,-0.11493,-0.3312,-0.0084,-665.38
68.094,24.522,-8.3724,5.3282,-1.8128,0.073062,-0.1155,-0.332,-0.0089,-632.37
68.134,24.648,-8.4001,5.3318,-1.8072,0.06809,-0.10759,-0.3308,-0.0082,-686.55
68.174,24.814,-8.4422,5.3439,-1.8037,0.064325,-0.10159,-0.3294,-0.0072,-783.35
68.214,25.035,-8.5214,5.3836,-1.8181,0.065264,-0.10301,-0.3296,-0.0072,-789.2
68.254,25.219,-8.5695,5.3325,-1.7783,0.052817,-0.083367,-0.3251,-0.0044,-1277.5
68.294,25.398,-8.5947,5.2845,-1.7395,0.042269,-0.066733,-0.3207,-0.0017,-3272.6
68.334,25.564,-8.6353,5.1878,-1.7183,0.030901,-0.048979,-0.3178,-0,-Inf
68.374,25.826,-8.667,5.3332,-1.7309,0.047296,-0.074981,-0.3108,0.0055,1019.5
68.414,26.032,-8.7453,5.2982,-1.7306,0.040248,-0.063762,-0.3131,0.0031,1797.9
68.454,26.188,-8.74,5.1881,-1.6436,0.028137,-0.044547,-0.3049,0.0084,647.89
68.494,26.203,-8.7076,4.8522,-1.4748,0.0031758,-0.00502,-0.2953,0.0138,367.49
68.534,26.359,-8.6858,4.8214,-1.4031,0.0035526,-0.0056165,-0.2829,0.0232,216.44
68.574,26.515,-8.6964,4.7077,-1.3369,-0.0029504,0.0046611,-0.2769,0.0265,184.67
68.614,26.662,-8.7198,4.6042,-1.2644,-0.0077206,0.012192,-0.2687,0.032,149.21
68.654,26.85,-8.7282,4.5817,-1.2193,-0.0073417,0.011595,-0.2608,0.0372,127.45
68.694,26.949,-8.8183,4.4097,-1.1247,-0.0094646,0.014943,-0.2507,0.0442,102.96
68.734,27.117,-8.8582,4.31,-1.0871,-0.011816,0.018652,-0.2483,0.0445,99.887
68.774,27.553,-9.0736,4.7504,-1.2512,-0.0046913,0.0074096,-0.2579,0.0387,126.93
68.814,27.929,-9.1849,5.0975,-1.3316,0.0076346,-0.012066,-0.255,0.0411,128.19
68.854,28.134,-9.2337,5.1048,-1.3246,0.0075589,-0.011947,-0.2533,0.0411,128.32
68.894,28.496,-9.3373,5.4161,-1.4045,0.016166,-0.02556,-0.2527,0.0403,138.84
68.934,28.755,-9.3678,5.507,-1.3747,0.014204,-0.022456,-0.2437,0.0462,122.86
68.974,28.954,-9.3813,5.4669,-1.3139,0.009221,-0.014575,-0.2353,0.0513,109.6
69.014,29.192,-9.414,5.5158,-1.2896,0.0068779,-0.010873,-0.2292,0.0542,104.51
69.054,29.47,-9.4522,5.6548,-1.2801,0.0039315,-0.0062139,-0.2224,0.0576,100.66
69.094,29.662,-9.4375,5.5406,-1.1723,-0.0017399,0.0027486,-0.2086,0.0662,85.548
******-------------------------------------------------------------------------------------------------------------------****** 
TargetID: ID40
Relevancy: 0
tj = Inf
Label: -1
Comment: Target is irrelevant as it is not crossing the estimated holding line
DATA:
51.251,0,0,NaN,NaN,NaN,NaN,0,NaN,NaN
51.291,0.7387,2.3615,NaN,NaN,NaN,NaN,1.2483,NaN,NaN
51.331,0.95313,3.0031,NaN,NaN,NaN,NaN,1.2483,NaN,NaN
51.371,0.95287,1.9304,NaN,NaN,NaN,NaN,0.8941,NaN,NaN
51.411,1.1649,2.1939,NaN,NaN,NaN,NaN,0.8941,NaN,NaN
51.451,1.3769,2.4572,NaN,NaN,NaN,NaN,0.8941,NaN,NaN
51.491,1.589,2.7211,NaN,NaN,NaN,NaN,0.8941,NaN,NaN
51.531,1.8012,2.9853,NaN,NaN,NaN,NaN,0.8941,NaN,NaN
51.571,2.0137,3.2506,NaN,NaN,NaN,NaN,0.8941,NaN,NaN
51.611,2.2256,3.5136,NaN,NaN,NaN,NaN,0.8942,NaN,NaN
51.651,2.4378,3.7776,NaN,NaN,NaN,NaN,0.8942,NaN,NaN
51.691,2.6498,4.0411,NaN,NaN,NaN,NaN,0.8942,NaN,NaN
51.731,2.862,4.3058,NaN,NaN,NaN,NaN,0.8942,NaN,NaN
51.771,3.0745,4.5715,NaN,NaN,NaN,NaN,0.8941,NaN,NaN
51.811,3.2869,4.8362,NaN,NaN,NaN,NaN,0.8941,NaN,NaN
51.851,3.4991,5.1004,NaN,NaN,NaN,NaN,0.8941,NaN,NaN
51.891,3.7108,5.3622,NaN,NaN,NaN,NaN,0.8942,NaN,NaN
51.931,3.3869,3.2282,5.0052,2.442,0,0,0.4539,0,Inf
51.971,3.5657,3.0321,5.029,2.0843,-0.03616,0.018747,0.3928,-0.0455,-119.64
52.011,4.0028,3.6822,5.216,2.7535,-0.034898,0.018099,0.4858,-0.0214,-275.61
52.051,4.3631,3.9145,5.3012,2.7785,-0.13955,0.072397,0.4831,-0.0309,-193.7
52.091,4.5754,4.0256,5.3128,2.776,-0.15486,0.080339,0.4819,-0.0309,-193.99
52.131,4.7884,4.1375,5.3245,2.7734,-0.17004,0.088217,0.4806,-0.0309,-194.29
52.171,5.0019,4.2498,5.3363,2.7707,-0.18521,0.096095,0.4794,-0.0309,-194.59
52.211,5.2987,4.3543,5.518,2.6444,-0.36965,0.19186,0.4478,-0.0891,-68.675
52.251,5.5204,4.4607,5.5481,2.6341,-0.39497,0.205,0.4442,-0.0891,-68.93
52.291,5.7431,4.5669,5.5783,2.6236,-0.42003,0.21802,0.4406,-0.0891,-69.185
52.331,5.9669,4.6715,5.6083,2.613,-0.44497,0.23098,0.4371,-0.0891,-69.441
52.371,6.1918,4.7756,5.6383,2.6024,-0.46978,0.24386,0.4335,-0.0891,-69.696
52.411,6.4178,4.8789,5.6682,2.5915,-0.49434,0.25662,0.43,-0.0891,-69.95
52.451,6.6454,4.9838,5.6983,2.5802,-0.51852,0.26918,0.4264,-0.0891,-70.205
52.491,6.8741,5.0865,5.7284,2.569,-0.54271,0.28174,0.4228,-0.0891,-70.461
******-------------------------------------------------------------------------------------------------------------------****** 
TargetID: ID42
Target can not be processed due to lack of Data
******-------------------------------------------------------------------------------------------------------------------****** 
TargetID: ID44
Target can not be processed due to lack of Data
******-------------------------------------------------------------------------------------------------------------------****** 
TargetID: ID45
Target can not be processed due to lack of Data
******-------------------------------------------------------------------------------------------------------------------****** 
TargetID: ID46
Target can not be processed due to lack of Data
******-------------------------------------------------------------------------------------------------------------------****** 
TargetID: ID48
Target can not be processed due to lack of Data
******-------------------------------------------------------------------------------------------------------------------****** 
TargetID: ID49
Target can not be processed due to lack of Data
******-------------------------------------------------------------------------------------------------------------------****** 
TargetID: ID06
Relevancy: 1
tj = 57.732
Label: 1
Comment: Target is relevant and Turning, since the velocity ratio is highly changing at the end
DATA:
57.172,-0,0,NaN,NaN,NaN,NaN,0,NaN,NaN
57.212,NaN,NaN,NaN,NaN,NaN,NaN,0.0116,NaN,NaN
57.252,NaN,NaN,NaN,NaN,NaN,NaN,0.0116,NaN,NaN
57.292,NaN,NaN,NaN,NaN,NaN,NaN,0.0116,NaN,NaN
57.332,NaN,NaN,NaN,NaN,NaN,NaN,-0.0291,NaN,NaN
57.372,NaN,NaN,NaN,NaN,NaN,NaN,0.0227,NaN,NaN
57.412,NaN,NaN,NaN,NaN,NaN,NaN,-0.0027,NaN,NaN
57.452,NaN,NaN,NaN,NaN,NaN,NaN,-0.022,NaN,NaN
57.492,NaN,NaN,NaN,NaN,NaN,NaN,-0.0214,NaN,NaN
57.532,NaN,NaN,NaN,NaN,NaN,NaN,-0.0316,NaN,NaN
57.572,NaN,NaN,NaN,NaN,NaN,NaN,0.0479,NaN,NaN
57.612,NaN,NaN,NaN,NaN,NaN,NaN,0.0736,NaN,NaN
57.652,NaN,NaN,NaN,NaN,NaN,NaN,0.0991,NaN,NaN
57.692,NaN,NaN,NaN,NaN,NaN,NaN,0.0969,NaN,NaN
57.732,1.4163,0.93006,3.8523,0.59568,-0,0,0.1534,0,Inf
57.772,0.62626,-0.36676,3.799,-0.41766,-0.23099,-0.071894,-0.1158,-0.0326,-117.24
57.812,0.80484,-0.33169,4.024,-0.68306,0.59393,0.18964,-0.1525,-0.0544,-75.029
57.852,0.80536,-0.26735,4.1448,-0.86957,1.045,0.33721,-0.1763,-0.1006,-42.098
57.892,0.73914,-0.19189,4.2821,-1.033,1.5212,0.49328,-0.1872,-0.1339,-32.897
57.932,0.9258,-0.17529,4.3115,-1.0441,1.4792,0.47899,-0.1899,-0.1414,-31.373
57.972,1.0662,-0.14866,4.339,-1.1111,1.4928,0.48325,-0.2024,-0.177,-25.305
58.012,1.2336,-0.18779,4.3752,-1.1521,1.4957,0.48393,-0.2095,-0.177,-25.561
58.052,1.4074,-0.16088,4.3671,-1.1466,1.3688,0.44186,-0.2125,-0.18,-25.084
58.092,1.5961,-0.11286,4.3659,-1.12,1.2743,0.41054,-0.21,-0.1705,-26.435
58.132,1.731,-0.074734,4.2923,-1.0454,1.0169,0.32599,-0.2052,-0.1556,-28.392
58.172,1.9096,-0.044497,4.2438,-0.96597,0.82356,0.26293,-0.1962,-0.1313,-33.148
58.212,2.0858,-0.007599,4.1973,-0.83946,0.6603,0.21003,-0.1754,-0.0855,-50.063
58.252,2.2833,0.037884,4.1475,-0.66826,0.50197,0.15893,-0.1435,-0.0235,-178.77
58.292,2.4515,0.096357,4.0172,-0.40026,0.22054,0.069318,-0.0925,0.0642,62.883
58.332,2.6336,0.13013,3.8939,-0.20187,-0.034677,-0.010829,-0.0528,0.1237,31.521
58.372,2.8011,0.15295,3.7907,-0.078187,-0.25046,-0.077758,-0.028,0.1543,24.572
58.412,2.9985,0.17884,3.6909,0.06475,-0.43423,-0.13426,0.0054,0.1947,18.96
58.452,3.1574,0.21119,3.595,0.2061,-0.55285,-0.17057,0.0431,0.2372,15.181
58.492,3.3489,0.28669,3.4855,0.44818,-0.60746,-0.1877,0.1161,0.3238,10.853
58.532,3.5167,0.33036,3.4108,0.56317,-0.66727,-0.20611,0.153,0.355,9.7381
58.572,3.6899,0.37985,3.3059,0.6955,-0.76941,-0.23775,0.1984,0.3943,8.5677
58.612,3.8555,0.4627,3.2544,0.85139,-0.68136,-0.21072,0.2521,0.4394,7.6557
58.652,4.0123,0.53378,3.214,0.96074,-0.62989,-0.19471,0.2897,0.4623,7.2561
58.692,4.1653,0.61908,3.2038,1.0802,-0.48579,-0.14988,0.3267,0.4823,7.0102
58.732,4.2828,0.65638,3.1618,1.0847,-0.56884,-0.17517,0.3328,0.4686,7.1334
58.772,4.3913,0.69411,3.1112,1.0984,-0.62445,-0.1919,0.3427,0.4598,7.1758
58.812,4.5178,0.73825,3.0727,1.1158,-0.65862,-0.20182,0.3528,0.4518,7.2355
58.852,4.6944,0.84288,3.0463,1.2838,-0.49679,-0.15157,0.4053,0.4845,6.823
58.892,4.8368,0.92607,3.0274,1.3791,-0.4033,-0.12263,0.434,0.4929,6.7493
58.932,4.9444,0.9974,2.9874,1.4294,-0.39549,-0.11985,0.4538,0.4929,6.7189
58.972,5.0885,1.0741,2.9849,1.4958,-0.32389,-0.097971,0.4712,0.4908,6.8027
59.012,5.2017,1.2051,2.8474,1.7187,-0.25693,-0.07788,0.5508,0.5411,6.1466
59.052,5.2987,1.2454,2.8771,1.6957,-0.27629,-0.083091,0.5405,0.515,6.4847
59.092,5.4012,1.3762,2.7371,1.8481,-0.26594,-0.080347,0.6036,0.5488,6.0179
59.132,5.4829,1.4078,2.7791,1.8083,-0.27818,-0.083199,0.5865,0.5184,6.3959
59.172,5.6027,1.5392,2.6571,1.9641,-0.2292,-0.069116,0.646,0.5476,6.034
59.212,5.6928,1.6445,2.5529,2.0275,-0.26776,-0.080572,0.6837,0.5594,5.8277
59.252,5.7938,1.8042,2.4793,2.2645,-0.12951,-0.039076,0.7467,0.5879,5.7115
59.292,5.8981,1.9475,2.414,2.4309,-0.063257,-0.019149,0.7922,0.6029,5.6823
59.332,5.9878,2.0858,2.3566,2.5693,-0.01772,-0.0053801,0.8295,0.6116,5.7004
59.372,6.0683,2.2371,2.3198,2.718,0.032764,0.0099851,0.8625,0.6167,5.7943
59.412,6.161,2.3286,2.3062,2.7216,0.025311,0.0077221,0.8664,0.6031,5.9149
59.452,6.2376,2.4366,2.2926,2.7418,0.028017,0.0085617,0.8728,0.5916,6.0411
59.492,6.3232,2.5188,2.2681,2.716,0.010958,0.0033509,0.8744,0.5777,6.1251
59.532,6.3981,2.6401,2.2122,2.774,0.0021637,0.00066292,0.8975,0.5777,6.1417
59.572,6.4652,2.7658,2.1545,2.831,-0.0066233,-0.0020321,0.9207,0.5777,6.1582
59.612,6.5476,2.8838,2.0959,2.8865,-0.015404,-0.0047321,0.9437,0.5777,6.1747
59.652,6.602,3.0463,2.0162,3.0962,0.005678,0.0017505,0.9933,0.5928,6.2328
59.692,6.6579,3.1888,1.9653,3.1934,0.0037839,0.0011686,1.0189,0.5937,6.3158
59.732,6.7181,3.3281,1.9005,3.2511,-0.012689,-0.0039291,1.0426,0.5937,6.3429
59.773,6.784,3.4649,1.8338,3.3074,-0.029122,-0.0090383,1.0664,0.5937,6.3698
59.812,6.8,3.3769,1.7104,2.5393,-0.095143,-0.029678,0.9864,0.5374,5.6971
59.852,6.8637,3.4836,1.6437,2.5621,-0.081781,-0.025553,1.0079,0.5374,5.6644
59.892,6.9212,3.5927,1.5767,2.5837,-0.068153,-0.021319,1.0293,0.5374,5.6322
59.932,6.971,3.7033,1.5093,2.604,-0.05438,-0.017025,1.0509,0.5374,5.6007
59.973,7.0239,3.8127,1.4418,2.623,-0.040592,-0.012711,1.0723,0.5374,5.5697
60.012,7.0838,3.9171,1.3741,2.6406,-0.026514,-0.0083003,1.0938,0.5374,5.5392
60.052,7.1389,4.0223,1.3062,2.6569,-0.0124,-0.0038811,1.1152,0.5374,5.5092
60.092,7.1859,4.1306,1.2378,2.6721,0.0017544,0.00054972,1.1368,0.5374,5.4798
60.132,7.236,4.236,1.1695,2.6856,0.015956,0.0049982,1.1582,0.5374,5.4508
60.173,7.2798,4.3425,1.1008,2.6979,0.03021,0.0094699,1.1798,0.5374,5.4222
60.212,7.3186,4.451,1.0323,2.7087,0.044525,0.013967,1.2013,0.5374,5.394
60.252,7.3527,4.5599,0.96355,2.7182,0.058901,0.018512,1.2228,0.5374,5.3664
60.292,7.383,4.6692,0.8948,2.7262,0.073071,0.023025,1.2443,0.5374,5.3391
60.333,7.4049,4.7812,0.82587,2.7326,0.087312,0.027598,1.2658,0.5374,5.3121
******-------------------------------------------------------------------------------------------------------------------****** 
TargetID: ID50
Target can not be processed due to lack of Data
******-------------------------------------------------------------------------------------------------------------------****** 
