******-------------------------------------------------------------------------------------------------------------------****** 
Duration of the scene is: 32.6059 seconds
Original Targets Numbers in the hole Scene: 4
Number of Targets in the hole Scene after preprocessing: 14
Number of static portions: 2
******-------------------------------------------------------------------------------------------------------------------****** 
TargetID: ID01
Target can not be processed due to lack of Data
******-------------------------------------------------------------------------------------------------------------------****** 
TargetID: ID09
Target can not be processed due to lack of Data
******-------------------------------------------------------------------------------------------------------------------****** 
TargetID: ID13
Relevancy: 1
tj = 24.8049
Label: 0
Comment: Target is relevant and going straight, since target is crossing Ego X-axis in EFC
DATA:
22.405,-0,0,7.3846,-0.00010143,1.3206,0.90267,0,0.2866,25.766
22.443,-0.54673,-0.11815,-25.641,-4.7645,1.6129,1.0843,-0.0045298,0.25664,101.62
22.483,-1.1394,-0.25336,7.6814,-0.38164,1.9206,1.2756,-0.0093,0.2251,34.167
22.524,-0.84037,-0.25127,7.7854,-0.29356,1.8712,1.255,0.0004,0.2224,35.031
22.565,-0.49848,-0.26723,7.945,-0.34268,2.0147,1.35,-0.0035,0.2098,37.904
22.605,-0.21338,-0.22923,7.9066,-0.15893,1.8279,1.2288,0.0153,0.2161,36.595
22.644,-0.011491,-0.16113,7.5824,0.2984,1.1732,0.7945,0.0624,0.2559,29.653
22.685,0.24897,-0.12007,7.4348,0.55506,0.84874,0.5766,0.091,0.2811,26.523
22.724,0.56437,-0.074453,7.5355,0.55816,1.0826,0.73195,0.0942,0.2701,27.975
22.763,0.87028,-0.040438,7.6213,0.61784,1.1172,0.75831,0.1011,0.264,28.963
22.805,1.1927,-0.0087871,7.7335,0.61229,1.2361,0.83865,0.1008,0.2478,31.306
22.843,1.4486,0.060404,7.5475,0.91816,0.88602,0.6028,0.1363,0.2845,26.725
22.883,1.7149,0.11939,7.4138,1.1486,0.65594,0.44695,0.1646,0.3085,24.318
22.924,1.937,0.20327,7.0745,1.5521,0.2132,0.14554,0.2193,0.3682,19.671
22.964,2.2216,0.27921,7.0686,1.6454,0.19667,0.13427,0.2317,0.3653,19.868
23.005,2.5193,0.36838,7.1426,1.6881,0.36072,0.24601,0.2374,0.3534,20.768
23.045,2.7735,0.45403,7.0137,1.8883,0.21617,0.14759,0.266,0.3715,19.552
23.084,3.0944,0.54055,7.1538,1.876,0.49861,0.3397,0.2632,0.3486,21.215
23.125,3.3765,0.63262,7.1437,1.9825,0.49862,0.33979,0.2771,0.3486,21.267
23.165,3.5939,0.75297,6.8837,2.2728,0.15822,0.10803,0.3207,0.3849,18.834
23.204,3.8642,0.85961,6.8521,2.3806,0.16066,0.1097,0.3362,0.3849,18.846
23.245,4.1329,0.9706,6.8188,2.488,0.16322,0.11145,0.3516,0.3849,18.858
23.285,4.2285,1.1263,6.2313,2.9231,-0.3483,-0.23796,0.436,0.4603,14.953
23.324,4.4956,1.2424,6.2066,2.9711,-0.41868,-0.28599,0.4434,0.4499,15.295
23.364,4.7352,1.3778,6.1368,3.0714,-0.41138,-0.28099,0.4614,0.4499,15.253
23.405,4.9721,1.5166,6.0654,3.1705,-0.40395,-0.27591,0.4794,0.4499,15.212
23.445,5.156,1.6506,5.8647,3.3299,-0.45432,-0.31032,0.5145,0.4645,14.519
23.484,5.3808,1.8,5.7847,3.4248,-0.44595,-0.30459,0.5331,0.4645,14.473
23.525,5.6014,1.954,5.7035,3.5179,-0.43745,-0.29877,0.5516,0.4645,14.427
23.565,5.7982,2.0887,5.5107,3.59,-0.61229,-0.41817,0.5767,0.4698,13.999
23.605,5.9635,2.2446,5.3436,3.7411,-0.52249,-0.35684,0.6111,0.4811,13.559
23.645,6.1191,2.4202,5.1419,3.8837,-0.52303,-0.35722,0.6483,0.4958,12.997
23.684,6.3185,2.5945,5.0798,3.9722,-0.45272,-0.3092,0.6652,0.493,13.08
23.724,6.5411,2.7873,5.0497,4.0199,-0.46776,-0.31948,0.6742,0.4864,13.27
23.765,6.7743,2.9293,5.0873,4.0274,-0.39048,-0.26669,0.6711,0.4664,13.912
23.804,7.0267,3.084,5.1527,4.0057,-0.35628,-0.24333,0.662,0.4442,14.693
23.845,7.1842,3.2424,4.9908,4.1223,-0.34387,-0.23486,0.6921,0.4518,14.327
23.884,7.4297,3.3884,5.0704,4.0982,-0.26566,-0.18144,0.6809,0.4279,15.236
23.924,7.6874,3.5383,5.1803,4.083,-0.12787,-0.087335,0.6679,0.4041,16.323
23.964,7.9208,3.704,5.2056,4.1043,-0.07509,-0.051285,0.6679,0.3919,16.915
24.005,8.1242,3.8785,5.1537,4.167,-0.073572,-0.050248,0.6802,0.3894,17.02
24.045,8.2988,4.0533,5.036,4.2761,-0.077424,-0.052879,0.7044,0.3949,16.73
24.085,8.5563,4.183,5.1658,4.1979,-0.0023351,-0.0015954,0.6824,0.3656,18.207
24.125,9.0295,4.0069,5.1551,4.2146,-0.018101,-0.012363,0.6854,0.357,18.652
24.165,9.2521,4.1788,5.1899,4.2629,0.089225,0.060939,0.6873,0.3484,19.277
24.205,9.4183,4.3791,5.0365,4.3893,0.026977,0.018425,0.7167,0.3593,18.594
24.245,9.5718,4.5684,4.8548,4.4992,-0.062938,-0.042993,0.7479,0.3701,17.884
24.284,9.7229,4.773,4.6812,4.6102,-0.12178,-0.083181,0.7789,0.381,17.245
24.324,9.8642,4.9729,4.5328,4.6993,-0.15922,-0.10878,0.8051,0.388,16.828
24.364,10.028,5.1896,4.458,4.8415,-0.029187,-0.019948,0.8269,0.3925,16.768
24.404,10.205,5.3704,4.4557,4.8407,-0.049384,-0.033748,0.8274,0.382,17.223
24.446,10.376,5.5545,4.4585,4.8402,-0.057672,-0.039414,0.8271,0.371,17.738
24.484,10.582,5.7353,4.5127,4.9096,0.11223,0.076722,0.8262,0.3597,18.539
24.526,10.76,5.937,4.4872,4.9495,0.11396,0.077945,0.833,0.3551,18.814
24.564,10.921,6.1425,4.3763,4.9846,0.010272,0.0070278,0.8502,0.3572,18.57
24.607,11.081,6.3398,4.2743,4.9976,-0.090662,-0.062028,0.8645,0.3572,18.41
24.645,11.241,6.5349,4.2583,4.9887,-0.12742,-0.087152,0.866,0.3488,18.804
24.685,11.434,6.6985,4.2684,4.9033,-0.21062,-0.14416,0.8574,0.3341,19.458
24.725,11.568,6.9223,4.1477,4.9856,-0.19536,-0.13386,0.8797,0.3403,19.058
24.764,11.755,7.1,4.1655,4.9325,-0.24596,-0.16847,0.8731,0.3276,19.707
24.805,11.902,7.2945,4.0779,5.0413,-0.12868,-0.088242,0.8926,0.3305,19.619
24.846,12.05,7.5006,3.9962,5.1193,-0.085677,-0.058773,0.9094,0.3322,19.55
24.885,12.187,7.6681,3.7994,5.029,-0.41063,-0.28068,0.9313,0.3385,18.62
24.926,12.32,7.8839,3.6801,5.0284,-0.39732,-0.27288,0.9467,0.3399,18.333
24.965,12.429,8.0876,3.437,5.1601,-0.37462,-0.25739,0.9915,0.3618,17.137
25.005,12.517,8.3226,3.2796,5.275,-0.29907,-0.20552,1.0216,0.3716,16.715
25.045,12.582,8.5662,3.0436,5.3228,-0.33737,-0.23186,1.0602,0.3878,15.811
25.084,12.713,8.7595,3.0084,5.2614,-0.4025,-0.27551,1.0623,0.3799,15.954
25.124,12.787,8.9868,2.8333,5.3033,-0.34991,-0.24053,1.0903,0.3877,15.509
25.166,12.894,9.2045,2.7694,5.2875,-0.37772,-0.25853,1.0997,0.3848,15.511
25.207,12.983,9.4235,2.6504,5.2997,-0.32576,-0.22405,1.1173,0.3856,15.367
25.246,13.076,9.6423,2.5376,5.2566,-0.38664,-0.26445,1.1339,0.3884,15.029
25.284,13.179,9.8182,2.499,5.1278,-0.4403,-0.30081,1.1327,0.3777,15.103
25.327,13.28,9.99,2.4644,4.9957,-0.48716,-0.33249,1.1303,0.3665,15.199
25.365,13.332,10.217,2.2795,4.9969,-0.43102,-0.29623,1.1597,0.3763,14.595
25.405,13.522,10.384,2.1,5.0988,-0.34361,-0.23584,1.1942,0.3901,14.136
25.445,13.574,10.599,1.8232,5.1925,-0.2663,-0.18268,1.2449,0.4158,13.235
25.484,13.64,10.802,1.7432,5.1315,-0.26778,-0.18269,1.2558,0.4133,13.113
25.525,13.982,11.964,-1.1366,9.9617,0.54118,0.37809,1.6738,0.4133,24.259
25.566,13.98,11.767,-0.48816,7.5099,0.40791,0.28559,1.622,0.2339,32.175
25.605,13.937,12.534,-0.20326,7.6636,0.2979,0.20651,1.5896,0.0304,252.18
25.644,13.936,13.452,-0.23993,7.8339,0.28759,0.19819,1.5968,0.0517,151.6
25.685,14.034,13.756,-0.24601,7.7261,0.28605,0.19684,1.598,0.0395,195.7
25.725,14.075,14.235,-0.2441,7.6071,0.29033,0.19913,1.599,0.0312,243.94
25.765,14.093,14.562,-0.2591,7.5342,0.2956,0.20223,1.6013,0.0327,230.54
25.804,14.123,14.94,-0.2601,7.7708,0.21797,0.14853,1.6016,0.0094,827.14
25.844,14.115,15.227,-0.23351,7.7768,0.18475,0.12541,1.5986,-0.0152,-511.86
25.885,14.138,15.537,-0.20095,7.7427,0.17922,0.1204,1.5989,-0.0125,-619.62
25.925,14.144,15.74,-0.23939,7.4976,0.22242,0.14925,1.6027,-0.0064,-1172.1
25.966,14.152,16.02,-0.16319,7.3886,0.25401,0.16875,1.5963,-0.0193,-382.92
26.006,14.137,16.365,-0.19903,7.4795,0.19474,0.12898,1.5999,-0.0085,-880.26
26.044,14.118,16.606,-0.19488,7.1428,0.36195,0.23716,1.6032,0.0083,860.9
26.086,13.984,14.46,0.021322,7.9943,0.33098,0.21625,1.5721,0.0083,963.17
26.126,13.986,14.755,0.25534,7.8105,0.25505,0.16596,1.5415,-0.0751,-104.06
26.165,13.88,14.733,0.11499,11.772,0.29532,0.19159,1.5629,-0.0368,-319.9
26.205,13.989,15.165,-0.24421,11.607,0.35732,0.2319,1.5895,-0.0134,-866.39
26.245,14.018,15.515,-0.26977,11.106,0.40308,0.26012,1.5922,0.005,2221.9
26.285,14.041,15.735,-0.20191,10.5,0.45496,0.29196,1.5862,-0.0136,-772.19
26.325,13.978,16.056,-0.37745,9.8066,0.69557,0.43472,1.6162,0.1222,80.31
26.365,13.939,16.161,-0.46617,8.5824,1.0483,0.67026,1.6118,0.081,106.11
26.406,13.914,16.502,-0.493,8.4482,1.0766,0.68302,1.615,0.081,104.48
26.445,13.998,16.892,0.12891,8.2433,0.96133,0.57791,1.5677,-0.0496,-166.22
26.485,14.048,17.183,0.35656,7.9584,0.93514,0.55656,1.5387,-0.1385,-57.519
26.526,14.013,17.373,0.23437,7.3521,1.216,0.70525,1.5585,-0.0548,-134.23
26.564,14.015,17.6,0.20944,6.9272,1.4128,0.79928,1.5663,-0.0207,-334.8
26.605,13.838,17.377,-0.10223,5.4559,2.7425,1.3177,1.6741,0.2541,21.475
26.646,13.791,17.611,-0.16439,5.3779,2.7411,1.2874,1.6887,0.2623,20.512
26.685,13.742,17.857,-0.24804,5.3559,2.6622,1.2359,1.7028,0.2688,19.946
26.725,13.678,18.102,-1.3211,5.2721,2.4618,1.5997,1.7363,0.3161,17.194
26.765,13.621,18.319,-1.5367,5.5147,2.2441,1.4666,1.7577,0.32463,17.635
26.805,13.556,18.542,-1.7375,5.7258,2.0285,1.3349,1.7789,0.33308,17.965
26.845,13.483,18.775,-1.9264,5.9088,1.8121,1.2027,1.8002,0.34155,18.196
26.885,13.401,19.016,-2.1041,6.0639,1.5938,1.0693,1.8217,0.35011,18.333
26.924,13.316,19.255,-2.2642,6.1861,1.3818,0.93973,1.8425,0.35841,18.38
26.966,13.218,19.517,-2.4223,6.2861,1.1547,0.80096,1.8648,0.36731,18.341
27.004,13.123,19.757,-2.5535,6.3492,0.94874,0.67511,1.8851,0.37538,18.231
27.045,13.016,20.019,-2.6825,6.3876,0.72613,0.53908,1.907,0.3841,18.037
27.086,12.904,20.279,-2.7973,6.3954,0.50493,0.40391,1.9287,0.39276,17.773
27.125,12.792,20.529,-2.8949,6.3743,0.29287,0.27432,1.9496,0.40107,17.455
27.164,12.678,20.777,-2.9799,6.3256,0.081878,0.1454,1.9703,0.40934,17.082
27.206,12.552,21.039,-3.0576,6.2427,-0.14428,0.0071974,1.9926,0.4182,16.622
27.244,12.434,21.275,-3.1166,6.139,-0.35135,-0.11933,2.0129,0.42631,16.15
27.284,12.308,21.518,-3.1659,6.0018,-0.56826,-0.25188,2.0343,0.43481,15.606
27.325,12.178,21.761,-3.2031,5.8312,-0.79015,-0.38747,2.0561,0.4435,15.001
27.366,11.751,21.655,-3.5685,5.1866,-0.42541,-0.19785,2.1734,0.5352,11.763
27.406,11.627,21.89,-3.6825,5.2424,-0.72414,-0.3336,2.1832,0.5251,12.201
27.446,11.496,22.111,-3.789,5.2509,-0.87549,-0.40001,2.1959,0.5178,12.505
27.487,11.374,22.335,-3.884,5.2736,-1.0362,-0.46974,2.2056,0.5083,12.885
27.525,11.257,22.621,-4.0075,5.4888,-1.6604,-0.74578,2.2015,0.4874,13.944
27.565,11.161,22.879,-4.0438,5.5752,-1.7565,-0.78328,2.1983,0.4679,14.72
27.606,11.023,23.133,-4.0833,5.587,-1.6129,-0.71462,2.2019,0.4546,15.222
27.646,10.862,23.349,-4.2205,5.5601,-1.6364,-0.71951,2.2201,0.4546,15.355
27.685,10.676,23.572,-4.3588,5.5297,-1.659,-0.72432,2.2383,0.4546,15.488
27.726,10.583,23.823,-4.3014,5.5122,-1.256,-0.54586,2.2335,0.4358,16.044
27.765,10.399,24.042,-4.4252,5.4721,-1.2719,-0.54891,2.2508,0.4358,16.148
27.806,10.215,24.255,-4.5492,5.4291,-1.2873,-0.55186,2.2683,0.4358,16.253
27.846,10.015,24.473,-4.6733,5.3835,-1.3024,-0.55441,2.2857,0.4358,16.358
27.886,9.8169,24.685,-4.7965,5.3357,-1.3172,-0.55635,2.303,0.4358,16.463
27.925,9.6124,24.895,-4.9205,5.2843,-1.3316,-0.55801,2.3206,0.4358,16.568
27.965,9.4047,25.103,-5.0436,5.231,-1.3458,-0.55918,2.3379,0.4358,16.674
28.005,9.1981,25.307,-5.1662,5.1751,-1.3593,-0.55989,2.3553,0.4358,16.779
28.045,8.9721,25.512,-5.289,5.116,-1.3725,-0.56038,2.3728,0.4358,16.885
28.086,8.7523,25.712,-5.4107,5.0549,-1.3852,-0.56028,2.3902,0.4358,16.991
28.127,8.5236,25.91,-5.5322,4.9907,-1.3973,-0.5602,2.4076,0.4358,17.097
******-------------------------------------------------------------------------------------------------------------------****** 
TargetID: ID14
Target can not be processed due to lack of Data
******-------------------------------------------------------------------------------------------------------------------****** 
TargetID: ID15
Relevancy: 0
tj = Inf
Label: -1
Comment: Target is irrelevant as it is not crossing the estimated holding line
DATA:
28.767,-0,-0,NaN,NaN,NaN,NaN,0,NaN,NaN
28.806,NaN,NaN,NaN,NaN,NaN,NaN,-0.1608,NaN,NaN
28.846,NaN,NaN,NaN,NaN,NaN,NaN,-0.1608,NaN,NaN
28.886,0.49341,-1.0179,3.8789,-1.9381,-0,-0,-0.4634,0,Inf
28.927,-0.48568,-0.67682,3.6326,-1.6149,-0.00069825,0.0015472,-0.4182,0.0083,478.97
28.966,-0.76542,-0.83083,3.5752,-1.5134,-0.00097741,0.0021963,-0.4003,0.0211,184
29.006,-0.51369,-0.9328,3.602,-1.714,-0.0085632,0.019546,-0.4428,-0.0501,-79.621
29.046,-0.42425,-0.97654,3.5619,-1.699,-0.0090094,0.020896,-0.4435,-0.0509,-77.532
29.086,-0.28032,-1.0553,3.5501,-1.7282,-0.0085072,0.020035,-0.4515,-0.0618,-63.889
29.126,0.03601,-1.245,3.7232,-2.0687,-0.017898,0.042898,-0.5046,-0.105,-40.564
29.167,0.15199,-1.3254,3.6082,-1.9434,-0.018918,0.046135,-0.491,-0.0765,-53.573
29.206,0.36499,-1.457,3.627,-2.095,-0.020648,0.051224,-0.5206,-0.1138,-36.807
29.245,0.3504,-1.3881,3.2702,-1.7951,-0.008258,0.020767,-0.502,-0.111,-33.608
29.286,0.4797,-1.4592,3.2124,-1.7821,-0.00025698,0.0006584,-0.5065,-0.111,-33.095
29.325,0.60499,-1.5348,3.1546,-1.7684,0.0075944,-0.019803,-0.5109,-0.111,-32.581
29.366,0.7234,-1.6188,3.0971,-1.7543,0.015237,-0.040485,-0.5154,-0.111,-32.067
29.405,0.84436,-1.689,3.0396,-1.7398,0.022662,-0.061388,-0.5198,-0.111,-31.552
29.445,0.96181,-1.7646,2.9823,-1.7247,0.029819,-0.082375,-0.5243,-0.111,-31.037
29.486,1.0785,-1.8384,2.9253,-1.7088,0.036673,-0.1033,-0.5287,-0.111,-30.521
29.526,1.1896,-1.9153,2.8682,-1.6927,0.043288,-0.12445,-0.5332,-0.111,-30.004
29.567,1.3027,-1.9855,2.8112,-1.676,0.049679,-0.1458,-0.5376,-0.111,-29.486
29.606,1.4108,-2.0569,2.7544,-1.6588,0.055782,-0.16722,-0.5421,-0.111,-28.967
29.646,1.5216,-2.1235,2.6979,-1.6409,0.06156,-0.18842,-0.5464,-0.111,-28.448
29.686,1.6227,-2.1974,2.6413,-1.6229,0.066947,-0.20928,-0.551,-0.111,-27.928
29.725,1.724,-2.2712,2.5852,-1.6041,0.072063,-0.22989,-0.5553,-0.111,-27.409
29.767,1.8233,-2.3428,2.529,-1.5849,0.076857,-0.25028,-0.5598,-0.111,-26.888
******-------------------------------------------------------------------------------------------------------------------****** 
TargetID: ID16
Relevancy: 0
tj = Inf
Label: -1
Comment: Target is irrelevant as it is not crossing the estimated holding line
DATA:
19.804,-0,-0,NaN,NaN,NaN,NaN,0,NaN,NaN
19.844,0.9486,-0.72902,NaN,NaN,NaN,NaN,-0.5416,NaN,NaN
19.883,1.3116,-0.948,NaN,NaN,NaN,NaN,-0.5416,NaN,NaN
19.926,1.8207,-1.3762,NaN,NaN,NaN,NaN,-0.6579,NaN,NaN
19.964,2.1802,-1.6539,NaN,NaN,NaN,NaN,-0.6579,NaN,NaN
20.004,2.5399,-1.9327,NaN,NaN,NaN,NaN,-0.6579,NaN,NaN
20.044,2.8994,-2.2106,NaN,NaN,NaN,NaN,-0.6579,NaN,NaN
20.084,3.2588,-2.4885,NaN,NaN,NaN,NaN,-0.6579,NaN,NaN
20.123,3.6181,-2.7658,NaN,NaN,NaN,NaN,-0.6579,NaN,NaN
20.163,3.9039,-4.4093,8.834,-9.5914,-0,-0,-0.8265,0,Inf
20.204,2.8675,-3.5772,7.3663,-5.0093,-0.021646,0.049339,-0.5969,0.0137,650.23
20.244,3.4747,-4.6296,9.2133,-8.145,0.28807,-0.65425,-0.7258,0.2555,48.131
20.283,3.8468,-4.9739,8.8505,-8.7548,0.1306,-0.29718,-0.7807,-0.0159,-782.96
20.323,4.0444,-5.0554,8.6582,-8.7471,0.13161,-0.29965,-0.7898,-0.0628,-195.98
20.363,4.2686,-5.2648,8.5581,-8.7289,0.13326,-0.3034,-0.7945,-0.0757,-161.48
20.405,4.5839,-5.5497,8.5008,-8.7327,0.12706,-0.28923,-0.7989,-0.0842,-144.74
20.444,4.8828,-5.847,8.374,-8.7857,0.099208,-0.2259,-0.8088,-0.1081,-112.28
20.484,5.2157,-6.2002,8.3408,-8.8276,0.10649,-0.24246,-0.8132,-0.1081,-112.35
20.525,5.5475,-6.5556,8.3075,-8.8693,0.11376,-0.25903,-0.8175,-0.1081,-112.42
20.563,5.9106,-6.8167,8.2276,-8.7232,0.042639,-0.097106,-0.8144,-0.1009,-118.84
20.603,6.175,-6.8667,8.0642,-8.1437,-0.15662,0.35695,-0.7913,-0.0527,-217.47
20.643,6.5006,-6.9453,7.8747,-7.5794,-0.32244,0.73554,-0.7687,-0.0163,-670.53
20.684,6.7908,-7.16,7.7747,-7.3768,-0.35251,0.80527,-0.7591,0.0031,3457.2
20.724,7.1001,-7.4542,7.7181,-7.3208,-0.3465,0.79153,-0.759,0.0031,3431.5
20.764,7.4068,-7.7454,7.6614,-7.2649,-0.34043,0.77766,-0.7588,0.0031,3405.9
20.804,7.4379,-7.7075,7.4307,-6.7488,-0.46849,1.0756,-0.7311,0.0444,226.08
20.843,7.285,-7.5727,7.3642,-6.7016,-0.46292,1.0645,-0.729,0.0453,219.8
20.883,7.5344,-7.8081,7.3344,-6.7348,-0.44533,1.0236,-0.7335,0.0358,278.14
20.924,7.8305,-8.0579,7.2913,-6.6897,-0.43335,0.99598,-0.7332,0.0344,287.65
20.963,8.0529,-8.1935,7.0701,-6.3211,-0.49434,1.1398,-0.7177,0.0515,184.15
21.005,8.4355,-8.7552,7.3681,-6.5806,-0.43452,0.99022,-0.738,0.0233,423.99
21.044,8.64,-8.6647,6.9831,-5.8561,-0.51366,1.1788,-0.6978,0.0699,130.38
21.083,8.9911,-9.1983,7.1779,-6.1275,-0.47656,1.0859,-0.7179,0.0426,221.54
21.125,9.532,-9.697,7.0482,-6.534,-0.44305,1.0181,-0.7392,0.0133,722.63
21.163,9.8135,-9.9115,6.9418,-6.5941,-0.46396,1.066,-0.7511,-0.0061,-1569.6
21.205,10.075,-10.131,6.9709,-6.3566,-0.46857,1.0687,-0.7482,-0.0015,-6289.3
21.243,10.361,-10.451,6.9255,-7.0173,-0.3849,0.88167,-0.7856,-0.0444,-222.06
21.283,10.704,-10.81,6.9373,-7.2366,-0.34913,0.79882,-0.8011,-0.062,-161.69
21.324,11.008,-11.085,6.8813,-7.2809,-0.3487,0.79766,-0.8083,-0.0709,-141.3
21.364,11.361,-11.328,6.8435,-7.2943,-0.33448,0.76477,-0.8123,-0.0727,-137.58
21.405,11.595,-11.506,6.6875,-7.0933,-0.39017,0.89299,-0.8086,-0.0684,-142.53
21.445,11.984,-11.772,6.6357,-7.0716,-0.38345,0.8772,-0.8113,-0.0688,-140.95
21.483,12.306,-12.15,6.6019,-7.4191,-0.35323,0.8071,-0.8389,-0.1016,-97.748
21.524,12.924,-12.287,6.5121,-7.3422,-0.36989,0.84447,-0.8407,-0.0996,-98.535
21.563,13.086,-12.46,6.4348,-7.278,-0.38147,0.87112,-0.8415,-0.0965,-100.67
21.603,13.543,-12.742,6.3748,-7.2319,-0.38103,0.8697,-0.8434,-0.0951,-101.37
21.643,13.794,-13.017,6.3019,-7.1844,-0.3869,0.88314,-0.8457,-0.094,-101.67
21.684,14.001,-13.224,6.158,-7.0075,-0.43463,0.9925,-0.8439,-0.0887,-105.17
21.725,14.163,-13.391,6.061,-6.9227,-0.44933,1.0263,-0.8449,-0.0869,-105.88
21.763,14.363,-13.799,6.0684,-7.1626,-0.40046,0.91428,-0.8623,-0.1047,-89.663
21.803,14.588,-14.002,5.9876,-7.0547,-0.41479,0.94715,-0.8609,-0.0994,-93.089
******-------------------------------------------------------------------------------------------------------------------****** 
TargetID: ID03
Target can not be processed due to lack of Data
******-------------------------------------------------------------------------------------------------------------------****** 
TargetID: ID18
Target can not be processed due to lack of Data
******-------------------------------------------------------------------------------------------------------------------****** 
TargetID: ID19
Relevancy: 0
tj = Inf
Label: -1
Comment: Target is irrelevant as it is not crossing the estimated holding line
DATA:
23.605,-0,-0,NaN,NaN,NaN,NaN,0,NaN,NaN
23.645,0.2427,-1.1589,NaN,NaN,NaN,NaN,-0.7531,NaN,NaN
23.684,0.67326,-0.64442,NaN,NaN,NaN,NaN,-0.3587,NaN,NaN
23.724,1.0403,-1.1242,NaN,NaN,NaN,NaN,-0.5337,NaN,NaN
23.765,NaN,NaN,NaN,NaN,NaN,NaN,-0.595,NaN,NaN
23.804,NaN,NaN,NaN,NaN,NaN,NaN,-0.6218,NaN,NaN
23.845,1.881,-2.8655,9.1974,-8.3381,-0,-0,-0.7364,0,Inf
23.884,2.2516,-3.0678,9.0737,-7.9975,-0.025869,0.056438,-0.7224,-0.0523,-231.26
23.924,1.8344,-2.8593,8.7359,-6.5016,-0.054892,0.11981,-0.6394,-0.0932,-116.84
23.964,1.3216,-2.399,8.5693,-6.0779,-0.061553,0.13444,-0.6157,-0.0958,-109.66
24.005,1.714,-2.7747,8.5828,-6.4626,-0.096287,0.21038,-0.6437,-0.1112,-96.617
24.045,1.9768,-2.8271,8.37,-5.9949,-0.081697,0.17851,-0.6199,-0.1188,-86.662
24.085,2.3016,-3.0489,8.3069,-5.9597,-0.070539,0.1541,-0.6209,-0.1163,-87.908
24.125,2.6716,-3.3895,8.2653,-6.2725,-0.075607,0.16515,-0.6478,-0.1402,-74.008
24.165,2.9961,-3.641,8.2061,-6.2672,-0.066794,0.14588,-0.651,-0.1373,-75.205
24.205,3.3457,-3.9609,8.1601,-6.5873,-0.045457,0.099231,-0.6784,-0.1679,-62.461
24.245,3.6735,-4.2229,8.0636,-6.6873,-0.048299,0.10539,-0.6915,-0.1808,-57.941
24.284,3.7886,-4.6718,7.9863,-6.4291,-0.098702,0.21566,-0.676,-0.1475,-69.509
24.324,4.0889,-4.9074,7.8981,-6.3083,-0.12617,0.27577,-0.6716,-0.1326,-76.23
24.364,4.4051,-5.1488,7.8521,-6.2648,-0.11611,0.25366,-0.6712,-0.1251,-80.296
24.404,4.8585,-5.1925,7.7996,-6.3669,-0.094941,0.20726,-0.6828,-0.1391,-72.382
24.446,5.1897,-5.4573,7.7575,-6.5247,-0.065628,0.14316,-0.6981,-0.1579,-64.196
24.484,5.4274,-5.7101,7.7221,-6.5954,-0.054575,0.11899,-0.7059,-0.1609,-63.115
24.526,5.6794,-5.7962,7.5676,-6.1789,-0.13333,0.29107,-0.6819,-0.1243,-78.598
24.564,5.9943,-6.0823,7.6018,-6.6022,-0.035456,0.077225,-0.7145,-0.1678,-60.003
24.607,6.2958,-6.3834,7.5602,-6.8732,0.0068496,-0.014907,-0.738,-0.1923,-53.133
24.645,6.4298,-6.4662,7.3161,-6.0186,-0.20206,0.44139,-0.6837,-0.1086,-87.234
24.685,6.7342,-6.7009,7.2178,-5.869,-0.23493,0.51341,-0.677,-0.0941,-98.861
24.725,7.0912,-6.9314,7.1219,-5.736,-0.25899,0.56604,-0.6717,-0.0829,-110.31
24.764,7.4075,-7.0056,7.0828,-5.7317,-0.2509,0.54777,-0.674,-0.0811,-112.35
24.805,7.6251,-7.3558,7.1118,-5.984,-0.20401,0.44465,-0.6946,-0.1041,-89.283
24.846,7.7439,-7.2343,6.7883,-5.3204,-0.28414,0.61962,-0.6563,-0.056,-154.01
24.885,8.0272,-7.4336,6.7401,-5.2851,-0.28823,0.62997,-0.6562,-0.0531,-161.3
24.926,8.3365,-7.6707,6.665,-5.3541,-0.29923,0.65347,-0.6679,-0.0663,-128.95
24.965,8.6175,-7.9023,6.5861,-5.2715,-0.31092,0.67881,-0.6655,-0.0599,-140.83
25.005,8.8865,-8.1184,6.5168,-5.2263,-0.31659,0.69101,-0.6662,-0.0577,-144.78
25.045,9.1296,-8.2653,6.3953,-5.084,-0.33322,0.72766,-0.6608,-0.0498,-164.05
25.084,9.3004,-8.2308,6.2737,-4.6714,-0.33241,0.72163,-0.64,-0.0242,-323.22
25.124,9.4655,-8.3462,6.0835,-4.5024,-0.35566,0.77211,-0.6371,-0.0194,-390.12
25.166,9.7932,-8.6889,6.2094,-4.5808,-0.34683,0.74671,-0.6483,-0.0307,-251.34
25.207,10.089,-8.9576,6.0279,-4.9659,-0.36161,0.78878,-0.6768,-0.0614,-127.2
25.246,10.306,-9.1467,5.9013,-4.7914,-0.37524,0.8193,-0.6685,-0.0503,-151.12
25.284,10.612,-9.4779,5.8783,-5.0323,-0.39031,0.85072,-0.6952,-0.0759,-101.95
25.327,10.843,-9.7137,5.8066,-4.9862,-0.39584,0.86293,-0.6963,-0.0738,-103.71
25.365,11.037,-9.8572,5.6869,-4.8417,-0.40218,0.87743,-0.691,-0.0657,-113.68
25.405,11.212,-9.9567,5.4892,-4.682,-0.44769,0.97909,-0.689,-0.0633,-113.98
25.445,11.468,-10.205,5.4478,-4.6858,-0.44326,0.96932,-0.6933,-0.0646,-111.24
25.484,11.722,-10.437,5.5869,-4.6295,-0.31703,0.69111,-0.6798,-0.0431,-168.35
25.525,11.958,-10.649,5.5382,-4.5923,-0.31629,0.69016,-0.6799,-0.0413,-174.2
25.566,12.296,-11.028,5.8366,-4.845,-0.15991,0.3472,-0.6873,-0.039,-194.5
25.605,12.57,-11.293,5.7456,-5.1235,-0.21911,0.4767,-0.7214,-0.0742,-103.75
25.644,12.81,-11.532,5.6962,-5.0705,-0.23192,0.50579,-0.7199,-0.0708,-107.71
25.685,13.06,-11.779,5.6812,-5.1273,-0.21754,0.47528,-0.7274,-0.0747,-102.45
25.725,13.284,-11.951,5.5637,-4.9705,-0.25171,0.55208,-0.7208,-0.0669,-111.52
25.765,13.522,-12.181,5.5572,-5.0434,-0.23456,0.51574,-0.7294,-0.0718,-104.52
25.804,13.774,-12.425,5.5982,-5.2055,-0.198,0.43639,-0.743,-0.0806,-94.844
25.844,14.037,-12.679,5.6008,-5.2803,-0.1815,0.40151,-0.7505,-0.0841,-91.528
25.885,14.392,-13.065,5.7851,-5.5584,-0.090774,0.20118,-0.763,-0.0895,-89.638
25.925,14.633,-13.318,5.7688,-5.6257,-0.084067,0.18735,-0.7706,-0.0931,-86.55
25.966,14.84,-13.49,5.6276,-5.4334,-0.14625,0.3282,-0.7637,-0.0854,-91.598
26.006,15.103,-13.768,5.6481,-5.5862,-0.12041,0.27162,-0.7767,-0.0934,-85.053
26.044,15.321,-13.999,5.615,-5.5841,-0.12128,0.2754,-0.7793,-0.0926,-85.518
26.086,15.41,-14.03,5.3078,-5.1915,-0.23046,0.52857,-0.7668,-0.0806,-92.116
26.126,15.49,-14.064,4.9929,-4.8157,-0.32073,0.74367,-0.7548,-0.0696,-99.668
26.165,15.571,-14.127,4.6373,-4.5216,-0.41937,0.9846,-0.7534,-0.069,-93.867
26.205,15.639,-14.33,4.3297,-4.2994,-0.58134,1.3662,-0.7819,-0.0966,-63.164
26.245,15.756,-14.451,4.0092,-4.2437,-0.59429,1.4291,-0.7809,-0.0923,-63.251
26.285,15.919,-14.701,4.0458,-4.1361,-0.62376,1.4925,-0.7964,-0.1028,-56.282
26.325,16.072,-14.866,3.9477,-4.0701,-0.61892,1.4961,-0.8007,-0.1028,-55.157
26.365,16.224,-15.026,3.8505,-4.0031,-0.61312,1.4988,-0.8048,-0.1028,-54.031
26.406,16.368,-15.194,3.7541,-3.9352,-0.60631,1.5002,-0.809,-0.1028,-52.905
26.445,16.513,-15.346,3.6584,-3.8668,-0.59866,1.501,-0.8131,-0.1028,-51.782
26.485,16.651,-15.505,3.5633,-3.7976,-0.59034,1.5009,-0.8172,-0.1028,-50.658
26.526,16.785,-15.657,3.4688,-3.7279,-0.58157,1.5005,-0.8214,-0.1028,-49.535
26.564,16.917,-15.807,3.3753,-3.6573,-0.57239,1.4995,-0.8255,-0.1028,-48.412
26.605,17.043,-15.955,3.282,-3.5863,-0.56248,1.4978,-0.8297,-0.1028,-47.29
26.646,17.168,-16.102,3.1901,-3.5142,-0.55237,1.4955,-0.8337,-0.1028,-46.169
26.685,17.285,-16.248,3.0983,-3.4419,-0.54165,1.4928,-0.8379,-0.1028,-45.048
26.725,17.404,-16.378,3.0073,-3.3687,-0.53031,1.4893,-0.842,-0.1028,-43.928
26.765,17.515,-16.516,2.9171,-3.2951,-0.51847,1.4851,-0.8462,-0.1028,-42.809
26.805,17.624,-16.651,2.8278,-3.2206,-0.5063,1.4803,-0.8502,-0.1028,-41.691
******-------------------------------------------------------------------------------------------------------------------****** 
TargetID: ID20
Relevancy: 0
tj = Inf
Label: -1
Comment: Target is irrelevant as it is not crossing the estimated holding line
DATA:
29.245,-0,0,NaN,NaN,NaN,NaN,0,NaN,NaN
29.286,0.045,0.0065794,NaN,NaN,NaN,NaN,-0.0069,NaN,NaN
29.325,0.28149,0.002972,NaN,NaN,NaN,NaN,-0.0069,NaN,NaN
29.366,0.5106,0.0055972,NaN,NaN,NaN,NaN,-0.0069,NaN,NaN
29.405,-0.065915,0.46876,5.4975,0.4995,-0,0,0.0906,0,Inf
29.445,0.10744,0.56494,5.4036,0.63886,0.15363,0.021573,0.1177,0.0256,212.55
29.486,0.32341,0.5908,5.4079,0.64519,0.15517,0.020761,0.1187,0.0256,212.74
29.526,0.56029,0.6826,5.4834,0.81203,0.71382,0.090642,0.147,0.1241,44.667
29.567,0.78062,0.71485,5.5046,0.84335,0.72031,0.086567,0.1519,0.1241,44.874
29.606,0.99859,0.75186,5.5256,0.87448,0.72679,0.082336,0.1569,0.1241,45.08
29.646,1.6982,0.54541,6.7728,0.31891,2.2679,0.24179,0.0473,0.1995,33.987
29.686,2.0184,0.44436,7.0383,0.12444,2.47,0.24689,0.0173,0.1673,42.076
29.725,2.298,0.45349,7.1237,0.17344,2.4639,0.2306,0.024,0.1673,42.593
29.767,2.3097,0.6458,6.5484,0.70315,1.5786,0.1377,0.107,0.1964,33.534
29.807,1.4599,-0.022418,6.0791,1.1497,0.65814,0.053331,0.1847,0.3092,20.009
29.847,1.5998,0.11289,5.6854,1.2192,0.069384,0.0051662,0.2116,0.2833,20.525
29.886,1.8307,0.22264,5.4725,1.3701,-0.32664,-0.022135,0.2431,0.3232,17.455
29.927,2.0226,0.31645,5.2242,1.5724,-0.52463,-0.032054,0.2975,0.4108,13.281
29.966,2.3175,0.3532,5.4452,1.6898,-0.1382,-0.0075847,0.3022,0.4123,13.828
30.009,2.6066,0.39467,5.6684,1.6793,0.1798,0.0088169,0.288,0.361,16.377
30.046,2.8753,0.45198,5.6873,1.8855,0.2907,0.01251,0.3174,0.4,14.979
30.088,3.0849,0.54013,5.6639,2.0465,0.35467,0.013214,0.343,0.4179,14.411
30.127,3.3557,0.58994,5.7529,2.0728,0.43836,0.014133,0.3414,0.3913,15.627
30.167,3.2227,0.56855,5.7911,2.1869,0.4554,0.01183,0.3547,0.3877,15.967
30.206,3.4436,0.68778,5.8144,2.3394,0.5553,0.011376,0.3744,0.3917,16
30.246,3.7301,0.75641,5.9077,2.3765,0.57113,0.0084102,0.3743,0.3711,17.159
30.287,3.9744,0.86085,5.7384,2.4689,0.2762,0.0024206,0.4018,0.3949,15.819
30.327,4.2201,0.96914,5.7512,2.5604,0.29554,0.001061,0.4139,0.3902,16.134
30.366,4.498,1.0635,5.8539,2.6034,0.36481,-0.00048696,0.4125,0.3669,17.462
30.406,4.784,1.1792,6.0251,2.6273,0.47771,-0.0029289,0.4039,0.3352,19.609
30.446,5.0901,1.2663,6.0799,2.5919,0.36344,-0.0044185,0.3975,0.3091,21.382
30.488,5.3978,1.371,6.1912,2.5279,0.32842,-0.0055773,0.3829,0.2739,24.416
30.526,5.7884,1.1955,6.0375,2.701,0.23888,-0.0050177,0.4168,0.3044,21.729
30.565,5.5878,1.6148,2.8575,4.3063,-0.07719,0.0021644,0.989,0.298,17.343
30.607,5.9343,1.6794,2.9592,4.1854,0.092991,-0.0026591,0.9505,0.2652,19.328
30.645,6.2835,1.858,3.1019,4.0085,0.24367,-0.007408,0.8996,0.2038,24.87
30.687,6.4739,2.042,3.587,3.5233,0.077249,-0.0029651,0.7728,0.045,111.73
30.725,6.6963,2.5328,4.1548,3.3352,0.099691,-0.004089,0.6733,-0.1046,-50.936
30.767,6.9161,2.6467,4.5459,3.0083,0.14114,-0.006341,0.5809,-0.2726,-19.997
30.807,7.1361,2.7678,4.6414,2.9895,0.20864,-0.010583,0.5669,-0.2745,-20.112
30.845,7.396,2.8607,4.8596,3.0165,0.41382,-0.020444,0.5461,-0.2464,-23.213
30.885,7.6616,2.9757,5.1236,2.7834,0.47829,-0.027953,0.4879,-0.3985,-14.632
30.927,8.0881,3.177,5.242,2.7447,0.5883,-0.033363,0.4726,-0.3651,-16.207
30.967,8.3449,3.2569,5.7305,2.5315,0.93314,-0.058627,0.4034,-0.4728,-13.25
31.007,8.6534,3.2747,6.072,2.1173,1.2365,-0.078777,0.3218,-0.6314,-10.185
31.045,8.884,3.2577,6.4672,1.8087,1.6125,-0.1087,0.257,-0.706,-9.5118
31.087,9.1186,3.1995,6.6392,1.5746,1.6919,-0.12012,0.2178,-0.7377,-9.2495
31.127,9.4109,3.234,6.5722,1.5685,1.4035,-0.10435,0.2212,-0.6753,-10.006
31.165,9.6687,3.248,6.555,1.5591,1.2287,-0.095275,0.2215,-0.6172,-10.917
31.206,10.034,3.3256,6.6169,1.5648,1.1228,-0.092481,0.2443,-0.4982,-13.648
31.246,10.271,3.3627,6.499,1.72,0.92324,-0.076165,0.2482,-0.4566,-14.723
31.287,10.343,3.3544,6.448,1.689,0.78147,-0.066253,0.2459,-0.4303,-15.49
31.327,10.841,3.4346,6.5944,1.5934,0.83377,-0.072948,0.2371,-0.4044,-16.776
31.365,11.188,3.476,6.8505,1.4714,1.0311,-0.091658,0.2116,-0.4112,-17.04
31.407,11.525,3.5761,6.9578,1.6775,1.0537,-0.095796,0.2476,-0.2872,-24.921
******-------------------------------------------------------------------------------------------------------------------****** 
TargetID: ID05
Target can not be processed due to lack of Data
******-------------------------------------------------------------------------------------------------------------------****** 
