******-------------------------------------------------------------------------------------------------------------------****** 
Duration of the scene is: 17.9251 seconds
Original Targets Numbers in the hole Scene: 7
Number of Targets in the hole Scene after preprocessing: 8
Number of static portions: 1
******-------------------------------------------------------------------------------------------------------------------****** 
TargetID: ID01
Relevancy: 1
tj = 11.4829
Label: 0
Comment: Target is relevant and going straight, since target is crossing Ego X-axis in EFC
DATA:
9.2822,-0,0,NaN,NaN,NaN,NaN,0,NaN,NaN
9.3222,0.56443,-0.52988,NaN,NaN,NaN,NaN,-0.2154,NaN,NaN
9.3623,1.0338,-0.35735,NaN,NaN,NaN,NaN,-0.0437,NaN,NaN
9.4023,1.5868,0.38266,NaN,NaN,NaN,NaN,0.2713,NaN,NaN
9.4432,2.1203,0.78797,NaN,NaN,NaN,NaN,0.3373,NaN,NaN
9.4831,2.6434,0.95494,NaN,NaN,NaN,NaN,0.3137,NaN,NaN
9.5233,3.0711,0.94849,NaN,NaN,NaN,NaN,0.2524,NaN,NaN
9.5632,3.5555,1.0785,NaN,NaN,NaN,NaN,0.2524,NaN,NaN
9.6023,3.9904,0.94865,NaN,NaN,NaN,NaN,0.1841,NaN,NaN
9.6423,4.4241,0.76515,NaN,NaN,NaN,NaN,0.1239,NaN,NaN
9.6823,4.9068,0.89485,NaN,NaN,NaN,NaN,0.1368,NaN,NaN
9.7223,5.402,1.0111,NaN,NaN,NaN,NaN,0.1443,NaN,NaN
9.7633,5.7555,1.5868,11.917,1.7864,-0,0,0.1488,0,Inf
9.8023,6.2163,1.609,11.904,1.6625,-0.032387,0.032613,0.1387,-0.0071,-1693
9.8424,6.7266,1.8769,12.028,2.0593,-0.066005,0.066595,0.1695,-0.0123,-992.14
9.8824,7.2363,2.0549,12.148,2.1359,-0.19154,0.19364,0.174,-0.0443,-278.44
9.9224,7.7309,2.1296,12.223,2.0246,-0.25313,0.25642,0.1642,-0.0696,-178.01
9.9624,8.2216,2.2103,12.258,1.9941,-0.26456,0.26859,0.1613,-0.0696,-178.43
10.002,8.7219,2.3215,12.329,2.0048,-0.28892,0.29404,0.1614,-0.0745,-167.66
10.042,9.2128,2.3714,12.355,1.9371,-0.22022,0.22437,0.1554,-0.0734,-170.37
10.083,9.7711,2.7674,12.481,2.346,-0.22405,0.22873,0.1856,-0.0682,-186.21
10.122,10.266,2.8043,12.487,2.1096,-0.18874,0.19304,0.1672,-0.0944,-134.15
10.162,10.774,2.8957,12.518,2.0556,-0.17919,0.18374,0.1629,-0.0969,-130.92
10.202,11.276,2.9702,12.542,2.0863,-0.17901,0.18394,0.1648,-0.079,-160.94
10.243,11.805,3.119,12.61,2.1625,-0.18718,0.19277,0.17,-0.0707,-180.97
10.282,12.288,3.1344,12.603,2.079,-0.17006,0.17547,0.1636,-0.0679,-188.12
10.323,12.671,3.9132,12.633,2.1824,-0.18115,0.18713,0.1712,-0.0431,-297.45
10.363,12.711,3.9057,12.675,2.2241,-0.19093,0.19779,0.1745,-0.0311,-413.78
10.403,13.205,4.0313,12.719,2.3875,-0.20921,0.21721,0.1864,-0.0055,-2352.9
10.443,13.704,4.0628,12.674,2.1233,-0.13643,0.14205,0.1666,-0.0383,-335.52
10.483,14.23,4.2035,12.73,2.2351,-0.15443,0.16103,0.1744,-0.0238,-543.06
10.523,14.745,4.3273,12.778,2.3947,-0.17054,0.17824,0.1859,-0.0013,-10001
10.563,15.123,4.3586,12.804,2.3143,-0.16403,0.17195,0.1796,-0.0106,-1227.5
10.603,15.642,4.4616,12.832,2.3314,-0.168,0.17635,0.1805,-0.0086,-1516.5
10.643,16.159,4.539,12.862,2.2465,-0.1646,0.17316,0.1737,-0.0199,-656.09
10.683,15.576,4.4724,12.946,2.5433,-0.2034,0.21502,0.1966,0.0182,724.91
10.723,16.094,4.6013,13.007,2.7025,-0.23047,0.24429,0.2078,0.0341,389.58
10.763,16.608,4.7137,13.031,2.8457,-0.23498,0.24971,0.218,0.0478,279.05
10.803,17.289,4.8695,13.065,2.9166,-0.24169,0.25738,0.2224,0.0519,257.93
10.843,17.767,4.9995,13.104,3.0103,-0.24993,0.26681,0.2288,0.0582,231.02
10.883,18.287,5.1215,13.12,3.1237,-0.24692,0.26424,0.2367,0.067,201.3
10.923,18.789,5.2126,13.076,3.1211,-0.20107,0.21552,0.2367,0.0652,206.19
10.963,19.302,5.3079,13.049,3.1031,-0.16908,0.18155,0.2355,0.0612,219.17
11.003,19.892,5.3246,13.106,3.1805,-0.18056,0.19442,0.2402,0.0643,209.74
11.043,20.384,5.3944,13.033,3.1093,-0.12815,0.13818,0.2357,0.0558,240.12
11.083,20.902,5.517,13.035,3.1447,-0.12415,0.13418,0.2382,0.0566,236.9
11.123,21.377,5.6211,13.017,3.1269,-0.11616,0.12581,0.2372,0.052,257.44
11.163,21.875,5.7232,12.965,3.1193,-0.080838,0.087704,0.2371,0.0499,267.24
11.203,22.366,5.8231,12.964,3.1791,-0.079584,0.086554,0.2415,0.0533,250.44
11.243,22.856,5.9416,12.94,3.1988,-0.063352,0.06905,0.2432,0.0531,251.02
11.283,23.352,6.04,12.888,3.2011,-0.032562,0.035567,0.2439,0.0518,256.36
11.323,23.875,6.1908,12.914,3.2704,-0.049004,0.053646,0.2487,0.0552,241.34
11.363,24.402,6.3342,12.95,3.3603,-0.068338,0.075018,0.2548,0.0602,222.24
11.403,24.898,6.4398,12.907,3.3849,-0.05002,0.055015,0.2571,0.06,222.39
11.443,25.415,6.5468,12.987,3.3669,-0.1408,0.15546,0.2555,0.0512,262.03
11.483,25.992,6.6963,12.999,3.4222,-0.14724,0.16297,0.2593,0.0533,252.18
11.523,26.467,6.7799,12.887,3.3654,-0.085478,0.094747,0.2565,0.0473,281.58
11.563,26.996,6.9023,12.928,3.4476,-0.1065,0.11838,0.262,0.0517,258.8
11.603,27.499,7.026,12.888,3.4553,-0.078462,0.087384,0.2629,0.0508,262.66
11.643,28.02,7.1748,12.895,3.4724,-0.079581,0.088846,0.2641,0.0497,268.69
11.683,28.542,7.324,12.907,3.5159,-0.082012,0.091787,0.267,0.051,262.29
11.723,29.065,7.473,12.924,3.5557,-0.088296,0.09905,0.2696,0.0516,259.76
11.763,29.57,7.6081,12.89,3.5286,-0.068771,0.077292,0.2681,0.0475,281.35
11.803,30.022,7.7303,12.972,3.6246,-0.10838,0.12218,0.2739,0.0519,259.51
11.843,30.582,7.884,12.945,3.6232,-0.08889,0.10041,0.2741,0.0499,269.39
11.883,31.054,8.0117,12.891,3.6168,-0.058401,0.066096,0.2743,0.0481,278.36
11.923,31.587,8.1466,13.03,3.6942,-0.13152,0.14939,0.278,0.0498,271.97
11.963,32.153,8.305,13.198,3.7663,-0.2149,0.24507,0.2808,0.0506,271.25
12.003,32.667,8.4404,13.204,3.7818,-0.20608,0.23556,0.2817,0.0494,278.03
12.043,33.334,8.5543,13.273,3.7767,-0.25647,0.29077,0.2736,0.0361,382.26
12.083,33.854,8.629,13.247,3.6532,-0.23129,0.26297,0.2659,0.0243,565.48
12.123,33.988,8.2017,12.68,3.4001,-0.2242,0.25546,0.2586,0.0099,1326.1
12.163,34.495,8.3471,12.68,3.2872,-0.21903,0.25022,0.2503,-0.0005,-26198
12.203,35.016,8.4518,12.802,3.3521,-0.26604,0.30429,0.2521,-0.0205,-645.52
12.243,35.515,8.6108,12.915,3.4692,-0.30627,0.35073,0.2579,-0.0138,-969.06
12.283,35.803,8.6576,12.363,3.1603,-0.15143,0.1745,0.2478,-0.0786,-162.35
12.323,36.324,8.7707,12.442,3.0497,-0.14453,0.167,0.238,-0.0989,-129.53
12.363,36.823,8.8881,12.474,3.0044,-0.14414,0.16696,0.2341,-0.0989,-129.73
12.403,37.423,9.0345,12.838,2.9972,-0.28604,0.33087,0.2251,-0.1107,-119.09
12.443,37.94,9.1456,12.89,2.9485,-0.28482,0.33024,0.2206,-0.1107,-119.44
12.483,38.459,9.2525,12.941,2.8987,-0.28352,0.32949,0.2161,-0.1107,-119.8
12.523,38.979,9.3582,12.992,2.8495,-0.28216,0.32861,0.2117,-0.1107,-120.15
12.564,39.502,9.4704,13.043,2.7994,-0.28086,0.32786,0.2073,-0.1107,-120.51
12.603,40.027,9.5728,13.094,2.7486,-0.27963,0.32724,0.2028,-0.1107,-120.86
12.643,40.553,9.672,13.144,2.6983,-0.27827,0.32635,0.1984,-0.1107,-121.21
12.683,41.082,9.7731,13.194,2.647,-0.27677,0.32522,0.194,-0.1107,-121.57
12.723,41.68,10.288,13.731,3.7951,-0.7254,0.84458,0.2602,0.0065,2191.6
12.763,42.115,10.499,13.488,4.0122,-0.64514,0.75277,0.2804,0.0413,340.72
12.803,42.62,10.65,13.421,4.0214,-0.56839,0.66505,0.2833,0.0437,320.61
12.843,43.158,10.793,13.406,4.0203,-0.50548,0.59296,0.2844,0.0444,315.22
12.883,43.672,10.96,13.323,3.9988,-0.38469,0.45316,0.2862,0.0414,336.01
12.923,44.187,11.164,13.262,4.0552,-0.31246,0.36918,0.2923,0.0466,297.6
12.963,44.708,11.346,13.249,4.0783,-0.25754,0.30511,0.295,0.0459,302.01
13.003,45.228,11.541,13.225,4.1509,-0.22912,0.27186,0.3009,0.0502,276.13
13.043,45.742,11.7,13.182,4.1713,-0.18789,0.22331,0.3038,0.0512,270.04
13.083,46.251,11.882,13.149,4.2346,-0.16593,0.19741,0.3092,0.0548,252.08
13.123,46.795,12.038,13.164,4.2251,-0.14892,0.17732,0.3084,0.0514,268.97
13.163,47.36,12.158,13.232,4.1755,-0.16119,0.19196,0.3034,0.0436,318.24
13.203,47.877,12.38,13.254,4.1797,-0.16399,0.19531,0.3031,0.0421,330.11
13.243,48.387,12.564,13.172,4.3646,-0.14875,0.17727,0.3179,0.0587,236.39
13.284,48.91,12.755,13.168,4.4185,-0.14919,0.17782,0.3216,0.0611,227.32
13.324,49.466,12.878,13.231,4.3554,-0.1523,0.18149,0.3159,0.0517,269.44
13.364,49.992,13.047,13.245,4.3832,-0.15414,0.18364,0.3174,0.0509,274.1
13.404,50.57,13.17,13.295,4.3261,-0.14887,0.17735,0.3125,0.0451,310
13.444,51.092,13.343,13.287,4.3677,-0.14039,0.16729,0.3156,0.0469,298.23
13.484,51.627,13.499,13.307,4.3738,-0.14183,0.16904,0.3156,0.045,311.27
13.524,52.26,13.652,13.339,4.2285,-0.057018,0.068125,0.3062,0.0336,416.46
13.564,52.792,13.831,13.307,4.2338,-0.019412,0.023219,0.3078,0.0334,418.09
13.604,53.422,13.918,13.406,4.1257,-0.049111,0.05869,0.2979,0.0253,554.4
13.644,53.958,14.08,13.387,4.1155,-0.015787,0.018876,0.298,0.0242,578.72
13.684,54.462,14.287,13.332,4.1888,0.011517,-0.013782,0.3046,0.0294,475.33
13.724,54.947,14.46,13.299,4.2226,0.03037,-0.036359,0.3079,0.031,450.12
13.764,55.462,14.651,13.276,4.2756,0.026561,-0.031802,0.3119,0.0335,416.33
13.804,55.99,14.843,13.268,4.3183,0.014235,-0.017038,0.3149,0.0348,400.95
13.844,56.538,14.968,13.297,4.2784,0.001361,-0.0016272,0.3113,0.0304,459.48
13.884,57.083,15.114,13.306,4.2574,0.0037182,-0.004449,0.3097,0.0279,500.73
13.924,57.583,15.334,13.264,4.3311,0.013873,-0.016604,0.3158,0.0317,440.15
13.964,58.119,15.499,13.273,4.3266,0.0063482,-0.007596,0.3152,0.0294,474.84
14.004,58.647,15.707,13.274,4.3719,-0.01152,0.01378,0.318,0.0301,464.3
14.044,59.135,15.919,13.224,4.4424,0.0051691,-0.0061856,0.3242,0.0335,416.42
14.084,59.664,16.079,13.231,4.4413,-0.003991,0.0047742,0.3238,0.032,436.14
14.124,60.211,16.237,13.254,4.4309,-0.017601,0.021049,0.3224,0.0297,470.52
14.164,60.693,16.487,13.225,4.5435,-0.046744,0.055856,0.3303,0.0343,407.68
******-------------------------------------------------------------------------------------------------------------------****** 
TargetID: ID02
Target can not be processed due to lack of Data
******-------------------------------------------------------------------------------------------------------------------****** 
TargetID: ID08
Relevancy: 1
tj = 13.6836
Label: 0
Comment: Target is relevant and going straight, since target is crossing Ego X-axis in EFC
DATA:
10.443,-0,0,11.579,0.00036369,-0,0,0,0,Inf
10.483,0.37403,-0.45104,11.334,-1.0013,-0.038762,0.088466,-0.088,-0.0085,-1338.6
10.523,0.79554,-0.61335,11.313,-1.2086,-0.047504,0.10872,-0.1064,-0.0169,-673.2
10.563,1.2986,-0.58231,11.419,-1.0819,-0.061052,0.14014,-0.0944,-0.0188,-610.12
10.603,1.7016,-0.82757,11.354,-1.4715,-0.09517,0.21907,-0.1289,-0.0361,-317.14
10.643,2.0894,-1.1436,11.242,-1.9692,-0.10355,0.23915,-0.1732,-0.0582,-196.1
10.683,2.5783,-1.114,11.349,-1.7966,-0.10614,0.24578,-0.1572,-0.045,-255.34
10.723,3.0347,-1.1772,11.376,-1.8221,-0.11031,0.25644,-0.1586,-0.0448,-257.17
10.763,3.4415,-1.4027,11.305,-2.1393,-0.10535,0.2455,-0.1872,-0.072,-159.8
10.803,3.8769,-1.5478,11.267,-2.3324,-0.094482,0.22104,-0.204,-0.0896,-128.41
10.843,4.3299,-1.6359,11.291,-2.3789,-0.0964,0.22622,-0.2075,-0.0896,-128.78
10.883,4.7746,-1.769,11.253,-2.5339,-0.079605,0.18742,-0.2214,-0.1055,-109.33
10.923,5.2242,-1.972,11.166,-2.9017,-0.061814,0.14597,-0.2542,-0.1418,-81.358
10.963,5.6699,-2.0859,11.152,-2.9871,-0.04945,0.11713,-0.2617,-0.1474,-78.322
11.003,6.1245,-2.16,11.146,-2.9798,-0.03845,0.091378,-0.2612,-0.1444,-79.901
11.043,6.5676,-2.1792,11.187,-2.7772,-0.038674,0.092197,-0.2433,-0.12,-96.055
11.083,7.073,-2.0809,11.318,-2.0833,-0.045605,0.10908,-0.182,-0.0319,-360.75
11.123,7.508,-2.2176,11.288,-2.2179,-0.042493,0.10195,-0.194,-0.0452,-254.51
11.163,7.9522,-2.332,11.273,-2.2994,-0.038745,0.093244,-0.2012,-0.0518,-222.11
11.203,8.4293,-2.3338,11.34,-2.0695,-0.044361,0.10714,-0.1804,-0.0229,-503.39
11.243,8.8868,-2.3986,11.366,-2.0166,-0.04629,0.11216,-0.1756,-0.015,-769.56
11.283,9.3655,-2.4076,11.432,-1.8643,-0.053686,0.13052,-0.1617,0.0025,4633.1
11.323,9.8384,-2.4495,11.486,-1.7552,-0.059753,0.14576,-0.1515,0.0149,779.81
11.363,10.325,-2.4386,11.557,-1.6035,-0.069574,0.17033,-0.1378,0.0293,398.21
11.403,10.807,-2.4587,11.608,-1.5507,-0.079729,0.19581,-0.1327,0.0323,362.56
11.443,11.238,-2.6097,11.552,-1.7229,-0.066224,0.16313,-0.148,0.0137,852.57
11.483,11.704,-2.6688,11.582,-1.7085,-0.06921,0.17108,-0.1465,0.0145,807.38
11.523,12.178,-2.7217,11.623,-1.7013,-0.076911,0.19085,-0.1452,0.0143,821.44
11.563,12.667,-2.7289,11.686,-1.6064,-0.084643,0.21061,-0.1367,0.0218,541.1
11.603,13.123,-2.8257,11.684,-1.6646,-0.080816,0.20191,-0.1414,0.0159,742.29
11.643,13.628,-2.8238,11.756,-1.5559,-0.087587,0.21963,-0.1314,0.0261,454.36
11.683,14.103,-2.8759,11.771,-1.5436,-0.083387,0.20973,-0.1304,0.0263,451.39
11.723,14.587,-2.8997,11.81,-1.4769,-0.083861,0.21153,-0.1246,0.0309,385.17
11.763,15.072,-2.8907,11.861,-1.4066,-0.092226,0.23345,-0.118,0.0342,349.25
11.803,15.493,-3.013,11.789,-1.4664,-0.060481,0.15356,-0.1239,0.0271,438.38
11.843,15.987,-3.0003,11.826,-1.3294,-0.052109,0.13283,-0.1119,0.0379,313.99
11.883,16.418,-3.1129,11.668,-1.5059,0.0040166,-0.010273,-0.1283,0.0205,573.89
11.923,16.871,-3.2065,11.664,-1.5234,0.0015408,-0.0039531,-0.1299,0.0182,646.33
11.963,17.327,-3.3076,11.666,-1.6124,-0.015408,0.03968,-0.1373,0.0099,1189.6
12.003,17.885,-2.7407,11.69,-1.6117,-0.027099,0.070013,-0.137,0.0097,1216.6
12.043,18.37,-2.7647,11.742,-1.5639,-0.040613,0.10525,-0.1325,0.0131,904.21
12.083,16.593,-2.5916,11.643,-1.8139,-0.025906,0.067598,-0.1535,-0.0068,-1732.9
12.123,17.084,-2.6164,11.701,-1.7352,-0.036239,0.094901,-0.1458,0.0003,39431
12.163,17.538,-2.5128,11.625,-1.9648,-0.029053,0.07639,-0.1663,-0.0179,-658.63
12.203,18.014,-2.5348,11.613,-2.0127,-0.031122,0.082034,-0.1703,-0.021,-561.26
12.243,18.493,-2.5679,11.671,-1.8647,-0.025895,0.068464,-0.1574,-0.0085,-1390.5
12.283,18.971,-2.5814,11.698,-1.7586,-0.019844,0.052635,-0.1484,-0.0006,-19717
12.323,19.629,-2.6413,11.749,-1.6807,-0.026181,0.069717,-0.1411,0.006,1978.1
12.363,20.101,-2.6868,11.753,-1.616,-0.016009,0.042759,-0.136,0.0104,1140.7
12.403,20.574,-2.8226,11.794,-1.5017,-0.014432,0.038674,-0.1261,0.0189,629.07
12.443,21.063,-2.8426,11.817,-1.4331,-0.012223,0.032861,-0.1202,0.0234,508.7
12.483,21.541,-2.9049,11.818,-1.3818,-0.0024104,0.0064964,-0.1163,0.0266,447.32
12.523,22.016,-2.9503,11.828,-1.3687,-0.0058349,0.015782,-0.115,0.0268,444.29
12.564,22.586,-3.0463,11.817,-1.3834,-0.0022985,0.0062364,-0.1165,0.0248,479.73
12.603,23.061,-3.1002,11.835,-1.3755,-0.011787,0.032118,-0.1153,0.0247,482.36
12.643,23.499,-3.1831,11.812,-1.3899,-0.0051522,0.014076,-0.1169,0.0225,528.6
12.683,23.921,-3.2976,11.791,-1.4352,-0.0035881,0.0098303,-0.121,0.0182,652.63
12.723,24.346,-3.3919,11.765,-1.4658,0.0026154,-0.0071751,-0.1241,0.0152,779.99
12.763,24.85,-3.4827,11.752,-1.402,0.019326,-0.053047,-0.1195,0.0192,616.42
12.803,25.336,-3.4881,11.752,-1.3281,0.031816,-0.087386,-0.1138,0.0241,490.72
12.843,25.792,-3.5441,11.711,-1.19,0.0701,-0.19224,-0.104,0.033,356.7
12.883,26.277,-3.5973,11.636,-1.1242,0.10819,-0.29637,-0.1005,0.0356,328.39
12.923,26.736,-3.6523,11.547,-1.0785,0.14538,-0.39778,-0.0988,0.0366,316.86
12.963,27.224,-3.7051,11.454,-1.0357,0.18101,-0.49483,-0.0973,0.0373,308.33
13.003,27.697,-3.7588,11.383,-0.97805,0.20504,-0.56003,-0.0938,0.0394,289.97
13.043,28.118,-3.8066,11.279,-0.97296,0.23032,-0.62807,-0.0954,0.0369,306.81
13.083,28.558,-3.8674,11.176,-0.9977,0.24221,-0.66039,-0.0989,0.0323,347.39
13.123,28.97,-3.9416,11.042,-1.0624,0.25907,-0.70561,-0.1067,0.0239,464.16
13.163,29.388,-3.9841,10.926,-0.93609,0.31293,-0.84821,-0.0989,0.0316,347.03
13.203,29.821,-4.0575,10.842,-1.0132,0.29411,-0.79863,-0.106,0.0232,469.36
13.243,30.248,-4.1098,10.783,-1.011,0.28719,-0.78025,-0.1061,0.022,492.27
13.284,30.655,-4.1479,10.743,-0.93669,0.29037,-0.7881,-0.1001,0.0275,392.13
13.324,31.089,-4.1748,10.724,-0.84683,0.28703,-0.77867,-0.0919,0.0347,310.01
13.364,31.5,-4.244,10.656,-0.87048,0.27198,-0.73853,-0.094,0.0305,350.54
13.404,31.946,-4.3097,10.638,-0.86597,0.24618,-0.66991,-0.0925,0.0304,351.1
13.444,32.375,-4.3512,10.617,-0.83481,0.23361,-0.63627,-0.0892,0.0324,328.7
13.484,32.805,-4.3921,10.606,-0.84972,0.20584,-0.56222,-0.0895,0.0302,352.32
13.524,33.236,-4.4239,10.594,-0.83683,0.1918,-0.52447,-0.0878,0.0305,348.42
13.564,33.7,-4.437,10.665,-0.84951,0.13807,-0.37962,-0.0859,0.0301,355.44
13.604,34.127,-4.4838,10.647,-0.84704,0.12825,-0.35282,-0.0853,0.0291,367.04
13.644,34.55,-4.5364,10.577,-0.94953,0.12114,-0.33342,-0.0952,0.0163,651.49
13.684,34.975,-4.5799,10.569,-0.9444,0.11072,-0.30505,-0.0943,0.0163,651
13.724,35.402,-4.6185,10.566,-0.93765,0.10058,-0.27736,-0.0932,0.0166,639.02
13.764,35.84,-4.6619,10.589,-0.95096,0.078046,-0.21575,-0.0932,0.0156,681.54
13.804,36.268,-4.6993,10.587,-0.94174,0.072209,-0.19972,-0.0921,0.016,664.31
13.844,36.712,-4.7428,10.602,-0.96354,0.058049,-0.16073,-0.0933,0.0137,777.05
13.884,37.155,-4.7748,10.612,-0.94496,0.055661,-0.1542,-0.0914,0.0158,674.28
13.924,37.595,-4.8123,10.63,-0.9432,0.044488,-0.12338,-0.0906,0.016,666.99
13.964,38.044,-4.8207,10.665,-0.90295,0.037925,-0.10524,-0.0862,0.0202,529.87
14.004,38.477,-4.8623,10.666,-0.89047,0.036768,-0.10204,-0.085,0.0207,517.06
14.044,38.908,-4.9079,10.665,-0.88722,0.032142,-0.089242,-0.0845,0.0204,524.61
14.084,39.335,-4.9579,10.659,-0.90356,0.025598,-0.071117,-0.0858,0.0178,600.95
14.124,39.736,-5.0532,10.585,-0.98517,0.027714,-0.076982,-0.0941,0.0072,1476.4
14.164,40.228,-5.0763,10.702,-0.95444,0.0027723,-0.0077206,-0.0891,0.0123,873.51
14.204,40.759,-5.0819,10.963,-0.89363,-0.061023,0.17095,-0.0786,0.0227,484.54
14.244,41.293,-5.0923,11.231,-0.87214,-0.13169,0.37132,-0.0718,0.0285,395.26
14.284,41.746,-5.1495,11.255,-0.77613,-0.13496,0.36951,-0.0745,0.0238,474.04
14.324,42.21,-5.1998,11.302,-0.79965,-0.1455,0.3979,-0.0766,0.0197,575.12
14.364,42.668,-5.2508,11.335,-0.82385,-0.15033,0.41091,-0.0787,0.016,710.31
14.404,43.108,-5.3168,11.337,-0.87497,-0.14977,0.40946,-0.0831,0.0095,1196.9
14.444,43.514,-5.4008,11.265,-0.96564,-0.13774,0.37711,-0.0912,-0.0012,-9421.6
14.484,43.911,-5.4854,11.197,-1.0437,-0.12338,0.33837,-0.098,-0.0097,-1159.3
14.524,44.302,-5.5596,11.1,-1.0931,-0.10134,0.27864,-0.1024,-0.0143,-780.01
14.564,44.606,-5.6602,10.808,-1.1844,-0.041113,0.11388,-0.111,-0.0241,-451.14
14.604,44.889,-5.7391,10.47,-1.2418,0.030652,-0.085752,-0.1166,-0.0299,-352.61
14.644,45.192,-5.7937,10.194,-1.2593,0.087428,-0.2468,-0.1185,-0.0308,-333.5
14.684,45.595,-5.8357,10.18,-1.252,0.08332,-0.23506,-0.1182,-0.0288,-356.14
14.724,46.001,-5.8852,10.156,-1.261,0.083036,-0.23426,-0.1193,-0.0288,-355.36
14.764,46.41,-5.9424,10.105,-1.2717,0.080833,-0.22701,-0.1211,-0.0288,-353.63
14.804,46.864,-6.002,10.243,-1.2906,0.045276,-0.12681,-0.1231,-0.0299,-345.28
14.844,47.364,-6.0702,10.508,-1.3578,-0.031663,0.088447,-0.127,-0.0337,-314.41
14.884,47.819,-6.1262,10.641,-1.3787,-0.066025,0.185,-0.1258,-0.0304,-352.96
14.924,48.307,-6.1905,10.826,-1.446,-0.10908,0.30673,-0.128,-0.0315,-346.72
14.964,48.812,-6.2447,11.11,-1.4632,-0.17723,0.50112,-0.1234,-0.0236,-474.82
15.004,49.252,-6.3123,11.106,-1.5012,-0.1607,0.45367,-0.1276,-0.0265,-422.89
15.044,49.71,-6.3753,11.201,-1.5263,-0.17565,0.4964,-0.1281,-0.026,-434.8
15.084,50.176,-6.4686,11.304,-1.3865,-0.1894,0.51605,-0.1295,-0.0258,-441.41
15.124,50.637,-6.513,11.391,-1.371,-0.20159,0.54867,-0.1276,-0.0211,-543.75
15.164,51.094,-6.5503,11.468,-1.3413,-0.21231,0.5773,-0.1246,-0.0156,-740.17
15.204,51.556,-6.5951,11.551,-1.3282,-0.22339,0.60687,-0.1229,-0.0126,-922.82
15.244,52.024,-6.6651,11.623,-1.3558,-0.22857,0.62082,-0.1246,-0.0134,-873.25
15.284,52.46,-6.7028,11.575,-1.35,-0.18924,0.51606,-0.1232,-0.0128,-910.41
15.324,52.928,-6.7434,11.634,-1.3382,-0.19179,0.52295,-0.1217,-0.0105,-1115.3
15.364,53.381,-6.7676,11.632,-1.3085,-0.17202,0.47001,-0.1185,-0.0075,-1560.8
15.404,53.864,-6.8307,11.732,-1.3298,-0.19333,0.52719,-0.12,-0.0082,-1439.9
15.444,54.322,-6.8586,11.743,-1.3027,-0.17925,0.48952,-0.1171,-0.0055,-2148.2
15.484,54.786,-6.9215,11.785,-1.3203,-0.17644,0.4821,-0.118,-0.0061,-1944.1
15.524,55.263,-7.0072,11.833,-1.3669,-0.1768,0.48318,-0.1214,-0.0088,-1353.6
15.564,55.741,-7.0668,11.872,-1.3809,-0.17267,0.47217,-0.122,-0.0091,-1313.5
15.604,56.208,-7.0844,11.874,-1.3406,-0.15537,0.42558,-0.118,-0.0054,-2212.9
15.644,56.687,-7.1462,11.91,-1.3564,-0.15235,0.41749,-0.1188,-0.006,-1997.8
15.684,57.164,-7.2095,11.938,-1.3722,-0.14766,0.40489,-0.1197,-0.0065,-1848.8
15.724,57.627,-7.2169,11.954,-1.315,-0.1397,0.38337,-0.1145,-0.0013,-9251
15.764,58.083,-7.1952,11.941,-1.2124,-0.12177,0.33475,-0.1055,0.0075,1600.3
15.804,58.553,-7.2234,11.958,-1.181,-0.1158,0.31855,-0.1026,0.0103,1166.6
15.844,59.034,-7.2638,11.979,-1.1708,-0.11076,0.30487,-0.1013,0.0115,1046.6
15.884,59.517,-7.2787,12.002,-1.1163,-0.10964,0.30181,-0.0966,0.0154,782.71
15.924,59.994,-7.292,12.013,-1.074,-0.1034,0.2848,-0.0928,0.0176,685.29
15.964,60.461,-7.1926,12.015,-0.90333,-0.095178,0.26234,-0.0785,0.0279,431.85
16.004,60.936,-7.117,12.027,-0.76338,-0.091631,0.25263,-0.0667,0.036,334.75
16.044,61.446,-7.1454,12.083,-0.74629,-0.1037,0.28557,-0.0654,0.0357,339.11
16.084,61.923,-7.1246,12.112,-0.66815,-0.10902,0.30003,-0.059,0.0396,306.32
16.124,62.41,-7.1385,12.144,-0.63958,-0.11317,0.31131,-0.0566,0.0399,304.79
16.165,62.89,-7.1123,12.156,-0.55974,-0.10775,0.29657,-0.0498,0.0441,275.93
16.204,63.376,-7.13,12.157,-0.53507,-0.095274,0.26257,-0.0474,0.0447,272.23
16.245,63.886,-7.1514,12.21,-0.51116,-0.10906,0.30015,-0.0457,0.0446,274.01
16.285,64.343,-7.0741,12.197,-0.38335,-0.095567,0.26336,-0.0348,0.0514,237.4
16.325,64.852,-7.1249,12.253,-0.36604,-0.11473,0.31554,-0.0339,0.0521,235.28
16.365,65.362,-7.1368,12.259,-0.35633,-0.097557,0.26881,-0.0325,0.0509,240.94
16.405,65.852,-7.1298,12.274,-0.28766,-0.097168,0.26774,-0.0269,0.055,223.22
16.445,66.359,-7.2436,12.357,-0.37745,-0.10527,0.29074,-0.0342,0.0479,258.09
16.485,66.874,-7.2927,12.346,-0.39967,-0.09954,0.27426,-0.0358,0.045,274.49
16.525,67.381,-7.3259,12.397,-0.39688,-0.1043,0.28767,-0.0356,0.0438,283.19
******-------------------------------------------------------------------------------------------------------------------****** 
TargetID: ID09
Relevancy: 1
tj = 17.4049
Label: 0
Comment: Target is relevant and going straight, since the velocity ratio is almost not changing
DATA:
12.803,0,-0,NaN,NaN,NaN,NaN,0,NaN,NaN
12.843,0.45282,0.54923,NaN,NaN,NaN,NaN,0.3416,NaN,NaN
12.883,0.84346,0.75284,NaN,NaN,NaN,NaN,0.3655,NaN,NaN
12.923,1.3472,0.55434,NaN,NaN,NaN,NaN,0.181,NaN,NaN
12.963,1.7758,0.80421,NaN,NaN,NaN,NaN,0.2561,NaN,NaN
13.003,2.2057,0.63197,NaN,NaN,NaN,NaN,0.1392,NaN,NaN
13.043,2.6249,0.41125,NaN,NaN,NaN,NaN,0.0324,NaN,NaN
13.083,3.0602,0.24579,NaN,NaN,NaN,NaN,-0.0316,NaN,NaN
13.123,3.4894,0.39483,NaN,NaN,NaN,NaN,0.0201,NaN,NaN
13.163,3.9183,0.2818,NaN,NaN,NaN,NaN,-0.0191,NaN,NaN
13.203,4.3412,0.27382,NaN,NaN,NaN,NaN,-0.019,NaN,NaN
13.243,4.7676,0.27518,NaN,NaN,NaN,NaN,-0.019,NaN,NaN
13.284,4.8422,-0.2106,10.437,-0.30177,0,-0,-0.0289,0,Inf
13.324,5.2675,-0.36575,10.411,-0.65887,0.02753,-0.085781,-0.0633,-0.0026,-4012.4
13.364,5.6303,-0.10582,10.322,-0.11931,0.077011,-0.24006,-0.0113,-0.0038,-2716.5
13.404,5.9709,-0.08222,10.265,-0.11373,0.074444,-0.23203,-0.0109,-0.0016,-6416
13.444,6.3945,-0.219,10.149,-0.49991,0.19607,-0.60975,-0.0498,-0.0393,-258.55
13.484,6.8415,-0.39475,10.119,-0.8681,0.19107,-0.5941,-0.0861,-0.0649,-156.49
13.524,7.2902,-0.56427,10.136,-1.1093,0.15813,-0.49216,-0.1095,-0.069,-147.78
13.564,7.7306,-0.90469,10.2,-1.5293,0.092618,-0.2888,-0.1486,-0.0558,-184.84
13.604,8.1576,-0.93597,10.215,-1.3617,0.085903,-0.2674,-0.1328,-0.0147,-701.07
13.644,8.5542,-0.9995,10.247,-1.259,0.065106,-0.20264,-0.1224,0.0294,351.17
13.684,8.9623,-1.0086,10.231,-1.1917,0.067968,-0.21165,-0.116,0.0332,310.24
13.724,9.3838,-1.0849,10.246,-1.2409,0.056753,-0.17665,-0.1207,0.0269,383.66
13.764,9.8003,-1.2079,10.261,-1.3875,0.046999,-0.14638,-0.1345,0.0075,1380.5
13.804,10.212,-1.2616,10.256,-1.3838,0.049464,-0.15406,-0.1342,0.0075,1379.9
13.844,10.617,-1.2683,10.22,-1.2743,0.062833,-0.19576,-0.1239,0.0191,539.24
13.884,11.042,-1.4662,10.223,-1.6604,0.052794,-0.16443,-0.1612,-0.0396,-261.53
13.924,11.454,-1.4123,10.185,-1.3498,0.072919,-0.22701,-0.132,0.0029,3542.7
13.964,11.87,-1.5233,10.18,-1.4936,0.068287,-0.21261,-0.1459,-0.0176,-584.58
14.004,12.275,-1.5365,10.147,-1.3676,0.079065,-0.24613,-0.1342,-0.0018,-5688.3
14.044,12.676,-1.5067,10.1,-1.1317,0.095387,-0.29688,-0.1119,0.0272,373.66
14.084,13.085,-1.4002,10.027,-0.65277,0.1238,-0.38519,-0.0654,0.085,118.22
14.124,13.487,-1.3875,9.9648,-0.46631,0.13953,-0.43404,-0.0472,0.1036,96.29
14.164,13.853,-1.2044,9.7069,0.22057,0.24338,-0.75603,0.0219,0.1836,52.884
14.204,14.258,-1.3157,9.739,-0.012751,0.21251,-0.66085,-0.002,0.1468,66.342
14.244,14.646,-1.29,9.6912,0.090561,0.20986,-0.65217,0.0086,0.152,63.761
14.284,15.051,-1.4088,9.6998,-0.12372,0.19831,-0.61679,-0.0134,0.1207,80.37
14.324,15.444,-1.4832,9.6725,-0.24122,0.1954,-0.60777,-0.0256,0.1024,94.487
14.364,15.829,-1.5115,9.6325,-0.26101,0.19252,-0.60076,-0.0265,0.0973,99.034
14.404,16.212,-1.5041,9.5878,-0.18123,0.19753,-0.61517,-0.0189,0.1011,94.851
14.444,16.609,-1.5927,9.5749,-0.31385,0.19154,-0.59578,-0.0334,0.0821,116.69
14.484,17.003,-1.7099,9.552,-0.51857,0.18368,-0.5714,-0.0548,0.0575,166.37
14.524,17.385,-1.7529,9.5124,-0.55489,0.18115,-0.56417,-0.0583,0.0521,182.89
14.564,16.249,-1.9907,9.4311,-0.18958,0.20151,-0.60599,-0.0308,0.076,124.12
14.604,16.628,-2.0141,9.4011,-0.20773,0.19698,-0.59274,-0.0327,0.0716,131.33
14.644,17,-2.015,9.3519,-0.16018,0.20213,-0.60742,-0.0281,0.0733,127.6
14.684,17.373,-2.0251,9.3126,-0.17431,0.20311,-0.6101,-0.0298,0.0688,135.38
14.724,17.719,-1.9814,9.261,-0.040337,0.2196,-0.6594,-0.0165,0.0789,117.38
14.764,18.086,-1.9424,9.1765,0.050482,0.22451,-0.67074,-0.0072,0.0836,109.77
14.804,18.45,-1.9419,9.121,0.057536,0.23289,-0.69438,-0.007,0.0806,113.17
14.844,18.812,-1.9544,9.0798,0.066945,0.25369,-0.75616,-0.0072,0.0776,117.01
14.884,19.169,-1.9529,9.0348,0.10793,0.27927,-0.83188,-0.0043,0.0772,117.04
14.924,19.533,-1.9953,8.8923,0.058247,0.28996,-0.8539,-0.0106,0.0694,128.13
14.964,19.889,-2.3336,8.7749,0.17489,0.30502,-0.89069,0.0015,0.0761,115.33
15.004,20.378,-2.1309,8.7292,0.1546,0.31343,-0.91936,0.0001,0.0721,121.09
15.044,20.73,-2.1305,8.6845,0.20942,0.3527,-1.0341,0.0041,0.0719,120.82
15.084,21.177,-2.2021,8.563,0.13509,0.34471,-1.0063,-0.003,0.0634,135.08
15.124,21.474,-2.219,8.5195,0.069971,0.33568,-0.97937,-0.0108,0.0549,155.19
15.164,21.823,-2.2626,8.4767,0.040993,0.37635,-1.0996,-0.0167,0.0479,176.97
15.204,22.14,-2.2491,8.3442,0.08987,0.41181,-1.194,-0.0134,0.0492,169.61
15.244,22.496,-2.2433,8.162,0.083971,0.41309,-1.1839,-0.014,0.0477,171.12
15.284,22.767,-2.2894,8.0979,-0.039346,0.40761,-1.1658,-0.0301,0.0336,241.01
15.324,23.024,-2.3306,7.9844,-0.020231,0.42521,-1.2051,-0.0306,0.0318,251.08
15.364,23.334,-2.2881,8.0858,0.077587,0.44656,-1.2924,-0.0199,0.0378,213.92
15.404,23.641,-2.2702,7.8442,0.15399,0.48282,-1.3647,-0.0135,0.0408,192.3
15.444,23.957,-2.2104,7.635,0.17625,0.49456,-1.3716,-0.0121,0.0405,188.57
15.484,24.305,-2.3122,7.577,-0.17199,0.43943,-1.3488,-0.0227,0.0303,250.13
15.524,24.624,-2.3338,7.5916,0.093545,0.49799,-1.397,-0.0237,0.0279,272.12
15.564,24.994,-2.485,7.6557,-0.13843,0.46519,-1.3354,-0.0516,0.0066,1160.2
15.604,25.3,-2.6125,7.3642,-0.19643,0.45552,-1.2677,-0.0609,0.0001,73669
15.644,25.63,-2.6861,7.4224,-0.28467,0.43298,-1.2305,-0.0709,-0.0077,-964.65
15.684,25.934,-2.7516,7.3509,-0.367,0.41555,-1.1844,-0.0817,-0.0146,-504.11
15.724,26.238,-2.8165,7.382,-0.45226,0.3944,-1.1466,-0.0915,-0.0206,-359.02
15.764,26.618,-2.8968,7.1339,-0.53693,0.37102,-1.0536,-0.1031,-0.0282,-253.69
15.804,26.942,-2.9926,7.2189,-0.66394,0.32654,-0.95121,-0.1162,-0.0366,-198.07
15.844,27.221,-3.0153,7.0548,-0.6026,0.32838,-0.94015,-0.1107,-0.0312,-226.94
15.884,27.509,-3.0528,7.0026,-0.67031,0.31761,-0.91153,-0.1204,-0.0374,-188.09
15.924,27.765,-3.0253,7.0952,-0.57236,0.31417,-0.92604,-0.1054,-0.0255,-279.15
15.964,28.043,-3.0518,6.8744,-0.52721,0.30854,-0.88342,-0.102,-0.022,-313.39
16.004,28.328,-3.1057,6.8423,-0.60609,0.29021,-0.8348,-0.1125,-0.0289,-237.69
16.044,28.605,-3.2028,6.8678,-0.81621,0.24752,-0.72088,-0.1389,-0.0466,-148.42
16.084,28.79,-3.2412,6.8387,-0.87537,0.23179,-0.67574,-0.1479,-0.0517,-133.36
16.124,29.099,-3.1865,6.8679,-0.90808,0.20031,-0.59003,-0.1492,-0.0505,-137.18
16.165,29.443,-3.2448,6.8411,-0.94098,0.18872,-0.55844,-0.1529,-0.0515,-134.09
16.204,29.702,-3.2652,6.7754,-0.87064,0.19337,-0.57048,-0.1449,-0.0443,-154.2
16.245,29.965,-3.2946,6.7651,-0.87798,0.17644,-0.52259,-0.1449,-0.0429,-159.02
16.285,30.227,-3.3179,6.7173,-0.87885,0.17578,-0.52036,-0.1462,-0.0427,-158.65
16.325,30.511,-3.3225,6.8006,-0.88589,0.12872,-0.38624,-0.1413,-0.0371,-184.85
16.365,30.758,-3.3136,6.7183,-0.83422,0.13922,-0.4161,-0.1366,-0.033,-205.15
16.405,31.046,-3.3816,6.7739,-0.90368,0.10704,-0.3231,-0.1425,-0.035,-195.26
16.445,31.309,-3.434,6.7595,-0.87317,0.097744,-0.29565,-0.1376,-0.0304,-224.2
16.485,31.568,-3.4487,6.7099,-0.84309,0.10278,-0.31025,-0.1347,-0.0279,-242.39
16.525,31.831,-3.4671,6.6585,-0.77769,0.10803,-0.32535,-0.1267,-0.0213,-314.73
16.565,32.091,-3.4916,6.6317,-0.76841,0.10721,-0.3228,-0.1258,-0.0203,-328.87
16.605,32.339,-3.5052,6.5832,-0.74428,0.11156,-0.33524,-0.1237,-0.0185,-358.12
16.645,32.579,-3.5433,6.4971,-0.73919,0.12893,-0.38504,-0.1264,-0.0197,-331.93
16.685,32.823,-3.5577,6.4519,-0.71935,0.1302,-0.38836,-0.1245,-0.018,-360.66
16.725,33.07,-3.6915,6.4359,-0.73421,0.12547,-0.3743,-0.1267,-0.0193,-335.63
16.765,33.311,-3.7046,6.3817,-0.71199,0.12998,-0.38682,-0.125,-0.0178,-360.75
16.805,33.57,-3.737,6.3299,-0.70573,0.13905,-0.41232,-0.126,-0.0185,-344.28
16.845,33.786,-3.7294,6.1936,-0.60388,0.16761,-0.49081,-0.1161,-0.0113,-550.7
16.885,34.016,-3.7497,6.0856,-0.59744,0.19147,-0.55516,-0.1199,-0.0145,-421.71
16.925,34.254,-3.7675,6.007,-0.56924,0.20281,-0.58467,-0.1183,-0.0135,-446.95
16.965,34.474,-3.7747,5.9073,-0.52376,0.21699,-0.62082,-0.1147,-0.0108,-549.12
17.005,34.706,-3.7878,5.8265,-0.49195,0.22721,-0.64621,-0.1123,-0.0093,-628.73
17.045,34.935,-3.8142,5.7374,-0.47571,0.24164,-0.68206,-0.1133,-0.01,-575.7
17.085,35.129,-3.8096,5.6113,-0.41077,0.26017,-0.72598,-0.1073,-0.0058,-970.06
17.125,35.318,-3.819,5.4707,-0.35531,0.29011,-0.79571,-0.1049,-0.0044,-1246
17.165,35.525,-3.8318,5.3703,-0.32259,0.30194,-0.82101,-0.1029,-0.0031,-1735.5
17.205,35.727,-3.8369,5.2704,-0.28612,0.31368,-0.84516,-0.1003,-0.0014,-3770.1
17.245,35.924,-3.8404,5.1704,-0.26315,0.32241,-0.86196,-0.0996,-0.0011,-4706.5
17.285,36.108,-3.8536,5.038,-0.23006,0.34513,-0.90835,-0.0999,-0.0016,-3152
17.325,36.288,-3.857,4.9249,-0.20623,0.35996,-0.93585,-0.1006,-0.0024,-2053.8
17.365,36.482,-3.8823,4.8536,-0.23128,0.35749,-0.92729,-0.1074,-0.0074,-656.63
17.405,36.669,-3.9118,4.7734,-0.22209,0.35933,-0.92616,-0.1085,-0.0081,-589.94
17.445,36.843,-3.9348,4.6619,-0.19638,0.37,-0.94221,-0.1084,-0.008,-583.25
17.485,37.013,-3.9479,4.5483,-0.17447,0.38193,-0.96021,-0.1094,-0.0087,-523.17
17.525,37.161,-3.952,4.3937,-0.12352,0.40722,-1.0006,-0.1077,-0.0076,-578.35
17.565,37.287,-3.9443,4.1906,-0.031652,0.45201,-1.0692,-0.1015,-0.0036,-1164.1
17.605,37.446,-3.9553,4.0852,-0.0097993,0.45968,-1.0727,-0.1017,-0.0039,-1047.5
17.645,37.536,-3.9486,3.9363,0.063743,0.49226,-1.108,-0.0982,-0.0015,-2624.6
17.685,37.655,-3.9471,3.7392,0.14373,0.5418,-1.1649,-0.0951,0.0002,18710
17.725,37.769,-3.9388,3.5409,0.23548,0.59655,-1.2179,-0.0897,0.0036,985.76
17.765,37.912,-3.95,3.4464,0.23634,0.59403,-1.199,-0.0931,0.0011,3140.4
17.805,38.054,-3.9587,3.3546,0.27276,0.60671,-1.1981,-0.0904,0.0028,1202
17.845,38.192,-3.9697,3.2636,0.28164,0.60884,-1.1843,-0.0929,0.001,3275.8
17.885,38.327,-3.9811,3.1793,0.28652,0.60591,-1.1641,-0.0953,-0.0009,-3546.9
17.925,38.468,-3.9917,3.1045,0.28997,0.60003,-1.1418,-0.0968,-0.0019,-1641.1
******-------------------------------------------------------------------------------------------------------------------****** 
TargetID: ID10
Relevancy: 0
tj = Inf
Label: -1
Comment: Target is irrelevant as it is not crossing the estimated holding line
DATA:
15.404,-0,0,NaN,NaN,NaN,NaN,0,NaN,NaN
15.444,-0.034617,-0.92773,NaN,NaN,NaN,NaN,-0.9509,NaN,NaN
15.484,0.13859,-0.91305,NaN,NaN,NaN,NaN,-0.7587,NaN,NaN
15.524,0.27322,-0.37511,NaN,NaN,NaN,NaN,-0.1157,NaN,NaN
15.564,0.3895,0.52253,NaN,NaN,NaN,NaN,0.704,NaN,NaN
15.604,0.63176,0.18399,NaN,NaN,NaN,NaN,0.3479,NaN,NaN
15.644,0.86367,0.17966,NaN,NaN,NaN,NaN,0.2883,NaN,NaN
15.684,1.0906,0.20296,NaN,NaN,NaN,NaN,0.2599,NaN,NaN
15.724,1.2908,-0.043795,NaN,NaN,NaN,NaN,0.0652,NaN,NaN
15.764,1.5445,-0.018194,NaN,NaN,NaN,NaN,0.0671,NaN,NaN
15.804,1.7223,-0.27103,NaN,NaN,NaN,NaN,-0.0819,NaN,NaN
15.844,1.9206,-0.24908,NaN,NaN,NaN,NaN,-0.0609,NaN,NaN
15.884,2.1106,-0.37087,NaN,NaN,NaN,NaN,-0.114,NaN,NaN
15.924,2.3137,-0.34343,NaN,NaN,NaN,NaN,-0.0904,NaN,NaN
15.964,2.4991,-0.32284,NaN,NaN,NaN,NaN,-0.0723,NaN,NaN
16.004,2.8173,0.25904,5.0368,-0.14425,-0,0,-0.0286,0,Inf
16.044,3.0188,0.25284,5.0368,-0.14415,-0,0,-0.0286,0,Inf
16.084,3.1898,0.24064,4.7782,-0.15394,0.19759,-0.39735,-0.0322,-0.0047,-1017.2
16.124,3.4076,0.23258,4.8554,-0.16498,0.11335,-0.22762,-0.0349,-0.0026,-1868.5
16.165,3.6015,0.22711,4.8302,-0.16482,0.11354,-0.228,-0.0351,-0.0026,-1858.9
16.204,3.8511,0.27694,4.9912,-0.098538,0.0092508,-0.018617,-0.0198,0.0052,960.03
16.245,4.0821,0.30757,5.0618,-0.06057,-0.028554,0.057507,-0.0117,0.0092,550.24
16.285,4.29,0.20712,5.0709,-0.24231,-0.025223,0.050782,-0.0476,-0.0072,-705.1
16.325,4.5013,0.276,5.1164,-0.095607,-0.045367,0.091332,-0.0187,0.0121,422.91
16.365,4.6955,0.35728,5.1451,0.075786,-0.073138,0.14708,0.0142,0.0328,156.88
16.405,4.9022,0.30244,5.161,-0.039532,-0.071404,0.14384,-0.0071,0.0139,371.3
16.445,5.1327,0.19982,5.1878,-0.27337,-0.059477,0.11978,-0.0522,-0.0257,-202.14
16.485,5.3403,0.21526,5.2078,-0.21914,-0.058706,0.11819,-0.0421,-0.0143,-364.5
16.525,5.5749,0.1756,5.2413,-0.32151,-0.055332,0.11143,-0.0609,-0.0297,-176.81
16.565,5.7931,0.22927,5.2493,-0.18604,-0.049297,0.099311,-0.0351,0.0016,3282.8
16.605,5.9957,0.22002,5.2482,-0.18263,-0.045019,0.090542,-0.0351,0.0004,13128
16.645,6.2049,0.32773,5.24,0.082979,-0.045273,0.091077,0.0155,0.0599,87.49
16.685,6.4234,0.33593,5.25,0.095276,-0.047284,0.095226,0.0185,0.0628,83.612
16.725,6.6573,0.22596,5.2794,-0.20941,-0.042449,0.085476,-0.0393,-0.0045,-1174.1
16.765,6.8677,0.22012,5.2795,-0.20838,-0.034653,0.069793,-0.0392,-0.0043,-1228.7
16.805,7.1037,0.24016,5.2913,-0.17485,-0.026795,0.053959,-0.0328,0.0075,705.89
16.845,7.3123,0.30744,5.2685,0.010148,-0.015101,0.030398,0.0019,0.0468,112.58
16.885,7.5233,0.30915,5.2729,0.019846,-0.01485,0.029891,0.0038,0.0468,112.67
16.925,7.7127,0.2868,5.2191,-0.0018697,0.0081788,-0.016465,-0.0003,0.0389,134.17
16.965,7.9358,0.2577,5.2127,-0.085136,0.016175,-0.032552,-0.0165,0.0225,231.71
17.005,8.1551,0.30718,5.1965,0.027988,0.028138,-0.056608,0.0052,0.0464,112
17.045,8.3337,0.40832,5.1166,0.28057,0.05777,-0.11637,0.0552,0.0937,54.688
17.085,8.5382,0.4203,5.1057,0.29919,0.058336,-0.11751,0.059,0.0937,54.583
17.125,8.7213,0.42922,5.0485,0.33064,0.075409,-0.15194,0.066,0.0958,52.811
17.165,8.8938,0.45011,4.979,0.3917,0.09667,-0.19485,0.0793,0.1027,48.63
17.205,9.0993,0.43928,4.9643,0.35359,0.10061,-0.20221,0.0703,0.0913,54.511
17.245,9.2932,0.44442,4.9354,0.34595,0.10627,-0.21441,0.0709,0.0882,56.094
17.285,9.4984,0.42533,4.9198,0.29219,0.10718,-0.2154,0.0584,0.0745,66.153
17.325,9.6971,0.38024,4.8997,0.18604,0.10528,-0.2116,0.037,0.0528,92.864
17.365,9.8961,0.34345,4.8818,0.10474,0.10237,-0.20577,0.0206,0.0366,133.41
17.405,10.092,0.31427,4.8575,0.041489,0.10306,-0.20717,0.0077,0.0243,199.91
17.445,10.285,0.30389,4.8319,0.02073,0.10338,-0.208,0.0043,0.0205,235.71
17.485,10.471,0.27326,4.8113,-0.030076,0.10025,-0.20222,-0.0054,0.011,437.4
17.525,10.687,0.25348,4.8183,-0.077177,0.091128,-0.18321,-0.0168,0.0032,1505.9
17.565,10.886,0.23615,4.8133,-0.10674,0.084564,-0.17003,-0.0229,-0.0014,-3438.9
17.605,11.078,0.23172,4.7957,-0.10661,0.084564,-0.17003,-0.023,-0.0014,-3426.4
17.645,11.273,0.19073,4.803,-0.1717,0.068349,-0.13746,-0.0363,-0.0119,-403.87
17.685,11.469,0.22758,4.8082,-0.090111,0.062551,-0.12573,-0.0193,0.0014,3435
17.725,11.67,0.10644,4.8055,-0.3107,0.048488,-0.097543,-0.065,-0.0326,-147.72
17.765,11.882,0.14118,4.8328,-0.24569,0.040172,-0.080792,-0.0511,-0.0202,-239.56
17.805,12.084,0.07659,4.8404,-0.35279,0.030847,-0.062068,-0.073,-0.0352,-137.88
17.845,12.29,0.040829,4.851,-0.40781,0.024801,-0.049906,-0.0841,-0.0414,-117.59
17.885,12.488,0.06516,4.8512,-0.34387,0.025747,-0.051797,-0.071,-0.0308,-157.9
17.925,12.695,0.047565,4.8654,-0.36845,0.020268,-0.040782,-0.0757,-0.0325,-150.13
******-------------------------------------------------------------------------------------------------------------------****** 
TargetID: ID11
Target can not be processed due to lack of Data
******-------------------------------------------------------------------------------------------------------------------****** 
TargetID: ID13
Target can not be processed due to lack of Data
******-------------------------------------------------------------------------------------------------------------------****** 
TargetID: ID06
Relevancy: 0
tj = Inf
Label: -1
Comment: Target is irrelevant as it is not crossing the estimated holding line
DATA:
15.524,0,-0,NaN,NaN,NaN,NaN,0,NaN,NaN
15.564,0.41513,-0.0001887,NaN,NaN,NaN,NaN,0.0001,NaN,NaN
15.604,1.0024,0.45746,NaN,NaN,NaN,NaN,0.2305,NaN,NaN
15.644,1.4159,0.55515,NaN,NaN,NaN,NaN,0.2305,NaN,NaN
15.684,1.8293,0.65566,NaN,NaN,NaN,NaN,0.2304,NaN,NaN
15.724,2.243,0.753,NaN,NaN,NaN,NaN,0.2304,NaN,NaN
15.764,2.7195,0.41033,NaN,NaN,NaN,NaN,0.1067,NaN,NaN
15.804,3.1309,0.45252,NaN,NaN,NaN,NaN,0.1067,NaN,NaN
15.844,3.5422,0.49462,NaN,NaN,NaN,NaN,0.1068,NaN,NaN
15.884,3.9534,0.53807,NaN,NaN,NaN,NaN,0.1068,NaN,NaN
15.924,4.3645,0.58115,NaN,NaN,NaN,NaN,0.1068,NaN,NaN
15.964,4.7756,0.62423,NaN,NaN,NaN,NaN,0.1068,NaN,NaN
16.004,5.1868,0.6653,NaN,NaN,NaN,NaN,0.1068,NaN,NaN
16.044,5.5979,0.70847,NaN,NaN,NaN,NaN,0.1069,NaN,NaN
16.084,6.0763,0.08924,NaN,NaN,NaN,NaN,-0.0006,NaN,NaN
16.124,6.4812,0.088066,NaN,NaN,NaN,NaN,-0.0006,NaN,NaN
16.165,6.8563,-0.75336,NaN,NaN,NaN,NaN,-0.1438,NaN,NaN
16.204,7.2559,-0.80987,NaN,NaN,NaN,NaN,-0.1438,NaN,NaN
16.245,7.3326,-1.4926,9.9248,-1.7928,0,-0,-0.1787,0,Inf
16.285,7.7297,-1.5658,9.9249,-1.7925,0,-0,-0.1787,0,Inf
16.325,8.1476,-1.8653,9.8397,-2.1581,0.067546,-0.19122,-0.2161,-0.0201,-501.17
16.365,8.5407,-1.9499,9.8196,-2.1623,0.06896,-0.19522,-0.2169,-0.0201,-500.24
16.405,8.8871,-1.4472,9.6345,-1.4124,0.18611,-0.52765,-0.145,-0.0346,-281.43
16.445,9.2717,-1.5028,9.5923,-1.4201,0.18897,-0.53578,-0.1464,-0.0346,-280.26
16.485,9.6547,-1.5597,9.5501,-1.4276,0.19184,-0.54391,-0.1478,-0.0346,-279.08
16.525,10.036,-1.6169,9.508,-1.4348,0.19461,-0.55177,-0.1492,-0.0346,-277.91
16.565,10.416,-1.6748,9.4658,-1.4418,0.19737,-0.55963,-0.1506,-0.0346,-276.73
16.605,10.793,-1.7306,9.4237,-1.4492,0.20005,-0.56722,-0.152,-0.0346,-275.56
16.645,11.206,-2.2028,9.5053,-2.0284,0.1183,-0.33541,-0.2099,-0.0616,-157.78
16.685,11.586,-2.2841,9.4717,-2.0457,0.12122,-0.34368,-0.2124,-0.0616,-157.31
16.725,11.964,-2.3636,9.438,-2.0634,0.12404,-0.35169,-0.2149,-0.0616,-156.83
16.765,12.354,-2.7662,9.4458,-2.4786,0.10802,-0.30584,-0.2569,-0.0806,-121.16
16.805,12.738,-2.6907,9.4414,-2.1449,0.12209,-0.34574,-0.2234,-0.0411,-235.57
16.845,13.115,-2.7781,9.4139,-2.1548,0.12591,-0.35654,-0.225,-0.0411,-234.97
16.885,13.493,-2.7394,9.3937,-1.9555,0.13437,-0.38016,-0.2056,-0.0212,-452.6
16.925,13.883,-2.9948,9.4146,-2.2575,0.10897,-0.30879,-0.2351,-0.0473,-204.68
16.965,14.258,-3.0782,9.3983,-2.2404,0.11004,-0.31161,-0.234,-0.0429,-225.21
17.005,14.634,-3.1673,9.3763,-2.2523,0.11367,-0.32187,-0.2357,-0.0429,-224.78
17.045,14.996,-3.0386,9.3175,-1.816,0.13909,-0.39349,-0.1929,0.0034,2792
17.085,15.403,-3.2147,9.3424,-2.026,0.11262,-0.31869,-0.2139,-0.0202,-473.25
17.125,15.775,-3.1774,9.3091,-1.7735,0.123,-0.34802,-0.1886,0.0072,1316.2
17.165,16.14,-3.0794,9.2568,-1.4259,0.13495,-0.38212,-0.1528,0.0438,213.84
17.205,16.47,-2.9551,9.173,-1.0796,0.14489,-0.41075,-0.1167,0.0805,114.74
17.245,16.84,-3.1167,9.2021,-1.3369,0.1074,-0.30439,-0.1439,0.049,189.77
17.285,17.211,-3.2298,9.2087,-1.4486,0.092641,-0.26253,-0.1558,0.0354,263.33
17.325,17.586,-3.319,9.2069,-1.49,0.087768,-0.24848,-0.1607,0.0292,319.41
17.365,17.956,-3.3553,9.1917,-1.4248,0.08728,-0.24733,-0.1535,0.0351,265
17.405,18.324,-3.4059,9.1737,-1.3901,0.08877,-0.25122,-0.1507,0.0363,255.6
17.445,18.684,-3.3799,9.1398,-1.2065,0.096334,-0.2728,-0.1312,0.0533,172.97
17.485,19.05,-3.3826,9.1212,-1.0911,0.095658,-0.27068,-0.1194,0.0622,147.69
17.525,19.406,-3.3326,9.0771,-0.86805,0.10406,-0.29441,-0.0957,0.0814,112.02
17.565,19.766,-3.2439,9.0267,-0.57291,0.11203,-0.31693,-0.0638,0.1064,85.008
17.605,20.133,-3.2598,9.0152,-0.52425,0.10397,-0.29413,-0.0584,0.1069,84.475
17.645,20.496,-3.3331,9.001,-0.58431,0.10141,-0.28746,-0.0645,0.0983,91.759
17.685,20.853,-3.3145,8.9728,-0.47438,0.1032,-0.29252,-0.0525,0.105,85.574
17.725,21.206,-3.251,8.9386,-0.28549,0.10513,-0.29773,-0.0319,0.1183,75.598
17.765,21.565,-3.3061,8.9257,-0.3304,0.10504,-0.29757,-0.037,0.1107,80.685
17.805,21.925,-3.3672,8.9138,-0.3808,0.10325,-0.2925,-0.0427,0.1027,86.874
17.845,22.281,-3.3807,8.8928,-0.34346,0.10424,-0.2953,-0.0386,0.1027,86.654
17.885,22.634,-3.3834,8.8573,-0.282,0.11116,-0.31479,-0.0318,0.1048,84.559
17.925,22.985,-3.3351,8.8242,-0.14728,0.11559,-0.32771,-0.0163,0.1132,77.963
******-------------------------------------------------------------------------------------------------------------------****** 
