******-------------------------------------------------------------------------------------------------------------------****** 
Duration of the scene is: 33.0493 seconds
Original Targets Numbers in the hole Scene: 7
Number of Targets in the hole Scene after preprocessing: 16
Number of static portions: 2
******-------------------------------------------------------------------------------------------------------------------****** 
TargetID: ID02
Relevancy: 1
tj = 2.3998
Label: 0
Comment: Target is relevant and going straight, since the velocity ratio is almost not changing
DATA:
0,-0,-0,3.4143,0.10039,0.13201,-0.23711,0,0.0473,72.215
0.039995,0.27541,0.046272,3.5183,0.057138,0.1048,-0.19417,-0.0064,0.0435,80.891
0.080019,0.40596,0.062392,3.5075,0.073931,0.093647,-0.17217,0.0008,0.0463,75.773
0.11918,0.54132,0.051138,3.4247,0.056193,0.080572,-0.14405,-0.0014,0.0443,77.318
0.16003,0.68359,0.050379,3.4731,0.049396,0.064526,-0.11614,0.0003,0.0443,78.408
0.2,0.81596,0.084531,3.492,0.069518,0.061105,-0.10976,0.0068,0.0468,74.631
0.24008,0.94499,0.076082,3.4772,0.073802,0.058354,-0.10368,0.0088,0.0468,74.316
0.27918,1.0512,0.11527,3.4497,0.11549,0.061404,-0.10764,0.0202,0.0518,66.634
0.32009,1.2017,0.10731,3.4217,0.10471,0.060059,-0.10324,0.0177,0.0495,69.159
0.36009,1.3438,0.10164,3.4185,0.10074,0.055578,-0.094447,0.0177,0.0485,70.515
0.40012,1.4788,0.10446,3.3902,0.1101,0.066918,-0.11168,0.0183,0.0478,70.962
0.44012,1.6179,0.1121,3.3717,0.11659,0.073465,-0.12062,0.0191,0.0474,71.174
0.48015,1.7539,0.080607,3.3409,0.10205,0.083651,-0.13494,0.0129,0.0435,76.839
0.51929,1.9169,0.03141,3.3348,0.052442,0.083075,-0.13227,-0.0015,0.0356,93.685
0.56016,2.0628,0.016843,3.3165,0.021597,0.069799,-0.10918,-0.0078,0.0319,103.97
0.59931,2.1948,-0.015363,3.3317,0.0025633,0.06649,-0.10358,-0.0126,0.029,114.89
0.64021,2.3435,-0.038834,3.3329,-0.023633,0.059185,-0.091095,-0.0188,0.0254,131.22
0.67935,2.4783,-0.028357,3.3456,-0.014392,0.059105,-0.090234,-0.0158,0.0264,126.73
0.72023,2.5915,-0.013636,3.3191,0.0047447,0.058844,-0.088349,-0.0101,0.0287,115.65
0.75937,2.7211,-0.018018,3.285,0.0053611,0.054427,-0.079863,-0.009,0.0286,114.86
0.80025,2.8618,-0.035529,3.3075,-0.012721,0.044499,-0.064676,-0.0123,0.0265,124.81
0.83937,3.014,-0.066179,3.3039,-0.052443,0.03465,-0.049337,-0.0223,0.0214,154.41
0.88025,3.1564,-0.11496,3.3067,-0.087867,0.028271,-0.039565,-0.0317,0.0166,199.27
0.91939,3.2852,-0.12344,3.2912,-0.084831,0.033791,-0.046442,-0.0318,0.0162,203.23
0.96031,3.4069,-0.11633,3.2623,-0.077071,0.032138,-0.043082,-0.0293,0.0171,190.83
0.99938,3.538,-0.13931,3.2485,-0.08615,0.032265,-0.042413,-0.0322,0.0154,211.02
1.0404,3.6446,-0.097821,3.2138,-0.047018,0.03708,-0.047552,-0.0212,0.0202,159.11
1.0794,3.7764,-0.10654,3.2032,-0.054343,0.030144,-0.037736,-0.0222,0.0193,165.99
1.1204,3.9099,-0.11117,3.2132,-0.10074,0.017062,-0.020773,-0.0342,0.014,229.63
1.1595,4.0243,-0.1136,3.1927,-0.08898,0.01715,-0.020398,-0.0307,0.0153,208.76
1.1995,4.1488,-0.10758,3.1772,-0.082793,0.012133,-0.014025,-0.028,0.0162,196.19
1.2395,4.269,-0.097145,3.1575,-0.074292,0.0097867,-0.010995,-0.0251,0.0173,182.57
1.2804,4.3996,-0.099543,3.1603,-0.078726,0.0032489,-0.0035463,-0.0254,0.0169,187.06
1.3195,4.5618,-0.16064,3.2143,-0.12809,-0.0036878,0.0039077,-0.0393,0.0104,309.32
1.3604,4.6857,-0.17618,3.1918,-0.13984,-0.0071003,0.0072912,-0.0428,0.0088,363.05
1.3995,4.8282,-0.21579,3.194,-0.17675,-0.012825,0.012752,-0.0536,0.0038,841.82
1.4404,4.9746,-0.24169,3.2079,-0.18989,-0.013856,0.013315,-0.0574,0.0021,1530.2
1.4796,5.1134,-0.27589,3.212,-0.21013,-0.016879,0.015666,-0.0633,-0.0006,-5364.7
1.5205,5.2441,-0.29082,3.2292,-0.233,-0.01485,0.013295,-0.0703,-0.0036,-899.33
1.5596,5.3777,-0.31122,3.2498,-0.26004,-0.0085706,0.0073813,-0.079,-0.0071,-459.18
1.6006,5.5075,-0.33129,3.2302,-0.27101,-0.018929,0.015687,-0.0818,-0.0082,-395.31
1.6396,5.6607,-0.37721,3.278,-0.27732,0.0039842,-0.0031713,-0.0848,-0.0095,-346.28
1.6796,5.7938,-0.37951,3.2671,-0.27241,-0.0093166,0.0071298,-0.0823,-0.0083,-394.99
1.7196,5.9265,-0.40115,3.2557,-0.28208,-0.020714,0.015242,-0.0846,-0.0092,-355.2
1.7597,6.038,-0.37646,3.2391,-0.24491,-0.031376,0.022145,-0.0727,-0.0039,-832.9
1.7997,6.1722,-0.41459,3.2256,-0.27846,-0.047205,0.03202,-0.0822,-0.0079,-409.83
1.8397,6.3065,-0.4645,3.205,-0.31421,-0.065889,0.042868,-0.0926,-0.0122,-263.97
1.8796,6.439,-0.51252,3.1765,-0.3499,-0.092273,0.057543,-0.1029,-0.0165,-193.68
1.9196,6.5541,-0.4809,3.1625,-0.30316,-0.10183,0.060603,-0.0882,-0.01,-317.7
1.9597,6.6777,-0.51539,3.1345,-0.33124,-0.14185,0.081208,-0.0955,-0.0128,-246.25
1.9997,6.7952,-0.51619,3.0777,-0.31734,-0.1802,0.098105,-0.0904,-0.0105,-294.66
2.0397,6.9204,-0.54566,3.0228,-0.33221,-0.23466,0.12179,-0.0939,-0.0118,-257.71
2.0806,7.0497,-0.55545,2.9867,-0.37069,-0.26902,0.13274,-0.107,-0.0168,-179.15
2.1197,7.1598,-0.56435,2.9209,-0.37388,-0.33803,0.15795,-0.1071,-0.0165,-178.47
2.1597,7.2728,-0.55653,2.8974,-0.35302,-0.36036,0.15917,-0.1005,-0.0134,-217.83
2.1998,7.3946,-0.6029,2.9117,-0.37936,-0.36972,0.15554,-0.1105,-0.0174,-168.75
2.2398,7.5112,-0.6256,2.8943,-0.3862,-0.37408,0.14828,-0.1149,-0.019,-153.68
2.2798,7.6203,-0.63687,2.8234,-0.38035,-0.41088,0.15203,-0.1154,-0.0188,-151.54
2.3198,7.7358,-0.64728,2.8083,-0.36977,-0.42127,0.14636,-0.1133,-0.0176,-160.94
2.3598,7.8534,-0.6617,2.79,-0.36822,-0.43644,0.14193,-0.1146,-0.0178,-158.1
2.3998,7.964,-0.67885,2.7652,-0.36936,-0.45364,0.13758,-0.1172,-0.0186,-149.99
2.4398,8.0757,-0.69124,2.7402,-0.36163,-0.47656,0.13435,-0.1164,-0.018,-153.55
2.4799,8.1878,-0.70545,2.7204,-0.35655,-0.4901,0.12805,-0.1169,-0.0178,-154.14
2.5198,8.302,-0.70656,2.7178,-0.33486,-0.48524,0.11689,-0.1105,-0.015,-182.56
******-------------------------------------------------------------------------------------------------------------------****** 
TargetID: ID01
Relevancy: 0
tj = Inf
Label: -1
Comment: Target is irrelevant as it is not crossing the estimated holding line
DATA:
13.764,NaN,NaN,NaN,NaN,NaN,NaN,0,NaN,NaN
13.804,NaN,NaN,NaN,NaN,NaN,NaN,-0.1855,NaN,NaN
13.844,NaN,NaN,NaN,NaN,NaN,NaN,-0.2685,NaN,NaN
13.884,NaN,NaN,NaN,NaN,NaN,NaN,-0.1974,NaN,NaN
13.924,NaN,NaN,NaN,NaN,NaN,NaN,-0.2493,NaN,NaN
13.964,NaN,NaN,NaN,NaN,NaN,NaN,-0.1766,NaN,NaN
14.004,NaN,NaN,NaN,NaN,NaN,NaN,-0.1505,NaN,NaN
14.044,NaN,NaN,6.7636,-1.061,0,0,-0.1556,0,Inf
14.084,NaN,NaN,6.3145,-1.7624,-0.11024,-0.030266,-0.2746,-0.0127,-516.21
14.124,NaN,NaN,6.3778,-1.7683,0.0087336,0.0023794,-0.2703,-0.0173,-382.57
14.164,NaN,NaN,6.3304,-1.9062,0.050524,0.013681,-0.2914,-0.0298,-221.85
14.204,NaN,NaN,6.4426,-1.6242,-0.02798,-0.0075697,-0.2476,0.0848,78.352
14.244,NaN,NaN,6.4665,-1.6274,-0.0025945,-0.00069824,-0.2466,0.0844,79.007
14.284,NaN,NaN,6.4607,-1.7241,0.046198,0.012361,-0.2597,0.0771,86.729
14.324,NaN,NaN,6.527,-1.6259,0.095327,0.025304,-0.242,0.0886,75.919
14.364,NaN,NaN,6.5747,-1.6345,0.26031,0.068272,-0.2381,0.0859,78.869
14.404,NaN,NaN,6.4557,-1.8075,0.023115,0.0060904,-0.2724,0.0361,185.71
14.444,NaN,NaN,6.317,-2.0093,-0.25903,-0.069034,-0.3146,-0.0288,-230.17
14.484,NaN,NaN,5.5691,-3.1589,-0.25369,-0.067347,0.51813,-0.10793,-59.325
14.524,NaN,NaN,4.9904,-4.0385,-0.24837,-0.065662,1.3492,-0.18689,-34.35
14.564,NaN,NaN,4.5788,-4.6511,-0.24303,-0.063975,2.1814,-0.26596,-24.54
14.604,NaN,NaN,4.3353,-4.9955,-0.2377,-0.062289,3.0131,-0.345,-19.172
14.644,NaN,NaN,4.2597,-5.0719,-0.23236,-0.060602,3.8454,-0.42408,-15.618
14.684,NaN,NaN,4.3521,-4.8799,-0.22702,-0.058915,4.6778,-0.50318,-12.995
14.724,NaN,NaN,4.6122,-4.4201,-0.22169,-0.057229,5.5095,-0.5822,-10.973
14.764,NaN,NaN,4.4203,-4.911,0.22353,0.054743,5.4545,-0.6154,-10.737
14.804,NaN,NaN,4.3782,-5.0479,0.35723,0.085641,5.4414,-0.5988,-11.159
14.844,NaN,NaN,4.4363,-5.1491,0.56605,0.13185,5.4456,-0.5598,-12.141
14.884,NaN,NaN,4.4728,-5.2449,0.71362,0.16311,5.4454,-0.5301,-13.003
14.924,NaN,NaN,4.4879,-5.3236,0.81746,0.1844,5.443,-0.5052,-13.782
14.964,NaN,NaN,4.2974,-5.7804,1.015,0.22858,5.3878,-0.5457,-13.199
15.004,NaN,NaN,4.2074,-5.8303,1.1475,0.24648,5.3783,-0.5292,-13.586
15.044,NaN,NaN,4.1019,-6.2386,1.3315,0.28895,5.3389,-0.5489,-13.602
15.084,NaN,NaN,3.9934,-6.5002,1.5455,0.32759,5.3135,-0.5503,-13.863
15.124,NaN,NaN,4.1024,-6.3976,1.5063,0.32221,5.3316,-0.504,-15.079
15.164,NaN,NaN,4.2323,-6.2186,1.4019,0.30462,5.3561,-0.454,-16.569
15.204,NaN,NaN,4.3755,-5.9433,1.223,0.27196,5.3883,-0.3992,-18.488
15.244,NaN,NaN,4.5673,-5.232,0.57735,0.13713,5.4516,-0.3134,-22.161
15.284,NaN,NaN,4.7307,-4.8444,0.41635,0.10147,5.4995,-0.2469,-27.425
15.324,NaN,NaN,4.8518,-4.3998,0.18097,0.044932,5.5529,-0.1775,-36.9
******-------------------------------------------------------------------------------------------------------------------****** 
TargetID: ID09
Relevancy: 1
tj = 31.6484
Label: 1
Comment: Target is relevant and Turning, since the velocity ratio is highly changing at the end
DATA:
26.527,0,-0,NaN,NaN,NaN,NaN,0,NaN,NaN
26.567,0.4716,0.00071991,NaN,NaN,NaN,NaN,0,NaN,NaN
26.607,0.76,-0.29123,NaN,NaN,NaN,NaN,-0.1351,NaN,NaN
26.647,1.2296,-0.35457,NaN,NaN,NaN,NaN,-0.1351,NaN,NaN
26.687,1.6776,-0.32646,NaN,NaN,NaN,NaN,-0.0999,NaN,NaN
26.727,2.1483,-0.37196,NaN,NaN,NaN,NaN,-0.0999,NaN,NaN
26.767,2.6705,0.60375,NaN,NaN,NaN,NaN,0.2233,NaN,NaN
26.807,3.1418,0.71102,NaN,NaN,NaN,NaN,0.2233,NaN,NaN
26.847,3.6112,0.03592,NaN,NaN,NaN,NaN,0.0149,NaN,NaN
26.887,4.0803,0.048463,NaN,NaN,NaN,NaN,0.0149,NaN,NaN
26.927,4.5446,0.31118,NaN,NaN,NaN,NaN,0.074,NaN,NaN
26.967,5.0136,0.34011,NaN,NaN,NaN,NaN,0.0741,NaN,NaN
27.007,5.4844,-0.21628,NaN,NaN,NaN,NaN,-0.0464,NaN,NaN
27.047,5.9564,-0.13024,NaN,NaN,NaN,NaN,-0.0277,NaN,NaN
27.087,6.3052,0.88781,11.719,0.80755,0,-0,0.0688,0,Inf
27.127,6.7755,0.9188,11.719,0.80686,0,-0,0.0687,0,Inf
27.167,7.2495,0.89868,11.715,0.70963,-0.014788,0.012076,0.0605,0.0001,1.1736e+05
27.207,7.7505,0.97225,11.728,0.72433,-0.01304,0.010638,0.0617,0.0009,13056
27.247,8.2201,1.0039,11.718,0.74994,-0.018419,0.015008,0.0639,0.0017,6906.8
27.287,8.7067,0.78507,11.701,0.2451,-0.03159,0.025708,0.021,-0.0096,-1219.1
27.327,9.1797,0.98727,11.695,0.57469,-0.010096,0.0082063,0.0491,0.002,5854.7
27.367,9.653,0.99305,11.686,0.52897,-0.018446,0.014975,0.0452,0.0004,29244
27.407,10.119,1.0623,11.672,0.62785,-0.022301,0.018079,0.0537,0.0062,1885.4
27.447,10.597,1.1423,11.67,0.69985,-0.02781,0.022512,0.0599,0.0124,942.84
27.487,11.063,1.1565,11.657,0.69342,-0.035744,0.028893,0.0594,0.0114,1024.3
27.527,11.558,1.2942,11.667,0.89247,-0.03577,0.028861,0.0764,0.0319,366.79
27.567,12.027,1.3865,11.654,1.0017,-0.042622,0.034333,0.0858,0.0417,280.49
27.607,12.499,1.2763,11.645,0.64249,-0.058958,0.047414,0.0552,0.0054,2159.8
27.647,12.96,1.2154,11.625,0.4392,-0.061868,0.049663,0.0378,-0.0162,-718.08
27.687,13.426,1.2447,11.617,0.44773,-0.052978,0.042441,0.0386,-0.0143,-812.96
27.727,13.89,1.2532,11.604,0.40912,-0.049155,0.039297,0.0352,-0.0178,-652.3
27.767,14.361,1.2095,11.594,0.24004,-0.048314,0.038537,0.0207,-0.0336,-345.15
27.807,14.824,1.2224,11.584,0.22392,-0.050679,0.040332,0.0194,-0.0336,-344.82
27.847,15.289,0.92387,11.521,-0.60914,-0.068333,0.054259,-0.0528,-0.1173,-98.356
27.887,15.751,1.0215,11.523,-0.37427,-0.041018,0.03249,-0.0325,-0.0887,-129.98
27.927,16.211,1.0669,11.509,-0.27424,-0.034401,0.027176,-0.0238,-0.0753,-152.89
27.967,16.675,1.1262,11.498,-0.1556,-0.03077,0.024243,-0.0135,-0.0602,-191.01
28.007,17.142,1.2744,11.481,0.16496,-0.025135,0.019742,0.0144,-0.0264,-434.92
28.047,17.603,1.3743,11.458,0.36357,-0.026278,0.020576,0.0317,-0.0063,-1819.6
28.088,18.068,1.4766,11.44,0.53292,-0.028094,0.021926,0.0466,0.0104,1101.2
28.128,18.525,1.5297,11.421,0.61647,-0.032936,0.025609,0.0539,0.0176,649.87
28.168,18.987,1.5059,11.409,0.49323,-0.04539,0.035162,0.0432,0.0065,1756.8
28.208,19.445,1.5779,11.393,0.61604,-0.042214,0.032566,0.054,0.0174,655.74
28.248,19.899,1.5802,11.372,0.58693,-0.047778,0.036698,0.0516,0.0141,807.59
28.288,20.341,1.477,11.341,0.31454,-0.064819,0.04957,0.0277,-0.0112,-1013
28.328,20.793,1.364,11.307,0.041162,-0.080901,0.0616,0.0036,-0.0343,-329.64
28.368,21.247,1.5004,11.293,0.32173,-0.060625,0.045973,0.0285,-0.0093,-1214.8
28.408,21.695,1.5161,11.26,0.31403,-0.065901,0.049779,0.0279,-0.0094,-1198.3
28.448,22.142,1.5079,11.231,0.27987,-0.069733,0.052451,0.0249,-0.0122,-920.85
28.488,22.587,1.5148,11.197,0.26696,-0.074238,0.055632,0.0239,-0.013,-861.52
28.528,23.034,1.6804,11.163,0.57341,-0.05905,0.044067,0.0513,0.0118,947.26
28.568,23.48,1.711,11.131,0.58996,-0.064126,0.047667,0.053,0.0131,850.91
28.608,23.924,1.8286,11.093,0.78544,-0.056028,0.041497,0.0707,0.0276,402.92
28.648,24.364,1.8369,11.058,0.7757,-0.061776,0.045612,0.0701,0.026,426.36
28.688,24.806,1.9075,11.024,0.85067,-0.060354,0.044449,0.077,0.0311,355.53
28.728,25.246,1.9422,10.997,0.86285,-0.060517,0.044466,0.0783,0.0311,354.69
28.768,25.667,2.0911,10.947,1.101,-0.058956,0.043241,0.1003,0.0459,239.69
28.808,26.106,2.2747,10.926,1.3677,-0.036744,0.026899,0.1246,0.0628,175.34
28.848,26.542,2.2584,10.894,1.2616,-0.048642,0.035546,0.1153,0.0537,204.22
28.888,26.987,2.2858,10.87,1.2469,-0.049575,0.036184,0.1142,0.0522,209.59
28.928,27.42,2.2889,10.83,1.2098,-0.052447,0.038247,0.1112,0.0485,224.7
28.968,27.841,2.3614,10.798,1.2663,-0.046165,0.033661,0.1168,0.0498,218.32
29.008,28.27,2.405,10.76,1.2671,-0.045362,0.033082,0.1173,0.0485,223.38
29.048,28.704,2.4886,10.732,1.3293,-0.039414,0.028756,0.1233,0.0516,209.57
29.088,29.123,2.5414,10.677,1.3515,-0.038726,0.02826,0.1259,0.0517,208.16
29.128,29.553,2.5881,10.644,1.365,-0.036555,0.026675,0.1276,0.0516,207.96
29.168,29.974,2.5852,10.605,1.3038,-0.040449,0.029497,0.1224,0.046,232.28
29.208,30.383,2.6417,10.573,1.3191,-0.03714,0.027074,0.1241,0.0443,240.52
29.248,30.812,2.7113,10.543,1.3516,-0.032455,0.023659,0.1275,0.0459,231.57
29.288,31.219,2.6651,10.447,1.2064,-0.048562,0.035414,0.115,0.0359,292.93
29.328,31.632,2.6742,10.396,1.1673,-0.05061,0.036924,0.1119,0.0326,320.9
29.369,32.052,2.7158,10.359,1.1702,-0.048093,0.035095,0.1125,0.0324,321.75
29.408,32.466,2.7407,10.314,1.1456,-0.049464,0.036096,0.1107,0.0304,341.37
29.449,32.875,2.7634,10.261,1.121,-0.052671,0.038419,0.1089,0.0283,364.75
29.488,33.279,2.7701,10.193,1.0729,-0.060905,0.044407,0.1049,0.0248,413.26
29.529,33.686,2.8254,10.129,1.0881,-0.06182,0.045075,0.1071,0.0259,393.32
29.569,34.101,2.8114,10.104,0.99974,-0.069584,0.050746,0.0987,0.0197,515.42
29.608,34.496,2.8694,10.011,1.0242,-0.073347,0.05351,0.102,0.0215,468.04
29.648,34.868,2.8748,9.8923,0.9992,-0.084433,0.061593,0.1006,0.0195,509.88
29.689,35.262,2.9201,9.8152,0.99985,-0.087394,0.063765,0.1016,0.0198,498.28
29.728,35.657,2.9708,9.7359,0.99522,-0.091963,0.067096,0.1019,0.02,489.33
29.769,36.025,3.0043,9.6205,1.0013,-0.096203,0.070178,0.1036,0.0202,478.84
29.808,36.386,2.9452,9.4916,0.87463,-0.12854,0.093763,0.0918,0.0112,851.06
29.849,36.755,3.0214,9.3931,0.93959,-0.11711,0.085428,0.0996,0.016,590
29.888,37.113,2.8253,9.2654,0.60002,-0.20199,0.14735,0.0647,-0.0083,-1118.6
29.928,37.476,2.8227,9.1532,0.54646,-0.22095,0.16118,0.0596,-0.0114,-804.34
29.968,37.838,2.9716,9.0911,0.71105,-0.17425,0.1271,0.0779,0.0007,13027
30.009,38.202,2.895,8.9727,0.53708,-0.22674,0.16544,0.06,-0.0107,-840.07
30.048,38.558,2.9127,8.8873,0.51154,-0.23211,0.16935,0.0577,-0.0121,-735.71
30.089,38.921,2.9979,8.8364,0.5654,-0.21007,0.1533,0.0641,-0.0077,-1149.9
30.128,39.247,2.879,8.6905,0.38859,-0.26831,0.19568,0.0444,-0.0216,-402.74
30.169,39.573,2.8017,8.569,0.26006,-0.30645,0.2236,0.0307,-0.0312,-274.77
30.208,39.908,2.7809,8.464,0.20944,-0.32583,0.23768,0.0247,-0.0345,-245.41
30.248,40.244,2.7783,8.3826,0.17423,-0.33055,0.24122,0.0211,-0.0362,-231.61
30.288,40.567,2.7068,8.2793,0.063442,-0.35932,0.26217,0.0081,-0.0448,-184.81
30.328,39.186,2.0635,8.1086,-0.30296,-0.44896,0.32837,-0.0288,-0.0726,-111.77
30.368,39.51,2.0407,8.103,-0.33571,-0.43727,0.3218,-0.0331,-0.0739,-109.74
30.408,39.815,1.992,8.0076,-0.39762,-0.45329,0.33369,-0.0409,-0.0779,-102.92
30.449,40.123,1.9597,7.9434,-0.43972,-0.4446,0.32721,-0.0467,-0.0806,-98.704
30.488,40.454,1.9682,7.9068,-0.4309,-0.41894,0.3082,-0.0463,-0.0776,-102.04
30.529,40.766,1.9367,7.8449,-0.47338,-0.41725,0.30693,-0.0521,-0.0798,-98.486
30.568,41.09,1.9411,7.8064,-0.47099,-0.39667,0.29169,-0.0524,-0.0774,-101.04
30.608,41.405,1.9493,7.7569,-0.46586,-0.38432,0.28257,-0.0522,-0.0749,-103.75
30.648,41.721,1.9501,7.7092,-0.4664,-0.37424,0.27512,-0.0528,-0.0729,-105.94
30.688,42.038,1.9801,7.6691,-0.43318,-0.35487,0.26082,-0.0491,-0.0674,-113.97
30.728,42.35,2.0007,7.6267,-0.41138,-0.34013,0.24995,-0.0468,-0.0633,-120.66
30.768,42.652,1.9646,7.5805,-0.46651,-0.33608,0.24692,-0.0544,-0.0675,-112.52
30.808,42.961,1.9566,7.5434,-0.48171,-0.32668,0.23997,-0.0569,-0.0672,-112.48
30.848,43.247,1.9071,7.5112,-0.59151,-0.31066,0.22804,-0.0722,-0.0779,-96.719
30.888,43.543,1.8851,7.4734,-0.63744,-0.3041,0.22318,-0.0788,-0.0809,-92.713
30.928,43.825,1.8201,7.4113,-0.72898,-0.31614,0.23202,-0.0916,-0.089,-83.675
30.968,44.126,1.8116,7.4259,-0.76992,-0.25653,0.18803,-0.0981,-0.0916,-81.504
31.008,44.427,1.8093,7.3948,-0.76016,-0.25471,0.1867,-0.0972,-0.0876,-84.86
31.048,44.701,1.7664,7.3053,-0.81707,-0.30075,0.22062,-0.1052,-0.0913,-80.513
31.088,44.978,1.7038,7.2728,-0.93627,-0.28051,0.20563,-0.1224,-0.1027,-71.4
31.128,45.252,1.6492,7.2007,-0.99998,-0.31081,0.22792,-0.1317,-0.1071,-67.878
31.168,45.551,1.6332,7.2193,-1.0137,-0.24649,0.18055,-0.1346,-0.1058,-68.904
31.208,45.832,1.5754,7.2392,-1.15,-0.1616,0.11817,-0.1545,-0.1187,-61.752
31.248,46.104,1.5022,7.124,-1.2781,-0.23571,0.17227,-0.1731,-0.1303,-55.547
31.288,46.368,1.4393,7.0428,-1.3479,-0.30145,0.22081,-0.1835,-0.1345,-53.313
31.328,46.647,1.374,7.0901,-1.4998,-0.14968,0.10939,-0.2059,-0.1483,-48.867
31.369,46.942,1.3587,7.036,-1.4568,-0.22777,0.16638,-0.2042,-0.1418,-50.671
31.408,47.196,1.2658,6.9517,-1.6099,-0.26158,0.19138,-0.2231,-0.1529,-46.669
31.448,47.493,1.2399,6.9629,-1.6489,-0.19233,0.14046,-0.2293,-0.1525,-46.921
31.488,47.762,1.1673,6.8721,-1.7496,-0.26248,0.19175,-0.245,-0.1605,-44.183
31.529,48.034,1.0877,6.7803,-1.8492,-0.33726,0.24642,-0.2608,-0.1685,-41.709
31.568,48.295,0.98571,6.6851,-1.996,-0.3858,0.28187,-0.2842,-0.1825,-38.228
31.608,48.557,0.91046,6.5907,-2.0136,-0.44699,0.32606,-0.2896,-0.181,-38.074
31.648,48.817,0.8136,6.5778,-2.112,-0.43511,0.3184,-0.3042,-0.1872,-36.905
31.688,49.07,0.71488,6.4548,-2.2439,-0.49497,0.36158,-0.3276,-0.2005,-34.083
31.728,49.332,0.61853,6.2875,-2.3887,-0.61649,0.44956,-0.3549,-0.2167,-31.038
31.768,49.595,0.51733,6.1611,-2.532,-0.69834,0.5092,-0.3814,-0.2317,-28.749
31.808,49.852,0.43243,6.0117,-2.6219,-0.83785,0.61084,-0.4015,-0.241,-27.214
31.848,50.088,0.3197,5.9234,-2.7454,-0.87567,0.63937,-0.4247,-0.2525,-25.856
31.888,50.313,0.17501,5.7716,-2.8962,-0.97172,0.70933,-0.4562,-0.271,-23.829
31.928,50.528,0.036265,5.6304,-3.018,-1.0398,0.75886,-0.4838,-0.2855,-22.376
31.968,50.757,-0.1043,5.5004,-3.1466,-1.1083,0.80877,-0.5125,-0.3008,-21.067
32.009,50.966,-0.24447,5.3768,-3.2579,-1.1308,0.82505,-0.539,-0.3133,-20.066
32.048,51.197,-0.37829,5.2407,-3.3355,-1.2168,0.88752,-0.5621,-0.3228,-19.245
32.089,51.418,-0.51895,5.1061,-3.4134,-1.3182,0.96157,-0.5859,-0.3328,-18.455
32.129,51.616,-0.66598,4.9762,-3.4456,-1.4127,1.0306,-0.6033,-0.3367,-17.976
32.169,51.811,-1.6972,4.2743,-4.859,-1.7167,1.2543,-0.8708,-0.3486,-18.564
32.209,52.21,-2.2055,4.2368,-5.1863,-1.6615,1.2146,-0.9028,-0.363,-18.449
32.249,52.318,-2.3137,4.3295,-5.0587,-1.4407,1.0528,-0.8763,-0.19,-35.044
32.289,52.765,-2.4746,4.3314,-5.2194,-1.3773,1.0052,-0.891,-0.2401,-28.249
32.329,52.916,-2.5878,4.1643,-4.6788,-1.8861,1.3769,-0.8619,-0.104,-60.227
32.369,53.313,-3.2425,8.4113,-9.3142,-2.857,2.0869,-0.8305,-0.038,-330.27
32.409,52.871,-2.6894,7.3834,-8.3483,-2.8534,2.0852,-0.8395,-0.0144,-773.95
32.449,52.578,-2.4536,4.9494,-5.1057,-2.8966,2.1151,-0.8163,0.1682,42.277
32.489,52.664,-2.4789,4.5883,-4.8657,-2.9595,2.1616,-0.8333,0.2016,33.174
32.529,52.959,-2.8048,4.6617,-5.3241,-2.8306,2.0726,-0.8357,0.1058,66.886
32.569,53.38,-3.6252,2.8611,-3.4206,-0.35179,0.25707,-0.8682,0.1058,42.15
32.609,54.526,-4.9955,5.4714,-8.0376,-0.37561,0.27402,-0.9752,0.1058,91.901
32.649,54.307,-4.6959,4.5166,-8.0501,-0.55613,0.40606,-1.0545,0.191,48.328
32.689,54.483,-4.9506,4.6284,-8.1397,-0.58303,0.42572,-1.0487,0.2201,42.542
32.729,54.778,-5.0589,5.6058,-8.1323,-0.71689,0.52321,-0.9627,0.7851,12.581
32.769,55.067,-5.3332,5.833,-7.8654,-0.80006,0.58386,-0.9276,0.8722,11.227
32.809,55.197,-5.5608,5.7355,-7.8259,-0.78263,0.57187,-0.9334,0.7267,13.352
32.849,55.368,-5.7504,5.7118,-7.4069,-1.0701,0.78217,-0.9071,0.7769,12.039
32.889,54.474,-5.0556,5.2175,-8.4122,-1.122,0.82168,-1.0069,0.7769,12.742
32.929,54.823,-6.0948,5.2004,-8.2433,-1.1182,0.81881,-0.9991,0.7769,12.546
32.969,55.191,-6.693,5.7607,-9.4295,-1.1612,0.84998,-1.0149,0.4635,23.84
33.009,55.355,-7.0006,5.5269,-9.0288,-1.2198,0.89333,-1.0129,0.388,27.284
33.049,55.483,-7.2006,5.0505,-8.2685,-1.539,1.1291,-1.0095,0.3625,26.728
******-------------------------------------------------------------------------------------------------------------------****** 
TargetID: ID10
Relevancy: 0
tj = Inf
Label: -1
Comment: Target is irrelevant as it is not crossing the estimated holding line
DATA:
25.647,-0,-0,4.2715,0.6148,-0.78582,-1.6461,0,-0.1342,-32.158
25.687,0.15225,0.0096373,3.516,0.04369,-0.73959,-1.4654,0.00060064,-0.1308,-26.884
25.727,0.29616,0.017655,3.8697,0.53403,-0.69346,-1.285,0.0012,-0.1274,-30.663
25.767,0.46724,-0.011505,4.1565,0.52578,-0.74676,-1.603,-0.0237,-0.1396,-30.011
25.807,0.64561,-0.02281,4.1358,0.50818,-0.76425,-1.729,-0.0424,-0.1479,-28.174
25.847,0.80938,-0.039963,4.1202,0.46776,-0.77006,-1.8303,-0.0648,-0.1582,-26.212
25.887,0.97652,-0.045733,4.0882,0.34542,-0.72518,-1.659,-0.081,-0.1646,-24.925
25.927,1.146,-0.07236,4.0768,0.26476,-0.71574,-1.6593,-0.1031,-0.1742,-23.452
25.967,1.2841,-0.083946,4.0443,0.22518,-0.69543,-1.6246,-0.1145,-0.1771,-22.871
26.007,1.4605,-0.11236,4.03,0.17995,-0.69505,-1.6687,-0.1325,-0.1839,-21.936
26.047,1.6192,-0.14182,4.0135,0.1057,-0.68201,-1.6342,-0.1495,-0.19,-21.131
26.087,1.7704,-0.15857,3.9742,0.041897,-0.65733,-1.5494,-0.16,-0.1923,-20.668
26.127,1.9283,-0.17686,3.9449,-0.020176,-0.63622,-1.4799,-0.1712,-0.1949,-20.241
26.167,2.1084,-0.24517,3.3319,-0.056155,-0.55927,-1.0999,-0.1937,-0.2032,-16.4
26.207,2.2606,-0.27075,3.9419,-0.24817,-0.57642,-1.2409,-0.204,-0.2049,-19.276
26.247,2.5715,-0.3682,3.848,-0.68787,-0.27955,-0.45232,-0.2311,-0.2151,-18.173
26.287,2.8918,1.0208,3.755,-0.83144,-0.27437,-0.47093,-0.2769,-0.2151,-17.88
26.327,2.6959,-0.62639,3.2621,-0.36519,-0.2705,-0.45065,-0.1877,-0.2151,-15.26
26.367,2.7384,-0.60609,3.0642,-0.39174,-0.26109,-0.44399,-0.2126,-0.0966,-31.979
26.407,2.8977,-0.57932,3.6423,-0.84411,-0.21877,-0.35288,-0.2752,-0.1431,-26.128
26.447,2.9871,-0.56358,3.4632,-0.884,-0.23826,-0.39352,-0.3082,-0.1774,-20.148
26.487,3.1243,-0.62602,3.4925,-0.98803,-0.21555,-0.35244,-0.3268,-0.2093,-17.342
26.527,3.2687,-0.62412,3.4879,-1.0813,-0.16591,-0.26558,-0.3391,-0.226,-16.158
26.567,3.3831,-0.67945,3.3282,-0.88368,-0.31703,-0.56252,-0.3505,-0.2312,-14.894
26.607,3.5114,-0.70524,3.2756,-0.90042,-0.31418,-0.56242,-0.3621,-0.2444,-13.9
26.647,3.6452,-0.76302,3.2306,-0.88096,-0.33217,-0.60952,-0.3707,-0.244,-13.724
26.687,3.79,-0.81442,3.3945,-1.2593,-0.064549,-0.099421,-0.3702,-0.2108,-17.175
26.727,3.8734,-0.85333,3.0244,-0.53327,-0.42804,-0.96069,-0.3674,-0.1747,-17.579
26.767,3.9814,-0.892,2.9165,-0.37251,-0.43194,-1.0898,-0.3651,-0.1482,-19.839
26.807,4.0923,-0.94001,2.8541,-0.29636,-0.42169,-1.1174,-0.3597,-0.1175,-24.421
26.847,4.2171,-0.96998,2.8609,-0.41779,-0.40345,-0.97108,-0.3645,-0.1172,-24.67
26.887,4.3304,-1.013,2.748,-0.24785,-0.3939,-1.1169,-0.3667,-0.1134,-24.331
26.927,4.5495,-0.94815,2.6869,-1.3374,-0.58648,-0.64301,-0.3106,0.015,200.09
26.967,4.5308,-0.99812,-2.9891,-1.1626,-0.49302,-0.57495,-0.2945,0.010115,317.08
27.007,4.3604,-1.0407,-4.8728,-0.95679,-0.39909,-0.50655,-0.27832,0.0052053,953.99
27.047,4.1916,-1.0744,-2.9355,-0.72153,-0.3054,-0.43833,-0.26218,0.00030842,9801.2
27.087,4.1767,-1.0981,2.8307,-0.45563,-0.21149,-0.36994,-0.246,-0.0046,-623.29
27.127,4.2964,-1.1304,2.6852,-0.94556,-0.29072,-0.36262,-0.2478,-0.0069,-412.58
27.167,4.4431,-1.1928,2.3969,-1.1526,-0.60809,-0.62566,-0.2573,-0.0287,-92.671
27.207,4.5699,-1.2155,2.3684,-1.1443,-0.60785,-0.62164,-0.255,-0.0209,-125.86
27.247,4.6865,-1.2756,2.0648,-1.3439,-0.97025,-0.80074,-0.2618,-0.0383,-64.326
27.287,4.7952,-1.3085,2.0358,-1.3447,-0.93164,-0.77208,-0.2719,-0.0571,-42.729
27.327,4.8927,-1.3322,1.946,-1.3834,-0.98395,-0.77941,-0.2812,-0.0733,-32.574
27.367,4.9925,-1.3477,2.1648,-1.2171,-0.64208,-0.61955,-0.2854,-0.0718,-34.589
27.407,5.0997,-1.3951,2.1338,-1.2324,-0.63363,-0.60936,-0.2952,-0.0871,-28.291
27.447,5.1705,-1.4003,1.9657,-1.2689,-0.7539,-0.65144,-0.2823,-0.0464,-50.425
******-------------------------------------------------------------------------------------------------------------------****** 
TargetID: ID11
Relevancy: 0
tj = Inf
Label: -1
Comment: Target is irrelevant as it is not crossing the estimated holding line
DATA:
31.008,-0,-0,3.5511,1.6339,-0.79566,1.9644,0,0.0155,252.19
31.048,0.06525,0.045167,3.6041,1.8099,-0.93087,2.1424,0.014,0.0535,75.384
31.088,0.12819,0.14751,3.6511,2.0774,-1.1487,2.3937,0.0369,0.1084,38.752
31.128,0.2225,0.15184,3.6414,1.9936,-1.0325,2.2681,0.0395,0.1055,39.349
31.168,0.29321,0.17794,3.6048,1.9688,-0.96415,2.172,0.0492,0.1195,34.372
31.208,0.3473,0.25335,3.5631,2.0195,-0.97304,2.1547,0.0618,0.1386,29.55
31.248,0.43168,0.29732,3.5895,2.1239,-1.0307,2.2328,0.0759,0.1587,26.281
31.288,0.58444,0.30662,3.7212,2.2219,-1.1314,2.4057,0.0727,0.1434,30.223
31.328,0.71801,0.16274,3.9711,2.0777,-1.1161,2.5443,0.0311,0.0622,72.054
31.369,0.83031,0.15909,3.9529,1.9827,-1.0012,2.3993,0.0304,0.0571,77.448
31.408,0.94571,0.19248,3.8873,1.9256,-0.89953,2.2337,0.0384,0.0664,65.333
31.448,1.0533,0.19714,3.8451,1.8534,-0.8175,2.1012,0.0383,0.0627,68.077
31.488,1.2741,0.21162,3.8019,1.8327,-0.76444,1.9688,0.0385,0.0594,71.053
31.529,1.3184,0.28493,3.6241,1.7758,-0.66112,1.7508,0.0565,0.0828,48.742
31.568,1.4149,0.27182,3.5629,1.6437,-0.55989,1.5852,0.0519,0.0715,54.877
31.608,1.5035,0.25797,3.4819,1.5007,-0.45896,1.406,0.0479,0.0623,60.86
31.648,1.5996,0.24677,3.4757,1.4604,-0.43703,1.3687,0.0442,0.0546,69.048
31.688,1.6759,0.25579,3.3668,1.3442,-0.35715,1.2025,0.0451,0.0531,68.271
31.728,1.7456,0.2084,3.2629,1.1326,-0.25509,0.99501,0.033,0.0352,98.122
31.768,1.7807,0.2174,2.9996,0.85461,-0.12675,0.6633,0.0349,0.0362,86.159
31.808,1.5812,0.16546,-10.67,-2.8717,-0.085637,0.54336,0.016923,0.026978,409.56
31.848,1.1132,0.034545,-10.425,-3.0935,-0.044492,0.42331,-0.0010695,0.017749,612.68
31.888,0.93375,-0.035081,3.7947,0.20446,-0.0032592,0.30302,-0.0191,0.0085,447.08
31.928,0.96729,-0.15273,-0.79583,-4.5432,-0.0073838,0.26146,-0.085195,0.014258,323.49
31.968,0.97563,-0.27553,2.5287,-0.079376,-0.011497,0.22002,-0.1511,0.02,126.5
32.009,1.2038,-0.26139,7.9598,0.70607,-0.11053,0.46295,-0.13916,0.051761,154.38
32.048,1.543,-0.22527,8.1569,1.0256,-0.20902,0.70456,-0.12729,0.08335,98.634
32.089,1.7866,-0.18552,3.1492,0.88407,-0.30771,0.94664,-0.1154,0.115,28.443
32.129,1.7489,-0.072645,-3.818,4.1893,-0.22145,0.83179,-0.075743,0.060713,93.36
32.169,1.5782,0.10475,-3.4811,4.0959,-0.13509,0.7168,-0.036039,0.0063616,844.98
32.209,1.5673,0.21013,4.1536,0.60655,-0.04888,0.60201,0.0036,-0.0479,-87.633
******-------------------------------------------------------------------------------------------------------------------****** 
TargetID: ID12
Target can not be processed due to lack of Data
******-------------------------------------------------------------------------------------------------------------------****** 
TargetID: ID14
Target can not be processed due to lack of Data
******-------------------------------------------------------------------------------------------------------------------****** 
TargetID: ID15
Relevancy: 0
tj = Inf
Label: -1
Comment: Target is irrelevant as it is not crossing the estimated holding line
DATA:
29.248,0,-0,NaN,NaN,NaN,NaN,0,NaN,NaN
29.288,0.40223,0.475,NaN,NaN,NaN,NaN,0.257,NaN,NaN
29.328,0.83799,-0.083479,NaN,NaN,NaN,NaN,-0.1207,NaN,NaN
29.369,1.2906,-0.14317,NaN,NaN,NaN,NaN,-0.1207,NaN,NaN
29.408,1.7761,0.013019,NaN,NaN,NaN,NaN,-0.0322,NaN,NaN
29.449,2.2618,0.19777,NaN,NaN,NaN,NaN,0.0424,NaN,NaN
29.488,2.7132,0.020612,NaN,NaN,NaN,NaN,-0.0238,NaN,NaN
29.529,3.1765,0.093036,NaN,NaN,NaN,NaN,0.002,NaN,NaN
29.569,3.6407,0.28189,NaN,NaN,NaN,NaN,0.0559,NaN,NaN
29.608,4.0879,0.27969,NaN,NaN,NaN,NaN,0.0485,NaN,NaN
29.648,4.545,-0.075045,NaN,NaN,NaN,NaN,-0.0451,NaN,NaN
29.689,4.8085,0.43801,11.286,-0.40537,0,-0,-0.0359,0,Inf
29.728,5.227,0.54066,11.252,-0.099214,0.00022708,-0.00016911,-0.0088,-0.0002,-56261
29.769,5.6929,0.32617,11.262,-0.62315,-0.033771,0.025212,-0.0553,-0.0025,-4511.7
29.808,6.1419,0.46615,11.249,-0.26002,0.0072527,-0.0054149,-0.0231,0.0005,22504
29.849,6.6068,0.67525,11.234,0.19669,0.0060062,-0.0044841,0.0175,0.0085,1321.9
29.888,7.0772,0.84006,11.215,0.4907,-0.020738,0.015482,0.0437,0.0175,641.48
29.928,7.5247,0.92683,11.213,0.61832,-0.033884,0.025297,0.0551,0.0208,539.9
29.968,7.9707,0.94169,11.199,0.61169,-0.046464,0.034686,0.0545,0.0212,529.03
30.009,8.4259,0.66732,11.181,0.025013,-0.078423,0.058544,0.0022,-0.0149,-750.38
30.048,8.8698,0.7342,11.171,0.15162,-0.053377,0.039849,0.0135,-0.0054,-2068.9
30.089,9.3162,0.74926,11.162,0.16687,-0.043515,0.032488,0.015,-0.0038,-2937.6
30.128,9.783,0.8651,11.174,0.37959,-0.025951,0.019375,0.034,0.0202,553.49
30.169,10.242,0.92224,11.167,0.46823,-0.026065,0.019459,0.0419,0.032,349.28
30.208,10.685,0.95745,11.146,0.52533,-0.030144,0.022504,0.0471,0.0377,295.99
30.248,11.13,1.0364,11.118,0.68032,-0.032751,0.02445,0.0611,0.0557,199.97
30.288,11.572,0.98209,11.086,0.52541,-0.049409,0.036886,0.0474,0.0384,289.01
30.328,12.01,0.98905,11.051,0.51557,-0.055531,0.041456,0.0466,0.0364,303.94
30.368,12.419,0.79691,10.978,0.073363,-0.090209,0.067342,0.0066,-0.0199,-551.65
30.408,12.852,0.76127,10.934,-0.047236,-0.09531,0.071149,-0.0044,-0.0333,-328.35
30.449,13.276,0.72709,10.878,-0.13912,-0.10347,0.07724,-0.0129,-0.044,-247.25
30.488,13.699,0.76106,10.824,-0.062524,-0.10381,0.077499,-0.0058,-0.0347,-311.93
30.529,14.122,0.65785,10.764,-0.32107,-0.13056,0.097459,-0.0299,-0.0626,-172.02
30.568,14.547,0.54981,10.7,-0.59534,-0.15764,0.11768,-0.0557,-0.0908,-118.03
30.608,14.974,0.52565,10.666,-0.63243,-0.15957,0.11912,-0.0593,-0.0908,-117.68
30.648,15.4,0.49806,10.632,-0.66882,-0.1615,0.12055,-0.0629,-0.0908,-117.32
30.688,15.825,0.47291,10.597,-0.70595,-0.16342,0.12199,-0.0666,-0.0908,-116.97
30.728,16.248,0.4453,10.563,-0.74269,-0.16547,0.12352,-0.0703,-0.0908,-116.62
30.768,16.67,0.41489,10.528,-0.77875,-0.16728,0.12487,-0.0739,-0.0908,-116.26
30.808,17.091,0.38251,10.493,-0.81429,-0.1692,0.12631,-0.0776,-0.0908,-115.91
30.848,17.397,0.66398,10.029,-0.11907,-0.31475,0.23497,-0.0121,-0.0236,-425
30.888,17.774,0.9046,9.9057,0.34617,-0.25321,0.18902,0.0347,0.0187,530.04
30.928,18.167,1.075,9.8365,0.59529,-0.20582,0.15362,0.0603,0.0393,250.75
30.968,18.554,1.1715,9.7786,0.67952,-0.1878,0.14017,0.0692,0.0432,226.9
31.008,18.943,1.2778,9.7324,0.76684,-0.16774,0.1252,0.0785,0.0473,206.4
31.048,19.329,1.2671,9.6571,0.7275,-0.17928,0.13383,0.0752,0.0437,221.61
31.088,19.705,1.2514,9.5622,0.68044,-0.19421,0.145,0.0712,0.0395,242.69
31.128,20.082,1.1681,9.4728,0.5461,-0.22344,0.16682,0.0578,0.0285,332.93
31.168,20.467,1.1819,9.3931,0.55557,-0.21891,0.16344,0.0593,0.0301,312.61
31.208,20.858,1.3216,9.351,0.73046,-0.1728,0.12903,0.0781,0.0439,213.66
31.248,21.228,1.3446,9.2578,0.73473,-0.17429,0.13011,0.0792,0.0439,211.55
31.288,21.593,1.3479,9.1674,0.71233,-0.17953,0.134,0.0774,0.0416,221.04
31.328,21.953,1.3887,9.0715,0.72599,-0.1767,0.13188,0.0797,0.042,216.68
31.369,22.292,1.3752,8.9618,0.64568,-0.16173,0.12072,0.0718,0.034,264.27
31.408,22.655,1.4762,8.8838,0.74643,-0.13655,0.10194,0.0838,0.0417,213.79
31.448,23.008,1.423,8.7908,0.63836,-0.16305,0.12176,0.0727,0.0328,268.72
31.488,23.37,1.5558,8.7105,0.76795,-0.13065,0.097556,0.0881,0.0427,204.78
31.529,23.719,1.664,8.6231,0.84649,-0.10971,0.081889,0.0977,0.0477,181.65
31.568,24.071,1.7425,8.5487,0.89336,-0.093824,0.070056,0.1042,0.0506,169.87
31.608,24.413,1.8272,8.4599,0.94256,-0.078755,0.058803,0.1111,0.0536,158.81
31.648,24.03,2.0891,8.2872,0.33701,-0.25475,0.19055,0.0429,0,Inf
31.688,24.353,2.0761,8.1826,0.30419,-0.26693,0.19968,0.0396,-0.0022,-3722
31.728,24.686,2.0886,8.0989,0.30205,-0.26523,0.19841,0.0398,-0.0019,-4265.5
31.768,24.984,2.0419,7.9749,0.23746,-0.29016,0.21711,0.0325,-0.007,-1139.8
31.808,25.295,2.0384,7.8624,0.24074,-0.29599,0.22056,0.0306,-0.0081,-971.13
31.848,25.605,2.0247,7.7812,0.18753,-0.30446,0.22786,0.0271,-0.0103,-755.67
31.888,25.92,2.0754,7.6756,0.23962,-0.29667,0.22104,0.0312,-0.0071,-1081.6
31.928,26.227,2.1081,7.5829,0.23566,-0.28985,0.2165,0.0341,-0.0049,-1548.3
31.968,26.539,2.1914,7.4974,0.31931,-0.26981,0.20104,0.0426,0.0013,5772.4
32.009,26.824,2.1955,7.3817,0.29224,-0.27367,0.20443,0.0427,0.0013,5682.7
32.048,27.107,2.1848,7.2663,0.269,-0.2838,0.212,0.0403,-0.0005,-14543
32.089,27.393,2.1648,7.1878,0.22931,-0.29519,0.22101,0.0354,-0.004,-1797.9
32.129,27.68,2.1873,7.0918,0.23787,-0.29089,0.2178,0.0371,-0.0027,-2628.1
32.169,27.957,2.0391,6.9649,0.041609,-0.36165,0.27014,0.0104,-0.0215,-323.96
32.209,28.237,2.0758,6.8735,0.074674,-0.34865,0.26044,0.0153,-0.0175,-392.79
32.249,28.495,2.0909,6.7519,0.098793,-0.34432,0.25721,0.0191,-0.0145,-465.7
32.289,28.761,2.113,6.6446,0.11612,-0.33954,0.25366,0.0221,-0.0122,-544.72
32.329,29.013,2.0793,6.5529,0.073669,-0.35708,0.26762,0.0162,-0.016,-409.58
32.369,29.262,2.1043,6.419,0.1087,-0.34384,0.25688,0.0219,-0.012,-534.99
32.409,29.508,2.1213,6.3055,0.13037,-0.3358,0.25088,0.0258,-0.0094,-670.94
32.449,29.747,2.1284,6.1961,0.14494,-0.32764,0.2448,0.0286,-0.0076,-815.49
32.489,29.985,2.1378,6.0878,0.15456,-0.32208,0.24065,0.0307,-0.0063,-966.64
32.529,30.229,2.1246,5.9867,0.12167,-0.3352,0.25046,0.026,-0.0091,-658.02
32.569,30.468,2.1332,5.9051,0.1192,-0.33607,0.25207,0.026,-0.0088,-671.17
32.609,30.7,2.1087,5.8065,0.076443,-0.35322,0.26501,0.0195,-0.0128,-453.67
32.649,30.932,2.1121,5.7058,0.065339,-0.35765,0.26839,0.018,-0.0133,-429.04
32.689,31.153,2.0883,5.6042,0.031649,-0.37129,0.27871,0.0127,-0.0164,-341.72
32.729,31.378,2.0921,5.4926,0.021007,-0.3701,0.27655,0.0111,-0.017,-323.1
32.769,31.588,2.0805,5.4159,0.010208,-0.37307,0.28014,0.0094,-0.018,-300.88
32.809,31.81,2.0937,5.2976,0.0094369,-0.37242,0.2783,0.0096,-0.0171,-309.8
32.849,32.03,2.0858,5.2078,-0.012502,-0.3801,0.28404,0.0058,-0.0186,-279.99
32.889,32.245,2.117,5.1173,0.0072045,-0.36936,0.27603,0.0097,-0.0154,-332.29
32.929,32.447,2.129,5.0186,0.010783,-0.36691,0.27421,0.0108,-0.0145,-346.11
32.969,32.651,2.1514,4.9219,0.024538,-0.36019,0.26921,0.0138,-0.0121,-406.78
33.009,32.855,2.5256,4.8318,0.10531,-0.3355,0.24824,0.0218,-0.0064,-755.15
33.049,33.049,2.5063,4.7939,0.03287,-0.34104,0.25638,0.0158,-0.0098,-489.19
******-------------------------------------------------------------------------------------------------------------------****** 
TargetID: ID04
Target can not be processed due to lack of Data
******-------------------------------------------------------------------------------------------------------------------****** 
TargetID: ID18
Target can not be processed due to lack of Data
******-------------------------------------------------------------------------------------------------------------------****** 
TargetID: ID19
Relevancy: 1
tj = 29.1278
Label: 1
Comment: Target is relevant and Turning, since the velocity ratio is highly changing at the end
DATA:
23.406,0,-0,NaN,NaN,NaN,NaN,0,NaN,NaN
23.447,0.4668,-0.00044293,NaN,NaN,NaN,NaN,0,NaN,NaN
23.486,0.98038,-0.14525,NaN,NaN,NaN,NaN,-0.0655,NaN,NaN
23.526,1.4492,-0.1832,NaN,NaN,NaN,NaN,-0.0655,NaN,NaN
23.566,1.8889,-0.040587,NaN,NaN,NaN,NaN,0.0001,NaN,NaN
23.606,2.3581,-0.050004,NaN,NaN,NaN,NaN,0.0001,NaN,NaN
23.646,2.8778,-0.56215,NaN,NaN,NaN,NaN,-0.1684,NaN,NaN
23.686,3.3478,-0.64832,NaN,NaN,NaN,NaN,-0.1684,NaN,NaN
23.726,3.8576,-0.26058,NaN,NaN,NaN,NaN,-0.0467,NaN,NaN
23.766,4.3288,-0.28817,NaN,NaN,NaN,NaN,-0.0467,NaN,NaN
23.806,4.7378,0.57852,NaN,NaN,NaN,NaN,0.1619,NaN,NaN
23.846,5.2081,0.64459,NaN,NaN,NaN,NaN,0.1619,NaN,NaN
23.886,5.6771,0.72792,NaN,NaN,NaN,NaN,0.1619,NaN,NaN
23.926,6.1466,0.79942,NaN,NaN,NaN,NaN,0.1619,NaN,NaN
23.966,6.6467,0.080837,NaN,NaN,NaN,NaN,0.0216,NaN,NaN
24.006,7.1174,0.10039,NaN,NaN,NaN,NaN,0.0216,NaN,NaN
24.046,7.476,0.20754,11.835,-0.51884,0,-0,-0.0438,0,Inf
24.086,7.9496,0.18751,11.835,-0.51857,0,-0,-0.0438,0,Inf
24.126,8.4429,-0.10725,11.845,-1.018,0.028415,-0.023337,-0.0858,-0.0008,-14860
24.166,8.9175,-0.15536,11.847,-1.0188,0.028964,-0.023783,-0.0858,-0.0008,-14863
24.206,9.3994,0.13193,11.842,-0.48212,0.062633,-0.051418,-0.0407,0.0038,3118.8
24.246,9.8735,0.11542,11.84,-0.48106,0.065257,-0.053571,-0.0406,0.0038,3118.3
24.286,10.362,0.10671,11.855,-0.49104,0.031043,-0.025484,-0.0414,0.0035,3390.1
24.326,10.837,0.082845,11.855,-0.48986,0.033119,-0.027189,-0.0413,0.0035,3390
24.366,11.362,0.039394,11.897,-0.58055,0.029406,-0.024136,-0.0488,0.0007,17016
24.406,11.837,0.015153,11.898,-0.58021,0.031373,-0.025751,-0.0487,0.0007,17017
24.446,12.311,0.03785,11.886,-0.50709,0.027984,-0.022969,-0.0426,0.0048,2478.6
24.486,12.786,0.020642,11.886,-0.50519,0.03028,-0.024854,-0.0425,0.0048,2478.6
24.526,13.257,0.26949,11.858,-0.0064762,0.023393,-0.019201,-0.0006,0.0426,278.37
24.566,13.732,0.2659,11.856,0.013634,0.025798,-0.021175,0.0011,0.0426,278.32
24.606,14.224,0.43842,11.853,0.34482,0.0031706,-0.0026022,0.0291,0.0705,168.2
24.646,14.697,0.53295,11.827,0.56514,-0.016288,0.013369,0.0478,0.0886,133.64
24.686,15.18,0.70345,11.808,0.90196,-0.027109,0.022252,0.0763,0.1166,101.56
24.726,15.65,0.73195,11.797,0.95581,-0.039352,0.0323,0.0809,0.1166,101.51
24.766,16.123,0.80913,11.779,1.1103,-0.046677,0.038313,0.094,0.1272,93.013
24.806,15.772,1.4461,11.769,0.88285,-0.048086,0.039469,0.0751,0.1004,117.55
24.846,16.252,1.5303,11.763,1.0105,-0.047972,0.039384,0.086,0.1097,107.63
24.886,16.724,1.6697,11.757,1.285,-0.047429,0.038931,0.1091,0.1318,89.735
24.926,17.185,1.8088,11.741,1.5569,-0.051361,0.042159,0.1321,0.1513,78.283
24.966,17.655,1.939,11.734,1.7734,-0.058466,0.047982,0.1504,0.1645,72.139
25.006,18.098,1.8154,11.717,1.3907,-0.062069,0.050966,0.1185,0.1218,96.871
25.046,18.571,2.0122,11.719,1.7438,-0.059663,0.048974,0.1481,0.149,79.514
25.086,19.071,2.0619,11.722,1.7024,-0.059906,0.049144,0.1442,0.1422,83.298
25.126,19.548,1.9251,11.675,1.2617,-0.059779,0.049058,0.108,0.0998,117.66
25.166,20.003,1.8878,11.639,1.0766,-0.058256,0.047813,0.0926,0.0805,145.19
25.207,20.487,2.0451,11.656,1.323,-0.03979,0.032641,0.1133,0.1001,117.19
25.247,20.947,2.0259,11.623,1.1847,-0.041213,0.033815,0.1018,0.0859,136.01
25.287,21.43,2.0415,11.599,1.0841,-0.037171,0.030485,0.0934,0.0765,152.28
25.327,21.89,2.0869,11.571,1.084,-0.034004,0.027888,0.0936,0.0742,156.63
25.367,22.361,2.197,11.56,1.2396,-0.022746,0.018646,0.107,0.0851,136.62
25.407,22.842,2.2553,11.537,1.2374,-0.02056,0.016852,0.107,0.0843,137.64
25.447,23.286,2.2686,11.489,1.1987,-0.022968,0.018824,0.1041,0.0781,147.9
25.487,23.744,2.4891,11.472,1.5854,-0.0035004,0.002868,0.1373,0.1054,109.87
25.527,24.196,2.5297,11.424,1.6087,-0.004048,0.0033156,0.1399,0.1042,110.72
25.567,24.651,2.6069,11.396,1.6529,-0.002845,0.0023298,0.1441,0.1042,110.51
25.607,25.069,2.5307,11.307,1.4846,-0.0093008,0.0076148,0.1306,0.0884,129
25.647,25.516,2.5644,11.253,1.4317,-0.0095211,0.0077923,0.1266,0.0828,137
25.687,25.956,2.6591,11.207,1.5733,0.005911,-0.004835,0.1394,0.0899,125.89
25.727,26.437,2.5504,11.155,1.2204,-0.01664,0.013606,0.109,0.0655,171.33
25.767,26.884,2.5283,11.094,1.1104,-0.020144,0.016467,0.0999,0.0565,197.34
25.807,27.31,2.547,11.026,1.0909,-0.016973,0.013869,0.0987,0.0529,209.45
25.847,27.748,2.5793,10.973,1.0987,-0.012814,0.010466,0.0999,0.0522,211.27
25.887,28.226,2.6987,10.971,1.1458,-0.0064629,0.0052771,0.1041,0.0565,195.23
25.927,28.679,2.7433,10.931,1.1321,-0.0066832,0.0054546,0.1032,0.0553,198.72
25.967,29.152,2.8084,10.902,1.0694,-0.012161,0.0099235,0.0979,0.0524,209.06
26.007,29.591,2.8329,10.848,1.0252,-0.016,0.013047,0.0943,0.0487,223.75
26.047,30.027,2.8889,10.798,1.065,-0.01096,0.0089355,0.0984,0.0507,214.02
26.087,30.445,2.9632,10.733,1.1558,-0.00043878,0.00035721,0.1073,0.055,196.28
26.127,30.878,3.0428,10.68,1.2018,0.0047149,-0.0038403,0.112,0.0573,187.57
26.167,31.286,2.976,10.601,1.0452,-0.015243,0.012411,0.0984,0.046,231.58
26.207,31.709,3.0234,10.544,1.0644,-0.013053,0.010621,0.1007,0.0465,227.9
26.247,32.12,2.9702,10.46,0.91506,-0.030824,0.025069,0.0875,0.0357,294.11
26.287,32.514,2.9893,10.379,0.96001,-0.031709,0.02578,0.0925,0.0372,280.19
26.327,32.925,3.0612,10.327,1.0132,-0.020522,0.016673,0.0979,0.0397,261.38
26.367,33.326,3.0611,10.282,0.95234,-0.029747,0.024153,0.0926,0.0332,311.02
26.407,33.725,3.0564,10.212,0.90559,-0.035461,0.028776,0.0887,0.0289,354.73
26.447,34.124,3.0655,10.152,0.87701,-0.038764,0.031445,0.0865,0.0261,390.42
26.487,34.516,3.0692,10.081,0.84038,-0.042177,0.034183,0.0835,0.0226,447.62
26.527,34.899,3.1055,10.034,0.8352,-0.04099,0.033191,0.083,0.0198,508.51
26.567,35.313,3.1848,9.998,0.88539,-0.032309,0.026154,0.0886,0.024,418.21
26.607,35.712,3.1896,9.9305,0.84915,-0.037042,0.029967,0.0856,0.0219,455.1
26.647,36.122,3.2163,9.8719,0.8338,-0.039142,0.03164,0.0846,0.0223,444.26
26.687,36.52,3.2478,9.8025,0.82471,-0.041024,0.033134,0.0843,0.0222,443.11
26.727,36.097,3.2128,9.7384,0.83337,-0.040037,0.03232,0.086,0.0226,432.48
26.767,35.924,3.1597,9.6443,0.74483,-0.055207,0.044546,0.0782,0.0174,555.92
26.807,36.312,3.2122,9.5688,0.77154,-0.051267,0.041332,0.0816,0.0197,487.3
26.847,36.697,3.2598,9.5059,0.77242,-0.050514,0.040691,0.0822,0.0199,479.26
26.887,37.064,3.2253,9.4253,0.65138,-0.071197,0.05732,0.0706,0.0112,843.55
26.927,37.438,3.2606,9.3425,0.65596,-0.071993,0.057904,0.0717,0.0119,787.02
26.967,37.811,3.3216,9.274,0.70314,-0.063992,0.051411,0.0771,0.0152,611.88
27.007,38.159,3.3213,9.2097,0.62514,-0.076559,0.061454,0.0695,0.0084,1098.9
27.047,38.529,3.4012,9.1406,0.66478,-0.070425,0.05647,0.0743,0.0115,796.93
27.087,38.863,3.3624,9.0432,0.57734,-0.088725,0.071142,0.0659,0.0046,1969.9
27.127,39.221,3.3776,8.9563,0.55698,-0.092158,0.073782,0.0643,0.0032,2804.2
27.167,39.578,3.4221,8.876,0.58763,-0.088559,0.070826,0.0683,0.0062,1434.7
27.207,39.925,3.4331,8.7879,0.55238,-0.09894,0.07906,0.0653,0.0039,2257.8
27.247,40.277,3.4691,8.7288,0.56549,-0.094138,0.075128,0.0671,0.0048,1822.3
27.287,40.641,3.5741,8.6894,0.66495,-0.072463,0.057743,0.0782,0.0131,665.25
27.327,40.976,3.5739,8.5991,0.61593,-0.083857,0.066753,0.0737,0.0091,947.38
27.367,41.322,3.5487,8.5245,0.52546,-0.10253,0.08154,0.0643,0.002,4270.3
27.407,42.165,3.3664,8.45,0.42222,-0.12827,0.1021,0.0526,-0.0071,-1191.6
27.447,42.494,3.3814,8.3464,0.39662,-0.13483,0.10684,0.0503,-0.0087,-960.44
27.487,42.797,3.3295,8.2587,0.31579,-0.15268,0.12106,0.0415,-0.0155,-533.21
27.527,43.136,3.4025,8.2357,0.3644,-0.13069,0.10322,0.047,-0.0114,-723.14
27.567,43.472,3.4577,8.1879,0.37987,-0.12546,0.098923,0.0491,-0.0095,-862.81
27.607,43.767,3.4225,8.0978,0.30672,-0.14501,0.11438,0.0411,-0.0155,-522.81
27.647,44.092,3.4811,8.0438,0.35559,-0.13115,0.10306,0.0471,-0.0106,-759.59
27.687,44.398,3.4567,8.015,0.27136,-0.13847,0.10878,0.0369,-0.0185,-433.49
27.727,44.733,3.5174,8.0045,0.28949,-0.12249,0.095847,0.0389,-0.0166,-482.51
27.767,45.054,3.5323,7.9756,0.25732,-0.12127,0.09467,0.035,-0.0194,-411.33
27.807,45.393,3.6042,7.9645,0.32375,-0.10825,0.084317,0.0431,-0.0123,-648.06
27.847,45.726,3.6731,7.9413,0.37513,-0.099219,0.077102,0.0495,-0.0067,-1186.6
27.887,46.017,3.6225,7.8694,0.21984,-0.1207,0.093564,0.0307,-0.0216,-364.47
27.927,46.343,3.6738,7.8407,0.24286,-0.11759,0.090906,0.0336,-0.0185,-424.03
27.967,46.656,3.6526,7.8366,0.18696,-0.11492,0.088739,0.0264,-0.0238,-329.36
28.007,46.956,3.6148,7.7841,0.12487,-0.12444,0.095802,0.0189,-0.0292,-266.61
28.047,47.259,3.5948,7.7091,0.059545,-0.13766,0.10548,0.0109,-0.0347,-222.17
28.088,47.559,3.5585,7.6317,-0.049254,-0.15954,0.12184,-0.0028,-0.0445,-171.5
28.128,47.864,3.54,7.5964,-0.13456,-0.15999,0.12172,-0.0141,-0.0523,-145.27
28.168,48.352,3.4767,7.5472,-0.18462,-0.17126,0.12978,-0.021,-0.056,-134.81
28.208,48.635,3.4193,7.5029,-0.26343,-0.18567,0.14043,-0.0314,-0.0626,-119.93
28.248,48.938,3.658,7.4639,-0.33284,-0.19665,0.14833,-0.0407,-0.0681,-109.71
28.288,49.245,3.6662,7.4368,-0.35022,-0.18054,0.13513,-0.0435,-0.0682,-109.16
28.328,49.544,3.6044,7.3812,-0.44988,-0.19834,0.1478,-0.057,-0.0766,-96.54
28.368,49.838,3.5481,7.3087,-0.53772,-0.22859,0.16964,-0.069,-0.0836,-87.661
28.408,50.131,3.4892,7.2426,-0.63199,-0.25292,0.18694,-0.0822,-0.0913,-79.628
28.448,50.425,3.4511,7.1934,-0.68466,-0.26667,0.19628,-0.0898,-0.0944,-76.545
28.488,50.741,3.4185,7.2491,-0.7616,-0.18819,0.13794,-0.1012,-0.1004,-72.599
28.528,50.992,3.3438,7.1839,-0.86213,-0.23846,0.17465,-0.1151,-0.1083,-66.809
28.568,51.308,3.3369,7.1143,-0.87065,-0.25332,0.18416,-0.1172,-0.1065,-67.299
28.608,51.586,3.1932,6.9855,-1.084,-0.3248,0.23526,-0.1483,-0.128,-55.227
28.648,51.871,3.1449,6.9453,-1.1333,-0.3269,0.23602,-0.1561,-0.1301,-54.09
28.688,52.155,3.0873,6.8842,-1.2146,-0.34959,0.25175,-0.1687,-0.1359,-51.439
28.728,52.431,3.0148,6.7943,-1.3062,-0.40085,0.28796,-0.1832,-0.1432,-48.315
28.768,52.682,2.8319,6.7115,-1.3491,-0.45215,0.32433,-0.1907,-0.1448,-47.277
28.808,52.951,2.7786,6.6171,-1.3882,-0.50785,0.36354,-0.1982,-0.1464,-46.182
28.848,53.225,2.6867,6.5073,-1.4644,-0.57436,0.41041,-0.2118,-0.153,-43.595
28.888,53.482,2.5643,6.3796,-1.5927,-0.65762,0.46921,-0.234,-0.1665,-39.492
28.928,53.744,2.4512,6.3046,-1.7,-0.67429,0.48062,-0.2528,-0.1765,-36.996
28.968,54.005,2.311,6.2157,-1.8622,-0.70425,0.50176,-0.2808,-0.1937,-33.499
29.008,54.268,2.2064,6.1921,-1.9357,-0.65451,0.4664,-0.2937,-0.1977,-32.816
29.048,54.515,2.0195,6.0214,-2.1374,-0.80062,0.57062,-0.3307,-0.2223,-28.743
29.088,54.772,1.8867,5.9933,-2.2318,-0.74186,0.52886,-0.3474,-0.2285,-27.988
29.128,55.025,1.749,5.9071,-2.3946,-0.73972,0.52733,-0.377,-0.2453,-25.984
29.168,55.275,1.593,5.7735,-2.5648,-0.82854,0.59025,-0.4101,-0.2644,-23.894
29.208,55.517,1.4183,5.6484,-2.7462,-0.87792,0.6252,-0.4454,-0.285,-22.037
29.248,55.751,1.2916,5.5986,-2.8654,-0.86194,0.61481,-0.4669,-0.2932,-21.45
29.288,55.991,1.1006,5.4817,-3.0655,-0.80623,0.57456,-0.5056,-0.3154,-19.913
29.328,56.23,0.89967,5.3689,-3.2764,-0.80205,0.57191,-0.5451,-0.3376,-18.631
29.369,56.462,0.72035,5.2864,-3.4393,-0.75212,0.53646,-0.5752,-0.3511,-17.963
29.408,56.683,0.55091,5.1916,-3.5723,-0.74318,0.5301,-0.6021,-0.3616,-17.428
29.449,56.898,0.37466,5.0776,-3.6921,-0.79257,0.5651,-0.6291,-0.3721,-16.872
29.488,57.104,0.19515,4.9491,-3.7972,-0.88329,0.62948,-0.656,-0.3825,-16.309
29.529,57.312,0.008231,4.8548,-3.9171,-0.87574,0.62404,-0.6815,-0.3911,-15.95
29.569,57.494,-0.15704,4.7473,-3.9459,-0.95564,0.68103,-0.6971,-0.3913,-15.776
29.608,57.694,-0.34886,4.6622,-4.059,-0.92214,0.65731,-0.7209,-0.3981,-15.528
29.648,57.878,-0.53667,4.5852,-4.1298,-0.89236,0.63597,-0.7384,-0.3993,-15.454
29.689,58.308,-2.0693,7.2533,-8.2281,-1.0384,0.74069,-0.852,-0.4048,-27.097
29.728,58.261,-2.0718,5.1522,-6.8383,-1.1366,0.81069,-0.9341,-0.4185,-20.459
29.769,58.205,-2.0022,4.7029,-6.3612,-1.1031,0.7868,-0.9446,-0.1933,-40.926
29.808,58.349,-2.3364,3.3122,-2.3441,-0.86413,0.61625,-0.6155,-0.0943,-43.03
29.849,58.535,-2.4638,3.3794,-2.5406,-0.84846,0.60511,-0.6446,-0.1048,-40.342
29.888,58.699,-2.5972,3.3762,-2.6728,-0.85775,0.61182,-0.6743,-0.1255,-34.312
29.928,58.873,-2.9125,3.2535,-3.2331,-0.99837,0.7136,-0.7693,-0.2401,-19.103
29.968,59.069,-3.0246,2.484,-3.3973,-2.024,1.4714,-0.8855,-0.4483,-9.3878
30.009,59.187,-3.2713,2.5618,-3.6381,-1.6623,1.2069,-0.9134,-0.4583,-9.7089
30.048,59.313,-3.5002,2.6914,-4.0577,-1.0926,0.78992,-0.9565,-0.5027,-9.6859
30.089,59.459,-3.7804,2.9239,-4.409,-0.35621,0.25516,-0.9768,-0.4861,-10.883
30.128,60.27,-5.0121,5.6985,-9.1001,-0.3542,0.25258,-1.0136,-0.4861,-22.088
30.169,60.526,-5.3443,5.1974,-7.9956,-0.50263,0.35845,-0.9982,-0.3327,-28.664
30.208,60.415,-5.4101,-6.9109,1.4564,-0.54514,0.38923,-0.99687,-0.27131,-26.031
30.248,60.303,-5.4861,5.514,-8.5765,-0.58871,0.42077,-0.9955,-0.2084,-48.926
30.288,60.34,-5.445,4.8925,-8.2284,-0.51165,0.36587,-1.0301,-0.0868,-110.29
30.328,60.589,-5.8247,5.0618,-8.2473,-0.44874,0.32071,-1.0168,-0.0331,-292.35
30.368,60.789,-6.1902,5.0876,-8.4612,-0.35231,0.25168,-1.0267,-0.0551,-179.18
30.408,60.998,-6.5417,5.118,-8.4711,-0.34194,0.24425,-1.0247,-0.0471,-210.13
30.449,60.935,-6.9342,5.0393,-8.1539,-0.70026,0.50141,-1.0117,0.0401,239.04
30.488,61.144,-7.32,5.1417,-8.3914,-0.19632,0.14016,-1.0196,0.0005,19683
30.529,61.328,-7.568,4.9461,-8.0959,-0.94667,0.67885,-1.0147,0.0341,278.22
30.568,61.541,-7.8829,4.9363,-8.0656,-0.94476,0.67743,-1.0139,0.0327,289.18
30.608,61.749,-8.1859,4.8973,-8.0164,-0.9721,0.69715,-1.0144,0.0291,322.82
30.648,61.949,-8.502,4.8778,-7.9777,-0.98121,0.70374,-1.0139,0.0276,338.79
******-------------------------------------------------------------------------------------------------------------------****** 
TargetID: ID20
Target can not be processed due to lack of Data
******-------------------------------------------------------------------------------------------------------------------****** 
TargetID: ID21
Target can not be processed due to lack of Data
******-------------------------------------------------------------------------------------------------------------------****** 
TargetID: ID22
Relevancy: 0
tj = Inf
Label: -1
Comment: Target is irrelevant as it is not crossing the estimated holding line
DATA:
28.088,0,0,2.2925,0.0082455,-0.12733,-0.18658,0,-0.0015,-1528.3
28.128,0.021068,-0.07551,2.1088,-0.082626,-0.24061,-0.35747,-0.0474,-0.0026,-811.72
28.168,0.072398,-0.11348,1.9993,-0.10457,-0.38239,-0.5787,-0.0673,-0.0011,-1820
28.208,0.098791,-0.18553,1.8694,-0.22446,-0.40137,-0.57882,-0.1021,-0.005,-376.56
28.248,0.056524,-0.27997,1.7059,-0.29649,-0.19612,-0.28604,-0.1616,-0.0157,-110.29
28.288,0.24248,-0.20177,1.8535,-0.15424,-0.28763,-0.43448,-0.0963,-0.0019,-978.92
28.328,0.31767,-0.20855,1.8378,-0.1527,-0.28584,-0.43389,-0.0964,-0.0019,-970.62
28.368,0.39525,-0.21462,1.8223,-0.15117,-0.28409,-0.43326,-0.0965,-0.0019,-962.39
28.408,0.36989,-0.28122,1.7183,-0.27163,-0.18919,-0.28097,-0.1467,-0.0203,-85.695
28.448,0.43688,-0.29222,1.7079,-0.2714,-0.18779,-0.28005,-0.1474,-0.0203,-85.188
28.488,0.50788,-0.30074,1.6974,-0.27144,-0.18637,-0.27897,-0.1483,-0.0203,-84.68
28.528,0.57477,-0.3119,1.687,-0.27129,-0.1849,-0.27792,-0.1491,-0.0203,-84.173
28.568,0.6416,-0.32167,1.6766,-0.27114,-0.18346,-0.27684,-0.1499,-0.0203,-83.665
28.608,0.71427,-0.32952,1.6663,-0.27113,-0.18208,-0.27573,-0.1508,-0.0203,-83.162
28.648,0.7879,-0.33842,1.6559,-0.27088,-0.18076,-0.27457,-0.1515,-0.0203,-82.654
28.688,0.85433,-0.34805,1.6454,-0.27084,-0.17952,-0.27336,-0.1524,-0.0203,-82.146
28.728,0.91741,-0.35868,1.635,-0.27057,-0.17832,-0.27213,-0.1532,-0.0203,-81.636
28.768,0.98889,-0.36703,1.6246,-0.27041,-0.17717,-0.27086,-0.1541,-0.0203,-81.132
28.808,1.0616,-0.3755,1.6142,-0.27017,-0.17602,-0.26959,-0.1549,-0.0203,-80.626
28.848,1.1242,-0.38606,1.6038,-0.26991,-0.1749,-0.2683,-0.1557,-0.0203,-80.116
28.888,1.1953,-0.39374,1.5935,-0.26964,-0.17376,-0.26686,-0.1565,-0.0203,-79.611
28.928,1.2691,-0.4009,1.583,-0.26941,-0.17275,-0.2655,-0.1574,-0.0203,-79.101
28.968,1.4378,-0.37711,1.583,-0.26941,NaN,NaN,-0.21407,NaN,NaN
29.008,1.6062,-0.35338,1.583,-0.26941,NaN,NaN,-0.27061,NaN,NaN
29.048,1.7748,-0.32962,1.583,-0.26941,NaN,NaN,-0.32723,NaN,NaN
29.088,1.9433,-0.30586,1.583,-0.26941,NaN,NaN,-0.38384,NaN,NaN
29.128,2.1118,-0.2821,1.583,-0.26941,NaN,NaN,-0.44043,NaN,NaN
29.168,2.2804,-0.25834,1.583,-0.26941,NaN,NaN,-0.49704,NaN,NaN
29.208,2.4489,-0.23459,1.583,-0.26941,NaN,NaN,-0.55363,NaN,NaN
29.248,2.6174,-0.21083,1.583,-0.26941,NaN,NaN,-0.61023,NaN,NaN
29.288,2.786,-0.18707,1.583,-0.26941,NaN,NaN,-0.66685,NaN,NaN
29.328,2.9545,-0.16332,1.583,-0.26941,NaN,NaN,-0.72343,NaN,NaN
29.369,3.1256,-0.13919,NaN,NaN,NaN,NaN,-0.7809,NaN,NaN
******-------------------------------------------------------------------------------------------------------------------****** 
TargetID: ID23
Relevancy: 1
tj = 32.5693
Label: 0
Comment: Target is relevant and going straight, since the velocity ratio is almost not changing
DATA:
29.569,-0,0,NaN,NaN,NaN,NaN,0,NaN,NaN
29.608,0.078418,-0.20416,NaN,NaN,NaN,NaN,-0.4598,NaN,NaN
29.648,0.16739,-0.2973,NaN,NaN,NaN,NaN,-0.5014,NaN,NaN
29.689,0.2969,-0.6183,NaN,NaN,NaN,NaN,-0.7401,NaN,NaN
29.728,0.3072,-0.4266,NaN,NaN,NaN,NaN,-0.2996,NaN,NaN
29.769,0.35673,-0.37901,NaN,NaN,NaN,NaN,-0.0934,NaN,NaN
29.808,0.41858,-0.21576,NaN,NaN,NaN,NaN,0.1222,NaN,NaN
29.849,0.47598,-0.19966,NaN,NaN,NaN,NaN,0.1663,NaN,NaN
29.888,0.53089,-0.21706,NaN,NaN,NaN,NaN,0.1355,NaN,NaN
29.928,0.62769,-0.11585,NaN,NaN,NaN,NaN,0.2289,NaN,NaN
29.968,0.71814,0.033093,NaN,NaN,NaN,NaN,0.3403,NaN,NaN
30.009,0.76431,0.017579,NaN,NaN,NaN,NaN,0.3227,NaN,NaN
30.048,0.84042,0.1546,NaN,NaN,NaN,NaN,0.3993,NaN,NaN
30.089,0.64614,-0.30399,2.1048,0.88843,-0,0,0.3994,0,Inf
30.128,0.73859,-0.29483,2.1055,0.8329,-0.003634,0.0087491,0.3765,-0.0006,-3773.8
30.169,0.84577,-0.2275,2.2733,0.89941,-0.31719,0.79613,0.3911,-0.0057,-428.91
30.208,0.94568,-0.20143,2.3067,0.91063,-0.42433,1.0217,0.376,-0.0092,-269.55
30.248,1.0559,-0.14129,2.4245,0.9753,-0.57986,1.3963,0.3825,-0.0131,-199.49
30.288,1.1573,-0.2027,2.4376,0.89416,-0.51333,1.1718,0.3327,-0.0134,-193.76
30.328,1.3893,-0.69194,2.7245,0.6973,-0.4021,1.0379,0.2646,-0.0478,-58.835
30.368,1.5161,-0.63981,2.863,0.75581,-0.47699,1.2352,0.2732,-0.0477,-62.076
30.408,1.6303,-0.62271,2.922,0.74116,-0.47379,1.2258,0.2628,-0.0515,-58.534
30.449,1.7477,-0.57904,2.9707,0.76846,-0.47016,1.2113,0.2669,-0.0503,-61.003
30.488,1.8566,-0.54045,2.9619,0.77183,-0.42181,1.0789,0.2672,-0.0519,-58.975
30.529,1.953,-0.51789,2.8841,0.73857,-0.32477,0.82165,0.2606,-0.0581,-51.242
30.568,2.0832,-0.44871,2.9979,0.81569,-0.38856,0.98549,0.2766,-0.0454,-68.433
30.608,0.792,-1.1391,3.0429,0.24908,-0.18138,0.66587,0.1981,-0.1179,-25.896
30.648,0.91261,-1.1307,3.1662,0.17421,-0.20327,0.78414,0.1819,-0.1229,-25.802
30.688,0.94586,-0.96001,2.6491,0.65131,-0.22575,0.5288,0.2411,-0.0861,-31.684
30.728,1.0476,-0.93751,3.1169,0.34303,-0.17673,0.60551,0.2103,-0.1152,-27.22
30.768,1.1699,-0.8996,3.0748,0.39667,-0.15503,0.49875,0.2133,-0.1132,-27.388
30.808,1.297,-0.87561,3.117,0.39448,-0.15999,0.51602,0.2115,-0.1106,-28.407
30.848,1.4305,-0.84853,3.2051,0.38766,-0.18079,0.60489,0.2153,-0.1017,-31.745
30.888,1.4928,-0.73048,2.8735,0.43671,-0.1789,0.61346,0.2701,-0.0335,-86.76
30.928,1.6137,-0.7095,3.2752,0.56879,-0.18779,0.61976,0.264,-0.0374,-88.882
30.968,1.7321,-0.69087,3.1994,0.5982,-0.15238,0.46745,0.2575,-0.0418,-77.868
31.008,1.8564,-0.63396,3.0289,0.66029,-0.12535,0.36464,0.2774,-0.0239,-129.71
31.048,1.9739,-0.61678,2.9209,0.80397,-0.030293,0.076114,0.2825,-0.0164,-184.73
31.088,2.0699,-0.57029,2.8531,0.87896,-0.012524,0.030635,0.3046,0.004,746.36
31.128,2.1958,-0.53148,2.8896,0.75088,-0.0039402,0.0095391,0.256,-0.0465,-64.206
31.168,2.3312,-0.49135,3.0151,0.56514,-0.074431,0.19804,0.2201,-0.0821,-37.364
31.208,2.4657,-0.45321,3.0892,0.43278,-0.10134,0.27947,0.1864,-0.1143,-27.291
31.248,2.6035,-0.45852,3.1512,0.24549,-0.11755,0.32933,0.1313,-0.1619,-19.523
31.288,2.7413,-0.44873,3.2342,0.12902,-0.14812,0.43063,0.1063,-0.1802,-17.962
31.328,2.8274,-0.28323,3.139,0.1149,-0.13719,0.38136,0.099,-0.1832,-17.146
31.369,2.9684,-0.31011,3.3221,-0.029213,-0.15875,0.4588,0.0575,-0.2155,-15.416
31.408,3.0954,-0.27875,3.2353,-0.013755,-0.15264,0.42286,0.0603,-0.2063,-15.683
31.448,3.2191,-0.26412,3.2816,-0.073559,-0.158,0.43545,0.0418,-0.2174,-15.099
31.488,3.3736,-0.28466,3.4414,-0.19726,-0.1526,0.42485,-0.0013,-0.2494,-13.821
31.529,3.4864,-0.24375,3.3818,-0.25005,-0.15456,0.41356,-0.0179,-0.257,-13.195
31.568,3.5991,-0.26982,3.8267,-0.45119,-0.2203,0.6666,-0.0482,-0.2747,-14.027
31.608,3.7487,-0.26579,3.5548,-0.46219,-0.1863,0.49585,-0.0706,-0.2861,-12.53
31.648,3.8916,-0.25524,3.5863,-0.45961,-0.16527,0.43272,-0.0773,-0.2826,-12.794
31.688,4.0414,-0.25985,3.6451,-0.47523,-0.16976,0.44394,-0.08,-0.275,-13.367
31.728,4.1915,-0.26505,3.6566,-0.52466,-0.1295,0.32974,-0.1065,-0.2895,-12.76
31.768,4.3434,-0.26854,3.7184,-0.54029,-0.14145,0.36143,-0.1061,-0.2791,-13.463
31.808,4.495,-0.28002,3.7159,-0.60855,-0.099424,0.24842,-0.1367,-0.2964,-12.704
31.848,4.6567,-0.30868,3.7164,-0.70763,-0.069108,0.1702,-0.1711,-0.3159,-11.976
31.888,4.8146,-0.35289,3.7382,-0.84003,-0.047864,0.11783,-0.2098,-0.3376,-11.349
31.928,4.9666,-0.37283,3.7078,-0.9181,-0.03127,0.075904,-0.2356,-0.348,-10.976
31.968,5.1414,-0.42327,3.7183,-1.0583,-0.021149,0.051168,-0.2727,-0.3667,-10.543
32.009,5.3029,-0.47863,3.714,-1.1984,-0.009885,0.02389,-0.3101,-0.3847,-10.144
32.048,5.4738,-0.53781,3.753,-1.2849,-0.011403,0.027516,-0.3276,-0.3859,-10.28
32.089,5.6653,-0.65519,3.8319,-1.5288,-5.3768e-05,0.00013092,-0.3796,-0.4129,-9.9918
32.129,5.8586,-0.79223,3.8866,-1.781,0.027619,-0.066175,-0.4338,-0.4406,-9.7031
32.169,6.0543,-0.93813,3.9319,-2.0287,0.064674,-0.15428,-0.4848,-0.4647,-9.5211
32.209,6.2354,-1.0716,3.9684,-2.2193,0.097782,-0.23272,-0.5215,-0.4775,-9.5221
32.249,6.4154,-1.2083,4.016,-2.4019,0.13449,-0.31956,-0.5534,-0.4863,-9.6225
32.289,6.5921,-1.3524,4.0438,-2.5928,0.17309,-0.41097,-0.5868,-0.4959,-9.6867
32.329,6.765,-1.4896,4.0865,-2.7383,0.20297,-0.48184,-0.6084,-0.497,-9.8976
32.369,6.91,-1.6167,3.9519,-3.0691,0.27548,-0.64635,-0.6809,-0.5329,-9.3896
32.409,7.0597,-1.7703,3.9182,-3.2964,0.32371,-0.76076,-0.7208,-0.5452,-9.3918
32.449,7.2134,-1.9392,3.9032,-3.5216,0.37765,-0.88903,-0.756,-0.554,-9.4894
32.489,7.3679,-2.1172,3.8976,-3.7435,0.43704,-1.0306,-0.7876,-0.5599,-9.652
32.529,7.5247,-2.3009,3.9208,-3.9304,0.49394,-1.1662,-0.8093,-0.5592,-9.9279
32.569,7.6947,-2.5075,3.9902,-4.1224,0.55753,-1.3173,-0.8247,-0.554,-10.356
32.609,7.8479,-2.702,3.9809,-4.313,0.59932,-1.4191,-0.8476,-0.5544,-10.587
32.649,8.0016,-2.8696,4.0463,-4.2954,0.58549,-1.3856,-0.8374,-0.5332,-11.067
32.689,8.1563,-3.0307,4.0945,-4.2784,0.56926,-1.3467,-0.8292,-0.5138,-11.526
32.729,8.3116,-3.1947,4.1195,-4.3173,0.56879,-1.3461,-0.8303,-0.501,-11.911
32.769,8.4677,-3.3645,4.1307,-4.3777,0.57637,-1.3649,-0.8355,-0.491,-12.258
32.809,9.6856,-3.8397,4.9032,-4.0875,0.40553,-0.9596,-0.706,-0.491,-13.001
32.849,10.14,-4.1404,5.0198,-4.1377,0.42876,-1.0154,-0.6977,-0.3881,-16.762
32.889,10.285,-4.2354,4.9028,-3.8269,0.42958,-1.0139,-0.6723,-0.2432,-25.574
32.929,10.486,-4.364,4.9702,-3.6465,0.42434,-0.99939,-0.6427,-0.0659,-93.541
32.969,10.718,-4.5344,5.1638,-3.7014,0.42358,-0.99805,-0.6313,-0.007,-907.62
33.009,11.005,-4.6996,5.2513,-3.5468,0.37528,-0.88545,-0.6015,0.1097,57.766
33.049,11.159,-4.7946,5.4234,-3.6066,0.3725,-0.87873,-0.5952,0.1159,56.196
******-------------------------------------------------------------------------------------------------------------------****** 
TargetID: ID08
Target can not be processed due to lack of Data
******-------------------------------------------------------------------------------------------------------------------****** 
