******-------------------------------------------------------------------------------------------------------------------****** 
Duration of the scene is: 17.885 seconds
Original Targets Numbers in the hole Scene: 5
Number of Targets in the hole Scene after preprocessing: 6
Number of static portions: 1
******-------------------------------------------------------------------------------------------------------------------****** 
TargetID: ID01
Relevancy: 1
tj = 13.0034
Label: 0
Comment: Target is relevant and going straight, since target is crossing Ego X-axis in EFC
DATA:
10.523,-0,0,NaN,NaN,NaN,NaN,0,NaN,NaN
10.563,0.34824,-0.087672,NaN,NaN,NaN,NaN,-0.0631,NaN,NaN
10.603,0.80667,0.11159,NaN,NaN,NaN,NaN,0.0738,NaN,NaN
10.643,1.2543,0.31091,NaN,NaN,NaN,NaN,0.1599,NaN,NaN
10.683,1.6922,0.51134,NaN,NaN,NaN,NaN,0.2098,NaN,NaN
10.723,2.1448,0.6084,NaN,NaN,NaN,NaN,0.2097,NaN,NaN
10.763,2.5956,0.70678,NaN,NaN,NaN,NaN,0.2097,NaN,NaN
10.803,3.0471,0.80541,NaN,NaN,NaN,NaN,0.2097,NaN,NaN
10.843,3.5073,0.98717,NaN,NaN,NaN,NaN,0.2233,NaN,NaN
10.883,3.9028,1.9914,11.741,3.6671,-0,0,0.3027,0,Inf
10.923,4.1735,1.5109,11.331,2.062,-0.0385,0.032223,0.18,-0.022,-523.5
10.963,4.6502,1.6139,11.516,2.2217,-0.033089,0.027668,0.1906,-0.0516,-227.29
11.003,5.0636,1.6225,11.607,2.0314,-0.079677,0.066534,0.1732,-0.0904,-130.35
11.043,5.567,1.8365,11.759,2.261,-0.13759,0.11478,0.1901,-0.0861,-139.07
11.083,6.0848,1.9587,11.864,2.2646,-0.18764,0.1563,0.1887,-0.0898,-134.5
11.123,6.5714,2.0187,11.927,2.139,-0.20925,0.1741,0.1776,-0.0981,-123.52
11.163,7.0581,2.1713,11.995,2.285,-0.24288,0.20182,0.1884,-0.0804,-151.88
11.203,7.5379,2.2712,12.039,2.275,-0.2562,0.21251,0.1869,-0.0772,-158.7
11.243,8.0223,2.3594,12.096,2.2462,-0.26732,0.22146,0.1838,-0.0772,-159.36
11.283,8.5195,2.3262,12.088,1.8373,-0.223,0.18455,0.151,-0.1148,-106.51
11.323,9.0031,2.4024,12.14,1.7886,-0.233,0.19264,0.1464,-0.1148,-106.89
11.363,9.4905,2.4724,12.192,1.7381,-0.24298,0.20076,0.1418,-0.1148,-107.27
11.403,9.9789,2.5428,12.243,1.6881,-0.25307,0.20897,0.1372,-0.1148,-107.66
11.443,10.467,2.6352,12.128,2.8788,-0.2393,0.19751,0.13791,-0.10975,-113.57
11.483,10.95,2.7692,12.048,3.7741,-0.22554,0.18605,0.13862,-0.10471,-120.58
11.523,11.431,2.9333,12.004,4.3756,-0.21177,0.17459,0.13933,-0.099668,-128.19
11.563,11.911,3.1155,11.996,4.6829,-0.198,0.16313,0.14004,-0.094622,-136.09
11.603,12.392,3.3042,12.023,4.6958,-0.18423,0.15166,0.14076,-0.089577,-144.09
11.643,12.874,3.4874,12.086,4.4144,-0.17046,0.14021,0.14147,-0.084534,-152.21
11.683,13.359,3.6535,12.184,3.8387,-0.15669,0.12875,0.14218,-0.079489,-160.71
11.723,13.849,3.7906,12.318,2.9691,-0.14293,0.11729,0.14289,-0.074447,-170.2
11.763,14.346,3.8872,12.487,1.8042,-0.12916,0.10582,0.1436,-0.0694,-181.8
11.803,14.847,4.1249,12.532,2.1151,-0.1281,0.10489,0.1672,-0.0436,-291.5
11.843,15.353,4.253,12.573,2.1995,-0.12912,0.10564,0.1733,-0.0351,-363.65
11.883,15.881,4.4468,12.65,2.4323,-0.14755,0.12061,0.19,-0.0154,-836.5
11.923,16.405,4.6088,12.719,2.5869,-0.16292,0.13307,0.2007,-0.003,-4326.6
11.963,16.466,4.6161,12.75,2.5749,-0.15701,0.12818,0.1998,-0.0036,-3613.1
12.003,16.95,4.6104,12.707,2.2798,-0.11809,0.096377,0.1779,-0.0255,-506.26
12.043,16.36,4.5203,12.756,2.3491,-0.11693,0.095409,0.1833,-0.0183,-708.78
12.083,16.836,4.5587,12.711,2.1715,-0.093119,0.075899,0.1701,-0.0318,-405.5
12.123,17.319,4.8494,12.781,2.3576,-0.099277,0.080849,0.1834,-0.0148,-878.17
12.163,17.839,4.9664,12.821,2.4288,-0.10095,0.082147,0.1882,-0.009,-1449.8
12.203,18.37,5.136,12.913,2.6662,-0.12486,0.10154,0.2048,0.0078,1690.5
12.243,18.856,5.2168,12.888,2.5744,-0.10728,0.087124,0.1982,0.0002,65713
12.283,19.388,5.3723,12.997,2.8758,-0.14241,0.11552,0.2191,0.0218,610.63
12.323,19.879,5.4248,12.974,2.7329,-0.11893,0.096298,0.2087,0.0107,1239.1
12.363,20.378,5.4556,12.925,2.518,-0.089907,0.072676,0.1933,-0.0037,-3558.8
12.403,20.946,5.6101,12.983,2.7027,-0.096551,0.077939,0.2061,0.01,1326.1
12.443,21.461,5.7734,13.026,2.7876,-0.099337,0.080108,0.2117,0.0127,1048.9
12.483,21.98,5.874,13.043,2.796,-0.096292,0.077586,0.2121,0.0133,1003
12.523,22.506,5.8703,13.032,2.706,-0.085105,0.068514,0.2055,0.0053,2511.3
12.563,23.021,5.9453,13.014,2.6792,-0.077534,0.062375,0.2037,0.0031,4286
12.603,23.551,5.9437,13.02,2.6432,-0.07392,0.059433,0.201,0.0001,1.3285e+05
12.643,24.078,6.0055,13.072,2.6888,-0.082313,0.066131,0.2036,0.0027,4942.7
12.683,24.573,6.214,13.12,2.7053,-0.088624,0.071129,0.2041,0.0028,4784.4
12.723,25.124,6.39,13.2,2.8063,-0.095491,0.076565,0.2103,0.0089,1516.3
12.763,25.648,6.4895,13.248,2.8259,-0.10457,0.083762,0.2111,0.0089,1522.1
12.803,26.179,6.5981,13.285,2.8265,-0.10693,0.085552,0.2106,0.0079,1719.3
12.843,26.72,6.7235,13.333,2.8396,-0.11129,0.088928,0.2108,0.0077,1770.4
12.883,27.24,6.825,13.357,2.8308,-0.10759,0.085865,0.2098,0.0064,2133.4
12.923,27.785,6.8003,13.407,2.869,-0.10896,0.086878,0.2118,0.0083,1651.9
12.963,28.284,6.892,13.365,2.8113,-0.09397,0.074857,0.2081,0.0048,2845.4
13.003,28.843,7.066,13.489,3.0016,-0.11986,0.095403,0.22,0.0172,803.42
13.043,29.391,7.2352,13.55,3.0822,-0.12698,0.10097,0.2248,0.0217,640.4
13.083,29.947,7.3403,13.6,3.1084,-0.13079,0.1039,0.2258,0.022,634.12
13.123,30.524,7.4812,13.704,3.2137,-0.14633,0.11611,0.2316,0.0271,519.39
13.163,31.097,7.6265,13.809,3.3123,-0.16365,0.12972,0.2368,0.0314,452.26
13.203,31.637,7.7346,13.799,3.2869,-0.14867,0.11771,0.2351,0.0286,495.98
13.243,32.183,7.8671,13.862,3.3114,-0.1515,0.11983,0.2358,0.028,509.01
13.283,32.747,8.0042,13.963,3.3681,-0.16518,0.13053,0.2381,0.029,495.3
13.323,33.326,8.1024,13.997,3.3596,-0.1629,0.12815,0.2342,0.0233,617.77
13.364,33.887,8.236,14.041,3.3843,-0.16375,0.12868,0.2352,0.0233,619.87
13.404,34.45,8.3745,14.085,3.4075,-0.16479,0.12942,0.236,0.0233,621.96
13.444,35.015,8.5076,14.13,3.4317,-0.16592,0.13026,0.2369,0.0233,624.05
13.484,35.582,8.6463,14.174,3.4569,-0.16729,0.13128,0.2379,0.0233,626.15
13.524,36.15,8.7789,14.218,3.4831,-0.16844,0.1321,0.2389,0.0233,628.24
13.564,36.512,8.751,13.756,3.2091,-0.067879,0.053266,0.2286,0.0131,1078.3
13.604,37.063,8.878,13.776,3.2212,-0.068011,0.053326,0.2291,0.0131,1080
13.644,37.616,9.0005,13.795,3.233,-0.068143,0.053386,0.2296,0.0131,1081.6
13.684,38.241,9.1561,13.897,3.3079,-0.086656,0.067942,0.2344,0.0179,798.08
13.724,38.832,9.2833,13.931,3.3038,-0.087339,0.068448,0.2336,0.0169,847.18
13.764,39.359,9.4046,13.89,3.3749,-0.080561,0.063121,0.239,0.0226,632.47
13.804,39.924,9.5171,13.929,3.3303,-0.080791,0.063288,0.2353,0.0186,769.97
13.844,40.417,9.6006,13.839,3.2824,-0.061948,0.048447,0.2324,0.0144,987.68
13.884,40.895,9.7368,13.7,3.2486,-0.034312,0.026838,0.2325,0.0133,1058.7
13.924,41.415,9.8698,13.653,3.2678,-0.026516,0.020734,0.2347,0.0154,911.61
13.964,41.946,9.9607,13.595,3.2516,-0.013259,0.010365,0.2346,0.0153,913.66
14.004,42.481,10.058,13.548,3.2463,-0.0022283,0.0017415,0.2352,0.0157,887.34
14.044,43.012,10.188,13.529,3.2557,0.00078022,-0.00060959,0.2362,0.0159,875.15
14.084,43.56,10.302,13.525,3.2238,0.0043454,-0.0033965,0.234,0.0122,1139.6
14.124,44.1,10.41,13.522,3.2229,0.0036765,-0.0028743,0.234,0.0119,1168.1
14.164,44.647,10.521,13.574,3.2416,-0.01326,0.010364,0.2343,0.0119,1172.7
14.204,45.199,10.626,13.605,3.2368,-0.020171,0.015761,0.2334,0.0102,1371.1
14.244,45.739,10.747,13.603,3.2475,-0.0185,0.014455,0.2342,0.01,1398.5
14.284,46.293,10.856,13.676,3.2563,-0.039568,0.030909,0.2334,0.0094,1495.6
14.324,46.837,10.982,13.705,3.2773,-0.046816,0.036567,0.2343,0.0099,1423.3
14.364,47.376,11.122,13.711,3.3058,-0.047485,0.037089,0.2362,0.011,1282.2
14.404,47.93,11.242,13.74,3.3095,-0.052164,0.04075,0.2359,0.0106,1333.3
14.444,48.455,11.407,13.708,3.3584,-0.043244,0.033785,0.2399,0.0135,1045.4
14.484,48.991,11.548,13.726,3.3705,-0.045589,0.035609,0.2404,0.0135,1047
14.524,49.521,11.705,13.715,3.4165,-0.044251,0.034564,0.2438,0.0163,867.12
14.564,50.064,11.842,13.715,3.4355,-0.043251,0.033777,0.2451,0.0172,822.04
14.604,50.562,12.061,13.675,3.5577,-0.042694,0.033341,0.2542,0.0233,606.46
14.644,51.088,12.217,13.675,3.5965,-0.043359,0.033868,0.2568,0.0246,574.79
14.684,51.634,12.38,13.707,3.6474,-0.056294,0.043964,0.2596,0.0262,541.36
14.724,52.162,12.578,13.704,3.7253,-0.060421,0.047183,0.2649,0.0291,488.01
14.764,52.707,12.738,13.713,3.7425,-0.05875,0.045887,0.2659,0.0292,486.79
14.804,53.218,12.952,13.695,3.8438,-0.067559,0.052752,0.2731,0.0345,412.3
14.844,53.771,13.125,13.703,3.8485,-0.060643,0.047356,0.2733,0.0339,419.86
14.884,54.31,13.309,13.705,3.8992,-0.063655,0.049706,0.2767,0.0353,403.65
14.924,54.868,13.463,13.726,3.8969,-0.063922,0.049985,0.2772,0.0346,412.37
14.964,55.445,13.56,13.768,3.8579,-0.06555,0.051185,0.2727,0.0297,481.43
15.004,56.021,13.677,13.817,3.8314,-0.071577,0.055898,0.2699,0.0266,539.04
15.044,56.513,13.882,13.775,3.9331,-0.070681,0.055187,0.2775,0.0318,450.48
15.084,57.041,14.052,13.783,3.9801,-0.077825,0.060773,0.2805,0.0329,436.04
15.124,57.648,14.12,13.921,3.8039,-0.086638,0.06765,0.266,0.0145,995.29
15.164,58.182,14.406,13.985,3.7961,-0.10382,0.081055,0.2642,0.0137,1057.8
15.204,58.723,14.594,13.963,3.8329,-0.089531,0.069885,0.2672,0.0149,971.78
15.244,59.271,14.757,13.953,3.8494,-0.076367,0.059621,0.2686,0.0152,952.24
15.284,59.834,14.909,13.983,3.8601,-0.080278,0.062689,0.2687,0.0147,986.79
15.324,60.359,15.106,13.951,3.9076,-0.067779,0.052922,0.2726,0.0165,878.06
15.364,60.926,15.242,13.942,3.8863,-0.047706,0.03726,0.2715,0.0148,977.96
15.404,61.526,15.375,13.98,3.8584,-0.043696,0.034141,0.2689,0.0125,1160.2
15.444,62.081,15.525,13.976,3.8618,-0.037895,0.029602,0.2693,0.0125,1160
15.484,62.662,15.626,13.995,3.8108,-0.031318,0.024466,0.2656,0.0095,1526.8
******-------------------------------------------------------------------------------------------------------------------****** 
TargetID: ID02
Relevancy: 1
tj = 14.924
Label: 0
Comment: Target is relevant and going straight, since target is crossing Ego X-axis in EFC
DATA:
12.243,-0,0,NaN,NaN,NaN,NaN,0,NaN,NaN
12.283,0.43909,0.22586,NaN,NaN,NaN,NaN,0.139,NaN,NaN
12.323,0.76002,0.070353,NaN,NaN,NaN,NaN,-0.0008,NaN,NaN
12.363,1.1942,0.07043,NaN,NaN,NaN,NaN,-0.0008,NaN,NaN
12.403,1.9159,0.77279,NaN,NaN,NaN,NaN,0.2844,NaN,NaN
12.443,2.1326,0.33208,NaN,NaN,NaN,NaN,0.0801,NaN,NaN
12.483,2.6766,0.67064,NaN,NaN,NaN,NaN,0.1763,NaN,NaN
12.523,NaN,NaN,NaN,NaN,NaN,NaN,0.0594,NaN,NaN
12.563,NaN,NaN,NaN,NaN,NaN,NaN,0.0008,NaN,NaN
12.603,3.8967,0.64986,10.962,-0.11616,-0,0,-0.0106,0,Inf
12.643,4.3259,0.60229,10.94,-0.23728,-0.0056116,0.007459,-0.0217,-0.0029,-3773.4
12.683,4.7561,0.51443,10.891,-0.45485,-0.010635,0.014121,-0.0417,-0.0069,-1579.8
12.723,5.2091,0.48415,10.92,-0.51046,-0.021879,0.029021,-0.0467,-0.014,-780.88
12.763,4.5269,0.82194,10.788,-1.0343,-0.0241,0.031941,-0.0953,-0.0369,-293.7
12.803,4.8905,0.78169,10.743,-1.2727,-0.014406,0.019067,-0.1177,-0.0502,-215.5
12.843,5.3093,0.72474,10.76,-1.3303,-0.018852,0.024923,-0.1228,-0.0524,-206.9
12.883,5.6944,0.5932,10.712,-1.5651,-0.017672,0.023334,-0.1449,-0.0677,-159.91
12.923,6.0712,0.48256,10.693,-1.7102,-0.01367,0.01803,-0.1584,-0.0783,-138.3
12.963,6.5825,0.69343,10.907,-1.0965,-0.041125,0.054174,-0.1002,-0.0037,-2962.7
13.003,7.0158,0.63438,10.929,-1.1555,-0.052403,0.069006,-0.1047,-0.0091,-1207.7
13.043,7.484,0.83239,10.946,-1.2691,-0.048081,0.063234,-0.1148,-0.0101,-1091
13.083,7.8541,0.64329,10.842,-1.7236,-0.031425,0.041294,-0.1573,-0.0678,-161.92
13.123,8.3156,0.57887,10.897,-1.7424,-0.019885,0.026089,-0.1583,-0.0613,-180.02
13.163,8.7213,0.43732,10.846,-1.9768,-0.0012874,0.001686,-0.1803,-0.0906,-121.69
13.203,9.1603,0.34696,10.864,-2.0532,0.011678,-0.015285,-0.1869,-0.0939,-117.75
13.243,9.5807,0.17433,10.788,-2.4433,0.034206,-0.044712,-0.2231,-0.138,-80.156
13.283,10.007,0.15557,10.905,-2.1765,0.032679,-0.042682,-0.1974,-0.0942,-118.05
13.323,10.468,0.25323,11.077,-1.3789,-0.021844,0.028506,-0.1236,0.0178,627.13
13.364,10.429,0.30445,11.135,-1.1381,-0.032776,0.042748,-0.1013,0.0442,253.24
13.404,10.894,0.28932,11.185,-0.97342,-0.04199,0.054722,-0.0861,0.0661,169.85
13.444,11.325,0.15047,11.141,-1.1251,-0.031765,0.041376,-0.1001,0.0501,223.5
13.484,11.778,0.076734,11.145,-1.1431,-0.029535,0.038464,-0.1017,0.0496,225.88
13.524,12.257,0.101,11.241,-0.91836,-0.0385,0.0501,-0.0809,0.0744,151.59
13.564,12.736,0.13661,11.355,-0.61802,-0.053489,0.069577,-0.0535,0.108,105.29
13.604,13.229,0.19621,11.449,-0.37631,-0.072272,0.093958,-0.0316,0.1304,87.845
13.644,13.681,0.14311,11.459,-0.39097,-0.067833,0.08816,-0.033,0.1243,92.245
13.684,14.157,0.13075,11.48,-0.32304,-0.067438,0.087525,-0.027,0.1286,89.301
13.724,14.649,0.16509,11.54,-0.166,-0.076152,0.098807,-0.0131,0.1407,82.025
13.764,15.066,0.028133,11.44,-0.36898,-0.048332,0.062674,-0.0314,0.1139,100.49
13.804,15.98,0.0042353,11.478,-0.27242,-0.051542,0.066808,-0.0231,0.1192,96.319
13.844,16.402,-0.10686,11.378,-0.47708,-0.029542,0.038276,-0.0415,0.0917,124.19
13.884,16.849,-0.15836,11.388,-0.45029,-0.029632,0.038385,-0.0391,0.0911,125.1
13.924,17.217,-0.36059,11.411,-0.44417,-0.032834,0.04252,-0.0385,0.0879,129.92
13.964,17.723,-0.45685,11.436,-0.37807,-0.035779,0.046317,-0.0326,0.0911,125.6
14.004,18.191,-0.4753,11.447,-0.33541,-0.034488,0.044635,-0.0289,0.0921,124.35
14.044,18.605,-0.50087,11.475,-0.29375,-0.04028,0.052125,-0.0251,0.0921,124.63
14.084,19.026,-0.53244,11.475,-0.3179,-0.040706,0.052688,-0.0272,0.0859,133.63
14.124,19.467,-0.56703,11.499,-0.33182,-0.047183,0.061075,-0.0282,0.0806,142.73
14.164,19.905,-0.64999,11.421,-0.3384,-0.027576,0.035688,-0.0292,0.0771,148.2
14.204,20.34,-0.6971,11.369,-0.31821,-0.017553,0.02271,-0.0277,0.0762,149.26
14.244,20.795,-0.73555,11.36,-0.29825,-0.015223,0.01969,-0.0262,0.0754,150.72
14.284,21.282,-0.80223,11.342,-0.29689,-0.013577,0.017564,-0.026,0.0729,155.64
14.324,21.746,-0.79743,11.342,-0.1906,-0.0064861,0.0083907,-0.0167,0.0801,141.62
14.364,22.2,-0.86648,11.286,-0.28489,-0.0078702,0.010181,-0.0251,0.0682,165.53
14.404,22.674,-0.85411,11.32,-0.19403,-0.009166,0.01186,-0.017,0.0737,153.62
14.444,23.137,-0.861,11.395,-0.11985,-0.023342,0.030207,-0.0102,0.0768,148.39
14.484,23.582,-0.90131,11.397,-0.14032,-0.026888,0.034791,-0.012,0.0718,158.74
14.524,24.016,-0.96058,11.381,-0.1855,-0.031381,0.040606,-0.0159,0.0652,174.58
14.564,24.468,-0.9841,11.417,-0.1609,-0.040113,0.051899,-0.0136,0.0646,176.76
14.604,24.896,-1.0058,11.434,-0.13581,-0.040371,0.052234,-0.0113,0.0643,177.83
14.644,25.354,-1.0101,11.448,-0.10707,-0.041402,0.05358,-0.0088,0.0643,178.04
14.684,25.845,-1.0172,11.491,-0.04843,-0.046585,0.06029,-0.0036,0.067,171.5
14.724,26.312,-1.0232,11.521,-0.030634,-0.052112,0.067447,-0.002,0.0655,175.9
14.764,26.743,-1.0621,11.5,-0.1141,-0.055393,0.071695,-0.0092,0.0543,211.8
14.804,27.2,-1.0679,11.503,-0.093955,-0.051593,0.066776,-0.0075,0.054,213.02
14.844,27.661,-1.0705,11.516,-0.071774,-0.050731,0.065657,-0.0056,0.0539,213.66
14.884,28.073,-1.1718,11.508,-0.18159,-0.065666,0.085,-0.0149,0.04,287.74
14.924,28.531,-1.1825,11.52,-0.16995,-0.063508,0.082206,-0.0139,0.0395,291.68
14.964,28.918,-1.2635,11.465,-0.3114,-0.068516,0.088689,-0.0263,0.0228,503.05
15.004,29.38,-1.2831,11.485,-0.31514,-0.066791,0.086453,-0.0266,0.0215,534.38
15.044,29.84,-1.3051,11.515,-0.32334,-0.069379,0.089807,-0.0272,0.0197,584.77
15.084,30.894,-1.3741,11.906,0.64039,-0.11283,0.14615,0.0552,0.0008,14904
15.124,31.102,-1.4725,10.937,-0.26626,-0.12548,0.16255,-0.0225,-0.1746,-62.661
15.164,31.507,-1.4972,11.196,-0.35837,-0.15717,0.20366,-0.0298,-0.2492,-44.95
15.204,31.79,-1.5914,10.871,-0.83178,-0.12421,0.16087,-0.0746,-0.4082,-26.709
15.244,32.376,-1.6443,11.288,-0.73609,-0.14248,0.18456,-0.0632,-0.3018,-37.483
15.284,32.84,-1.6916,11.498,-0.78045,-0.14713,0.19059,-0.0658,-0.2789,-41.321
15.324,31.932,-1.7283,11.626,-0.33725,-0.19545,0.25172,-0.0316,-0.1218,-95.491
15.364,32.49,-1.7093,11.688,-0.2217,-0.20521,0.26422,-0.0218,-0.0923,-126.65
15.404,33.109,-1.7459,11.678,-0.32797,-0.17828,0.22961,-0.0308,-0.1001,-116.71
15.444,33.657,-1.6959,11.669,-0.21298,-0.14625,0.1885,-0.0205,-0.022,-530.49
15.484,34.056,-1.7195,11.669,-0.23529,-0.1439,0.18548,-0.0224,-0.0282,-413.87
15.524,34.533,-1.7218,11.72,-0.19806,-0.14694,0.18939,-0.0191,-0.0101,-1160.6
15.564,34.913,-1.7673,11.629,-0.31764,-0.11156,0.14392,-0.029,-0.0486,-239.36
15.604,35.398,-1.7573,11.73,-0.25274,-0.12338,0.15911,-0.0234,-0.0214,-548.27
15.644,35.76,-1.7871,11.476,-0.35257,-0.052472,0.067785,-0.0315,-0.0464,-247.45
15.684,36.175,-1.8051,11.356,-0.40003,-0.021374,0.027633,-0.0356,-0.0532,-213.59
15.724,36.625,-1.8107,11.373,-0.40617,-0.023624,0.030542,-0.0361,-0.0491,-231.78
15.764,37.244,-1.852,12.023,-0.38522,-0.14192,0.18391,-0.03,-0.0304,-395.69
15.804,37.677,-1.8763,11.88,-0.33505,-0.10747,0.13921,-0.0266,-0.0192,-618.97
15.844,38.179,-1.8961,11.941,-0.37238,-0.10532,0.13642,-0.0297,-0.0231,-517.16
15.884,38.659,-1.9242,11.907,-0.43889,-0.083257,0.10781,-0.0356,-0.0331,-359.97
15.924,39.099,-1.9515,11.836,-0.3404,-0.073594,0.095288,-0.0277,-0.0144,-822.28
15.964,39.578,-1.9696,11.829,-0.43022,-0.058668,0.075946,-0.0355,-0.0277,-427.33
16.004,40.036,-1.9277,11.82,-0.39982,-0.053316,0.069011,-0.033,-0.0206,-574.1
16.044,40.463,-1.9062,11.732,-0.35009,-0.037912,0.048996,-0.0304,-0.02,-586.88
16.084,40.875,-1.8782,11.577,-0.25108,-0.012545,0.016222,-0.0219,-0.0087,-1331
16.124,41.306,-1.8869,11.47,-0.23625,0.0070916,-0.0091749,-0.0205,-0.0074,-1550.4
16.164,41.751,-1.9014,11.417,-0.23876,0.016082,-0.020813,-0.0207,-0.0076,-1502.5
16.204,42.179,-1.8983,11.307,-0.2197,0.038546,-0.049913,-0.0188,-0.0056,-2019.4
16.244,42.618,-1.8878,11.267,-0.19514,0.043726,-0.05663,-0.0166,-0.0021,-5365.8
16.284,43.053,-1.8661,11.225,-0.14983,0.052703,-0.068274,-0.0125,0.0029,3870.9
16.325,43.482,-1.8354,11.137,-0.089639,0.070902,-0.091903,-0.0068,0.0096,1160.1
16.365,43.915,-1.7979,11.098,-0.024729,0.077625,-0.10064,-0.0009,0.016,693.63
16.405,44.381,-1.8209,11.164,-0.053963,0.052702,-0.068275,-0.0039,0.0114,979.28
16.445,44.827,-1.7868,11.16,-0.0056976,0.050026,-0.064804,0.0003,0.0153,729.44
16.485,45.286,-1.7556,11.186,0.03702,0.042085,-0.054505,0.004,0.0183,611.26
16.525,45.732,-1.7102,11.185,0.10486,0.040098,-0.05193,0.0101,0.0236,473.96
16.565,46.155,-1.5471,11.173,0.34215,0.040961,-0.053051,0.0313,0.0437,255.79
16.605,46.63,-1.5538,11.222,0.32199,0.024638,-0.031894,0.0291,0.0397,282.78
16.645,47.09,-1.5479,11.246,0.32649,0.015045,-0.01947,0.0293,0.0382,294.52
16.685,47.541,-1.5453,11.272,0.33426,0.0027674,-0.0035804,0.0297,0.0371,303.95
16.725,48.019,-1.5265,11.321,0.34852,-0.011074,0.01432,0.0306,0.0367,308.62
16.765,48.481,-1.443,11.354,0.4615,-0.021635,0.027967,0.0403,0.045,252.52
16.805,48.94,-1.4328,11.374,0.45328,-0.024664,0.031881,0.0394,0.0413,275.62
16.845,49.41,-1.4626,11.418,0.38301,-0.031246,0.040381,0.033,0.0319,358.12
16.885,49.857,-1.4224,11.452,0.44077,-0.046928,0.060621,0.0377,0.0349,328.39
16.925,50.334,-1.4596,11.511,0.35122,-0.056029,0.072361,0.0296,0.0239,481.85
16.965,50.813,-1.4793,11.591,0.30247,-0.075281,0.097177,0.0249,0.018,644.16
17.005,51.277,-1.5117,11.678,0.24773,-0.094029,0.12139,0.0197,0.0126,927.07
17.045,51.799,-1.5784,11.821,0.15743,-0.11982,0.15462,0.0115,0.0068,1738.5
17.085,52.289,-1.594,11.876,0.12216,-0.12251,0.15797,0.0085,0.0035,3393.4
17.125,52.817,-1.7545,11.994,-0.2198,-0.10208,0.13173,-0.0198,-0.0293,-409.43
17.165,53.295,-1.7699,12.051,-0.24023,-0.10356,0.13363,-0.0214,-0.0294,-409.99
17.205,53.779,-1.8176,12.124,-0.29622,-0.10251,0.13244,-0.0259,-0.0318,-381.38
17.245,54.276,-1.857,12.157,-0.37037,-0.093915,0.12122,-0.0317,-0.0374,-325.2
17.285,54.75,-1.8194,12.183,-0.30902,-0.095651,0.12346,-0.0267,-0.0315,-386.88
17.325,55.228,-1.7855,12.193,-0.27215,-0.091573,0.11821,-0.0236,-0.0283,-430.94
17.365,55.711,-1.7785,12.23,-0.25189,-0.092614,0.11955,-0.0219,-0.0255,-479.7
17.405,56.207,-1.8043,12.302,-0.27598,-0.096863,0.12509,-0.0237,-0.0256,-480.67
17.445,56.696,-1.8351,12.306,-0.31369,-0.081678,0.10556,-0.0266,-0.0273,-450.9
17.485,57.178,-1.8223,12.287,-0.29881,-0.069625,0.089959,-0.0253,-0.0257,-478.22
17.525,57.683,-1.8813,12.319,-0.34883,-0.06581,0.085036,-0.0292,-0.027,-456.45
17.565,58.184,-1.8845,12.346,-0.37362,-0.060348,0.078012,-0.0311,-0.0296,-417.3
17.605,58.689,-1.876,12.359,-0.37088,-0.054541,0.070511,-0.0307,-0.0288,-429.32
******-------------------------------------------------------------------------------------------------------------------****** 
TargetID: ID03
Target can not be processed due to lack of Data
******-------------------------------------------------------------------------------------------------------------------****** 
TargetID: ID08
Target can not be processed due to lack of Data
******-------------------------------------------------------------------------------------------------------------------****** 
TargetID: ID04
Relevancy: 1
tj = 16.2845
Label: 0
Comment: Target is relevant and going straight, since target is crossing Ego X-axis in EFC
DATA:
12.443,-0,0,NaN,NaN,NaN,NaN,0,NaN,NaN
12.483,0.37911,0.87898,NaN,NaN,NaN,NaN,0.4046,NaN,NaN
12.523,0.60821,-0.29791,NaN,NaN,NaN,NaN,-0.3291,NaN,NaN
12.563,1.1621,-0.057848,NaN,NaN,NaN,NaN,-0.1066,NaN,NaN
12.603,1.677,-0.021403,NaN,NaN,NaN,NaN,-0.0636,NaN,NaN
12.643,NaN,NaN,NaN,NaN,NaN,NaN,-0.1487,NaN,NaN
12.683,NaN,NaN,NaN,NaN,NaN,NaN,-0.3204,NaN,NaN
12.723,NaN,NaN,NaN,NaN,NaN,NaN,-0.2218,NaN,NaN
12.763,NaN,NaN,NaN,NaN,NaN,NaN,-0.222,NaN,NaN
12.803,NaN,NaN,NaN,NaN,NaN,NaN,-0.1949,NaN,NaN
12.843,NaN,NaN,NaN,NaN,NaN,NaN,-0.1824,NaN,NaN
12.883,4.7179,-0.29063,10.808,-1.8533,-0,0,-0.1698,0,Inf
12.923,5.0959,-0.64659,10.654,-2.5696,0.0080701,-0.010918,-0.2367,-0.0011,-9963.5
12.963,5.5223,-0.74974,10.682,-2.5812,0.06846,-0.09255,-0.2371,-0.0001,-1.099e+05
13.003,5.9529,-0.9572,10.664,-2.8199,0.098476,-0.13298,-0.2586,-0.0018,-6127.8
13.043,6.3717,-1.1512,10.655,-2.9989,0.12314,-0.16611,-0.2745,-0.0044,-2515.8
13.083,6.8307,-1.0776,10.688,-2.5318,0.029918,-0.040317,-0.2326,0.0179,613.64
13.123,7.2495,-1.0994,10.72,-2.3503,0.0026995,-0.0036322,-0.2158,0.0264,415.7
13.163,7.7022,-1.1173,10.77,-2.1765,-0.0068377,0.0091909,-0.1994,0.0393,279.58
13.203,8.0964,-1.3125,10.737,-2.3055,-0.01267,0.017014,-0.2115,0.0354,310.23
13.243,8.5306,-1.3242,10.781,-2.1013,-0.011579,0.015533,-0.1925,0.0544,201.92
13.283,8.9978,-1.2983,10.856,-1.8339,-0.0064282,0.0086135,-0.1673,0.0842,130.76
13.323,9.4525,-1.3236,10.903,-1.7751,-0.013203,0.017675,-0.1614,0.0787,140.36
13.364,9.8948,-1.3077,10.942,-1.6091,-0.020073,0.026841,-0.146,0.0876,126.25
13.404,10.328,-1.3642,10.955,-1.5312,-0.024402,0.03261,-0.1389,0.0958,115.46
13.444,10.804,-1.3184,11.023,-1.2436,-0.031781,0.042455,-0.1123,0.1282,86.531
13.484,11.243,-1.3689,11.032,-1.2116,-0.034079,0.045504,-0.1094,0.1239,89.578
13.524,11.683,-1.3594,11.065,-1.0155,-0.039094,0.052171,-0.0915,0.14,79.369
13.564,12.157,-1.3286,11.126,-0.78239,-0.047424,0.06325,-0.0702,0.1628,68.513
13.604,12.598,-1.4136,11.128,-0.81422,-0.045327,0.0604,-0.073,0.1518,73.504
13.644,13.063,-1.4265,11.163,-0.71634,-0.048239,0.064226,-0.064,0.1558,71.797
13.684,13.513,-1.4473,11.17,-0.65657,-0.046225,0.061495,-0.0587,0.1555,71.958
13.724,13.971,-1.4584,11.19,-0.57887,-0.046832,0.062276,-0.0516,0.1565,71.598
13.764,14.41,-1.5396,11.178,-0.58196,-0.040804,0.054247,-0.052,0.1507,74.276
13.804,14.857,-1.579,11.171,-0.56715,-0.035963,0.047802,-0.0507,0.1454,76.93
13.844,15.297,-1.6597,11.157,-0.60938,-0.030951,0.041132,-0.0545,0.1345,83.074
13.884,15.754,-1.6633,11.17,-0.51543,-0.028829,0.038304,-0.0461,0.1386,80.681
13.924,16.208,-1.6675,11.174,-0.41912,-0.025094,0.033329,-0.0375,0.143,78.196
13.964,16.642,-1.7552,11.151,-0.45116,-0.020336,0.026997,-0.0404,0.1337,83.472
14.004,17.08,-1.8147,11.123,-0.46392,-0.01336,0.017733,-0.0417,0.1272,87.523
14.044,17.511,-1.8929,11.09,-0.51352,-0.0058723,0.0077926,-0.0463,0.1171,94.804
14.084,17.95,-1.9389,11.069,-0.51599,-0.0026381,0.003501,-0.0466,0.1122,98.758
14.124,18.392,-1.9908,11.066,-0.50123,-0.002893,0.0038406,-0.0453,0.1089,101.72
14.164,18.826,-2.0613,11.047,-0.51737,-0.00093602,0.0012425,-0.0468,0.1031,107.27
14.204,19.267,-2.1003,11.048,-0.48928,-0.001617,0.0021463,-0.0443,0.1014,109.06
14.244,19.697,-2.1735,11.024,-0.52311,-8.4954e-05,0.0001132,-0.0474,0.0946,116.66
14.284,20.129,-2.2132,11.006,-0.49952,0.002809,-0.0037276,-0.0454,0.093,118.46
14.324,20.582,-2.2081,11.02,-0.41936,0.002213,-0.0029369,-0.038,0.0964,114.4
14.364,21.044,-1.7617,10.992,-0.52245,0.0028942,-0.0038398,-0.0475,0.0834,131.95
14.404,21.479,-1.8287,10.991,-0.57965,-0.0030641,0.0040662,-0.0527,0.0753,146.16
14.444,21.176,-1.8473,10.981,-0.63105,-0.0051062,0.0067765,-0.0574,0.0683,161.05
14.484,21.609,-1.912,10.972,-0.67148,-0.0062133,0.0082446,-0.0611,0.0624,176.17
14.524,22.045,-1.9482,10.98,-0.70529,-0.010213,0.013552,-0.0641,0.057,193.03
14.564,21.696,-1.9009,10.961,-0.75903,-0.0081707,0.010841,-0.069,0.0506,217.13
14.604,22.016,-1.9228,10.94,-0.84667,-0.0060434,0.0080182,-0.0771,0.0413,265.68
14.644,22.486,-1.7394,10.956,-0.81301,-0.0054464,0.0072274,-0.074,0.0427,257.29
14.684,22.915,-1.9589,10.965,-0.77575,-0.0058723,0.0077926,-0.0705,0.0445,247.02
14.724,23.345,-1.9979,10.941,-0.75401,-0.001532,0.0020331,-0.0688,0.0446,245.89
14.764,23.771,-2.0604,10.93,-0.78574,-0.0029791,0.003953,-0.0717,0.0405,270.58
14.804,24.223,-2.0566,10.958,-0.73697,-0.0058723,0.0077926,-0.067,0.0429,256
14.844,24.663,-2.0679,10.968,-0.69743,-0.0070634,0.0093737,-0.0634,0.0445,246.96
14.884,25.101,-2.099,10.982,-0.70574,-0.011488,0.015246,-0.064,0.0422,260.78
14.924,25.85,-2.219,11.007,-0.67613,-0.015146,0.020102,-0.0611,0.0433,254.69
14.964,26.292,-2.2251,11.001,-0.62009,-0.010722,0.014229,-0.0561,0.0462,238.5
15.004,26.713,-2.295,10.98,-0.66716,-0.010127,0.013439,-0.0605,0.0409,268.95
15.044,27.153,-2.3401,10.997,-0.61054,-0.011913,0.01581,-0.0553,0.044,250.32
15.084,27.585,-2.3956,11.018,-0.67916,-0.02161,0.028687,-0.0612,0.037,298.36
15.124,28.027,-2.4269,11.026,-0.67234,-0.022886,0.030377,-0.0606,0.0365,302.63
15.164,28.463,-2.4673,11.042,-0.6908,-0.027393,0.036361,-0.0621,0.0337,328.29
15.204,29.414,-2.5257,11.076,-0.64328,-0.031566,0.041893,-0.0577,0.0362,306.48
15.244,29.853,-2.5459,11.069,-0.61727,-0.028418,0.037716,-0.0554,0.0371,298.81
15.284,30.314,-2.5238,11.117,-0.53624,-0.033861,0.044942,-0.0479,0.0419,265.63
15.324,30.762,-2.5446,11.159,-0.48756,-0.040069,0.053183,-0.0433,0.0442,252.71
15.364,31.19,-2.6176,11.153,-0.56303,-0.04245,0.056343,-0.05,0.0371,301
15.404,31.639,-2.6405,11.192,-0.52713,-0.046192,0.061311,-0.0466,0.0386,290.27
15.444,32.374,-2.6707,11.247,-0.46909,-0.053598,0.071131,-0.0413,0.0415,271.24
15.484,32.821,-2.6802,11.251,-0.43856,-0.051302,0.068084,-0.0386,0.0426,264.31
15.524,33.255,-2.7287,11.238,-0.46434,-0.048495,0.064359,-0.041,0.0396,284.03
15.564,33.674,-2.7774,11.179,-0.4688,-0.034886,0.046305,-0.0417,0.0391,286.16
15.604,34.124,-2.8107,11.206,-0.47614,-0.040841,0.054199,-0.0422,0.0371,302.33
15.644,34.556,-2.8613,11.197,-0.51395,-0.041351,0.054877,-0.0456,0.0332,337.61
15.684,35.01,-2.8839,11.259,-0.47408,-0.051302,0.068084,-0.0417,0.035,321.97
15.724,35.441,-2.9257,11.282,-0.47998,-0.053768,0.071357,-0.0422,0.0336,336.08
15.764,35.86,-2.9869,11.256,-0.53222,-0.051642,0.068536,-0.0469,0.0291,387.22
15.804,36.332,-2.9777,11.331,-0.45047,-0.058785,0.078016,-0.0394,0.0341,332.54
15.844,36.733,-3.0653,11.176,-0.64058,-0.03208,0.042571,-0.0571,0.0191,586.08
15.884,37.197,-3.0661,11.211,-0.60442,-0.033526,0.044491,-0.0536,0.021,534.62
15.924,37.705,-3.0156,11.316,-0.50411,-0.040671,0.053974,-0.0443,0.0268,422.64
15.964,38.167,-3.0124,11.335,-0.45068,-0.038375,0.050925,-0.0395,0.0302,375.64
16.004,38.67,-2.9745,11.436,-0.36813,-0.04858,0.064472,-0.0319,0.0346,330.69
16.044,39.119,-3.0027,11.429,-0.35503,-0.044413,0.05894,-0.0308,0.0349,327.64
16.084,39.601,-3.0021,11.525,-0.3005,-0.057765,0.076663,-0.0257,0.0373,309.09
16.124,40.104,-2.9781,11.64,-0.23874,-0.074004,0.098219,-0.02,0.0397,293.25
16.164,40.576,-2.9887,11.702,-0.21026,-0.083355,0.11063,-0.0174,0.0402,291.14
16.204,41.02,-3.0277,11.694,-0.31211,-0.084971,0.11278,-0.0262,0.0294,397.9
16.244,41.463,-3.0856,11.634,-0.3808,-0.063867,0.08468,-0.0331,0.0216,538.92
16.284,41.954,-3.1051,11.68,-0.37678,-0.066271,0.087952,-0.0319,0.0216,541.01
16.325,42.418,-3.1324,11.72,-0.37816,-0.072053,0.095627,-0.0318,0.0205,571.99
16.365,42.725,-3.1195,11.783,-0.38104,-0.080202,0.10646,-0.0317,0.0192,613.99
16.405,43.194,-3.1436,11.818,-0.3886,-0.082921,0.11007,-0.0323,0.0177,668.06
16.445,43.704,-3.1588,11.907,-0.39387,-0.095246,0.12643,-0.0324,0.0162,735.4
16.485,44.348,-3.1636,11.97,-0.36864,-0.098237,0.13038,-0.0302,0.0177,676.62
16.525,44.857,-3.1522,12.069,-0.32237,-0.10606,0.14076,-0.0261,0.0209,577.68
16.565,45.366,-3.162,12.14,-0.31198,-0.11073,0.14697,-0.0251,0.0209,581.04
16.605,45.91,-3.1329,12.302,-0.21869,-0.12807,0.16998,-0.0171,0.0279,440.99
16.645,46.499,-3.0969,12.566,-0.12089,-0.1668,0.22141,-0.0088,0.0347,362.16
16.685,46.831,-3.1084,12.645,-0.10507,-0.17218,0.22863,-0.0072,0.035,361.29
16.725,46.206,-3.4875,12.295,-0.062192,-0.16834,0.22243,-0.0077,0.0145,847.94
16.765,46.7,-3.4906,12.355,-0.055412,-0.16902,0.22334,-0.0071,0.0145,852.09
16.805,47.25,-3.5285,12.455,0.1826,-0.19414,0.25636,0.0117,0.0426,292.41
16.845,47.715,-3.624,12.425,0.10373,-0.18684,0.24678,0.0055,0.0231,537.89
16.885,47.997,-3.7098,12.367,-0.055886,-0.1995,0.26348,-0.0074,-0.0221,-559.61
16.925,48.364,-3.6802,12.325,-0.071902,-0.17702,0.23394,-0.0083,-0.0179,-688.55
16.965,48.864,-3.6842,12.367,-0.19192,-0.15004,0.19842,-0.0176,-0.0416,-297.32
17.005,49.988,-3.6301,9.4475,0.61649,-0.24654,0.32956,0.0715,-0.035,-270.5
17.045,49.623,-3.8794,12.144,-0.0046784,-0.14844,0.19626,-0.0026,-0.1012,-120
17.085,50.137,-3.7989,12.201,-0.071251,-0.14158,0.18725,-0.0079,-0.1039,-117.43
17.125,50.626,-3.8071,12.251,-0.12326,-0.13696,0.18116,-0.012,-0.1039,-117.92
17.165,51.117,-3.8175,12.301,-0.17573,-0.13242,0.17518,-0.0162,-0.1039,-118.41
17.205,51.61,-3.8298,12.351,-0.22857,-0.1278,0.16909,-0.0203,-0.1039,-118.9
17.245,52.105,-3.8444,12.401,-0.2822,-0.12309,0.16289,-0.0245,-0.1039,-119.39
17.285,52.602,-3.8607,12.451,-0.33577,-0.11847,0.1568,-0.0286,-0.1039,-119.88
17.325,53.102,-3.8796,12.5,-0.39043,-0.11377,0.1506,-0.0328,-0.1039,-120.37
17.365,53.603,-3.9005,12.549,-0.44532,-0.10907,0.14439,-0.0369,-0.1039,-120.85
17.405,54.106,-3.9236,12.598,-0.5006,-0.10437,0.13819,-0.0411,-0.1039,-121.34
17.445,54.611,-3.9489,12.646,-0.55634,-0.099666,0.13198,-0.0453,-0.1039,-121.83
17.485,55.118,-3.9763,12.694,-0.61254,-0.094881,0.12566,-0.0494,-0.1039,-122.32
17.525,55.611,-3.9114,12.64,-0.45318,-0.049919,0.066172,-0.0365,-0.0679,-186.28
17.565,56.135,-3.9346,12.631,-0.53618,-0.022649,0.03004,-0.0427,-0.0703,-179.84
17.605,56.656,-3.9205,12.533,-0.55758,0.01438,-0.019088,-0.0443,-0.0673,-186.41
17.645,57.183,-4.0518,12.602,-0.8071,0.010383,-0.013778,-0.0638,-0.0877,-143.99
17.685,57.676,-3.9105,12.364,-0.51417,0.056035,-0.074445,-0.0408,-0.0502,-246.51
17.725,58.176,-3.8665,12.237,-0.48811,0.08617,-0.11456,-0.0387,-0.0524,-233.71
17.765,58.699,-3.871,12.188,-0.59685,0.092364,-0.12281,-0.0477,-0.0712,-171.38
17.805,59.176,-3.9106,12.157,-0.63851,0.081504,-0.10835,-0.0513,-0.0723,-168.38
17.845,59.653,-3.982,12.224,-0.71267,0.051703,-0.068666,-0.0575,-0.074,-165.48
17.885,60.154,-4.0269,12.226,-0.786,0.04363,-0.057949,-0.0636,-0.0778,-157.47
******-------------------------------------------------------------------------------------------------------------------****** 
TargetID: ID06
Target can not be processed due to lack of Data
******-------------------------------------------------------------------------------------------------------------------****** 
