******-------------------------------------------------------------------------------------------------------------------****** 
Duration of the scene is: 25.2876 seconds
Original Targets Numbers in the hole Scene: 2
Number of Targets in the hole Scene after preprocessing: 3
Number of static portions: 1
******-------------------------------------------------------------------------------------------------------------------****** 
TargetID: ID01
Relevancy: 1
tj = 22.3666
Label: 0
Comment: Target is relevant and going straight, since target is crossing Ego X-axis in EFC
DATA:
14.604,0,-0,NaN,NaN,NaN,NaN,0,NaN,NaN
14.644,0.13004,-3.9691e-05,NaN,NaN,NaN,NaN,0,NaN,NaN
14.684,0.2301,-0.0056995,NaN,NaN,NaN,NaN,-0.0075,NaN,NaN
14.724,0.36271,-0.0056489,NaN,NaN,NaN,NaN,-0.0076,NaN,NaN
14.764,0.40301,0.62643,NaN,NaN,NaN,NaN,0.7151,NaN,NaN
14.804,0.5381,0.74215,NaN,NaN,NaN,NaN,0.7151,NaN,NaN
14.844,0.73685,0.97215,NaN,NaN,NaN,NaN,0.7528,NaN,NaN
14.884,0.87665,1.1034,NaN,NaN,NaN,NaN,0.7528,NaN,NaN
14.924,0.98469,1.2859,NaN,NaN,NaN,NaN,0.763,NaN,NaN
14.964,1.1273,1.4222,NaN,NaN,NaN,NaN,0.763,NaN,NaN
15.004,1.2697,1.5582,NaN,NaN,NaN,NaN,0.763,NaN,NaN
15.044,1.4123,1.695,NaN,NaN,NaN,NaN,0.763,NaN,NaN
15.084,1.468,1.4277,NaN,NaN,NaN,NaN,0.6062,NaN,NaN
15.124,1.6123,1.528,NaN,NaN,NaN,NaN,0.6062,NaN,NaN
15.164,1.787,1.1675,NaN,NaN,NaN,NaN,0.3938,NaN,NaN
15.204,1.9347,1.227,NaN,NaN,NaN,NaN,0.3939,NaN,NaN
15.244,2.1452,1.1602,NaN,NaN,NaN,NaN,0.3198,NaN,NaN
15.284,2.2974,1.2109,NaN,NaN,NaN,NaN,0.3198,NaN,NaN
15.324,2.4497,1.2626,NaN,NaN,NaN,NaN,0.3198,NaN,NaN
15.364,2.6019,1.3115,NaN,NaN,NaN,NaN,0.3198,NaN,NaN
15.404,2.8353,0.88626,NaN,NaN,NaN,NaN,0.1133,NaN,NaN
15.444,2.9937,0.90259,NaN,NaN,NaN,NaN,0.1134,NaN,NaN
15.484,3.15,0.98166,NaN,NaN,NaN,NaN,0.137,NaN,NaN
15.524,3.3097,1.0057,NaN,NaN,NaN,NaN,0.1369,NaN,NaN
15.564,3.3761,1.1281,NaN,NaN,NaN,NaN,0.1984,NaN,NaN
15.604,3.5336,1.1594,NaN,NaN,NaN,NaN,0.1984,NaN,NaN
15.644,3.691,1.1902,NaN,NaN,NaN,NaN,0.1984,NaN,NaN
15.684,3.8486,1.2217,NaN,NaN,NaN,NaN,0.1984,NaN,NaN
15.724,4.041,1.3063,NaN,NaN,NaN,NaN,0.2038,NaN,NaN
15.764,4.206,1.3392,NaN,NaN,NaN,NaN,0.2038,NaN,NaN
15.804,4.3709,1.3698,NaN,NaN,NaN,NaN,0.2039,NaN,NaN
15.844,4.5359,1.4041,NaN,NaN,NaN,NaN,0.2038,NaN,NaN
15.884,4.7011,1.438,NaN,NaN,NaN,NaN,0.2039,NaN,NaN
15.924,4.8658,1.4686,NaN,NaN,NaN,NaN,0.2039,NaN,NaN
15.964,5.1637,1.9286,NaN,NaN,NaN,NaN,0.2771,NaN,NaN
16.004,5.3426,1.9812,NaN,NaN,NaN,NaN,0.2771,NaN,NaN
16.044,5.5213,2.0328,NaN,NaN,NaN,NaN,0.2771,NaN,NaN
16.084,5.7002,2.084,NaN,NaN,NaN,NaN,0.2771,NaN,NaN
16.124,5.8789,2.1353,NaN,NaN,NaN,NaN,0.2771,NaN,NaN
16.164,6.1327,2.1628,NaN,NaN,NaN,NaN,0.2526,NaN,NaN
16.204,6.3206,2.2123,NaN,NaN,NaN,NaN,0.2526,NaN,NaN
16.245,6.508,2.2581,NaN,NaN,NaN,NaN,0.2527,NaN,NaN
16.285,6.6957,2.3067,NaN,NaN,NaN,NaN,0.2527,NaN,NaN
16.325,7.0197,2.5476,NaN,NaN,NaN,NaN,0.2626,NaN,NaN
16.365,7.2096,2.6077,NaN,NaN,NaN,NaN,0.2643,NaN,NaN
16.405,7.4092,2.6601,NaN,NaN,NaN,NaN,0.2644,NaN,NaN
16.445,7.6355,2.7004,NaN,NaN,NaN,NaN,0.2547,NaN,NaN
16.485,7.8389,2.7527,NaN,NaN,NaN,NaN,0.2547,NaN,NaN
16.525,8.0423,2.8046,NaN,NaN,NaN,NaN,0.2547,NaN,NaN
16.565,8.2457,2.8582,NaN,NaN,NaN,NaN,0.2547,NaN,NaN
16.605,8.4491,2.9108,NaN,NaN,NaN,NaN,0.2547,NaN,NaN
16.645,8.6526,2.9646,NaN,NaN,NaN,NaN,0.2547,NaN,NaN
16.685,8.8562,3.0188,NaN,NaN,NaN,NaN,0.2547,NaN,NaN
16.725,9.0598,3.0721,NaN,NaN,NaN,NaN,0.2547,NaN,NaN
16.765,9.2632,3.1241,NaN,NaN,NaN,NaN,0.2547,NaN,NaN
16.805,9.4668,3.178,NaN,NaN,NaN,NaN,0.2547,NaN,NaN
16.845,9.6704,3.2318,NaN,NaN,NaN,NaN,0.2546,NaN,NaN
16.885,9.8737,3.2838,NaN,NaN,NaN,NaN,0.2547,NaN,NaN
16.925,10.415,2.7919,NaN,NaN,NaN,NaN,0.1248,NaN,NaN
16.965,10.201,3.5254,5.6224,1.0106,0,-0,0.1778,0,Inf
17.005,10.417,3.5497,5.6511,0.99258,0.004677,-0.0026463,0.1739,-0.007,-819.66
17.045,10.671,3.6981,5.6954,1.0991,-0.0046772,0.0026454,0.1907,-0.0121,-479.38
17.085,10.92,3.9673,5.7697,1.3365,-0.047017,0.026601,0.2277,-0.0198,-299.11
17.125,11.182,4.1157,5.856,1.403,-0.10264,0.058067,0.2354,-0.0364,-165.43
17.165,11.425,4.1912,5.9142,1.4138,-0.1406,0.079494,0.2344,-0.0439,-138.52
17.205,11.686,4.2546,5.9834,1.3902,-0.15899,0.089951,0.2286,-0.053,-115.9
17.245,11.939,4.2832,6.025,1.3367,-0.16773,0.094894,0.2187,-0.0583,-105.86
17.285,12.191,4.3723,6.0859,1.3869,-0.18175,0.10283,0.2244,-0.053,-117.77
17.325,12.475,4.4785,6.1637,1.4341,-0.19688,0.11139,0.229,-0.0462,-136.98
17.365,12.747,4.4336,6.1881,1.1965,-0.17118,0.096842,0.1913,-0.0798,-78.981
17.405,12.918,4.3055,6.1393,0.90863,-0.13665,0.077274,0.1467,-0.134,-46.315
17.445,13.172,4.4169,6.202,1.0275,-0.10007,0.056603,0.1642,-0.107,-58.752
17.485,13.421,4.4065,6.2143,0.87758,-0.079386,0.044908,0.1404,-0.1288,-48.726
17.525,13.679,4.4794,6.2624,0.9247,-0.063634,0.035997,0.1467,-0.1141,-55.48
17.565,13.927,4.6063,6.3031,1.0904,-0.079894,0.045184,0.1712,-0.0789,-81.074
17.605,14.199,4.7718,6.3669,1.3455,-0.11766,0.066579,0.2085,-0.0289,-225.17
17.645,14.458,4.8675,6.4056,1.4601,-0.14141,0.080025,0.2244,-0.0079,-831.64
17.685,14.723,4.9856,6.4536,1.5604,-0.159,0.089952,0.2375,0.008,829.95
17.725,14.974,4.9963,6.4843,1.4132,-0.13807,0.078131,0.2148,-0.0191,-347.46
17.765,15.235,5.0249,6.5174,1.349,-0.12934,0.073187,0.2043,-0.0294,-226.38
17.805,15.492,5.0566,6.5438,1.2777,-0.11532,0.065258,0.1928,-0.0404,-165.03
17.845,15.775,5.1454,6.5867,1.2867,-0.10607,0.060048,0.1931,-0.0351,-191.2
17.885,16.038,5.1905,6.6073,1.2927,-0.10164,0.057563,0.1934,-0.0329,-204.64
17.925,16.3,5.2459,6.6408,1.2905,-0.10964,0.062094,0.1921,-0.0329,-205.62
17.965,16.548,5.2004,6.6058,1.0739,-0.083925,0.047525,0.1612,-0.0625,-107.08
18.005,16.799,5.1662,6.5701,0.85567,-0.054262,0.030738,0.1296,-0.0911,-72.729
18.045,17.062,5.2405,6.5861,0.8894,-0.027684,0.015686,0.1343,-0.0835,-79.591
18.085,17.327,5.3742,6.6129,1.0409,-0.024238,0.013736,0.1561,-0.0598,-111.94
18.125,17.621,5.5835,6.6573,1.3572,-0.044043,0.024968,0.2012,-0.0137,-495.93
18.165,17.895,5.7217,6.6771,1.5492,-0.065207,0.036965,0.2279,0.0118,580.89
18.205,18.161,5.5851,6.6535,1.0956,-0.052771,0.029928,0.1633,-0.0432,-156.09
18.245,18.424,5.6313,6.6491,1.0559,-0.049447,0.028049,0.1576,-0.0462,-145.72
18.285,18.691,5.743,6.6583,1.1731,-0.048709,0.02764,0.1743,-0.0307,-220.22
18.325,18.962,5.8557,6.6779,1.2931,-0.049933,0.028347,0.1912,-0.0154,-441.68
18.365,19.224,5.8698,6.6786,1.1954,-0.048572,0.027594,0.177,-0.0266,-255.06
18.405,19.463,5.6946,6.6011,0.73191,-0.055691,0.031658,0.1105,-0.0797,-83.332
18.445,19.73,5.8001,6.6225,0.83402,-0.034177,0.019435,0.1252,-0.0657,-101.6
18.485,19.996,5.8258,6.6292,0.80887,-0.024091,0.013708,0.1214,-0.0665,-100.43
18.525,20.273,5.974,6.6601,1.0004,-0.018311,0.010427,0.1491,-0.0434,-155.18
18.565,20.541,5.9543,6.6594,0.83101,-0.015974,0.0090998,0.1242,-0.0597,-112.41
18.605,20.8,5.9045,6.6373,0.64428,-0.015358,0.0087548,0.0968,-0.0781,-85.385
18.645,21.069,5.9802,6.6464,0.72174,-0.013267,0.0075678,0.1082,-0.0677,-98.752
18.685,21.337,6.0039,6.6508,0.70396,-0.014124,0.0080624,0.1055,-0.0677,-98.787
18.725,21.616,6.1871,6.6821,0.91391,-0.010806,0.0061723,0.1359,-0.0435,-155.04
18.765,21.907,6.3967,6.7063,1.2249,-0.017678,0.010108,0.1807,-0.0108,-631.23
18.805,22.183,6.54,6.719,1.3627,-0.027004,0.015452,0.2001,0.0032,2142.4
18.845,22.454,6.707,6.7325,1.5944,-0.035102,0.020095,0.2325,0.0239,289.49
18.886,20.984,7.0374,6.7327,1.4664,-0.032369,0.018559,0.2154,0.0123,560.21
18.925,21.279,7.2508,6.7892,1.6593,-0.035204,0.020184,0.2397,0.03,232.97
18.965,21.562,7.3061,6.8075,1.5829,-0.036394,0.020908,0.2295,0.0234,298.68
19.005,21.83,7.3822,6.8174,1.6453,-0.04006,0.023032,0.2379,0.0277,253.18
19.045,22.103,7.4462,6.8305,1.6287,-0.039559,0.02277,0.2352,0.0253,277.55
19.085,22.379,7.5277,6.8488,1.6662,-0.039917,0.022997,0.2397,0.0276,255.38
19.125,22.547,7.4047,6.7769,1.316,-0.038692,0.022332,0.1929,-0.0044,-1569
19.165,22.831,7.4581,6.7945,1.3055,-0.025222,0.014553,0.1905,-0.0048,-1441.4
19.206,23.116,7.6076,6.8495,1.4868,-0.018241,0.010534,0.2142,0.0103,680.49
19.246,23.392,7.6638,6.8632,1.4896,-0.017505,0.010119,0.2142,0.0101,695.34
19.286,23.683,7.743,6.8778,1.512,-0.016523,0.009555,0.2168,0.0127,554.49
19.326,23.964,7.8414,6.8876,1.5639,-0.017986,0.010411,0.2238,0.0172,410.64
19.366,24.246,7.9248,6.9025,1.5832,-0.017737,0.010276,0.2259,0.0186,380.74
19.406,24.53,8.0478,6.9179,1.6965,-0.022132,0.012839,0.2411,0.0278,256.22
19.446,24.822,8.1353,6.9351,1.7355,-0.024326,0.014125,0.2459,0.0308,232.11
19.486,25.088,8.1482,6.9187,1.6179,-0.022122,0.012857,0.2303,0.0208,341.61
19.526,25.378,8.2775,6.9416,1.7413,-0.02468,0.01436,0.2464,0.0303,236.19
19.566,25.629,8.2738,6.9217,1.5997,-0.023332,0.013592,0.2278,0.0185,384.01
19.606,25.844,8.1396,6.9713,1.2672,0.018579,-0.010821,0.1793,-0.0132,-536.78
19.646,26.137,8.2658,6.9967,1.3488,0.015275,-0.0089085,0.19,-0.0059,-1207.7
19.686,26.43,8.3551,7.0057,1.3835,0.011361,-0.0066322,0.1947,-0.0021,-3400.5
19.726,26.716,8.4688,7.0203,1.5403,0.00048852,-0.00028577,0.216,0.0108,665.49
19.766,26.995,8.5262,7.0209,1.5295,-0.00085436,0.00050021,0.2145,0.0102,704.47
19.806,27.281,8.6325,7.0181,1.6369,-0.0087843,0.0051466,0.2294,0.0185,389.54
19.846,27.566,8.7709,7.0218,1.7654,-0.015,0.0087974,0.2467,0.0281,257.66
19.886,27.844,8.8262,7.011,1.7112,-0.016581,0.0097353,0.2398,0.0241,299.45
19.926,28.129,8.8622,6.9987,1.6684,-0.017672,0.010388,0.2345,0.0211,340.99
19.966,28.407,8.9285,7.0034,1.6618,-0.017303,0.01018,0.2334,0.0199,361.7
20.006,28.482,8.9813,7.0384,1.813,-0.017053,0.010046,0.2526,0.0311,233.7
20.046,28.763,9.0814,7.0471,1.8634,-0.019847,0.011706,0.2591,0.0337,216.3
20.086,29.027,9.1746,7.0306,1.7513,-0.017408,0.010278,0.2447,0.025,289.82
20.126,29.537,9.1016,7.0318,1.7105,-0.015458,0.009135,0.239,0.0213,339.76
20.166,29.789,9.1766,7.0413,1.7003,-0.014116,0.0083502,0.2373,0.0201,360.38
20.206,30.048,9.1877,7.0348,1.6173,-0.012531,0.0074204,0.2263,0.0134,538.68
20.246,30.315,9.1988,7.0383,1.544,-0.0083925,0.0049749,0.2162,0.0078,923.8
20.286,30.507,9.0737,6.956,1.3007,-0.0058371,0.0034649,0.185,-0.0113,-626.24
20.326,30.822,9.2304,7.034,1.4564,0.00085087,-0.00050548,0.2041,-0,-Inf
20.366,31.118,9.3095,7.0704,1.4749,0.0051054,-0.0030361,0.2056,0.0013,5555.9
20.406,31.445,9.4943,7.131,1.6494,-0.0012147,0.00072353,0.2273,0.0144,508.28
20.446,31.731,9.5592,7.1372,1.6474,-0.0049805,0.0029693,0.227,0.0142,515.84
20.486,32.029,9.652,7.1567,1.6926,-0.0083785,0.0050001,0.2325,0.0172,427.57
20.526,32.331,9.7421,7.1767,1.7238,-0.011047,0.0065994,0.236,0.0195,378.5
20.566,32.705,9.8753,7.195,1.7597,-0.011892,0.0071118,0.2402,0.0216,342.92
20.606,32.992,9.9409,7.2066,1.734,-0.012252,0.0073371,0.2364,0.0194,382.07
20.646,33.317,10.112,7.2605,1.9014,-0.019885,0.011921,0.2566,0.0313,239.79
20.686,33.614,10.233,7.2886,1.9777,-0.025452,0.015277,0.2656,0.0357,211.55
20.726,33.921,10.362,7.3265,2.0847,-0.034282,0.020605,0.2781,0.042,181.36
20.766,34.234,10.512,7.3702,2.2005,-0.045402,0.027325,0.2913,0.0492,156.33
20.806,34.494,10.547,7.3365,2.1548,-0.040192,0.024226,0.2867,0.0446,171.44
20.846,34.802,10.696,7.3791,2.2758,-0.051897,0.031317,0.3004,0.0515,149.94
20.886,35.094,10.725,7.3671,2.1578,-0.042697,0.025796,0.286,0.0416,184.53
20.926,35.405,10.841,7.401,2.253,-0.050172,0.030351,0.2967,0.0474,163.21
20.966,35.728,10.997,7.4573,2.373,-0.062946,0.038141,0.3096,0.0546,143.33
21.006,36.006,11.072,7.451,2.3638,-0.061355,0.037226,0.3087,0.0522,149.75
21.046,36.301,11.078,7.449,2.2979,-0.054102,0.032859,0.3006,0.046,169.46
21.086,36.562,11.183,7.4263,2.1699,-0.041783,0.025397,0.2853,0.0357,216.72
21.126,36.814,11.256,7.3486,1.9599,-0.024877,0.015136,0.2613,0.02,380.27
21.166,37.09,11.267,7.2883,1.8117,-0.017388,0.010589,0.2441,0.0089,843.83
21.206,37.341,11.339,7.3174,1.8668,-0.017381,0.0106,0.2502,0.0129,585.41
21.246,37.665,11.413,7.3308,1.8275,-0.014842,0.0090633,0.2447,0.0091,830.23
21.286,37.981,11.475,7.373,1.8227,-0.014355,0.008779,0.2427,0.0085,893.52
21.326,38.278,11.593,7.4028,1.8867,-0.016399,0.010038,0.25,0.0121,631.36
21.366,38.595,11.719,7.4387,1.9769,-0.02073,0.012709,0.2603,0.0184,418.31
21.406,38.886,11.77,7.4386,1.9625,-0.020121,0.012349,0.2585,0.0168,457.92
21.446,39.17,11.88,7.4402,2.015,-0.022642,0.013916,0.265,0.0198,389.3
21.486,39.472,11.938,7.451,2.0076,-0.023235,0.014299,0.2638,0.0187,412.66
21.526,39.761,12.02,7.4713,2.0182,-0.023829,0.014682,0.2644,0.0188,411.65
21.566,40.047,12.088,7.4682,2.0075,-0.023821,0.014696,0.2632,0.0173,447.01
21.606,40.361,12.171,7.4947,2.0516,-0.026337,0.016268,0.2678,0.0203,382.78
21.646,40.666,12.257,7.5062,2.0377,-0.025728,0.01591,0.2657,0.018,432.1
21.686,40.955,12.32,7.506,2.0036,-0.023917,0.014809,0.2615,0.0144,539.5
21.726,41.279,12.392,7.5582,2.0485,-0.028832,0.017878,0.2654,0.017,460.64
21.766,41.617,12.556,7.6126,2.1615,-0.037345,0.023195,0.2776,0.0251,315.28
21.806,41.947,12.644,7.6525,2.1708,-0.040573,0.025246,0.2774,0.0257,309.51
21.846,42.258,12.724,7.6508,2.154,-0.038271,0.02383,0.2754,0.0234,339.67
21.887,42.568,12.815,7.6611,2.1747,-0.038736,0.024153,0.2775,0.0247,322.42
21.926,42.871,12.893,7.6569,2.1297,-0.034771,0.021703,0.2721,0.0198,401.39
21.966,43.189,13.002,7.6917,2.1787,-0.03859,0.02412,0.277,0.0227,352.17
22.006,43.489,13.098,7.72,2.2028,-0.041448,0.025943,0.279,0.0237,338.74
22.046,43.828,13.181,7.7152,2.1788,-0.037484,0.023491,0.2761,0.0211,379.95
22.087,44.135,13.269,7.716,2.1558,-0.035676,0.022387,0.2733,0.0181,442.62
22.127,44.388,13.299,7.6349,2.0561,-0.025976,0.016323,0.2637,0.0101,782.86
22.167,44.707,13.357,7.6459,2.0277,-0.025609,0.016111,0.2598,0.0079,1001.3
22.207,45.019,13.459,7.6646,2.0498,-0.027511,0.017326,0.262,0.0096,826.46
22.247,45.364,13.556,7.7174,2.1134,-0.031326,0.019763,0.268,0.0153,522.98
22.287,45.669,13.656,7.7103,2.1301,-0.030716,0.019394,0.2703,0.017,470.54
22.327,45.979,13.734,7.712,2.1421,-0.031302,0.019789,0.2717,0.0178,449.66
22.367,46.285,13.834,7.7239,2.1487,-0.034274,0.021698,0.2722,0.0175,458.13
22.407,46.603,13.919,7.745,2.1755,-0.037722,0.023909,0.2747,0.019,423.41
22.447,46.921,14.036,7.7838,2.2427,-0.040452,0.02567,0.2815,0.0237,341.79
22.487,47.243,14.131,7.8117,2.2924,-0.044849,0.028494,0.2865,0.0276,294.97
22.527,47.546,14.223,7.8111,2.2701,-0.044837,0.028511,0.2839,0.024,338.93
22.567,47.866,14.315,7.8367,2.2943,-0.047208,0.030047,0.2859,0.0249,327.94
22.607,48.183,14.403,7.8596,2.3,-0.052077,0.033178,0.2859,0.0239,342.65
22.647,48.521,14.518,7.9184,2.3465,-0.060631,0.038669,0.2895,0.0263,314.02
22.687,48.837,14.608,7.9337,2.3563,-0.060624,0.038681,0.2901,0.0258,320.78
22.727,49.175,14.715,7.9897,2.3922,-0.066206,0.042266,0.2924,0.0266,313.54
22.767,49.5,14.804,8.0118,2.3908,-0.065014,0.041512,0.2915,0.0245,341.26
22.807,49.829,14.903,8.0472,2.4124,-0.066908,0.042743,0.2927,0.0248,338.75
22.847,50.155,15.008,8.0822,2.434,-0.069758,0.044575,0.294,0.0249,338.99
22.887,50.483,15.107,8.1092,2.4466,-0.071532,0.04573,0.2946,0.0245,345.72
22.927,50.805,15.205,8.1542,2.4723,-0.071171,0.04551,0.2959,0.0247,344.97
22.967,51.142,15.296,8.2107,2.5,-0.073068,0.046735,0.2972,0.0247,347.48
23.007,51.422,15.374,8.1222,2.4608,-0.055234,0.035324,0.2954,0.023,368.99
23.047,51.72,15.456,8.0713,2.471,-0.047588,0.030355,0.296,0.0232,363.84
23.087,52.103,15.543,8.2914,2.5079,-0.084011,0.053524,0.2919,0.0162,534.72
23.127,52.439,15.627,8.3234,2.516,-0.084727,0.05398,0.2918,0.0155,560.99
23.167,52.788,16.021,8.254,2.9322,-0.07529,0.047973,0.3397,0.0671,130.54
23.207,53.086,16.056,8.1584,2.8338,-0.044248,0.028219,0.3333,0.0606,142.52
23.247,53.292,16.005,7.8346,2.5967,0.021324,-0.013635,0.3206,0.0495,166.74
23.287,53.578,16.117,7.7921,2.6304,0.022874,-0.014624,0.3261,0.0524,156.95
23.327,53.917,16.067,7.7581,2.3632,0.015014,-0.0095933,0.2961,0.0131,619.08
23.367,54.225,16.061,7.6742,2.1889,0.017039,-0.010888,0.2783,-0.0099,-806.09
23.407,54.535,16.125,7.6574,2.1473,0.015014,-0.0095933,0.2738,-0.0149,-533.75
23.447,54.829,16.205,7.6084,2.1307,0.018111,-0.011573,0.2735,-0.0146,-541.17
23.487,55.136,16.292,7.6025,2.1357,0.016456,-0.010502,0.2735,-0.0142,-556.11
23.527,55.25,16.335,7.0249,1.9799,0.078124,-0.049782,0.2724,-0.0157,-464.88
23.567,55.348,16.375,6.4826,1.8659,0.13554,-0.086171,0.2756,-0.0117,-576.56
23.607,55.25,16.318,5.494,1.5812,0.20511,-0.12986,0.2705,-0.0146,-391.58
23.647,55.466,16.373,5.3379,1.536,0.2073,-0.13115,0.2697,-0.0143,-388.43
******-------------------------------------------------------------------------------------------------------------------****** 
TargetID: ID02
Target can not be processed due to lack of Data
******-------------------------------------------------------------------------------------------------------------------****** 
TargetID: ID04
Target can not be processed due to lack of Data
******-------------------------------------------------------------------------------------------------------------------****** 
