******-------------------------------------------------------------------------------------------------------------------****** 
Duration of the scene is: 37.2503 seconds
Original Targets Numbers in the hole Scene: 4
Number of Targets in the hole Scene after preprocessing: 6
Number of static portions: 1
******-------------------------------------------------------------------------------------------------------------------****** 
TargetID: ID07
Relevancy: 1
tj = 29.2006
Label: 0
Comment: Target is relevant and going straight, since target is crossing Ego X-axis in EFC
DATA:
26.283,-0,-0,NaN,NaN,NaN,NaN,0,NaN,NaN
26.333,0.39965,0.093277,NaN,NaN,NaN,NaN,0.0367,NaN,NaN
26.361,0.63145,0.32961,NaN,NaN,NaN,NaN,0.1221,NaN,NaN
26.408,1.1287,0.3047,NaN,NaN,NaN,NaN,0.0968,NaN,NaN
26.439,0.82063,0.54956,9.7934,1.503,-0,-0,0.1523,0,Inf
26.486,1.1943,0.68513,9.7143,1.746,0.25431,0.17054,0.178,0.0508,194.29
26.518,1.6598,0.68852,9.9558,1.7095,0.63346,0.42489,0.1697,0.1192,84.744
26.564,2.0547,0.78879,9.9447,1.8508,0.74326,0.49842,0.1844,0.1408,71.843
26.595,2.4753,0.8092,10.07,1.9135,0.96037,0.64392,0.1874,0.1754,58.437
26.643,2.7014,1.0947,9.6477,2.3731,0.74315,0.49803,0.2415,0.1762,56.387
26.689,2.9579,1.3344,9.3439,2.7161,0.60071,0.40251,0.2829,0.1898,51.268
26.721,3.2173,1.5807,9.0768,3.0242,0.51469,0.3447,0.3218,0.2085,45.887
26.767,3.7245,1.4537,9.4171,2.8496,0.9097,0.60884,0.2942,0.1688,58.287
26.798,4.0744,1.5951,9.4128,2.9918,1.0116,0.67658,0.3081,0.1778,55.55
26.845,4.387,1.3458,9.2898,3.2923,0.92803,0.62117,0.3399,0.2162,45.587
26.876,4.6738,1.5632,9.0396,3.5339,0.64904,0.43384,0.3727,0.2465,39.375
26.923,5.0557,1.6844,9.0841,3.5733,0.6609,0.44129,0.3748,0.2374,41.119
26.955,5.3622,1.907,8.884,3.8249,0.50107,0.33406,0.4068,0.2709,35.705
27.001,5.6392,2.1593,8.5526,4.155,0.21181,0.14094,0.4522,0.3248,29.275
27.048,5.8982,2.4277,8.2239,4.4795,0.0021207,0.0014074,0.4988,0.3746,24.999
27.079,6.0078,2.9617,7.9693,4.7366,-0.10435,-0.069113,0.5362,0.4045,22.919
27.126,6.367,3.1236,8.045,4.7568,-0.029736,-0.019644,0.534,0.3796,24.621
27.157,6.7061,3.3324,8.0653,4.819,0.01996,0.013146,0.5386,0.3667,25.621
27.204,6.8964,3.6612,7.5753,5.2077,-0.22476,-0.14751,0.6023,0.4329,21.235
27.235,7.2319,3.8568,7.615,5.2612,-0.13374,-0.087472,0.6046,0.413,22.411
27.282,7.5266,4.0725,7.4851,5.3905,-0.17691,-0.11525,0.6242,0.418,22.067
27.328,7.7051,4.3944,6.9739,5.7657,-0.33158,-0.21516,0.6908,0.4791,18.887
27.36,7.9632,4.6429,6.8178,5.9058,-0.33165,-0.21426,0.714,0.4838,18.644
27.406,8.2599,4.8545,6.8702,5.9596,-0.17888,-0.11507,0.7146,0.4564,19.927
27.438,8.5413,5.1046,6.8048,6.0938,-0.090634,-0.058032,0.7304,0.4514,20.236
27.484,8.8228,5.3258,6.7414,6.1588,-0.11594,-0.073853,0.7403,0.444,20.566
27.517,8.488,4.9812,6.8725,6.0598,-0.11529,-0.073018,0.7229,0.4061,22.562
27.563,8.722,5.2603,6.7223,6.2534,-0.039377,-0.024781,0.7494,0.4146,22.145
27.609,8.9819,5.5182,6.613,6.3305,-0.1023,-0.063918,0.7639,0.4141,22.107
27.64,9.2289,5.7685,6.5348,6.3816,-0.12487,-0.077416,0.7739,0.4068,22.453
27.687,9.4548,6.0443,6.4211,6.4803,-0.12408,-0.076272,0.7904,0.4064,22.448
27.719,9.693,6.3286,6.2596,6.5929,-0.16579,-0.10101,0.812,0.413,22.013
27.765,9.8746,6.6252,5.9381,6.7466,-0.28175,-0.1701,0.8504,0.4343,20.695
27.797,10.076,6.9248,5.7761,6.8534,-0.27199,-0.16271,0.8719,0.4374,20.491
27.843,10.277,7.24,5.6046,6.9783,-0.25363,-0.15042,0.8956,0.4433,20.19
27.89,10.428,7.5747,5.2572,7.1579,-0.28947,-0.17019,0.9392,0.4672,19.009
27.921,10.615,7.8842,5.1315,7.2509,-0.24357,-0.14204,0.9565,0.4654,19.087
27.968,10.831,8.1678,5.091,7.2883,-0.20215,-0.1169,0.9624,0.4535,19.604
28,10.998,8.5012,4.8983,7.4191,-0.16572,-0.095152,0.9884,0.4603,19.314
28.046,11.165,8.8161,4.6847,7.5354,-0.1599,-0.091082,1.0158,0.4683,18.947
28.078,11.335,9.1279,4.4797,7.634,-0.15502,-0.08764,1.0414,0.4744,18.658
28.124,11.519,9.4335,4.3926,7.6953,-0.12104,-0.067939,1.0531,0.4679,18.937
28.155,11.675,9.7613,4.2487,7.7862,-0.09704,-0.054113,1.0721,0.4681,18.949
28.202,11.878,10.039,4.1971,7.8056,-0.078883,-0.043731,1.0781,0.4573,19.38
28.249,12.022,10.363,4.0114,7.8629,-0.090847,-0.050122,1.0999,0.4607,19.16
28.28,12.178,10.664,3.8815,7.8791,-0.098376,-0.054037,1.114,0.4576,19.194
28.327,12.354,10.959,3.8041,7.8975,-0.085913,-0.047062,1.1227,0.4497,19.493
28.358,12.488,11.297,3.6728,7.9677,-0.068231,-0.03728,1.1395,0.4486,19.557
28.405,12.721,11.527,3.7456,7.9202,-0.043568,-0.023763,1.1295,0.4251,20.61
28.436,12.897,11.795,3.6683,7.8945,-0.053268,-0.029003,1.1363,0.4175,20.851
28.483,13.022,12.139,3.4881,7.967,-0.052037,-0.028306,1.1586,0.4223,20.595
28.53,13.159,12.442,3.3657,7.9778,-0.054035,-0.029363,1.1721,0.42,20.616
28.561,13.337,12.706,3.2942,7.9493,-0.055663,-0.030211,1.1785,0.4122,20.875
28.608,13.486,12.995,3.2019,7.9457,-0.053067,-0.028774,1.1883,0.4072,21.038
28.639,13.659,13.249,3.1258,7.906,-0.055439,-0.030031,1.1949,0.4001,21.248
28.686,13.768,13.566,2.9476,7.9397,-0.048612,-0.026314,1.2159,0.4045,20.938
28.717,13.874,13.886,2.8241,7.9479,-0.042288,-0.022867,1.2299,0.403,20.93
28.764,13.991,14.19,2.7119,7.9581,-0.03147,-0.017008,1.2427,0.4004,20.998
28.798,14.104,14.507,2.5926,7.9873,-0.019784,-0.01068,1.2572,0.3991,21.041
28.842,14.206,14.816,2.4899,8.0087,-0.010579,-0.005706,1.2695,0.396,21.179
28.889,14.325,15.154,2.4286,8.0689,-0.0063486,-0.0034213,1.2785,0.3901,21.601
28.92,14.43,15.446,2.3588,8.0367,-0.0028641,-0.0015422,1.2854,0.3835,21.84
28.966,14.507,15.789,2.2014,8.0731,0.0061031,0.003283,1.3045,0.3866,21.645
28.998,14.59,16.112,2.0361,8.0997,0.015324,0.0082364,1.3243,0.3903,21.398
29.044,14.649,16.444,1.9146,8.1202,0.021311,0.011441,1.339,0.3896,21.414
29.076,14.706,16.778,1.7242,8.1423,0.036775,0.01973,1.3616,0.3954,21.049
29.123,14.768,17.105,1.5911,8.1523,0.045014,0.024131,1.3774,0.3954,21.007
29.169,14.815,17.436,1.4569,8.1652,0.053008,0.028394,1.3935,0.3955,20.971
29.201,14.851,17.773,1.3163,8.1785,0.061884,0.033115,1.4103,0.3964,20.898
29.247,14.953,18.032,1.2949,8.0839,0.072509,0.038772,1.4109,0.385,21.265
29.279,14.962,18.415,1.0986,8.1722,0.074647,0.039881,1.4361,0.3923,21.019
29.325,14.995,18.744,0.96398,8.174,0.083278,0.044469,1.4522,0.3926,20.965
29.357,15.023,19.079,0.82689,8.1788,0.091916,0.049048,1.4686,0.3933,20.901
29.403,15.035,19.427,0.66853,8.1905,0.10405,0.055503,1.4878,0.396,20.752
29.435,15.031,19.774,0.51045,8.205,0.11219,0.059819,1.5069,0.3986,20.624
29.481,15.037,20.11,0.3788,8.2037,0.1177,0.062742,1.5228,0.3986,20.603
29.528,15.003,20.485,0.08824,8.2789,0.12259,0.06532,1.5582,0.4135,20.023
29.56,14.939,20.849,-0.11678,8.325,0.11236,0.059824,1.583,0.4197,19.838
29.606,14.92,21.221,-0.34737,8.3833,0.095741,0.050923,1.6107,0.4279,19.609
29.638,14.832,21.193,-0.56436,8.4481,0.063367,0.033677,1.6361,0.4341,19.505
29.684,14.779,22.554,-0.80315,8.515,0.035749,0.018943,1.6646,0.4425,19.328
29.715,14.894,24.104,-2.085,10.096,0.049761,0.026338,1.7742,0.4424,23.302
29.762,15.061,23.418,-0.96276,7.4671,-0.044499,-0.02349,1.6997,0.1025,73.453
29.809,15.12,23.74,-0.64294,8.6792,-0.24468,-0.12851,1.648,-0.3285,-26.493
29.84,15.141,23.968,-0.32449,8.8154,-0.29065,-0.15224,1.6116,-0.486,-18.151
29.887,15.13,24.254,-0.57761,9.186,-0.39449,-0.20569,1.6391,-0.369,-24.944
29.918,15.169,24.559,-0.32984,9.1324,-0.3505,-0.18248,1.6119,-0.415,-22.02
29.965,15.22,24.307,-0.34804,9.2691,-0.43718,-0.22512,1.6176,-0.3662,-25.329
29.997,15.148,24.775,-0.66376,9.6903,-0.82237,-0.44441,1.6238,-0.3717,-26.131
30.043,15.161,25.219,-0.45796,9.887,-0.91987,-0.49614,1.601,-0.4262,-23.223
30.09,15.121,25.596,-0.56293,10.172,-1.2568,-0.68272,1.6053,-0.4094,-24.884
30.121,15.045,25.951,-0.83967,10.346,-1.5922,-0.87119,1.6261,-0.3396,-30.564
30.168,15.064,26.224,-0.71709,10.333,-1.5917,-0.8668,1.6145,-0.3575,-28.973
30.199,15.044,26.562,-0.68348,10.45,-1.635,-0.88489,1.6107,-0.3427,-30.559
30.246,15.103,26.733,-0.51423,10.182,-1.4259,-0.76302,1.598,-0.3569,-28.564
30.277,15.084,27.096,-0.47917,10.309,-1.4708,-0.7814,1.5937,-0.3399,-30.362
30.324,15.075,27.481,0.051369,10.494,-1.5453,-0.73913,1.59,-0.3217,-32.62
30.355,15.051,27.837,-0.49314,10.585,-1.6085,-0.84166,1.5926,-0.2956,-35.847
30.402,14.996,28.199,-0.59168,10.7,-1.7114,-0.889,1.6001,-0.2639,-40.609
30.448,15.049,28.206,-0.32215,9.739,-0.92947,-0.46792,1.5869,-0.275,-35.434
30.48,14.97,28.465,-0.43687,9.5691,-0.87904,-0.43705,1.5996,-0.2365,-40.503
30.526,14.897,28.815,-0.52402,9.6186,-0.94808,-0.46661,1.6072,-0.2093,-46.024
30.558,14.805,29.109,-0.6398,9.5481,-0.8885,-0.42746,1.6203,-0.1767,-54.157
30.605,14.561,29.282,-0.84528,9.286,-1.0407,-0.45245,1.6835,-0.0773,-120.63
30.636,14.408,29.774,-1.2404,9.7375,-1.4849,-0.66969,1.6975,-0.052,-188.77
30.683,14.237,30.253,-1.4932,10.184,-1.9578,-0.86701,1.7164,-0.0227,-453.43
30.729,14.057,30.562,-1.4576,10.153,-2.0215,-0.79523,1.7493,0.0226,453.86
30.76,13.864,30.976,-2.0962,10.292,-2.2886,-0.97046,1.7717,0.05,210.07
30.807,13.592,31.332,-2.3819,10.327,-2.4298,-1.0064,1.7975,0.0789,134.32
30.839,13.323,31.673,-2.6288,10.3,-2.4795,-1.0004,1.8207,0.1029,103.3
30.885,13.114,32.064,-2.8628,10.364,-2.5956,-1.0175,1.8403,0.1216,88.42
30.917,12.919,32.436,-3.0426,10.342,-2.5693,-0.97667,1.8569,0.1358,79.382
30.963,12.725,32.788,-3.2115,10.272,-2.4837,-0.91395,1.8738,0.1492,72.135
31.01,12.545,33.155,-3.8033,10.144,-2.5017,-1.0068,1.8884,0.1598,67.797
31.041,12.38,33.547,-3.9694,10.32,-2.5618,-0.99538,1.8979,0.1638,67.501
31.089,12.247,33.956,-4.021,10.372,-2.5458,-0.95421,1.9014,0.1608,69.18
31.12,12.134,34.365,-4.0112,10.397,-2.4391,-0.87729,1.9018,0.1543,72.22
31.166,12.014,34.769,-3.9985,10.399,-2.3069,-0.79344,1.9028,0.1487,74.926
31.199,11.863,35.194,-4.0171,10.428,-2.2167,-0.72772,1.9052,0.1445,77.333
31.244,11.718,35.626,-4.0431,10.475,-2.1539,-0.67373,1.9072,0.1403,80.028
31.276,11.604,35.959,-4.0532,10.447,-1.9584,-0.58035,1.9119,0.1397,80.216
31.322,11.376,36.148,-4.1319,10.047,-1.561,-0.43285,1.9366,0.1569,69.237
31.369,11.272,36.446,-4.0623,9.8671,-1.2823,-0.33227,1.9407,0.1555,68.621
31.4,11.144,36.743,-4.0067,9.6787,-0.99988,-0.24043,1.9467,0.1557,67.279
31.447,10.814,36.877,-4.1751,9.2478,-0.63395,-0.13955,1.9839,0.1815,55.904
31.478,10.677,37.159,-4.1306,9.074,-0.39379,-0.079361,1.9909,0.1818,54.84
******-------------------------------------------------------------------------------------------------------------------****** 
TargetID: ID02
Target can not be processed due to lack of Data
******-------------------------------------------------------------------------------------------------------------------****** 
TargetID: ID08
Relevancy: 0
tj = Inf
Label: -1
Comment: Target is irrelevant as it is not crossing the estimated holding line
DATA:
31.12,-0,-0,9.1216,-0.00023944,-0,-0,0,0,Inf
31.166,0.6175,-0.13908,9.5179,-0.30079,0.18034,-0.015656,-0.0316,0.0387,246.06
31.199,0.8372,0.12498,9.2392,0.16825,0.27175,-0.026962,0.0182,0.0722,127.99
31.244,1.3285,0.017155,9.5147,0.1104,0.58157,-0.065109,0.0115,0.1335,71.276
31.276,1.7935,0.013758,9.6639,0.15467,0.73268,-0.091532,0.0159,0.167,57.875
31.322,2.2253,0.025479,9.7757,0.26355,0.84645,-0.11693,0.0268,0.2022,48.364
31.369,2.693,-0.031216,9.9897,0.32508,1.0515,-0.15932,0.0323,0.2372,42.137
31.4,3.1711,-0.10675,10.251,0.31912,1.274,-0.21057,0.0309,0.2503,40.975
31.447,3.6098,-0.11396,10.375,0.41407,1.3126,-0.23527,0.0396,0.261,39.784
31.478,4.0714,-0.13719,10.562,0.44704,1.4116,-0.27301,0.042,0.2597,40.708
31.525,4.4814,-0.080759,10.556,0.67744,1.257,-0.261,0.0638,0.2824,37.456
31.557,4.9221,-0.080809,10.684,0.73916,1.2841,-0.28522,0.0694,0.2768,38.69
31.603,5.1454,0.12922,10.141,1.2887,0.6777,-0.16046,0.1266,0.3304,30.94
31.65,5.4562,0.17667,9.9834,1.4986,0.53717,-0.1351,0.1492,0.3379,29.877
31.681,5.7114,0.38182,9.5304,1.957,0.23642,-0.062981,0.2024,0.3924,24.794
31.728,6.0876,0.45771,9.5001,2.107,0.25173,-0.070817,0.2181,0.3924,24.799
31.76,6.3732,0.66106,9.199,2.4763,0.13519,-0.040056,0.2629,0.4357,21.865
31.806,6.735,0.75839,9.1456,2.6329,0.15987,-0.049795,0.2802,0.4357,21.843
31.837,7.0517,0.94223,8.9425,2.9322,0.11252,-0.036746,0.3168,0.4641,20.278
31.884,7.3953,1.0836,8.8562,3.1337,0.10519,-0.035941,0.34,0.4716,19.92
31.915,7.6008,1.3386,8.3605,3.52,0.099637,-0.035541,0.3984,0.5216,17.391
31.962,7.856,1.5395,8.0583,3.78,0.13536,-0.050285,0.4385,0.5452,16.326
32.009,8.2715,1.6427,8.2222,3.8385,0.1289,-0.049773,0.4367,0.518,17.517
32.04,8.5183,1.8721,7.8894,4.1172,0.18528,-0.074118,0.4808,0.5461,16.296
32.086,8.8527,2.0408,7.847,4.2609,0.19656,-0.081286,0.4972,0.5406,16.517
32.118,9.1949,2.1993,7.8188,4.3864,0.20193,-0.086115,0.511,0.5321,16.849
32.164,9.5085,2.3826,7.7074,4.5425,0.22175,-0.097216,0.5323,0.5324,16.804
32.196,9.8741,2.5395,7.74,4.6441,0.206,-0.092647,0.5402,0.5185,17.409
32.243,10.172,2.7387,7.6062,4.8009,0.22574,-0.10385,0.5628,0.5205,17.281
32.289,10.506,2.9225,7.5614,4.9257,0.22251,-0.10442,0.5771,0.5142,17.55
32.32,10.779,3.1555,7.3911,5.0952,0.22475,-0.1073,0.6033,0.5198,17.27
32.367,11.077,3.3563,7.2734,5.2301,0.24196,-0.11718,0.6231,0.5188,17.268
32.399,11.387,3.5645,7.1924,5.3543,0.2478,-0.12148,0.6396,0.515,17.411
32.445,11.603,3.8165,6.9189,5.5248,0.3081,-0.15262,0.6742,0.5275,16.785
32.477,11.913,4.0301,6.8509,5.6415,0.30602,-0.1524,0.6885,0.5216,17.015
32.523,12.166,4.2713,6.6753,5.7686,0.34009,-0.17012,0.7122,0.524,16.837
32.574,12.368,4.5331,6.4005,5.9175,0.39794,-0.19955,0.7457,0.5345,16.308
32.602,12.736,4.7285,6.4696,5.9738,0.35767,-0.1796,0.7451,0.5165,17.049
32.648,13.051,4.9264,6.4178,6.0266,0.37163,-0.18639,0.7535,0.5066,17.378
32.679,13.482,5.0653,6.6115,6.0096,0.30311,-0.15169,0.7373,0.4773,18.719
32.726,13.85,5.2539,6.6779,6.0499,0.26043,-0.12979,0.7358,0.4611,19.542
32.758,14.25,5.4374,6.796,6.0993,0.18352,-0.090933,0.7312,0.4436,20.585
32.804,14.565,5.6678,6.7453,6.2178,0.14467,-0.071155,0.7446,0.4407,20.817
32.836,14.89,5.9145,6.7272,6.3493,0.07525,-0.036704,0.7564,0.4369,21.173
32.882,15.171,6.1743,6.631,6.4632,0.068258,-0.032964,0.7725,0.436,21.238
******-------------------------------------------------------------------------------------------------------------------****** 
TargetID: ID04
Relevancy: 0
tj = Inf
Label: -1
Comment: Target is irrelevant as it is not crossing the estimated holding line
DATA:
31.884,-0,0,NaN,NaN,NaN,NaN,0,NaN,NaN
31.915,-0.33456,-0.96952,NaN,NaN,NaN,NaN,-0.1709,NaN,NaN
31.962,0.1387,-1.0395,NaN,NaN,NaN,NaN,-0.1709,NaN,NaN
32.009,-0.73152,-1.8223,NaN,NaN,NaN,NaN,-0.5853,NaN,NaN
32.04,-0.45236,-2.0034,NaN,NaN,NaN,NaN,-0.5852,NaN,NaN
32.086,-0.16349,-2.1792,NaN,NaN,NaN,NaN,-0.5851,NaN,NaN
32.118,0.12079,-2.3591,NaN,NaN,NaN,NaN,-0.5851,NaN,NaN
32.164,0.40142,-2.5408,NaN,NaN,NaN,NaN,-0.5849,NaN,NaN
32.196,-0.58668,-3.5074,NaN,NaN,NaN,NaN,-1.0253,NaN,NaN
32.243,-0.29574,-3.8346,NaN,NaN,NaN,NaN,-0.9955,NaN,NaN
32.289,-0.12885,-4.0942,NaN,NaN,NaN,NaN,-0.9953,NaN,NaN
32.32,0.052041,-4.3489,NaN,NaN,NaN,NaN,-0.9953,NaN,NaN
32.367,0.36097,-4.6478,3.7383,-7.0883,-0,0,-1.0855,0,Inf
32.399,0.51396,-4.9293,3.7392,-7.0879,-0,0,-1.0854,0,Inf
32.445,0.48417,-5.5027,3.3235,-7.5933,-0.054561,-0.098468,-1.1584,0.0249,332.88
32.477,0.4961,-6.0293,3.2137,-7.972,-0.045599,-0.081767,-1.1877,0.0915,93.939
32.523,0.6303,-6.3472,3.2615,-8.0042,-0.047897,-0.085506,-1.184,0.0915,94.462
32.574,0.75813,-6.6703,3.3098,-8.0361,-0.05076,-0.090386,-1.1802,0.0915,94.984
32.602,0.84942,-6.9017,3.1892,-8.4239,-0.046016,-0.081569,-1.1786,0.09559,94.23
32.648,0.99328,-7.3051,3.034,-8.9842,-0.0382,-0.067045,-1.1759,0.10233,92.669
32.679,1.0872,-7.5921,2.9595,-9.3082,-0.032905,-0.057204,-1.174,0.10689,91.375
32.726,1.2234,-8.0354,2.8946,-9.7066,-0.02504,-0.042591,-1.1713,0.11367,89.106
32.758,1.3149,-8.3468,2.8817,-9.9212,-0.019687,-0.032642,-1.1695,0.11829,87.339
32.804,1.4497,-8.8154,2.9088,-10.153,-0.011813,-0.01801,-1.1668,0.12508,84.442
32.836,1.5415,-9.1348,2.9577,-10.253,-0.0065307,-0.0081938,-1.1649,0.12963,82.322
32.882,1.6816,-9.6137,3.0759,-10.32,0.0013219,0.0063987,-1.1622,0.1364,78.947
32.929,1.8288,-10.094,3.2491,-10.287,0.0091902,0.02102,-1.1595,0.14318,75.344
32.96,1.9338,-10.418,3.3977,-10.209,0.014526,0.030936,-1.1577,0.14778,72.804
33.007,2.0979,-10.889,3.6623,-10.01,0.022384,0.045539,-1.1549,0.15456,68.964
33.038,2.216,-11.201,3.8715,-9.8204,0.027681,0.055383,-1.1531,0.15913,66.338
33.085,2.4043,-11.65,4.2276,-9.4563,0.03554,0.069986,-1.1504,0.1659,62.437
******-------------------------------------------------------------------------------------------------------------------****** 
