******-------------------------------------------------------------------------------------------------------------------****** 
Duration of the scene is: 18.444 seconds
Original Targets Numbers in the hole Scene: 1
Number of Targets in the hole Scene after preprocessing: 2
Number of static portions: 1
******-------------------------------------------------------------------------------------------------------------------****** 
TargetID: ID01
Target can not be processed due to lack of Data
******-------------------------------------------------------------------------------------------------------------------****** 
TargetID: ID02
Relevancy: 1
tj = 10.1271
Label: 0
Comment: Target is relevant and going straight, since target is crossing Ego X-axis in EFC
DATA:
7.7241,0,-0,NaN,NaN,NaN,NaN,0,NaN,NaN
7.7705,0.33975,0.013625,NaN,NaN,NaN,NaN,0.0008,NaN,NaN
7.8019,0.68032,0.3546,NaN,NaN,NaN,NaN,0.0964,NaN,NaN
7.8486,1.0157,0.30569,NaN,NaN,NaN,NaN,0.0691,NaN,NaN
7.8954,1.3207,0.24062,NaN,NaN,NaN,NaN,0.0439,NaN,NaN
7.9267,1.6418,0.26513,NaN,NaN,NaN,NaN,0.0214,NaN,NaN
7.9734,1.9226,0.15388,NaN,NaN,NaN,NaN,0.0103,NaN,NaN
8.0048,2.2648,0.17831,NaN,NaN,NaN,NaN,0.0161,NaN,NaN
8.0514,2.5839,0.19285,NaN,NaN,NaN,NaN,0.016,NaN,NaN
8.083,2.8719,0.03531,NaN,NaN,NaN,NaN,-0.023,NaN,NaN
8.1295,3.1884,0.038494,NaN,NaN,NaN,NaN,-0.023,NaN,NaN
8.1762,3.5433,0.091494,NaN,NaN,NaN,NaN,-0.0099,NaN,NaN
8.2076,3.8504,0.10857,NaN,NaN,NaN,NaN,-0.0076,NaN,NaN
8.2543,4.2071,0.48341,8.0753,-0.38949,0.014846,-0.028465,-0.0482,0.0001,80847
8.2855,4.5036,0.39901,8.0746,-0.36427,0.021788,-0.042546,-0.0452,0.0004,20207
8.3323,4.8323,0.41172,8.0793,-0.32064,0.017822,-0.035677,-0.0397,0.0028,2887.7
8.3637,5.1772,0.42596,8.0518,-0.41279,0.023892,-0.049402,-0.0513,0.0039,2067.3
8.4105,5.4797,0.39601,8.0646,-0.30009,0.006604,-0.013929,-0.0372,0.0071,1136.6
8.4417,5.7433,0.47295,7.9665,-0.3325,-0.00029458,0.00064298,-0.0417,0.0019,4196.5
8.4887,6.0582,0.50317,8.0515,-0.13621,-0.063684,0.14178,-0.0172,0.0094,856.66
8.5351,4.8934,0.93694,7.9351,-0.72402,-0.014419,0.033341,-0.0902,-0.0896,-88.929
8.5665,5.1769,0.78358,7.9008,-0.85567,-0.006997,0.01654,-0.1075,-0.1044,-76.121
8.6132,5.502,0.75949,7.9183,-0.86577,-0.0018262,0.0044476,-0.1088,-0.1011,-78.788
8.6445,5.8334,0.71289,7.8979,-0.99328,0.0093221,-0.02339,-0.1257,-0.121,-65.786
8.6913,6.1769,0.69952,7.9415,-0.94606,0.015341,-0.039736,-0.1195,-0.1091,-73.306
8.7227,6.5334,0.76023,7.9923,-0.8773,0.01597,-0.043131,-0.1104,-0.0795,-101.14
8.7692,6.8188,0.64737,7.9718,-0.8461,0.020808,-0.057651,-0.1072,-0.0746,-107.46
8.816,7.1831,0.71516,7.9851,-0.81552,0.029142,-0.084318,-0.1039,-0.0625,-128.43
8.8473,7.4658,0.63325,7.9668,-0.76609,0.043803,-0.12999,-0.0991,-0.0568,-140.91
8.894,7.7671,0.63037,7.9334,-0.74127,0.055477,-0.17058,-0.0975,-0.0518,-153.82
8.9254,8.0482,0.53035,7.8498,-0.97502,0.050765,-0.16254,-0.1277,-0.0857,-92.3
8.972,8.3688,0.49847,7.8892,-0.97015,0.051809,-0.17277,-0.1267,-0.0793,-100.23
9.0035,8.7211,0.51969,7.8917,-1.0917,0.035533,-0.12557,-0.1406,-0.0879,-90.635
9.0501,9.0077,0.39699,7.853,-1.0947,0.039472,-0.14394,-0.1421,-0.0883,-89.795
9.0818,9.3743,0.47603,7.9518,-0.91908,0.03216,-0.12486,-0.1182,-0.051,-156.96
9.1283,9.6586,0.36702,7.9517,-0.90711,0.036468,-0.14676,-0.1172,-0.051,-156.93
9.1749,10.027,0.44037,8.0041,-0.8342,0.023214,-0.10002,-0.1063,-0.0328,-245.35
9.2062,10.326,0.50284,8.0626,-0.5689,0.014317,-0.064686,-0.0721,0.0049,1649.5
9.2529,10.659,0.50399,8.0968,-0.48179,0.011756,-0.056367,-0.0608,0.0162,500.69
9.2843,10.994,0.4881,8.1102,-0.39802,0.035162,-0.17733,-0.0534,0.0248,327.42
9.3309,11.334,0.48489,8.135,-0.36892,0.02301,-0.12484,-0.0484,0.0288,282.76
9.3624,11.683,0.53687,8.1203,-0.43274,0.028679,-0.16955,-0.0574,0.0222,366.3
9.4089,12.002,0.43479,8.1424,-0.43572,0.022043,-0.13865,-0.0569,0.0195,418.16
9.4559,12.374,0.498,8.1453,-0.45057,0.032378,-0.22362,-0.0608,0.0182,448.23
9.4871,12.654,0.38091,8.107,-0.4521,0.05136,-0.37218,-0.065,0.0112,724.96
9.5337,12.996,0.3249,8.0946,-0.52435,0.049646,-0.39374,-0.0745,0.0031,2616.6
9.5651,13.284,0.29822,8.0073,-0.51858,0.06067,-0.52158,-0.0779,0.0001,80241
9.6117,13.611,0.4123,8.1089,-0.18464,0.047003,-0.4657,-0.0344,0.0417,194.51
9.6431,13.927,0.38903,8.0499,-0.19111,0.044481,-0.5004,-0.0365,0.0391,205.94
9.6899,14.252,0.37238,8.0145,-0.20705,0.035182,-0.47099,-0.0379,0.0366,219.05
9.7368,14.592,0.42559,8.0255,-0.26556,0.026219,-0.46932,-0.0451,0.033,243.33
9.7679,14.851,0.33181,8.001,-0.24946,0.023308,-0.5138,-0.0444,0.0298,268.62
9.8147,15.207,0.37928,7.9734,-0.34566,0.0067386,-0.31751,-0.0516,0.0267,298.91
9.8459,15.508,0.29789,8.0532,-0.33106,0.00087701,-0.17809,-0.0456,0.0274,294.16
9.8929,15.822,0.27783,8.0345,-0.35029,-0.0023729,-0.2024,-0.0488,0.0243,330.95
9.924,16.15,0.26206,8.037,-0.36094,-0.0065301,-0.22281,-0.0506,0.0223,360.77
9.9708,16.483,0.2263,8.0397,-0.42317,-0.0104,-0.21522,-0.0581,0.0161,500.05
10.002,16.831,0.27945,7.9891,-0.46418,-0.022286,-0.31941,-0.0663,0.0132,606.26
10.049,17.104,0.22032,8.026,-0.36333,-0.024695,-0.29011,-0.0527,0.0192,418.45
10.095,17.469,0.29096,8.009,-0.38484,-0.029346,-0.26585,-0.0549,0.0207,387.35
10.127,17.771,0.38155,8.0709,-0.14864,-0.020541,-0.16055,-0.0225,0.0402,200.8
10.174,18.062,0.3563,7.9647,-0.14192,-0.055544,-0.39191,-0.0281,0.0349,228.25
10.205,18.388,0.54434,8.0503,-0.038681,-0.047612,-0.26884,0.0021,0.0556,144.79
10.252,18.706,0.5539,8.0407,-0.021789,-0.053484,-0.27227,0.0043,0.0556,144.62
10.283,19.056,0.5917,7.8871,0.06693,-0.12548,-0.63179,-0.0084,0.0484,162.96
10.33,19.334,0.53519,7.8632,0.12045,-0.13587,-0.63767,-0.0018,0.0484,162.48
10.376,19.653,0.83841,7.8619,0.5397,-0.20756,-0.92565,0.0441,0.079,99.751
10.408,19.943,0.89655,7.8998,0.20927,-0.29184,-1.0072,0.0528,0.0827,95.557
10.454,20.253,0.92591,7.5661,0.7265,-0.34459,-1.3455,0.0578,0.0839,90.595
10.486,20.556,0.95018,7.5172,0.75202,-0.37282,-1.3514,0.0612,0.0839,90.044
10.532,20.836,0.94403,7.3287,0.79003,-0.49595,-1.743,0.0551,0.0775,95.112
10.564,21.171,1.0219,7.2696,0.78076,-0.53955,-1.7452,0.0538,0.0775,94.341
10.61,21.431,0.99621,7.2037,0.8345,-0.56739,-1.7505,0.0613,0.0775,93.572
10.642,21.706,0.79263,7.2425,0.5858,-0.83925,-2.9996,-0.0143,0.0293,247.99
10.689,22.008,0.75949,7.2817,0.52509,-0.7836,-2.4947,-0.006,0.0313,233.25
10.735,22.32,0.80877,7.2052,0.51276,-0.83583,-2.4944,-0.0087,0.0313,230.78
10.767,22.598,0.70048,7.1789,0.40859,-0.84445,-2.4114,-0.0213,0.0201,357.74
10.813,22.965,0.69691,8.3948,-0.43891,-0.94238,-2.5586,-0.027094,0.016665,504.42
10.845,23.232,0.67982,8.5586,-0.59517,-1.0083,-2.6576,-0.030994,0.014354,597.71
10.891,23.62,0.65812,7.8252,-0.20949,-1.1066,-2.8053,-0.036808,0.010907,717.68
10.923,23.849,0.66121,6.68,0.46261,-1.1723,-2.9041,-0.0407,0.0086,778.61
10.969,24.16,0.66296,6.6471,-0.33902,-1.2435,-3.0302,-0.042825,0.0069314,960.24
11.016,24.469,0.63408,6.55,-0.84868,-1.3147,-3.1562,-0.04495,0.005263,1254.9
11.047,24.672,0.60439,6.4489,-1.0269,-1.3624,-3.2407,-0.046373,0.004145,1575.4
11.094,24.969,0.55473,6.2443,-1.0492,-1.4337,-3.3668,-0.048499,0.0024758,2557.5
11.126,25.163,0.52377,6.0707,-0.89994,-1.4815,-3.4515,-0.049928,0.0013538,4533.3
11.172,25.439,0.49149,5.759,-0.43455,-1.5527,-3.5774,-0.052051,-0.00031319,-18440
11.204,25.618,0.485,5.511,0.047178,-1.6009,-3.6629,-0.053492,-0.0014444,-3815.6
11.25,25.864,0.50803,5.0948,0.99409,-1.6716,-3.7879,-0.0556,-0.0031,-1674.5
******-------------------------------------------------------------------------------------------------------------------****** 
