******-------------------------------------------------------------------------------------------------------------------****** 
Duration of the scene is: 39.9319 seconds
Original Targets Numbers in the hole Scene: 7
Number of Targets in the hole Scene after preprocessing: 10
Number of static portions: 1
******-------------------------------------------------------------------------------------------------------------------****** 
TargetID: ID01
Relevancy: 1
tj = 2.0006
Label: 0
Comment: Target is relevant and going straight, since target is crossing Ego X-axis in EFC
DATA:
0,0,-0,9.8552,-0.0028182,-0.17796,0.26155,0,0.0518,190.25
0.040027,0.78387,0.032061,9.9716,0.10189,-0.19641,0.28868,0.0105,0.0578,172.53
0.080118,1.1845,0.0444,10.038,0.14569,-0.20645,0.30318,0.0142,0.0591,169.87
0.1201,1.6167,-0.16795,10.169,-0.27739,-0.16718,0.24553,-0.0275,0.0268,379.58
0.15998,2.0555,-0.39851,10.309,-0.71336,-0.12879,0.18917,-0.0693,-0.0037,-2792.8
0.20006,2.4326,-0.23722,10.315,-0.32564,-0.16935,0.2488,-0.0316,0.0247,417.84
0.24,2.8243,-0.17856,10.362,-0.19311,-0.18741,0.27523,-0.0189,0.0342,303.04
0.28011,2.8047,-0.6444,10.477,-0.28376,-0.18967,0.2795,-0.0258,0.0278,377.01
0.32007,3.236,-0.70096,10.576,-0.36035,-0.18722,0.27586,-0.0328,0.0222,476.67
0.3601,3.6815,-0.75758,10.678,-0.40014,-0.18709,0.27516,-0.0375,0.0176,607.14
0.40004,4.0077,-1.0837,10.781,-0.44697,-0.1905,0.28096,-0.04,0.0149,724.19
0.44015,4.4457,-1.1124,10.868,-0.46073,-0.19257,0.284,-0.0409,0.0138,788.27
0.48012,4.8946,-1.2083,10.994,-0.6375,-0.178,0.26239,-0.0566,0.0024,4588.6
0.52019,5.3437,-1.2353,11.078,-0.63977,-0.17959,0.26473,-0.0564,0.0019,5840.2
0.56017,5.8028,-1.3604,11.199,-0.83339,-0.15938,0.23481,-0.0732,-0.009,-1247.8
0.60018,6.2561,-1.3944,11.294,-0.86265,-0.15962,0.23515,-0.0752,-0.0104,-1089.1
0.64021,6.7489,-1.5578,11.45,-1.096,-0.13646,0.20092,-0.0945,-0.0234,-491.54
0.68018,7.2196,-1.6326,11.52,-1.182,-0.12306,0.18095,-0.1015,-0.0282,-410.67
0.72019,6.7917,-1.6536,11.649,-1.4037,-0.098398,0.14492,-0.1185,-0.0391,-300.07
0.7604,7.8812,-1.7822,11.707,-1.4536,-0.088079,0.1296,-0.1228,-0.0421,-280.2
0.80017,8.2672,-1.6548,11.8,-1.6759,-0.059879,0.088047,-0.1405,-0.0532,-224.03
0.84027,8.748,-1.7703,11.847,-1.8458,-0.034763,0.051085,-0.1542,-0.0626,-191.54
0.88022,9.1552,-1.8416,11.887,-1.9468,-0.022277,0.032736,-0.1621,-0.0673,-178.99
0.92035,9.5096,-1.9352,11.892,-2.0472,-0.0089915,0.01321,-0.1704,-0.0726,-166.21
0.96021,9.9172,-1.8999,11.872,-2.039,-0.0079576,0.01169,-0.17,-0.0729,-165.24
1.0004,10.367,-1.9502,11.829,-2.0597,-0.0030238,0.0044425,-0.1724,-0.0755,-159.03
1.0403,10.805,-1.9909,11.773,-2.0657,0.00023913,-0.00035107,-0.1737,-0.0768,-155.64
1.0804,10.96,-2.0049,11.744,-2.1092,0.0048548,-0.0071307,-0.1778,-0.08,-149.15
1.1203,11.37,-2.0182,11.658,-2.0761,0.0051729,-0.0075989,-0.1763,-0.0782,-151.43
1.1604,11.74,-2.0753,11.625,-2.08,0.0062081,-0.0091181,-0.1771,-0.0775,-152.39
1.2003,12.196,-2.1401,11.595,-2.0866,0.0067657,-0.0099364,-0.1781,-0.0776,-151.82
1.2404,12.574,-2.123,11.476,-1.9869,0.0059699,-0.0087674,-0.1715,-0.0708,-164.51
1.2804,13.228,-2.2212,11.461,-2.0046,0.0064473,-0.0094692,-0.1732,-0.0703,-165.51
1.3206,13.644,-2.2777,11.432,-1.9876,0.0061288,-0.0090019,-0.1722,-0.0671,-172.93
1.3603,14.079,-2.3406,11.399,-1.993,0.0067657,-0.0099364,-0.1732,-0.066,-175.33
1.4006,14.512,-2.409,11.402,-2.0084,0.0069249,-0.01017,-0.1744,-0.0648,-178.67
1.4404,14.965,-2.5178,11.451,-2.0718,0.0078006,-0.011457,-0.1791,-0.0663,-175.51
1.4805,15.416,-2.5718,11.445,-2.0863,0.0084371,-0.012392,-0.1804,-0.0653,-178.15
1.5204,15.85,-2.6269,11.409,-2.0511,0.0083572,-0.012274,-0.178,-0.0613,-189.09
1.5605,16.179,-2.7106,11.458,-2.1422,0.01003,-0.014729,-0.185,-0.0652,-178.79
1.6004,16.619,-2.7547,11.417,-2.1335,0.0097904,-0.014379,-0.1849,-0.0634,-183.2
1.6405,17.047,-2.7899,11.385,-2.0709,0.0091539,-0.013444,-0.1801,-0.0572,-202.31
1.6805,17.505,-2.8709,11.404,-2.1084,0.0094723,-0.013911,-0.183,-0.0576,-201.33
1.7208,17.978,-2.9373,11.404,-2.0797,0.0094723,-0.013911,-0.1805,-0.0535,-216.68
1.7605,18.459,-3.0019,11.427,-2.0724,0.009074,-0.013326,-0.1795,-0.0503,-230.88
1.8006,18.899,-3.0487,11.412,-2.0318,0.008119,-0.011924,-0.1763,-0.0457,-253.65
1.8406,19.353,-3.135,11.43,-2.0315,0.0078795,-0.011574,-0.176,-0.0439,-264.45
1.8806,19.825,-3.2324,11.495,-2.1053,0.009074,-0.013326,-0.1813,-0.0469,-249.18
1.9206,20.273,-3.3098,11.5,-2.1027,0.0087556,-0.012859,-0.181,-0.0451,-259.21
1.9606,20.693,-3.3517,11.425,-2.0134,0.0070838,-0.010405,-0.1746,-0.0383,-302.89
2.0006,21.155,-3.4389,11.457,-2.0512,0.0074022,-0.010872,-0.1773,-0.0393,-296.16
2.0406,21.596,-3.5028,11.437,-2.0315,0.0069246,-0.010171,-0.1759,-0.0367,-316.51
2.0806,22.077,-3.6002,11.49,-2.0772,0.0070838,-0.010405,-0.1789,-0.0382,-305.67
2.1208,22.5,-3.6458,11.424,-2.0159,0.0061288,-0.0090019,-0.1748,-0.0333,-348.37
2.1606,22.887,-3.6888,11.393,-1.9835,0.0054124,-0.0079491,-0.1725,-0.03,-385.48
2.2007,23.349,-3.7652,11.41,-1.9937,0.0047755,-0.0070146,-0.1731,-0.0295,-392.64
2.2406,23.796,-3.8279,11.398,-1.9625,0.0036616,-0.0053774,-0.1706,-0.0259,-446.56
2.2807,24.346,-3.9267,11.558,-1.9617,-0.00015922,0.00023362,-0.1681,-0.0219,-535.32
2.3206,24.802,-3.9977,11.573,-1.9708,-0.00079576,0.001169,-0.1687,-0.0217,-540.98
2.3607,25.321,-4.0738,11.667,-1.942,-0.0040587,0.0059626,-0.1649,-0.0173,-683.69
2.4007,25.82,-4.1565,11.727,-1.9767,-0.0042179,0.0061963,-0.1669,-0.0188,-632.57
2.4407,26.339,-4.2256,11.829,-1.9413,-0.0081164,0.011925,-0.1625,-0.014,-856.24
2.4807,26.793,-4.2932,11.764,-1.9286,-0.0053331,0.0078329,-0.1626,-0.0144,-827.85
2.5208,27.213,-4.3134,11.626,-1.7834,-0.004138,0.0060788,-0.1521,-0.0045,-2613.7
2.5608,27.669,-4.3709,11.605,-1.7606,-0.0027057,0.0039744,-0.1506,-0.0033,-3556.9
2.6008,28.115,-4.4094,11.568,-1.6976,-0.0015915,0.0023381,-0.1457,0.0012,9743.3
2.6408,28.57,-4.4672,11.577,-1.6846,-0.0016714,0.0024555,-0.1445,0.0021,5570.9
2.6808,29.385,-4.6039,12.232,-1.7562,-0.025557,0.037532,-0.143,0.0043,2873.7
2.7209,30.066,-4.7195,12.624,-1.8223,-0.038224,0.056125,-0.1439,0.0036,3543.1
******-------------------------------------------------------------------------------------------------------------------****** 
TargetID: ID10
Relevancy: 1
tj = 17.3651
Label: 0
Comment: Target is relevant and going straight, since target is crossing Ego X-axis in EFC
DATA:
12.444,0,-0,NaN,NaN,NaN,NaN,0,NaN,NaN
12.484,0.2347,-0.39306,NaN,NaN,NaN,NaN,-0.1253,NaN,NaN
12.524,0.46913,-0.42236,NaN,NaN,NaN,NaN,-0.1253,NaN,NaN
12.564,0.73404,-0.77192,NaN,NaN,NaN,NaN,-0.2092,NaN,NaN
12.604,0.81057,-1.4341,6.1494,-1.4909,0,-0,-0.2379,0,Inf
12.644,0.99503,-1.2619,6.1709,-1.1738,0.0023199,-0.0037206,-0.188,0.0257,244.42
12.684,1.28,-1.3369,6.3371,-1.2115,-0.020727,0.033241,-0.1888,0.0581,111.05
12.724,1.513,-1.3835,6.4664,-1.2212,-0.018485,0.029641,-0.1867,0.0874,75.295
12.764,1.7943,-1.4375,6.6163,-1.1782,-0.016088,0.0258,-0.1762,0.1103,60.929
12.804,2.0292,-1.5319,6.7415,-1.2654,0.0080814,-0.012959,-0.1855,0.1212,56.594
12.844,2.323,-1.6616,6.891,-1.3427,0.037272,-0.059759,-0.1925,0.1246,56.345
12.884,2.6168,-1.839,7.0231,-1.5331,0.093343,-0.14966,-0.2152,0.1104,65.113
12.924,2.9164,-1.8409,7.1283,-1.3583,0.072234,-0.11579,-0.1885,0.1307,55.52
12.964,3.1911,-1.6775,7.1647,-0.89974,-0.0070337,0.01128,-0.1249,0.185,39.032
13.004,3.5067,-1.7991,7.2817,-0.99557,-0.0086054,0.0138,-0.1359,0.1627,45.172
13.044,3.8048,-1.75,7.3345,-0.74026,-0.054391,0.087245,-0.1004,0.1915,38.495
13.084,4.1156,-1.8284,7.4206,-0.75495,-0.063815,0.10237,-0.1012,0.1809,41.232
13.124,4.4645,-2.0546,7.5543,-1.0935,-0.012646,0.02028,-0.1437,0.1148,66.49
13.164,4.7801,-2.1784,7.6348,-1.2794,0.027092,-0.04344,-0.1661,0.0767,100.93
13.204,5.1213,-2.5554,7.7038,-2.1409,0.1921,-0.30799,-0.2715,-0.062,-128.96
13.244,5.435,-2.6775,7.7483,-2.4146,0.21968,-0.35206,-0.3025,-0.1101,-73.713
13.284,5.7446,-2.9712,7.7604,-3.01,0.3342,-0.53599,-0.3694,-0.187,-44.512
13.324,6.055,-3.085,7.8054,-3.1898,0.35525,-0.56926,-0.3885,-0.21,-40.153
13.364,6.3553,-3.2126,7.8182,-3.438,0.39681,-0.63613,-0.4143,-0.2402,-35.557
13.404,6.6645,-3.2705,7.8513,-3.5001,0.39471,-0.63251,-0.4199,-0.2493,-34.481
13.444,6.9981,-3.353,7.891,-3.574,0.39664,-0.63563,-0.4258,-0.2618,-33.089
13.484,7.2959,-3.3837,7.8888,-3.5986,0.38248,-0.61295,-0.4285,-0.2664,-32.548
13.524,7.5958,-3.544,7.879,-3.8333,0.41838,-0.67096,-0.4523,-0.2862,-30.615
13.564,7.872,-3.4553,7.8294,-3.6515,0.34808,-0.55804,-0.4364,-0.2737,-31.564
13.604,8.1176,-3.436,7.7529,-3.5823,0.30754,-0.4932,-0.4324,-0.2617,-32.635
13.644,8.4274,-3.5791,7.7733,-3.6916,0.3228,-0.51767,-0.4429,-0.2617,-32.883
13.684,8.704,-3.5545,7.7134,-3.5325,0.26984,-0.43275,-0.4291,-0.244,-34.77
13.724,8.9831,-3.5403,7.6629,-3.3587,0.22414,-0.35928,-0.4134,-0.2232,-37.485
13.764,9.2763,-3.6405,7.6451,-3.3936,0.21651,-0.34722,-0.4174,-0.2191,-38.177
13.804,9.5703,-3.6665,7.6206,-3.2626,0.18775,-0.30096,-0.4048,-0.2008,-41.283
13.844,9.837,-3.5723,7.5331,-2.9448,0.13475,-0.21609,-0.3724,-0.1646,-49.138
13.884,10.158,-3.7641,7.5864,-3.1375,0.15284,-0.24508,-0.3924,-0.1764,-46.539
13.924,10.46,-3.8364,7.5836,-3.0923,0.14312,-0.22944,-0.3874,-0.1658,-49.396
13.964,10.761,-3.9422,7.5831,-3.1151,0.1396,-0.2238,-0.39,-0.1625,-50.449
14.004,11.077,-4.0509,7.5962,-3.1229,0.13668,-0.21912,-0.3903,-0.1583,-51.883
14.044,11.387,-4.1992,7.6172,-3.2223,0.14423,-0.23127,-0.4004,-0.1614,-51.244
14.084,11.65,-4.2781,7.5848,-3.2399,0.13872,-0.22245,-0.4035,-0.1557,-52.972
14.124,11.937,-4.2968,7.5621,-3.0798,0.11841,-0.18984,-0.387,-0.1367,-59.731
14.164,12.231,-4.3757,7.5537,-3.0484,0.111,-0.17796,-0.3838,-0.1295,-62.9
14.204,12.483,-4.1933,7.4368,-2.5327,0.065938,-0.10572,-0.3284,-0.0816,-96.277
14.244,12.765,-4.2032,7.4163,-2.4193,0.05516,-0.088439,-0.3154,-0.0687,-113.55
14.284,13.056,-4.2276,7.4149,-2.3343,0.048199,-0.077279,-0.3051,-0.0589,-131.98
14.324,13.344,-4.2237,7.4144,-2.2129,0.041687,-0.066839,-0.2901,-0.0459,-168.57
14.364,12.671,-4.7154,7.3538,-1.9722,0.028236,-0.045227,-0.2626,-0.0236,-322.61
14.404,12.977,-4.7239,7.3814,-1.8816,0.022915,-0.036711,-0.25,-0.0146,-521.75
14.444,13.277,-4.7376,7.4019,-1.7978,0.017745,-0.028435,-0.2386,-0.0063,-1209.1
14.484,13.559,-4.6099,7.3513,-1.4815,0.0050151,-0.0080395,-0.199,0.0214,350.42
14.524,13.858,-4.6119,7.3602,-1.386,-0.001796,0.0028796,-0.1861,0.0292,256.49
14.564,14.134,-4.5353,7.3356,-1.1986,-0.01122,0.018003,-0.1617,0.0453,164.08
14.604,14.43,-4.5208,7.3402,-1.0925,-0.018098,0.029049,-0.1473,0.0534,138.97
14.644,14.724,-4.5069,7.3561,-1.002,-0.025643,0.041178,-0.1348,0.0601,123.53
14.685,15.03,-4.5174,7.3957,-0.94435,-0.033707,0.05415,-0.1262,0.0636,117.23
14.724,15.338,-4.5358,7.4423,-0.89845,-0.04199,0.067489,-0.1192,0.066,113.58
14.764,15.644,-4.5407,7.4795,-0.82941,-0.050491,0.081192,-0.1093,0.0702,107.2
14.804,15.948,-4.5572,7.5132,-0.78776,-0.055559,0.089368,-0.1032,0.0721,104.78
14.844,16.253,-4.5617,7.5399,-0.72339,-0.060924,0.098027,-0.0943,0.0756,100.19
14.884,16.562,-4.5628,7.5734,-0.65764,-0.06785,0.10922,-0.0851,0.0791,96.105
14.925,16.871,-4.5627,7.6103,-0.59411,-0.075665,0.12185,-0.0762,0.0824,92.639
14.964,17.177,-4.5772,7.646,-0.56176,-0.079833,0.12859,-0.0715,0.0832,92.146
15.005,17.501,-4.602,7.6971,-0.52505,-0.086603,0.13955,-0.0661,0.0838,92.064
15.044,17.817,-4.6651,7.7466,-0.56466,-0.084972,0.13689,-0.0709,0.0788,98.568
15.085,18.143,-4.6926,7.7935,-0.53216,-0.089436,0.14411,-0.0662,0.0791,98.757
15.124,18.466,-4.7418,7.8387,-0.54251,-0.089142,0.14363,-0.0671,0.0764,102.85
15.165,18.785,-4.7616,7.8702,-0.5139,-0.089738,0.14459,-0.0633,0.0766,102.96
15.205,19.097,-4.7844,7.901,-0.50515,-0.089591,0.14435,-0.0619,0.0758,104.45
15.245,19.414,-4.8374,7.9405,-0.54184,-0.086397,0.13917,-0.0663,0.0717,111
15.285,19.737,-4.8901,7.9881,-0.57132,-0.085954,0.13844,-0.0696,0.0682,117.43
15.325,20.062,-4.8975,8.0267,-0.52267,-0.09146,0.14735,-0.0631,0.0701,114.75
15.365,20.43,-4.9681,8.101,-0.52514,-0.09548,0.15385,-0.0628,0.0672,120.8
15.405,19.943,-4.9167,8.1376,-0.51758,-0.097655,0.15781,-0.0597,0.0671,121.52
15.445,20.275,-4.958,8.1803,-0.53576,-0.096333,0.15563,-0.0617,0.0644,127.3
15.485,20.612,-5.0046,8.2217,-0.55871,-0.093455,0.15094,-0.0643,0.0614,134.21
15.525,20.967,-5.0861,8.2916,-0.62668,-0.091989,0.14852,-0.072,0.0554,150.09
15.565,21.296,-5.0801,8.3207,-0.57136,-0.095836,0.15478,-0.065,0.0577,144.55
15.605,21.65,-5.1266,8.3656,-0.57378,-0.094362,0.15237,-0.065,0.0557,150.54
15.645,21.998,-5.1977,8.4322,-0.64276,-0.093635,0.15116,-0.0727,0.0505,167.46
15.685,22.336,-5.2247,8.4487,-0.63553,-0.09158,0.14757,-0.0718,0.0498,170.13
15.725,22.664,-5.4582,8.5315,-0.73043,-0.088389,0.14265,-0.0823,0.0428,200.06
15.765,22.819,-5.4821,8.585,-0.80003,-0.085021,0.13723,-0.0897,0.0377,228.71
15.805,23.183,-5.5918,8.6572,-0.91789,-0.078661,0.12687,-0.1027,0.0301,289.23
15.845,23.548,-5.6698,8.7239,-0.97374,-0.077186,0.12446,-0.1083,0.0263,333.77
15.885,23.919,-5.7635,8.7978,-1.053,-0.074227,0.11964,-0.1165,0.0214,414.05
15.925,24.5,-5.8691,8.857,-1.1386,-0.068472,0.11026,-0.1258,0.016,558.12
15.965,24.847,-5.9241,8.9111,-1.1896,-0.065798,0.10593,-0.1307,0.0128,702.35
16.005,25.203,-6.0005,8.9472,-1.2464,-0.05918,0.09523,-0.1367,0.0095,950.91
16.045,25.56,-5.9428,8.9708,-1.2253,-0.059404,0.095584,-0.134,0.0104,870.58
16.085,26.06,-5.8556,9.0264,-1.2969,-0.055473,0.089201,-0.1412,0.006,1519.8
16.125,26.417,-5.8978,9.0536,-1.2895,-0.054654,0.08788,-0.14,0.0064,1428.9
16.165,26.761,-5.9517,9.0696,-1.3147,-0.050482,0.081153,-0.1426,0.0054,1697.1
16.205,27.117,-5.9884,9.0967,-1.2608,-0.055027,0.088482,-0.1363,0.0086,1067.9
16.245,27.483,-6.0414,9.1358,-1.2967,-0.05257,0.084517,-0.1396,0.0063,1464.7
16.285,27.846,-6.0781,9.1637,-1.2729,-0.054656,0.087881,-0.1366,0.0076,1217.3
16.325,28.216,-6.1486,9.1999,-1.3087,-0.051081,0.082115,-0.14,0.0056,1659.4
16.365,28.589,-6.1699,9.2355,-1.3229,-0.049964,0.080311,-0.141,0.0047,1985.1
16.405,28.949,-6.2271,9.255,-1.3427,-0.046536,0.074786,-0.1429,0.0037,2527.5
16.445,29.322,-6.2455,9.2744,-1.3281,-0.046462,0.074666,-0.1411,0.0045,2082
16.485,29.631,-6.2938,9.3242,-1.3893,-0.043552,0.06998,-0.1468,0.0007,13467
16.525,30.017,-6.3316,9.3401,-1.3764,-0.043777,0.070342,-0.1452,0.0013,7262.3
16.565,30.393,-6.3341,9.3945,-1.419,-0.042435,0.068176,-0.1488,-0.0011,-8637.4
16.605,30.781,-6.4021,9.4503,-1.4519,-0.042884,0.068896,-0.1514,-0.0028,-3414.7
16.645,31.095,-6.4534,9.4783,-1.4827,-0.039749,0.063853,-0.1541,-0.0047,-2041.2
16.685,31.477,-6.4822,9.5245,-1.5182,-0.039377,0.063252,-0.1571,-0.0068,-1418.4
16.725,31.842,-6.5007,9.4919,-1.4675,-0.038556,0.061931,-0.1524,-0.0041,-2342.6
16.765,32.253,-6.5796,9.6048,-1.4761,-0.044592,0.071437,-0.1536,-0.004,-2429.4
16.805,32.638,-6.6404,9.6408,-1.4827,-0.044366,0.071077,-0.1537,-0.004,-2438.5
16.846,33.025,-6.7008,9.6768,-1.4897,-0.044065,0.070595,-0.1538,-0.004,-2447.7
16.885,33.412,-6.761,9.7128,-1.4971,-0.043765,0.070115,-0.154,-0.004,-2456.9
16.925,33.801,-6.8217,9.7488,-1.5044,-0.043389,0.069515,-0.1542,-0.004,-2466
16.965,34.192,-6.882,9.7848,-1.5119,-0.043088,0.069033,-0.1543,-0.004,-2475.2
17.005,34.583,-6.9431,9.8207,-1.5194,-0.042788,0.068553,-0.1545,-0.004,-2484.4
17.045,35.095,-7.1462,9.9126,-1.8198,-0.020791,0.033352,-0.1811,-0.0233,-432.54
17.085,35.498,-7.1945,9.9339,-1.811,-0.020042,0.032158,-0.1799,-0.0236,-427.86
17.125,35.914,-7.2935,9.9994,-1.9511,-0.012641,0.020281,-0.1924,-0.0319,-319.37
17.165,36.314,-7.3687,10.059,-1.9959,-0.011595,0.018601,-0.1956,-0.033,-310.75
17.205,36.754,-7.4667,10.088,-2.0395,-0.0091274,0.01464,-0.1993,-0.0348,-295.74
17.245,37.175,-7.5744,10.156,-2.1232,-0.0054617,0.00876,-0.206,-0.0386,-268.79
17.285,37.575,-7.6672,10.204,-2.1625,-0.0040403,0.0064806,-0.2088,-0.0392,-266.09
17.325,37.949,-7.7697,10.294,-2.2699,0.00082338,-0.0013206,-0.2171,-0.0441,-239.03
17.365,38.363,-7.8608,10.359,-2.3377,0.0035173,-0.00564,-0.222,-0.0464,-228.86
17.405,38.784,-7.9632,10.432,-2.4125,0.0070356,-0.01128,-0.2274,-0.0489,-218.97
17.445,39.204,-8.0618,10.48,-2.4619,0.0093568,-0.015,-0.2309,-0.05,-215.31
17.485,39.631,-8.168,10.526,-2.5066,0.011378,-0.01824,-0.234,-0.0509,-212.58
17.525,40.037,-8.2555,10.53,-2.5126,0.011079,-0.01776,-0.2345,-0.0498,-217.38
17.565,40.465,-8.353,10.582,-2.5561,0.012875,-0.02064,-0.2373,-0.0503,-216.42
17.605,40.882,-8.4488,10.624,-2.587,0.013849,-0.022199,-0.2391,-0.0501,-218.25
17.645,41.339,-8.5548,10.76,-2.6022,0.012351,-0.0198,-0.2375,-0.0465,-238.07
17.685,41.78,-8.6615,10.831,-2.6495,0.014523,-0.02328,-0.2402,-0.047,-237.23
17.725,42.293,-8.7871,10.962,-2.6743,0.014074,-0.02256,-0.2396,-0.0446,-252.99
17.765,42.717,-8.8872,10.995,-2.6871,0.013849,-0.022199,-0.24,-0.0436,-259.59
17.805,43.148,-8.9814,11.027,-2.6552,0.0099557,-0.01596,-0.2365,-0.0395,-287.15
17.845,43.519,-9.0283,10.927,-2.5914,0.0062103,-0.0099591,-0.2327,-0.0352,-319.04
17.885,43.957,-9.1223,10.939,-2.554,0.0034422,-0.0055194,-0.2293,-0.0315,-356.6
17.925,44.335,-9.1786,10.85,-2.4987,0.0012726,-0.00204,-0.2263,-0.028,-397.64
17.965,44.753,-9.2422,10.834,-2.4371,-0.001796,0.0028796,-0.2213,-0.0228,-487.05
18.005,45.161,-9.3293,10.844,-2.4392,-0.0017214,0.0027604,-0.2213,-0.0217,-512.2
18.045,45.575,-9.4074,10.82,-2.429,-0.0017214,0.0027604,-0.2209,-0.0207,-535.72
18.085,45.994,-9.5035,10.822,-2.4382,-0.0011228,0.0018002,-0.2216,-0.0206,-538.5
18.125,46.284,-9.5315,10.591,-2.3351,-0.0016462,0.0026398,-0.217,-0.0163,-665.38
18.165,46.472,-9.5471,10.193,-2.222,0.0014965,-0.0024,-0.2146,-0.0141,-739.87
******-------------------------------------------------------------------------------------------------------------------****** 
TargetID: ID02
Relevancy: 1
tj = 6.2825
Label: 0
Comment: Target is relevant and going straight, since target is crossing Ego X-axis in EFC
DATA:
2.8409,-0,0,NaN,NaN,NaN,NaN,0,NaN,NaN
2.8809,0.34685,0.87426,NaN,NaN,NaN,NaN,0.1782,NaN,NaN
2.9211,0.90757,0.94365,NaN,NaN,NaN,NaN,0.17,NaN,NaN
2.9608,1.4352,1.0335,NaN,NaN,NaN,NaN,0.17,NaN,NaN
3.001,1.9737,1.1411,NaN,NaN,NaN,NaN,0.1728,NaN,NaN
3.0409,2.0715,2.246,12.834,3.6763,-0,0,0.279,0,Inf
3.081,2.6058,2.4094,12.849,3.6939,-0.0087023,0.0033732,0.2799,-0,-Inf
3.1209,3.1877,2.3967,12.933,3.3026,-0.039558,0.015334,0.25,-0.0008,-16685
3.1609,3.8189,2.1091,13.133,2.3905,0.010549,-0.0040891,0.18,-0.0069,-1934.6
3.2009,4.344,2.2057,13.132,2.3862,0.010813,-0.0041912,0.1797,-0.0069,-1934.4
3.241,4.7877,2.6287,12.967,3.0128,0.066721,-0.025863,0.2283,0.003,4437.6
3.281,5.2142,3.0647,12.742,3.5938,0.0094945,-0.00368,0.2749,0.0157,843.23
3.3211,5.7793,3.0138,12.865,3.2394,-0.023207,0.0089958,0.2467,0.0027,4913.5
3.361,6.2404,3.3367,12.751,3.5835,-0.026637,0.010325,0.274,0.0175,756.84
3.401,6.8065,3.2588,12.869,3.1829,-0.039295,0.015232,0.2424,-0.0061,-2173.3
3.4411,7.2894,3.5339,12.794,3.4672,-0.027691,0.010734,0.2647,0.0142,933.47
3.481,7.8688,3.4686,12.924,3.0271,-0.030724,0.011909,0.2301,-0.0196,-677.22
3.521,8.3917,3.5936,12.928,3.0297,-0.01912,0.0074119,0.2302,-0.0176,-754.47
3.561,8.8357,4.0013,12.742,3.6442,-0.01345,0.0052135,0.2786,0.0375,353.4
3.601,9.3042,4.2974,12.615,4.0068,-0.020043,0.0077694,0.3075,0.0697,189.9
3.6411,9.808,4.4714,12.594,4.061,-0.032306,0.012523,0.3119,0.0715,185.07
3.6811,10.298,4.7691,12.513,4.3595,-0.032437,0.012574,0.3353,0.0972,136.32
3.7211,10.79,4.9697,12.459,4.4781,-0.041404,0.016049,0.345,0.105,126.09
3.7611,11.287,5.1732,12.437,4.5644,-0.045096,0.017481,0.3518,0.1074,123.35
3.8012,11.751,5.4892,12.319,4.9136,-0.044174,0.017123,0.3795,0.1351,98.168
3.8411,12.242,5.7576,12.286,5.0795,-0.046283,0.017941,0.3921,0.1432,92.839
3.8811,12.727,5.9738,12.246,5.1766,-0.049713,0.019269,0.3999,0.1452,91.565
3.9212,13.307,5.8923,12.427,4.5403,-0.063292,0.024534,0.3503,0.0842,157.14
3.9612,13.795,6.1212,12.387,4.6834,-0.054722,0.021212,0.3615,0.0927,142.86
4.0012,14.299,6.294,12.385,4.6838,-0.051425,0.019934,0.3616,0.0891,148.6
4.0413,14.775,6.52,12.317,4.8226,-0.048262,0.018707,0.3732,0.0977,135.39
4.0812,15.268,6.7233,12.302,4.8819,-0.044964,0.01743,0.3778,0.0982,134.78
4.1214,15.757,6.9447,12.278,4.9806,-0.041404,0.016049,0.3854,0.1017,130.29
4.1612,15.98,7.8272,12.272,5.0389,-0.035206,0.013644,0.3896,0.1034,128.3
4.2012,16.393,8.1914,12.132,5.4773,-0.034811,0.01349,0.4241,0.1318,100.99
4.2412,16.867,8.51,12.085,5.7097,-0.040215,0.015586,0.4414,0.1444,92.562
4.2814,17.412,8.6763,12.154,5.5621,-0.03982,0.015432,0.4292,0.1299,102.9
4.3213,17.956,8.7611,12.212,5.3113,-0.03771,0.014615,0.4103,0.1086,122.62
4.3613,18.45,8.9636,12.201,5.3344,-0.035601,0.013798,0.4122,0.1064,125.15
4.4013,18.994,9.0178,12.244,5.0391,-0.036261,0.014053,0.3904,0.0839,157.81
4.4415,19.526,9.0599,12.274,4.7699,-0.038503,0.014922,0.3706,0.063,209.02
4.4813,20.04,9.1966,12.291,4.6897,-0.03402,0.013184,0.3645,0.0557,236.17
4.5214,20.565,9.3406,12.323,4.5934,-0.0298,0.01155,0.3568,0.0483,272.28
4.5613,21.099,9.4065,12.354,4.3708,-0.032437,0.012572,0.3401,0.0328,399.52
4.6014,21.613,9.522,12.375,4.2756,-0.028086,0.010885,0.3327,0.0255,513.44
4.6414,22.108,9.7028,12.37,4.3056,-0.02268,0.0087908,0.335,0.0266,492.41
4.6814,22.617,9.8704,12.382,4.2867,-0.019119,0.0074109,0.3333,0.0251,522.04
4.7216,23.093,10.176,12.354,4.5221,-0.011604,0.0044973,0.3509,0.0395,333.05
4.7615,23.587,10.357,12.345,4.541,-0.011868,0.0045993,0.3525,0.0395,333
4.8014,24.097,10.487,12.362,4.4633,-0.012527,0.004855,0.3465,0.0335,392.32
4.8415,24.572,10.719,12.327,4.578,-0.012395,0.0048044,0.3556,0.0394,333.75
4.8814,24.612,10.709,12.329,4.5535,-0.013581,0.0052642,0.3538,0.0373,352.36
4.9216,25.141,10.769,12.353,4.3622,-0.01846,0.0071552,0.3394,0.0256,511.76
4.9614,25.64,10.978,12.355,4.4104,-0.015295,0.005929,0.3429,0.0282,465.21
5.0016,26.128,11.196,12.331,4.4833,-0.015691,0.0060824,0.3487,0.032,410.03
5.0415,25.434,10.888,12.351,4.3651,-0.018195,0.0070536,0.3399,0.025,523.99
5.0816,25.931,11.058,12.344,4.3513,-0.019513,0.0075648,0.3391,0.024,545.34
5.1215,26.414,11.279,12.318,4.4571,-0.01714,0.0066445,0.3473,0.0292,448.62
5.1617,26.909,11.435,12.312,4.4247,-0.018722,0.0072577,0.3451,0.0267,490
5.2015,27.388,11.638,12.292,4.5057,-0.015954,0.0061847,0.3515,0.03,436.38
5.2416,27.887,11.763,12.284,4.4134,-0.0207,0.0080246,0.3451,0.0246,530.62
5.2815,28.38,11.952,12.281,4.4755,-0.016745,0.0064908,0.3496,0.0275,475.31
5.3217,28.949,11.923,12.298,4.4236,-0.015954,0.0061847,0.3454,0.0243,537.85
5.3616,29.425,12.042,12.269,4.3676,-0.020172,0.0078205,0.3422,0.0201,647.93
5.4017,30.017,12.15,12.281,4.3431,-0.01714,0.0066445,0.34,0.018,723.68
5.4416,30.518,12.34,12.284,4.356,-0.015954,0.0061847,0.3409,0.0188,693.27
5.4817,31.019,12.496,12.288,4.3722,-0.013449,0.0052138,0.3419,0.0193,675.78
5.5216,31.581,12.597,12.352,4.203,-0.013714,0.0053156,0.328,0.0124,1052.2
5.5617,32.056,12.799,12.324,4.2875,-0.012922,0.0050087,0.3349,0.016,815.52
5.6017,32.619,12.968,12.316,4.3264,-0.012922,0.0050087,0.3379,0.018,725.2
5.6418,33.159,13.118,12.32,4.271,-0.014372,0.0055715,0.3338,0.0151,863.52
5.6817,33.67,13.319,12.288,4.3431,-0.016745,0.0064918,0.3399,0.0185,704.47
5.7217,34.173,13.531,12.258,4.4484,-0.01635,0.0063381,0.3482,0.0237,550.24
5.7616,34.653,13.7,12.209,4.5337,-0.021887,0.0084851,0.3557,0.0278,468.48
5.8018,35.198,13.82,12.254,4.3532,-0.016218,0.0062868,0.3414,0.0153,849.95
5.8418,35.686,14.008,12.246,4.3685,-0.015822,0.0061331,0.3428,0.0159,817.73
5.8818,36.166,14.181,12.257,4.3838,-0.011603,0.0044975,0.3436,0.016,813.59
5.9218,36.641,14.381,12.243,4.3862,-0.012658,0.0049067,0.3441,0.016,812.81
5.9618,37.161,14.578,12.22,4.3708,-0.016614,0.0064402,0.3436,0.0152,853.81
6.0018,37.582,14.739,12.202,4.3862,-0.020173,0.0078203,0.3452,0.0158,820.64
6.0418,38.066,14.948,12.167,4.4422,-0.024655,0.0095581,0.3502,0.0193,671.12
6.0819,38.551,15.161,12.158,4.4756,-0.022809,0.0088429,0.3529,0.021,616.92
6.122,39.036,15.349,12.169,4.5411,-0.015822,0.0061331,0.3573,0.0227,572.17
6.1618,39.544,15.614,12.188,4.6217,-0.014108,0.0054695,0.3626,0.0265,491.87
6.2019,40.031,15.798,12.174,4.6282,-0.015163,0.0058776,0.3634,0.0265,491.48
6.2418,40.514,15.983,12.166,4.6542,-0.014504,0.0056229,0.3655,0.0275,473.66
6.2825,41,16.184,12.151,4.6853,-0.015954,0.0061847,0.3681,0.0289,450.63
6.3218,41.508,16.41,12.161,4.7402,-0.012789,0.0049583,0.3717,0.0309,422.41
6.362,42.012,16.598,12.144,4.7543,-0.014635,0.0056736,0.3732,0.0314,415.33
6.4019,42.495,16.778,12.126,4.7485,-0.016218,0.0062868,0.3733,0.0305,426.98
6.4419,42.979,16.959,12.109,4.7354,-0.017668,0.0068496,0.3729,0.0292,445.29
6.4821,43.449,17.149,12.102,4.7308,-0.0178,0.0069,0.3728,0.0284,457.52
6.522,43.923,17.344,12.112,4.7806,-0.015031,0.005827,0.376,0.0305,426.93
6.5619,44.373,17.537,12.117,4.8046,-0.013186,0.0051117,0.3776,0.0312,417.79
6.602,44.839,17.72,12.103,4.7963,-0.013844,0.0053674,0.3774,0.0303,429.66
6.642,45.307,17.897,12.101,4.7895,-0.012658,0.0049067,0.377,0.0291,447.24
6.6827,45.809,18.105,12.163,4.8665,-0.005934,0.0023002,0.3806,0.0315,415.88
6.7221,46.303,18.246,12.182,4.8041,-0.0029008,0.0011244,0.3756,0.0253,517.59
6.7621,46.776,18.417,12.142,4.7747,-0.0056703,0.0021981,0.3746,0.0236,552.84
6.8019,47.243,18.473,12.097,4.5494,-0.0084396,0.0032709,0.3596,0.0082,1576.1
6.842,47.681,18.551,12.041,4.4024,-0.011736,0.0045487,0.3504,-0.0013,-9862.1
6.8822,48.109,18.659,11.951,4.3076,-0.023079,0.0089425,0.3458,-0.0057,-2228.6
6.9222,48.587,18.831,11.972,4.3101,-0.020045,0.0077679,0.3454,-0.006,-2120.6
6.9621,48.961,18.904,11.754,4.1555,-0.04535,0.017587,0.3402,-0.0108,-1154.3
7.0024,49.489,19.077,11.848,4.1786,-0.033355,0.012932,0.3393,-0.0109,-1152.6
7.042,49.97,19.236,11.876,4.1821,-0.025841,0.010018,0.3388,-0.0111,-1134.3
7.0821,50.419,19.4,11.808,4.1674,-0.032563,0.012625,0.3396,-0.0099,-1264.8
7.1221,50.931,19.599,11.918,4.2743,-0.0089662,0.0034762,0.3444,-0.0047,-2693.9
7.1623,51.411,19.784,11.907,4.3111,-0.0073838,0.002862,0.3475,-0.0015,-8442
7.2022,51.881,19.964,11.882,4.3303,-0.0088347,0.0034245,0.3495,0.0007,18067
7.2422,52.356,20.144,11.885,4.382,-0.0043518,0.0016869,0.3533,0.0044,2878.9
7.2823,52.814,20.321,11.864,4.3878,-0.0052742,0.0020447,0.3543,0.0052,2432.5
7.3223,53.197,20.468,11.604,4.3043,-0.036517,0.014159,0.3555,0.0063,1964.5
7.3621,53.62,20.614,11.463,4.24,-0.052068,0.020191,0.3547,0.0051,2396.5
7.4022,53.948,20.753,11.157,4.1747,-0.078624,0.030438,0.3573,0.0058,2053.8
7.4422,54.289,20.892,10.858,4.0832,-0.10622,0.041096,0.3586,0.0053,2188.8
7.4825,54.636,21.056,10.586,3.9986,-0.12893,0.049858,0.3598,0.0056,2020.8
7.5223,55.052,21.22,10.502,3.9728,-0.13026,0.050366,0.3603,0.0057,1969.9
7.5623,55.463,21.391,10.456,3.968,-0.12365,0.047817,0.3614,0.0064,1747.4
7.6023,55.868,21.563,10.361,3.9484,-0.12418,0.04802,0.3627,0.0068,1630.5
7.6423,56.273,21.725,10.321,3.9388,-0.1185,0.045828,0.3633,0.0066,1673.8
7.6827,56.715,21.894,10.352,3.9373,-0.10965,0.042414,0.3622,0.0047,2356.5
7.7224,57.127,22.07,10.346,3.952,-0.09896,0.038285,0.3638,0.0051,2171.6
7.7623,57.549,22.235,10.338,3.951,-0.092226,0.035685,0.364,0.0047,2354.7
7.8024,57.964,22.418,10.316,3.9659,-0.084437,0.032676,0.3661,0.0058,1905.6
7.8423,58.386,22.591,10.315,3.9752,-0.076782,0.029717,0.367,0.0061,1812.3
7.8824,58.789,22.767,10.264,3.9858,-0.0727,0.02816,0.3696,0.0079,1393.7
7.9224,59.205,22.947,10.261,4.0061,-0.063452,0.024564,0.3715,0.009,1223.9
7.9624,59.6,23.143,10.21,4.0344,-0.056985,0.022063,0.3757,0.0116,946.43
8.0025,60.02,23.3,10.21,4.0295,-0.053426,0.020692,0.3753,0.0111,988.84
8.0424,60.428,23.479,10.176,4.0376,-0.049992,0.019358,0.3772,0.012,912.29
8.0824,60.832,23.651,10.153,4.0399,-0.047221,0.018287,0.3782,0.0124,881.22
8.1225,61.224,23.825,10.104,4.0433,-0.045111,0.01747,0.3801,0.0136,800.2
8.1624,61.625,23.987,10.076,4.041,-0.042999,0.016653,0.3809,0.0143,759.15
8.2025,62.019,24.154,10.024,4.0337,-0.042868,0.016601,0.3821,0.0148,730.06
8.2424,62.364,24.387,9.9097,4.088,-0.034556,0.013385,0.3908,0.0203,528.07
8.2829,62.73,24.585,9.8405,4.082,-0.032973,0.012772,0.3928,0.0211,504.91
8.3224,63.099,24.797,9.7572,4.109,-0.026246,0.010169,0.3983,0.024,441.13
8.3626,63.483,24.962,9.6905,4.0936,-0.025586,0.0099117,0.3994,0.0242,434.7
8.4026,63.858,25.121,9.6115,4.064,-0.026642,0.01032,0.3997,0.0235,444.06
8.4425,64.235,25.29,9.5396,4.0465,-0.025586,0.0099117,0.4009,0.0233,444.74
8.4826,64.618,25.428,9.4752,4.0067,-0.02862,0.011086,0.3997,0.0221,465.5
8.5226,64.992,25.588,9.3963,3.9835,-0.028092,0.010881,0.4006,0.022,463.9
8.5626,65.335,25.743,9.3002,3.9634,-0.025324,0.0098114,0.4025,0.0226,447.32
8.6026,65.694,25.909,9.2162,3.9506,-0.021761,0.0084301,0.4047,0.0237,423.09
******-------------------------------------------------------------------------------------------------------------------****** 
TargetID: ID11
Relevancy: 1
tj = 19.5659
Label: 0
Comment: Target is relevant and going straight, since target is crossing Ego X-axis in EFC
DATA:
14.444,-0,0,NaN,NaN,NaN,NaN,0,NaN,NaN
14.484,0.63647,-0.0035201,NaN,NaN,NaN,NaN,0.0001,NaN,NaN
14.524,1.166,-0.47179,NaN,NaN,NaN,NaN,-0.0762,NaN,NaN
14.564,1.7868,-0.51909,NaN,NaN,NaN,NaN,-0.0762,NaN,NaN
14.604,2.4081,-0.56467,NaN,NaN,NaN,NaN,-0.0762,NaN,NaN
14.644,3.0295,-0.61007,NaN,NaN,NaN,NaN,-0.0762,NaN,NaN
14.685,3.6505,-0.65647,NaN,NaN,NaN,NaN,-0.0763,NaN,NaN
14.724,4.2693,-0.70764,NaN,NaN,NaN,NaN,-0.0762,NaN,NaN
14.764,3.9688,-2.9567,NaN,NaN,NaN,NaN,-0.3479,NaN,NaN
14.804,4.5269,-3.1572,NaN,NaN,NaN,NaN,-0.3479,NaN,NaN
14.844,5.0842,-3.3587,NaN,NaN,NaN,NaN,-0.348,NaN,NaN
14.884,5.6425,-3.5572,NaN,NaN,NaN,NaN,-0.348,NaN,NaN
14.925,6.1995,-3.7591,NaN,NaN,NaN,NaN,-0.348,NaN,NaN
14.964,6.7576,-3.9588,NaN,NaN,NaN,NaN,-0.348,NaN,NaN
15.005,7.314,-4.1631,NaN,NaN,NaN,NaN,-0.348,NaN,NaN
15.044,7.8704,-4.367,NaN,NaN,NaN,NaN,-0.348,NaN,NaN
15.085,8.427,-4.5705,NaN,NaN,NaN,NaN,-0.348,NaN,NaN
15.124,8.9823,-4.7765,NaN,NaN,NaN,NaN,-0.3479,NaN,NaN
15.165,9.7725,-4.1242,14.124,-4.7161,-0,0,-0.3223,0,Inf
15.205,10.338,-4.3115,14.124,-4.7164,-0,0,-0.3223,0,Inf
15.245,10.844,-4.6768,13.986,-4.8938,-0.028289,0.045525,-0.3366,0.0022,6735.2
15.285,11.403,-4.8725,13.975,-4.8887,-0.028737,0.046246,-0.3365,0.0022,6729.9
15.325,11.795,-5.4694,13.744,-5.2878,-0.048071,0.077357,-0.3673,-0.002,-7362.9
15.365,12.344,-5.6818,13.727,-5.2822,-0.048891,0.078678,-0.3674,-0.002,-7353.9
15.405,12.947,-5.7604,13.738,-5.1251,-0.045231,0.072793,-0.357,0.0014,10473
15.445,13.496,-5.9668,13.717,-5.116,-0.04553,0.073273,-0.357,0.0014,10457
15.485,14.044,-6.1705,13.696,-5.1077,-0.045753,0.073633,-0.3569,0.0014,10441
15.525,14.592,-6.3749,13.676,-5.0989,-0.045978,0.073994,-0.3569,0.0014,10425
15.565,15.138,-6.5795,13.655,-5.0902,-0.046276,0.074474,-0.3568,0.0014,10409
15.605,15.684,-6.7817,13.634,-5.0818,-0.0465,0.074834,-0.3568,0.0014,10393
15.645,16.214,-7.1165,13.597,-5.2905,-0.049411,0.079518,-0.371,-0.0108,-1350.9
15.685,16.757,-7.3296,13.578,-5.2893,-0.049934,0.080359,-0.3715,-0.0108,-1349.2
15.725,17.449,-7.1704,13.763,-4.6979,-0.037021,0.05958,-0.3289,0.031,469.11
15.765,18,-7.358,13.75,-4.6744,-0.036798,0.059219,-0.3277,0.031,468.47
15.805,18.497,-7.7733,13.604,-5.0945,-0.056875,0.091529,-0.3583,-0.0011,-13206
15.845,19.042,-7.9754,13.586,-5.0888,-0.057621,0.09273,-0.3584,-0.0011,-13189
15.885,19.584,-8.1795,13.568,-5.0826,-0.058368,0.093931,-0.3584,-0.0011,-13172
15.925,20.127,-8.3813,13.55,-5.0768,-0.059189,0.095253,-0.3585,-0.0011,-13154
15.965,20.668,-8.5861,13.532,-5.0703,-0.05986,0.096334,-0.3585,-0.0011,-13137
16.005,21.209,-8.7899,13.514,-5.064,-0.060607,0.097535,-0.3585,-0.0011,-13120
16.045,21.765,-8.954,13.538,-4.9838,-0.049712,0.080001,-0.3528,0.0045,3205.7
16.085,22.307,-9.1508,13.521,-4.9758,-0.050011,0.080481,-0.3526,0.0045,3201.7
16.125,22.92,-9.1901,13.642,-4.6719,-0.038218,0.061502,-0.33,0.0255,565.49
16.165,23.44,-9.4533,13.582,-4.8204,-0.042768,0.068828,-0.341,0.0143,1007.9
16.205,23.906,-9.7482,13.474,-4.9925,-0.046877,0.075434,-0.3549,-0.0001,-1.4369e+05
16.245,24.444,-9.9494,13.459,-4.9865,-0.047249,0.076035,-0.3548,-0.0001,-1.4353e+05
16.285,25.017,-10.058,13.532,-4.7882,-0.037544,0.06042,-0.3401,0.0128,1121.4
16.325,25.544,-10.258,13.508,-4.7939,-0.03762,0.06054,-0.341,0.0111,1291.3
16.365,25.972,-10.764,13.234,-5.4323,-0.052024,0.083722,-0.3895,-0.0306,-467.49
16.405,26.695,-10.574,13.555,-4.6326,-0.029184,0.046967,-0.3293,0.0224,639.49
16.445,27.296,-10.66,13.623,-4.4217,-0.027542,0.044325,-0.3138,0.0353,405.73
16.485,27.756,-11.055,13.443,-4.8413,-0.040903,0.065825,-0.3457,0.0082,1742.4
16.525,28.391,-11.004,13.622,-4.3337,-0.027692,0.044565,-0.308,0.0382,374.2
16.565,28.895,-11.274,13.544,-4.4994,-0.033365,0.053693,-0.3207,0.0267,534.53
16.605,29.436,-11.456,13.535,-4.4798,-0.033365,0.053693,-0.3196,0.0267,533.98
16.645,29.985,-11.612,13.542,-4.4165,-0.032468,0.052252,-0.3152,0.0292,487.82
16.685,30.505,-11.853,13.489,-4.5211,-0.034933,0.056216,-0.3234,0.0222,640.85
16.725,30.992,-12.184,13.366,-4.7937,-0.041126,0.066185,-0.3443,0.0062,2290.3
16.765,31.526,-12.375,13.353,-4.7853,-0.041351,0.066545,-0.3441,0.0062,2287.8
16.805,32.136,-12.443,13.453,-4.5616,-0.031423,0.050571,-0.3269,0.0191,743.75
16.846,32.691,-12.564,13.472,-4.4243,-0.030528,0.049129,-0.3173,0.0253,560.46
16.885,33.187,-12.856,13.372,-4.6165,-0.036798,0.059218,-0.3324,0.0143,989.23
16.925,33.727,-13.014,13.362,-4.5523,-0.037096,0.059699,-0.3283,0.0166,850.38
16.965,34.28,-13.175,13.359,-4.5135,-0.036573,0.058858,-0.3258,0.0183,770.53
17.005,34.789,-13.428,13.279,-4.6285,-0.042619,0.068587,-0.3354,0.0118,1191.7
17.045,35.321,-13.625,13.234,-4.6481,-0.0465,0.074833,-0.3377,0.0104,1348.7
17.085,35.861,-13.797,13.204,-4.6152,-0.049561,0.079758,-0.3362,0.0115,1216.3
17.125,36.369,-14.043,13.123,-4.7094,-0.056875,0.091529,-0.3445,0.0062,2248.8
17.165,36.893,-14.224,13.084,-4.6843,-0.060084,0.096696,-0.3438,0.0067,2074.2
17.205,37.436,-14.365,13.067,-4.5976,-0.061427,0.098859,-0.3383,0.0102,1358.1
17.245,36.232,-13.26,13.028,-4.5719,-0.063019,0.10146,-0.3366,0.0112,1232.8
17.285,36.75,-13.425,12.987,-4.5161,-0.065775,0.1059,-0.3338,0.0127,1082.6
17.325,37.251,-13.63,12.919,-4.5403,-0.07247,0.11673,-0.337,0.0104,1316.7
17.365,37.773,-13.806,12.862,-4.5217,-0.07665,0.12342,-0.337,0.0105,1298.4
17.405,38.309,-13.946,12.846,-4.4378,-0.075234,0.12114,-0.3316,0.0139,977.78
17.445,38.839,-14.097,12.816,-4.3794,-0.075754,0.12198,-0.3282,0.0159,851.78
17.485,39.32,-14.316,12.727,-4.4246,-0.082755,0.13326,-0.3334,0.0122,1104.4
17.525,39.826,-14.493,12.673,-4.4084,-0.085211,0.13722,-0.3336,0.0119,1127.5
17.565,40.425,-14.431,12.582,-4.4924,-0.093559,0.15064,-0.3416,0.0074,1805.4
17.605,40.87,-14.698,12.447,-4.6117,-0.11043,0.17795,-0.3533,0.0004,33184
17.645,41.345,-14.903,12.37,-4.6161,-0.11563,0.18635,-0.3555,-0.0012,-11003
17.685,41.905,-14.978,12.398,-4.4529,-0.10383,0.16718,-0.3433,0.0066,1996
17.725,42.39,-15.151,12.345,-4.4142,-0.10427,0.1679,-0.3419,0.007,1872.9
17.765,42.887,-15.31,12.303,-4.3656,-0.10345,0.16658,-0.3394,0.0082,1592
17.805,43.346,-15.504,12.228,-4.3575,-0.10848,0.17482,-0.3407,0.0068,1909
17.845,43.84,-15.678,12.185,-4.3205,-0.1062,0.17101,-0.3391,0.0078,1657.5
17.885,44.346,-15.804,12.174,-4.2287,-0.099501,0.16022,-0.3328,0.0112,1150.7
17.925,44.839,-15.978,12.126,-4.2259,-0.10017,0.1613,-0.3338,0.0106,1211.4
17.965,45.322,-16.147,12.087,-4.1951,-0.098307,0.1583,-0.3325,0.0111,1152.6
18.005,45.826,-16.27,12.069,-4.1131,-0.093392,0.15038,-0.327,0.0141,904.29
18.045,46.333,-16.384,12.062,-4.0204,-0.086392,0.13911,-0.3203,0.0176,722.43
18.085,46.849,-16.502,12.057,-3.9492,-0.080657,0.12987,-0.3152,0.0205,618.9
18.125,47.309,-16.655,12.001,-3.8934,-0.081082,0.13065,-0.3124,0.021,600.8
18.165,47.804,-16.786,11.969,-3.8372,-0.077228,0.12435,-0.3089,0.0226,556.16
18.206,48.279,-16.967,11.903,-3.8642,-0.0811,0.13059,-0.3125,0.0204,613.46
18.245,48.773,-17.086,11.888,-3.7852,-0.07544,0.12147,-0.307,0.0233,535.44
18.285,49.212,-17.343,11.772,-3.9256,-0.087948,0.14162,-0.3204,0.0155,800.59
18.326,49.31,-17.444,11.821,-3.7183,-0.070429,0.11344,-0.3033,0.0249,497.69
18.366,50.192,-17.735,11.78,-3.7109,-0.070151,0.11296,-0.304,0.0241,512.49
18.406,50.688,-17.954,11.726,-3.7339,-0.072238,0.11632,-0.3071,0.0221,556.84
18.446,51.121,-18.084,11.69,-3.6903,-0.070298,0.1132,-0.3046,0.0231,530.69
18.485,51.688,-18.309,11.641,-3.6766,-0.070378,0.11332,-0.3048,0.0225,542.56
18.526,52.169,-18.393,11.635,-3.555,-0.061885,0.099645,-0.2955,0.0267,455.64
18.566,52.632,-18.578,11.585,-3.5725,-0.0633,0.10193,-0.2981,0.0248,488.84
18.606,53.11,-18.72,11.564,-3.5624,-0.062025,0.099916,-0.2978,0.0247,489.88
18.646,53.547,-18.906,11.481,-3.6246,-0.068216,0.10984,-0.3047,0.0207,581.61
18.686,54,-19.03,11.449,-3.5832,-0.065683,0.10576,-0.3022,0.0218,550.32
18.726,54.455,-19.18,11.405,-3.5993,-0.066725,0.10744,-0.3045,0.0203,589.14
18.766,54.914,-19.34,11.352,-3.6246,-0.068438,0.1102,-0.3079,0.0181,658.37
18.806,55.333,-19.501,11.318,-3.6223,-0.06784,0.10924,-0.3086,0.0176,675.2
18.846,55.77,-19.654,11.281,-3.6445,-0.067617,0.10888,-0.3113,0.0158,750.32
18.886,56.217,-19.792,11.244,-3.5741,-0.067095,0.10804,-0.3065,0.0184,641.24
18.926,56.671,-19.938,11.224,-3.5563,-0.064264,0.10348,-0.3057,0.0187,629.63
18.966,57.152,-20.01,11.276,-3.4436,-0.052568,0.084641,-0.2954,0.0242,487.21
19.006,57.619,-20.162,11.256,-3.4304,-0.050036,0.08056,-0.2949,0.0242,486.24
19.046,58.082,-20.284,11.196,-3.4057,-0.052717,0.084879,-0.2943,0.0238,491.72
19.086,58.521,-20.415,11.187,-3.366,-0.048769,0.07852,-0.2914,0.0247,472.98
19.126,58.956,-20.418,11.18,-3.2351,-0.04288,0.069038,-0.2808,0.0297,391.89
19.166,59.463,-20.426,11.22,-3.0929,-0.033416,0.053795,-0.2683,0.0364,319.74
19.206,59.898,-20.596,11.211,-3.1666,-0.032297,0.051994,-0.2747,0.0304,383.21
19.246,60.837,-20.851,12.094,-2.1855,0.031,-0.049865,-0.1794,0.0125,983.16
19.286,60.67,-21.634,10.861,-3.9214,-0.089876,0.14474,-0.3448,0.0185,624.19
19.326,58.837,-21.162,1.6269,-11.875,-0.72746,1.1704,-1.443,0.009,1331.8
19.366,58.587,-22.041,1.1469,-10.889,-0.79299,1.2871,-1.4547,-0.0032,-3421.8
19.406,58.484,-22.599,0.94977,-10.973,-0.8436,1.3709,-1.4723,-0.0165,-667.5
19.446,60.071,-21.357,1.3778,-10.94,-0.84796,1.3639,-1.4574,-0.0165,-668.3
19.486,63.178,-21.759,11.609,-2.8389,-0.0088802,0.014293,-0.2397,0.0015,7967.6
19.526,63.556,-21.569,11.543,-3.1136,-0.045041,0.072518,-0.2626,0.006,1992.7
19.566,64.081,-21.722,11.513,-3.0209,-0.043401,0.069878,-0.2558,0.0255,466.76
19.606,64.524,-21.853,11.446,-3.0805,-0.070655,0.11379,-0.2616,0.0053,2236.4
19.646,64.975,-22.011,11.344,-3.1436,-0.08256,0.13298,-0.2687,-0.0123,-957.04
19.686,65.438,-22.141,11.3,-3.1079,-0.089027,0.14341,-0.2667,-0.0026,-4507.5
19.726,65.894,-22.271,11.298,-3.0424,-0.084859,0.13669,-0.2614,0.0113,1035.4
19.766,66.387,-22.384,11.408,-2.8349,-0.064469,0.10383,-0.2423,0.059,199.23
19.806,66.84,-22.483,11.519,-2.687,-0.048609,0.078277,-0.2282,0.0857,138.02
19.846,67.331,-22.623,11.472,-2.7223,-0.037287,0.060035,-0.2322,0.0668,176.51
19.886,67.836,-22.732,11.706,-2.5251,-0.026555,0.04275,-0.2119,0.1088,110.07
19.926,68.321,-22.841,11.666,-2.5643,-0.018503,0.029784,-0.216,0.0894,133.61
19.966,68.788,-22.957,11.64,-2.5506,-0.012983,0.020898,-0.2154,0.0836,142.54
20.006,69.302,-23.128,11.675,-2.7011,-0.015906,0.025584,-0.2277,0.0452,265.12
20.046,69.794,-23.276,11.767,-2.7784,-0.014636,0.023543,-0.2322,0.0285,424.25
20.086,70.232,-23.456,11.647,-2.9358,-0.016279,0.026185,-0.2473,-0.0074,-1623.1
20.126,70.654,-23.632,11.579,-3.0578,-0.018222,0.029308,-0.2585,-0.0324,-369.62
20.166,71.083,-23.781,11.505,-3.1208,-0.020239,0.032551,-0.2653,-0.0439,-271.55
20.206,71.53,-23.92,11.499,-3.1358,-0.017922,0.028827,-0.2666,-0.043,-277.18
20.246,71.904,-24.083,11.351,-3.1829,-0.020389,0.032791,-0.2738,-0.0532,-221.6
20.286,72.296,-24.218,11.254,-3.184,-0.021958,0.035314,-0.2762,-0.0536,-218.2
20.326,72.691,-24.352,11.135,-3.192,-0.026518,0.04264,-0.2797,-0.0562,-206.11
20.366,73.117,-24.474,11.091,-3.1822,-0.027564,0.044322,-0.28,-0.0531,-217.3
20.406,73.636,-24.6,11.212,-3.247,-0.018578,0.029904,-0.2815,-0.0527,-221.48
20.446,74.123,-24.734,11.321,-3.2571,-0.0094032,0.015134,-0.28,-0.0466,-252.79
20.486,74.513,-24.853,11.12,-3.2434,-0.020741,0.033386,-0.2834,-0.0486,-238.34
20.526,74.918,-24.965,10.994,-3.1769,-0.025587,0.041189,-0.2808,-0.0418,-273.78
20.566,75.33,-25.079,10.886,-3.1333,-0.02991,0.048152,-0.2796,-0.0377,-300.48
20.606,75.71,-25.183,10.726,-3.0406,-0.034306,0.055232,-0.2754,-0.0297,-375.38
20.646,76.12,-25.298,10.631,-3.0196,-0.03736,0.060153,-0.2759,-0.0289,-382.4
20.686,76.513,-25.418,10.507,-3.0064,-0.042574,0.068552,-0.2777,-0.0301,-363.06
20.726,76.903,-25.529,10.418,-2.9692,-0.045598,0.073266,-0.2787,-0.0308,-351.71
20.766,77.297,-25.641,10.323,-2.9459,-0.04822,0.077469,-0.2791,-0.0306,-350.82
20.806,77.667,-25.751,10.17,-2.9328,-0.057735,0.092721,-0.2822,-0.0344,-307.69
20.846,78.044,-25.847,10.048,-2.8919,-0.061185,0.098244,-0.2818,-0.033,-316.84
20.886,78.477,-25.968,10.079,-2.9149,-0.056463,0.090678,-0.2829,-0.0321,-326.87
20.926,78.851,-26.067,9.9479,-2.8716,-0.061113,0.098123,-0.2826,-0.0308,-336.17
20.966,79.25,-26.377,9.7249,-3.0694,-0.10457,0.16766,-0.3084,-0.0536,-190.26
21.006,79.627,-26.481,9.648,-3.0402,-0.10473,0.16789,-0.308,-0.0511,-197.96
21.046,80.019,-26.605,9.5894,-3.0416,-0.10601,0.16994,-0.3099,-0.051,-197.26
21.086,80.389,-26.684,9.454,-2.972,-0.11181,0.17918,-0.3076,-0.0476,-208.2
21.126,80.785,-26.797,9.3912,-2.9682,-0.11415,0.1829,-0.3093,-0.0478,-206.05
21.166,81.167,-26.881,9.2992,-2.9167,-0.11514,0.18446,-0.3072,-0.0447,-218.03
21.206,81.529,-26.978,9.1833,-2.8736,-0.11914,0.19082,-0.3067,-0.0428,-224.82
21.247,81.881,-27.062,9.0645,-2.8157,-0.12052,0.19298,-0.3047,-0.0397,-239.09
21.286,82.238,-27.187,8.962,-2.8088,-0.12671,0.20283,-0.3075,-0.0408,-230.19
21.326,82.584,-27.268,8.8316,-2.748,-0.12944,0.20715,-0.3057,-0.038,-243.4
21.366,82.942,-27.384,8.7447,-2.7395,-0.13315,0.21303,-0.3078,-0.0386,-237.4
21.406,83.284,-27.456,8.6175,-2.6747,-0.13454,0.21518,-0.3053,-0.0355,-254.17
21.446,83.652,-27.715,8.5683,-2.8284,-0.16233,0.26002,-0.324,-0.049,-184.14
21.486,84.002,-27.858,8.4906,-2.847,-0.16868,0.27014,-0.329,-0.0514,-174.23
21.526,84.323,-27.994,8.3823,-2.8451,-0.17648,0.28256,-0.333,-0.0528,-167.65
21.567,84.723,-28.05,8.359,-2.7822,-0.16026,0.25666,-0.3267,-0.0451,-195.34
21.606,85.103,-28.051,8.2304,-2.6469,-0.15379,0.24568,-0.3165,-0.0359,-240.82
******-------------------------------------------------------------------------------------------------------------------****** 
TargetID: ID03
Relevancy: 1
tj = 15.7647
Label: 0
Comment: Target is relevant and going straight, since target is crossing Ego X-axis in EFC
DATA:
12.524,-0,0,NaN,NaN,NaN,NaN,0,NaN,NaN
12.564,0.59598,-4.8779e-05,NaN,NaN,NaN,NaN,0,NaN,NaN
12.604,0.87741,1.0419,NaN,NaN,NaN,NaN,0.2058,NaN,NaN
12.644,1.4436,1.1597,NaN,NaN,NaN,NaN,0.2058,NaN,NaN
12.684,1.839,1.5794,NaN,NaN,NaN,NaN,0.2668,NaN,NaN
12.724,2.3942,1.7327,NaN,NaN,NaN,NaN,0.2667,NaN,NaN
12.764,2.9502,1.8818,NaN,NaN,NaN,NaN,0.2668,NaN,NaN
12.804,3.2498,2.2276,13.993,3.2984,-0,0,0.2315,0,Inf
12.844,3.7523,2.5877,13.875,3.7604,0.0011737,-0.00049283,0.2647,0.0003,47917
12.884,4.2633,2.924,13.752,4.1251,-0.051756,0.021761,0.2914,0.0019,7556.7
12.924,4.8269,3.0367,13.794,4.0252,-0.081742,0.034366,0.2839,0.0002,71849
12.964,5.2437,3.6157,13.585,4.8293,-0.070009,0.029433,0.3415,0.0102,1413.5
13.004,5.8041,3.681,13.635,4.6159,-0.09843,0.041381,0.3264,0.0055,2617.3
13.044,6.4575,3.4005,13.786,3.7257,-0.13845,0.058208,0.264,-0.0208,-686.59
13.084,7.0649,3.2901,13.837,3.2305,-0.1348,0.056673,0.2294,-0.0382,-371.97
13.124,7.5947,3.5738,13.811,3.5337,-0.064662,0.027187,0.2505,-0.0206,-692.02
13.164,8.1474,3.7136,13.805,3.5206,-0.066227,0.027844,0.2497,-0.0206,-691.6
13.204,8.7028,3.8663,13.799,3.526,-0.053059,0.022308,0.2502,-0.0189,-753.55
13.244,8.885,3.0774,13.755,3.7487,-0.040021,0.016831,0.2662,-0.0066,-2160.2
13.284,9.4036,3.3317,13.652,3.994,-0.04693,0.019737,0.2847,0.0136,1045.9
13.324,9.9429,3.4205,13.657,3.8529,-0.062442,0.026264,0.2751,0.0026,5457.7
13.364,10.498,3.466,13.704,3.5953,-0.073783,0.031036,0.2567,-0.019,-745.68
13.404,11.027,3.5521,13.698,3.4733,-0.079518,0.03345,0.2485,-0.0296,-477.4
13.444,11.568,3.6042,13.725,3.255,-0.083559,0.035151,0.233,-0.048,-293.87
13.484,12.136,3.8342,13.696,3.478,-0.062312,0.026209,0.2488,-0.0247,-572.09
13.524,12.556,4.2861,13.442,4.4009,-0.028679,0.012057,0.3165,0.061,231.87
13.564,13.089,4.563,13.37,4.643,-0.031809,0.013377,0.3343,0.0782,180.99
13.604,13.642,4.6514,13.44,4.4212,-0.043672,0.018367,0.3179,0.0559,253.11
13.644,14.186,4.8648,13.412,4.5125,-0.044584,0.018752,0.3247,0.0618,228.97
13.684,14.719,5.0367,13.391,4.5268,-0.047713,0.020068,0.3261,0.0606,233.26
13.724,15.247,5.2153,13.358,4.5516,-0.04771,0.020062,0.3285,0.0604,233.64
13.764,15.777,5.4818,13.303,4.7677,-0.03989,0.016773,0.3442,0.0755,187.17
13.804,16.304,5.5978,13.31,4.6401,-0.047452,0.019958,0.3356,0.0628,224.45
13.844,16.842,5.7162,13.33,4.5006,-0.053187,0.022372,0.3257,0.05,281.39
13.884,17.362,5.7928,13.338,4.2998,-0.062312,0.026211,0.312,0.0327,428.57
13.924,17.886,6.0606,13.29,4.5452,-0.04393,0.018473,0.3297,0.0496,283.17
13.964,18.421,6.1562,13.314,4.3633,-0.051754,0.021768,0.3168,0.035,400.3
14.004,18.938,6.4549,13.24,4.6597,-0.036892,0.015512,0.3385,0.0553,253.82
14.044,19.438,6.7419,13.15,4.9381,-0.028027,0.011785,0.3593,0.0729,192.68
14.084,19.949,6.9479,13.108,5.0073,-0.026594,0.011182,0.365,0.0749,187.34
14.124,20.481,7.1379,13.102,5.0022,-0.026724,0.011237,0.3648,0.0721,194.52
14.164,21.033,7.2966,13.134,4.9008,-0.02868,0.012059,0.3572,0.0634,221.11
14.204,21.535,7.5355,13.071,5.0542,-0.024247,0.010195,0.369,0.071,197.38
14.244,22.064,7.7513,13.058,5.101,-0.022683,0.0095374,0.3725,0.0719,194.98
14.284,22.589,7.868,13.062,4.9569,-0.026072,0.010963,0.3628,0.0604,231.31
14.324,23.115,8.0931,13.042,5.0253,-0.023074,0.0097019,0.3678,0.0631,221.5
14.364,23.614,8.3968,12.967,5.2821,-0.016817,0.0070706,0.3869,0.0768,182.31
14.404,24.142,8.6481,12.95,5.369,-0.015513,0.0065225,0.3931,0.0801,175.02
14.444,24.68,8.8222,12.961,5.2978,-0.016556,0.0069612,0.3881,0.074,189.22
14.484,25.202,9.0401,12.945,5.3072,-0.014992,0.0063026,0.3891,0.0724,193.24
14.524,25.74,9.1275,12.97,5.0842,-0.019554,0.0082222,0.3736,0.058,240.19
14.564,26.273,9.1632,12.985,4.789,-0.028549,0.012004,0.3534,0.0402,344.28
14.604,26.609,9.3128,12.954,4.8335,-0.024508,0.010303,0.3572,0.0418,330.78
14.644,27.105,9.5689,12.908,4.995,-0.017207,0.0072344,0.3693,0.0496,279.05
14.685,27.644,9.6348,12.931,4.757,-0.025551,0.010743,0.3526,0.0361,381.66
14.724,28.204,9.7152,12.921,4.6777,-0.027635,0.011619,0.3475,0.0309,444.7
14.764,28.704,9.9814,12.88,4.8383,-0.020076,0.0084411,0.3594,0.0382,360.17
14.804,29.18,10.233,12.81,4.9817,-0.014079,0.0059192,0.3709,0.0445,308.87
14.844,29.707,10.334,12.821,4.8232,-0.020466,0.0086058,0.3599,0.0355,385.86
14.884,30.148,10.798,12.73,5.2348,-0.0048238,0.0020278,0.3901,0.0557,247.11
14.925,30.659,11.008,12.701,5.2814,-0.0035202,0.0014797,0.3941,0.0567,242.61
14.964,31.17,11.237,12.686,5.2999,-0.0033895,0.0014256,0.3957,0.0563,244.21
15.005,31.692,11.411,12.7,5.1941,-0.0066488,0.0027949,0.3883,0.0492,278.88
15.044,32.193,11.649,12.676,5.2839,-0.0045631,0.0019184,0.3949,0.0524,262.09
15.085,32.73,11.723,12.712,5.0677,-0.01095,0.004604,0.3794,0.0409,334.59
15.124,33.256,11.964,12.721,5.1274,-0.009386,0.0039465,0.3832,0.0429,319.71
15.165,33.525,12.076,12.696,5.1346,-0.0088644,0.0037266,0.3843,0.0428,319.99
15.205,33.924,12.201,12.689,5.069,-0.010168,0.0042748,0.3801,0.0387,353.08
15.245,34.712,12.465,12.658,5.1448,-0.0076917,0.0032336,0.3861,0.042,325.32
15.285,35.186,12.616,12.63,5.1573,-0.0071704,0.0030147,0.3877,0.0421,324.05
15.325,35.669,12.811,12.607,5.197,-0.007561,0.0031794,0.391,0.0425,320.86
15.365,36.179,13.143,12.593,5.0926,-0.0095169,0.0040016,0.3843,0.0363,374.22
15.405,36.67,13.339,12.537,5.101,-0.0087347,0.0036723,0.3865,0.0363,372.87
15.445,37.169,13.612,12.534,5.209,-0.0049538,0.0020832,0.3939,0.0401,338.48
15.485,37.665,13.829,12.493,5.2142,-0.0033895,0.0014256,0.3954,0.04,338.45
15.525,38.161,13.959,12.428,5.0411,-0.0089954,0.0037817,0.3854,0.0312,429.87
15.565,38.702,14.167,12.393,5.0484,-0.007561,0.0031794,0.3869,0.0316,423.46
15.605,38.586,14.043,12.327,4.7621,-0.022812,0.0095919,0.3688,0.0162,815.72
15.645,39.075,14.242,12.285,4.7615,-0.02242,0.0094274,0.3699,0.0167,788.94
15.685,39.574,14.494,12.302,4.8209,-0.018249,0.0076733,0.3736,0.0182,725.97
15.725,40.06,14.68,12.254,4.8076,-0.018771,0.0078922,0.374,0.0181,727.25
15.765,40.548,14.889,12.262,4.8226,-0.017467,0.007345,0.3748,0.0169,779.64
15.805,41.042,15.105,12.241,4.8636,-0.01473,0.0061934,0.3783,0.0193,682.48
15.845,41.535,15.322,12.214,4.9074,-0.011862,0.0049877,0.3821,0.0221,595.6
15.885,42.029,15.54,12.192,4.9606,-0.008474,0.0035628,0.3865,0.0251,524.41
15.925,42.495,15.674,12.114,4.8271,-0.01473,0.0061934,0.3793,0.0185,704.91
15.965,42.971,15.849,12.063,4.7912,-0.016164,0.0067969,0.3782,0.0171,759.06
16.005,43.467,15.912,11.989,4.6986,-0.021116,0.0088792,0.3737,0.0132,975.49
16.045,43.969,16.106,11.985,4.7203,-0.018119,0.0076192,0.3753,0.0144,894.53
16.085,44.468,16.293,11.983,4.73,-0.016816,0.0070708,0.3761,0.0147,876.4
16.125,44.916,16.457,11.965,4.699,-0.017467,0.007345,0.3744,0.013,988.78
16.165,45.428,16.65,11.947,4.6859,-0.016946,0.0071252,0.3739,0.0124,1035
16.205,45.898,16.798,11.9,4.6427,-0.019166,0.0080558,0.3718,0.0102,1252.3
16.245,46.385,16.93,11.835,4.5227,-0.027381,0.011507,0.3648,0.0035,3620
16.285,46.88,17.05,11.717,4.3869,-0.038857,0.016327,0.3579,-0.0028,-4468.3
16.325,47.078,16.956,11.987,3.8813,-0.086991,0.036531,0.3124,-0.0012,-10500
16.365,47.777,17.181,12.46,4.5259,-0.044835,0.018855,0.3487,0.0122,1086.6
16.405,48.323,17.367,12.493,4.5768,-0.041447,0.01743,0.3515,0.0144,923.94
16.445,48.718,17.381,12.005,4.2456,-0.102,0.04282,0.3391,0.0308,413.44
16.485,49.142,17.565,11.905,4.3057,-0.094301,0.039591,0.3462,0.0475,266.52
16.525,49.655,17.634,11.944,4.0202,-0.1326,0.055795,0.3258,-0.0216,-583.46
16.565,50.028,17.843,11.771,4.3607,-0.059685,0.025104,0.3553,0.0592,212.04
16.605,50.487,18.048,11.71,4.4484,-0.047569,0.020006,0.3635,0.0745,168.14
16.645,50.865,18.204,11.153,4.2977,-0.060853,0.025597,0.3684,0.082,145.76
16.685,52.254,18.984,7.2471,4.339,0.5001,-0.21591,0.5509,0.081,104.28
16.725,51.218,18.098,9.0126,3.7358,0.01656,-0.0069603,0.3927,0.0228,427.9
16.765,51.537,18.391,9.621,4.0385,0.029863,-0.012551,0.397,0.0845,123.48
16.805,51.993,18.582,9.7646,3.7283,-0.062537,0.02631,0.3655,-0.0338,-309.24
16.846,52.458,18.772,9.8087,3.723,-0.059474,0.024971,0.362,-0.0233,-450.28
16.885,52.948,18.938,9.9905,3.6758,-0.056995,0.023933,0.3519,-0.0358,-297.35
16.925,53.364,19.066,10.003,3.537,-0.087531,0.036733,0.3388,-0.0755,-140.53
16.965,53.764,19.118,9.8156,3.0856,-0.18393,0.077045,0.3023,-0.1953,-52.684
17.005,54.283,19.364,10.515,3.558,0.0046931,-0.0019737,0.3263,-0.0752,-147.62
17.045,54.712,19.531,10.559,3.4574,-0.001825,0.00076702,0.3164,-0.0947,-117.33
17.085,55.153,19.665,10.667,3.4201,0.012384,-0.0052075,0.3104,-0.1006,-111.35
17.125,55.562,19.802,10.53,3.3713,-0.022557,0.0094802,0.3096,-0.0923,-119.79
17.165,55.993,19.919,10.514,3.2392,-0.065471,0.027495,0.2982,-0.1129,-97.447
17.205,56.65,19.802,10.766,2.5807,-0.15475,0.064918,0.2338,-0.2136,-51.829
17.245,57.011,19.974,10.521,2.6648,-0.20937,0.087741,0.2459,-0.1746,-62.16
17.285,57.418,20.122,10.44,2.6553,-0.22192,0.092978,0.2468,-0.1604,-67.159
17.325,57.768,20.292,10.191,2.7154,-0.26444,0.11068,0.2575,-0.1318,-80.017
17.365,58.181,20.41,10.096,2.6585,-0.29885,0.12501,0.2542,-0.1253,-83.32
17.405,58.475,20.675,9.8186,2.8673,-0.26789,0.11205,0.2809,-0.0792,-129.15
17.445,58.949,20.668,9.9799,2.633,-0.28793,0.12065,0.2547,-0.1127,-91.583
17.485,59.371,20.721,10.015,2.5183,-0.28202,0.1182,0.2432,-0.1232,-83.822
17.525,59.771,20.806,9.9857,2.4543,-0.28124,0.11787,0.2379,-0.1241,-82.86
17.565,60.081,20.992,9.7888,2.5947,-0.25693,0.10768,0.2561,-0.0944,-107.28
17.605,60.386,21.2,9.5747,2.7458,-0.23119,0.096892,0.2764,-0.064,-155.64
17.645,60.721,21.358,9.3847,2.7899,-0.23234,0.097201,0.2859,-0.0477,-205.25
17.685,61.045,21.526,9.2021,2.8477,-0.22281,0.093202,0.2971,-0.0309,-311.74
17.725,61.337,21.731,8.9792,2.9491,-0.19418,0.081247,0.3145,-0.0085,-1111.9
17.765,61.74,21.771,9.0223,2.8238,-0.22516,0.094467,0.3001,-0.0241,-392.28
17.805,62.024,21.969,8.7913,2.9154,-0.19132,0.080037,0.3173,-0.0037,-2503.3
17.845,62.336,22.132,8.6375,2.9516,-0.17197,0.071961,0.3266,0.0064,1426.2
17.885,62.628,22.305,8.4605,3.0005,-0.14439,0.06045,0.3384,0.0186,482.62
******-------------------------------------------------------------------------------------------------------------------****** 
TargetID: ID04
Target can not be processed due to lack of Data
******-------------------------------------------------------------------------------------------------------------------****** 
TargetID: ID12
Relevancy: 1
tj = 22.0467
Label: 0
Comment: Target is relevant and going straight, since target is crossing Ego X-axis in EFC
DATA:
18.686,-0,0,NaN,NaN,NaN,NaN,0,NaN,NaN
18.726,0.48943,0.80739,NaN,NaN,NaN,NaN,0.1944,NaN,NaN
18.766,0.97632,1.5693,NaN,NaN,NaN,NaN,0.3393,NaN,NaN
18.806,1.54,1.472,NaN,NaN,NaN,NaN,0.2831,NaN,NaN
18.846,1.8695,1.6422,12.894,2.5723,-0,0,0.1969,0,Inf
18.886,2.3953,1.8166,12.86,2.7529,-0.0068639,0.004227,0.2109,0.003,4383.7
18.926,2.8842,2.0796,12.762,3.132,-0.037209,0.022916,0.2406,0.0115,1142.7
18.966,3.4402,2.0994,12.78,2.8681,-0.099702,0.061403,0.2208,0.0098,1336.5
19.006,3.9507,2.0984,12.731,2.6245,-0.11428,0.070374,0.2033,0.0114,1140.3
19.046,4.4612,2.2202,12.709,2.6551,-0.10042,0.06185,0.206,0.012,1082
19.086,4.9368,2.6357,12.594,3.279,-0.065267,0.040194,0.2547,0.0348,373.96
19.126,5.4551,2.5709,12.612,2.8603,-0.10994,0.067705,0.223,0.0123,1051.4
19.166,5.993,2.4327,12.62,2.3131,-0.14702,0.090546,0.1813,-0.015,-855.38
19.206,6.5114,2.4924,12.615,2.2357,-0.13582,0.083649,0.1755,-0.0178,-719.76
19.246,7.0399,2.4478,12.613,1.934,-0.14618,0.090027,0.1522,-0.0361,-353.47
19.286,7.5643,2.6304,12.616,2.1268,-0.11885,0.073194,0.1671,-0.0184,-695.33
19.326,8.0831,2.5495,12.605,1.7274,-0.14377,0.088544,0.1363,-0.0501,-253.94
19.366,8.5926,2.6056,12.587,1.6593,-0.13992,0.086171,0.1311,-0.0533,-238.19
19.406,9.1014,2.8646,12.567,2.0766,-0.1062,0.065411,0.1638,-0.0116,-1098
19.446,9.6088,2.8364,12.555,1.7941,-0.12691,0.078162,0.142,-0.0374,-339.09
19.486,10.126,2.7838,12.552,1.4523,-0.14486,0.089212,0.1153,-0.0675,-187.2
19.526,10.625,2.9278,12.53,1.6388,-0.12391,0.076314,0.1301,-0.0461,-274.12
19.566,11.115,3.2442,12.475,2.2374,-0.086101,0.053025,0.1774,0.0134,945.85
19.606,11.634,3.1854,12.491,1.8296,-0.11186,0.068892,0.1455,-0.0252,-500.96
19.646,12.121,3.3463,12.445,2.0485,-0.099107,0.061034,0.1631,-0.0039,-3233.9
19.686,12.511,4.0945,12.442,1.8005,-0.10235,0.063003,0.1438,-0.0201,-625.43
19.726,13.015,4.0814,12.422,1.6035,-0.11223,0.069078,0.1283,-0.037,-338.51
19.766,13.511,4.3058,12.402,1.958,-0.087782,0.054063,0.1566,-0.0037,-3393.3
19.806,13.994,4.4697,12.375,2.1644,-0.07369,0.045368,0.1732,0.0145,866.43
19.846,14.495,4.5747,12.369,2.1988,-0.070199,0.043219,0.176,0.0173,726.21
19.886,15.021,4.5941,12.378,2.0031,-0.078146,0.04811,0.1605,0.0014,8956.3
19.926,15.527,4.6452,12.364,1.9203,-0.080313,0.049444,0.1541,-0.0048,-2606.8
19.966,16.048,4.5626,12.349,1.5381,-0.099939,0.061523,0.124,-0.0353,-352.54
20.006,16.543,4.6036,12.331,1.4746,-0.097291,0.059892,0.1191,-0.0389,-319.26
20.046,17.032,4.6642,12.309,1.4608,-0.09392,0.057818,0.1182,-0.0384,-322.8
20.086,17.518,4.8376,12.306,1.6869,-0.074053,0.045591,0.1363,-0.0189,-657.2
20.126,17.99,5.0237,12.28,1.9469,-0.059483,0.036624,0.1573,0.0015,8288.8
20.166,18.484,5.0683,12.259,1.8715,-0.064419,0.039662,0.1515,-0.0039,-3179.8
20.206,18.974,5.1614,12.246,1.9041,-0.061289,0.037735,0.1543,-0.0011,-11267
20.246,19.472,5.2399,12.242,1.8942,-0.061411,0.037822,0.1535,-0.0014,-8848.6
20.286,19.148,5.1149,12.228,1.7201,-0.068379,0.04211,0.1401,-0.0125,-987.85
20.326,19.631,5.269,12.22,1.9069,-0.054899,0.033808,0.1551,0.0008,15460
20.366,20.138,5.3119,12.226,1.8009,-0.059354,0.036563,0.1465,-0.0051,-2423.1
20.406,20.626,5.4925,12.219,2.0246,-0.045871,0.028249,0.1644,0.0104,1190.9
20.446,21.114,5.7007,12.21,2.2885,-0.034073,0.020984,0.1854,0.0281,442.09
20.486,21.597,5.939,12.192,2.61,-0.023238,0.014312,0.211,0.0485,257.08
20.526,22.076,6.091,12.166,2.7414,-0.020228,0.012458,0.2217,0.0554,225.1
20.566,22.567,6.2849,12.153,2.9302,-0.015894,0.0097882,0.2367,0.0661,189.13
20.606,23.063,6.51,12.147,3.1661,-0.012523,0.0077125,0.255,0.0792,158.5
20.646,22.767,6.4102,12.136,3.114,-0.013244,0.0081569,0.2513,0.0742,168.86
20.686,23.243,6.5128,12.117,3.1025,-0.013485,0.0083051,0.2508,0.0709,176.41
20.726,23.721,6.5901,12.089,3.0321,-0.014087,0.0086758,0.2459,0.0648,192.34
20.766,24.203,6.6616,12.069,2.9316,-0.016013,0.0098629,0.2384,0.0571,217.52
20.806,24.686,6.7682,12.058,2.9645,-0.014448,0.0088986,0.2412,0.0577,215.21
20.846,25.163,6.9006,12.04,3.0333,-0.012402,0.007638,0.2469,0.0602,206.25
20.886,25.692,6.8371,12.035,3.0592,-0.011799,0.0072672,0.249,0.0601,206.61
20.926,26.169,6.8932,12.003,2.9519,-0.013003,0.0080088,0.2413,0.0528,234.09
20.966,26.652,6.9546,11.984,2.8446,-0.015652,0.0096402,0.2332,0.046,267.75
21.006,27.562,7.1784,11.968,2.8942,-0.013245,0.0081569,0.2374,0.0473,260.31
21.046,28.051,7.3139,11.968,2.9372,-0.011078,0.0068227,0.2407,0.0485,254.1
21.086,28.493,7.3596,11.954,2.8311,-0.013365,0.0082315,0.2327,0.0418,293.88
21.126,29.153,7.4977,11.947,2.8203,-0.013365,0.0082315,0.2319,0.0403,304.61
21.166,29.395,7.5699,11.938,2.8879,-0.011198,0.0068963,0.2374,0.0432,284.31
21.206,29.895,7.7404,11.957,2.9843,-0.0089104,0.0054876,0.2447,0.0473,260.54
21.247,30.369,7.7257,11.91,2.8027,-0.013004,0.0080087,0.2312,0.0373,328.02
21.286,30.859,7.8396,11.909,2.7085,-0.014569,0.0089731,0.2237,0.0316,386.48
21.326,31.664,7.9515,11.833,2.5737,-0.019024,0.011717,0.2143,0.0249,486.32
21.366,32.187,8.0285,11.783,2.4584,-0.023359,0.014386,0.2058,0.0191,630.22
21.406,32.694,8.0492,11.773,2.5462,-0.020469,0.012607,0.2131,0.0238,506.12
21.446,32.602,7.9877,11.707,2.4106,-0.026366,0.01624,0.2033,0.0164,728.81
21.486,33.029,8.198,11.692,2.3694,-0.026125,0.016091,0.2002,0.0122,977.88
21.526,33.642,8.3136,11.71,2.4446,-0.020589,0.01268,0.206,0.0163,733.89
21.567,34.069,8.3581,11.696,2.483,-0.017579,0.010827,0.2093,0.0184,649.82
21.606,34.559,8.4643,11.68,2.4976,-0.01794,0.011049,0.2108,0.0202,591.29
21.646,35.034,8.5482,11.633,2.5111,-0.019385,0.011939,0.2128,0.0228,521.95
21.686,35.484,8.6283,11.614,2.4796,-0.019504,0.012013,0.2105,0.0193,615.3
21.727,35.824,8.7015,11.606,2.5103,-0.01782,0.010975,0.2132,0.0208,570.88
21.766,36.416,8.8734,11.65,2.5791,-0.013726,0.0084542,0.218,0.023,518.8
21.806,36.872,8.985,11.663,2.6367,-0.011439,0.0070455,0.2224,0.026,459.91
21.846,37.331,9.1042,11.681,2.6913,-0.0095119,0.0058585,0.2265,0.0285,420.6
21.887,37.844,9.2214,11.694,2.7297,-0.0084288,0.0051914,0.2294,0.0299,401.63
21.927,38.305,9.2977,11.673,2.7051,-0.0097527,0.0060066,0.2278,0.0275,435.7
21.967,38.781,9.4057,11.674,2.7446,-0.0087894,0.0054131,0.231,0.0292,410.7
22.007,39.25,9.536,11.704,2.8023,-0.0079471,0.0048941,0.2351,0.0316,380.84
22.047,39.589,9.6176,11.708,2.8151,-0.0077063,0.004746,0.236,0.0313,384.72
22.087,40.045,9.7335,11.71,2.8407,-0.0072246,0.0044497,0.2381,0.0321,375.37
22.127,40.502,9.8421,11.721,2.8761,-0.006743,0.0041525,0.2407,0.0334,361.34
22.167,41,9.9699,11.732,2.9129,-0.0063823,0.0039308,0.2434,0.0347,348.37
22.207,41.463,10.085,11.739,2.9348,-0.0061414,0.0037817,0.245,0.035,345.71
22.247,41.912,10.181,11.715,2.9096,-0.005298,0.0032627,0.2435,0.0326,370.28
22.287,42.332,10.279,11.717,2.912,-0.0049373,0.00304,0.2437,0.0316,382.06
22.327,42.786,10.386,11.703,2.899,-0.0044557,0.0027438,0.2429,0.0299,403.24
22.367,43.24,10.49,11.698,2.89,-0.0039741,0.0024475,0.2422,0.0284,424.3
22.407,43.715,10.603,11.698,2.8877,-0.0036123,0.0022249,0.242,0.0273,441.36
22.447,44.19,10.712,11.718,2.8951,-0.0038531,0.002373,0.2423,0.0265,455.48
22.487,44.658,10.817,11.702,2.8805,-0.0031307,0.0019286,0.2414,0.0249,484
22.527,45.161,10.841,11.829,2.755,-0.0031306,0.0019276,0.2288,0.0112,1084.4
22.567,45.617,10.907,11.806,2.6981,-0.0022883,0.0014087,0.2247,0.0067,1807.5
22.607,46.128,11.018,11.884,2.7152,-0.0014449,0.00088975,0.2246,0.0063,1935
22.647,46.618,11.138,11.942,2.7496,-0.0012041,0.00074162,0.2263,0.0077,1591.5
22.687,47.089,11.214,11.925,2.7037,0.00048162,-0.00029625,0.223,0.0041,2982.4
22.727,47.711,11.361,12.214,2.7573,0.0049374,-0.003041,0.2221,0.0025,5008.6
22.767,48.14,11.428,12.128,2.697,0.0059006,-0.0036335,0.2189,-0.0004,-31061
22.807,48.616,11.532,11.673,2.5412,0.0032638,-0.0020103,0.21785,-0.0009454,-12636
22.847,49.077,11.631,11.276,2.4053,0.00061591,-0.00038036,0.21679,-0.0014931,-7722.4
22.887,49.52,11.725,10.942,2.2908,-0.0020158,0.0012397,0.21574,-0.0020374,-5487.2
22.927,49.953,11.815,10.668,2.1966,-0.0046551,0.0028644,0.21469,-0.0025833,-4216.1
22.967,50.374,11.901,10.454,2.1231,-0.0072877,0.004485,0.21364,-0.0031279,-3410.5
23.007,50.795,11.986,10.298,2.0694,-0.0099611,0.0061307,0.21257,-0.0036808,-2853.8
23.047,51.2,12.067,10.206,2.0375,-0.012567,0.0077351,0.21153,-0.0042199,-2466.3
23.087,51.607,12.148,10.173,2.0256,-0.015205,0.0093585,0.21048,-0.0047654,-2176.7
23.127,52.014,12.229,10.2,2.0342,-0.017835,0.010978,0.20943,-0.0053095,-1958.9
23.167,52.424,12.311,10.287,2.0634,-0.020478,0.012604,0.20837,-0.005856,-1791.6
23.207,52.838,12.395,10.434,2.1131,-0.023112,0.014226,0.20732,-0.0064009,-1663.2
23.247,53.26,12.481,10.642,2.1836,-0.025753,0.015852,0.20627,-0.0069471,-1563.8
23.287,53.697,12.571,10.914,2.2758,-0.028426,0.017497,0.2052,-0.0075,-1486.5
******-------------------------------------------------------------------------------------------------------------------****** 
TargetID: ID06
Relevancy: 1
tj = 24.3273
Label: 0
Comment: Target is relevant and going straight, since target is crossing Ego X-axis in EFC
DATA:
19.166,-0,0,NaN,NaN,NaN,NaN,0,NaN,NaN
19.206,0.49977,0.00013811,NaN,NaN,NaN,NaN,0,NaN,NaN
19.246,1.0002,-0.0013923,NaN,NaN,NaN,NaN,0.0001,NaN,NaN
19.286,1.5005,-0.0024864,NaN,NaN,NaN,NaN,0.0001,NaN,NaN
19.326,1.8294,0.4017,NaN,NaN,NaN,NaN,0.0835,NaN,NaN
19.366,2.314,0.44356,NaN,NaN,NaN,NaN,0.0835,NaN,NaN
19.406,2.9178,0.18661,NaN,NaN,NaN,NaN,0.033,NaN,NaN
19.446,3.4137,0.20234,NaN,NaN,NaN,NaN,0.033,NaN,NaN
19.486,3.6806,0.7362,NaN,NaN,NaN,NaN,0.1211,NaN,NaN
19.526,4.1598,0.79357,NaN,NaN,NaN,NaN,0.1212,NaN,NaN
19.566,4.2413,1.2331,11.938,1.4599,-0,0,0.1217,0,Inf
19.606,4.7193,1.2904,11.938,1.4601,-0,0,0.1217,0,Inf
19.646,4.7736,2.4118,11.064,3.1519,0.051286,-0.014574,0.2775,0.0061,1886
19.686,5.2161,2.5376,11.065,3.155,0.056047,-0.015928,0.2777,0.0061,1886.2
19.726,5.8653,2.2651,11.496,2.5276,-0.019452,0.0055282,0.2164,0.0016,7356.7
19.766,6.3251,2.3667,11.504,2.5301,-0.01442,0.0040976,0.2165,0.0016,7361.8
19.806,6.6605,2.859,11.364,3.0614,0.15699,-0.04461,0.2631,0.0219,537.42
19.846,7.1159,2.9812,11.381,3.0768,0.16501,-0.04689,0.264,0.0219,538.34
19.886,7.5706,3.1073,11.398,3.0915,0.17291,-0.049133,0.2648,0.0219,539.27
19.926,8.0265,3.2327,11.415,3.1065,0.1808,-0.051374,0.2656,0.0219,540.19
19.966,8.5969,3.1178,11.544,2.7232,0.17672,-0.050222,0.2316,-0.0003,-39536
20.006,9.0583,3.2286,11.557,2.7258,0.18488,-0.052541,0.2316,-0.0003,-39581
20.046,9.5209,3.3368,11.571,2.7291,0.19304,-0.054861,0.2316,-0.0003,-39627
20.086,9.9835,3.4471,11.584,2.7319,0.20107,-0.057141,0.2315,-0.0003,-39673
20.126,10.362,3.7938,11.439,3.1325,0.22229,-0.063163,0.2672,0.0348,340.81
20.166,10.819,3.9205,11.447,3.1514,0.23127,-0.065714,0.2686,0.0348,341.16
20.206,11.033,4.6557,10.888,4.2568,0.13821,-0.039274,0.3726,0.1426,81.982
20.246,11.468,4.8271,10.867,4.3204,0.14583,-0.041438,0.3783,0.1426,82.008
20.286,11.89,5.1675,10.73,4.6628,0.048701,-0.013839,0.4099,0.1753,66.74
20.326,12.319,5.3541,10.699,4.7394,0.051558,-0.014652,0.417,0.1753,66.754
20.366,12.535,6.0468,10.264,5.5445,0.010203,-0.0028997,0.4953,0.2356,49.514
20.406,12.945,6.2697,10.214,5.6432,0.010339,-0.0029376,0.5047,0.2356,49.531
20.446,13.261,6.7209,10.091,5.9366,-0.025439,0.0072297,0.5318,0.2406,48.66
20.486,13.602,7.1238,10.021,6.1498,-0.045979,0.013066,0.5504,0.2391,49.175
20.526,13.929,7.5485,9.9095,6.4199,-0.070467,0.020024,0.5748,0.2448,48.233
20.566,14.324,7.8077,9.8601,6.526,-0.076725,0.021802,0.5846,0.2448,48.301
20.606,14.722,8.0784,9.8776,6.5753,-0.089921,0.025551,0.5873,0.2337,50.774
20.646,15.116,8.342,9.8312,6.6786,-0.096858,0.027522,0.5967,0.2337,50.856
20.686,15.523,8.6016,9.856,6.7184,-0.10869,0.030884,0.5982,0.2238,53.298
20.726,16.022,8.7342,9.9606,6.582,-0.096172,0.027333,0.584,0.2084,57.288
20.766,16.37,9.1303,9.8762,6.8457,-0.12488,0.035497,0.6062,0.216,55.633
20.806,16.759,9.4408,9.8293,6.9824,-0.13861,0.039396,0.6177,0.2182,55.256
20.846,17.201,9.6388,9.8647,6.9354,-0.13072,0.037154,0.6128,0.2084,57.863
20.886,17.602,9.9106,9.8442,7.0136,-0.13779,0.039164,0.6191,0.2063,58.59
20.926,17.984,10.122,9.8053,7.0404,-0.1355,0.038498,0.6226,0.2008,60.115
20.966,18.335,10.505,9.7171,7.2884,-0.16461,0.046766,0.6434,0.2092,58.062
21.006,18.816,10.533,9.8222,6.9592,-0.11917,0.03386,0.6164,0.1833,65.672
21.046,19.271,10.676,9.8866,6.8015,-0.10161,0.02888,0.6027,0.1683,71.303
21.086,19.667,10.839,9.8718,6.7453,-0.090465,0.025706,0.5994,0.1593,75.055
21.126,20.084,11.046,9.8833,6.7125,-0.084745,0.024086,0.5967,0.1524,78.394
21.166,20.55,11.127,9.9601,6.4646,-0.064887,0.018442,0.5757,0.1332,89.145
21.206,21.027,11.239,10.05,6.2596,-0.052372,0.014885,0.5571,0.1168,101.37
21.247,21.5,11.375,10.132,6.1001,-0.04217,0.011985,0.5419,0.1037,114.05
21.286,21.914,11.621,10.131,6.1554,-0.039993,0.011366,0.546,0.1037,114.31
21.326,22.367,11.822,10.181,6.0931,-0.034824,0.0098974,0.5393,0.0972,122.07
21.366,22.808,11.97,10.22,5.9837,-0.027615,0.0078478,0.5297,0.088,134.58
21.406,23.271,12.095,10.287,5.8203,-0.018908,0.0053739,0.5149,0.076,155.52
21.446,23.707,12.251,10.316,5.7341,-0.013195,0.0037502,0.5073,0.0689,171.3
21.486,24.124,12.465,10.313,5.7376,-0.011155,0.00317,0.5077,0.0673,175.36
21.526,24.591,12.554,10.388,5.5306,-0.0032646,0.00092758,0.4892,0.0537,219.15
21.567,24.995,12.796,10.365,5.5937,-0.0035369,0.0010057,0.4949,0.0558,211.08
21.606,25.478,12.826,10.462,5.3109,0.0053055,-0.0015074,0.4697,0.0384,305.54
21.646,25.94,12.902,10.517,5.1156,0.010747,-0.003054,0.4527,0.0266,439.68
21.686,26.362,13.064,10.517,5.0802,0.011835,-0.0033635,0.45,0.0238,490.76
21.727,26.825,13.151,10.576,4.9064,0.016868,-0.0047938,0.4344,0.0136,857.26
21.766,27.251,13.365,10.578,4.9166,0.016188,-0.0046006,0.4351,0.014,833.21
21.806,27.728,13.421,10.648,4.6949,0.019589,-0.0055671,0.4153,0.0019,6124.7
21.846,28.16,13.618,10.655,4.6868,0.018637,-0.0052964,0.4144,0.0015,7760.5
21.887,28.597,13.775,10.668,4.6338,0.017004,-0.004833,0.4098,-0.0012,-9692.4
21.927,29.046,13.921,10.697,4.5534,0.016324,-0.0046395,0.4024,-0.0052,-2235.7
21.967,29.506,14.01,10.733,4.3986,0.012379,-0.0035178,0.3889,-0.0129,-899.16
22.007,29.969,14.137,10.773,4.2816,0.010067,-0.0028605,0.3783,-0.0183,-633.48
22.047,30.41,14.28,10.779,4.2153,0.0035369,-0.0010057,0.3728,-0.021,-551.14
22.087,30.892,14.321,10.841,3.9969,0.0010883,-0.00030951,0.3532,-0.0315,-366.81
22.127,31.283,14.594,10.771,4.1235,-0.013195,0.0037502,0.3656,-0.0238,-484.58
22.167,31.733,14.723,10.784,4.034,-0.022038,0.0062632,0.358,-0.0273,-421.76
22.207,32.146,14.921,10.745,4.0607,-0.033193,0.0094332,0.3613,-0.0249,-461.3
22.247,32.571,15.1,10.722,4.0559,-0.042306,0.012024,0.3617,-0.024,-477.65
22.287,32.243,15.78,10.736,3.953,-0.048422,0.013759,0.3529,-0.0283,-404.26
22.327,32.654,15.998,10.702,4.0058,-0.053318,0.01515,0.3583,-0.0244,-468.31
22.367,33.096,16.103,10.704,3.9133,-0.066106,0.018791,0.3507,-0.0281,-405.57
22.407,33.519,16.318,10.682,3.9402,-0.069773,0.019824,0.3536,-0.0252,-451.8
22.447,33.978,16.423,10.706,3.8213,-0.083106,0.023625,0.3431,-0.0298,-381.47
22.487,34.427,16.547,10.713,3.7487,-0.086499,0.024575,0.3369,-0.0323,-351.39
22.527,34.805,16.813,10.638,3.8755,-0.090456,0.02569,0.3494,-0.0247,-458.37
22.567,35.252,16.901,10.651,3.7591,-0.1031,0.029311,0.3396,-0.0294,-384.18
22.607,35.681,17.052,10.631,3.7278,-0.10853,0.030831,0.3376,-0.0297,-379.31
22.647,36.084,17.239,10.586,3.765,-0.11138,0.031641,0.342,-0.0267,-420.82
22.687,35.625,17.078,10.57,3.7756,-0.10754,0.03057,0.3439,-0.0248,-452.59
22.727,36.018,17.253,10.508,3.8275,-0.11244,0.031993,0.3502,-0.0215,-520.17
22.767,36.46,17.334,10.524,3.7019,-0.12237,0.034817,0.3392,-0.027,-413.2
22.807,36.832,17.529,10.45,3.8013,-0.11325,0.032193,0.3497,-0.0216,-514.82
22.847,37.251,17.642,10.446,3.7504,-0.11543,0.032844,0.3456,-0.0238,-466.33
22.887,37.659,17.826,10.415,3.786,-0.11204,0.031877,0.3495,-0.0212,-522.72
22.927,38.044,18.002,10.365,3.845,-0.10333,0.029373,0.356,-0.0179,-617.61
22.967,38.485,18.098,10.4,3.7352,-0.10619,0.030212,0.3456,-0.023,-480.46
23.007,38.886,18.286,10.361,3.8235,-0.095854,0.027247,0.3543,-0.0171,-645.86
23.047,39.281,18.515,10.331,3.9199,-0.08403,0.023887,0.3633,-0.0115,-960.87
23.087,39.681,18.69,10.305,3.9508,-0.08159,0.023208,0.3667,-0.0097,-1137.8
23.127,40.087,18.863,10.281,3.9679,-0.079001,0.022456,0.369,-0.0082,-1343.9
23.167,40.498,19.04,10.274,3.9923,-0.071932,0.020447,0.3712,-0.0065,-1695.8
23.207,40.94,19.164,10.318,3.9123,-0.069627,0.019802,0.363,-0.0104,-1061
23.247,41.344,19.32,10.295,3.9123,-0.070851,0.020151,0.3637,-0.01,-1101.4
23.287,41.771,19.464,10.308,3.872,-0.070307,0.019995,0.3599,-0.0115,-957.47
23.327,42.175,19.711,10.278,3.9785,-0.063645,0.0181,0.3698,-0.0049,-2249.2
23.367,42.618,19.792,10.243,4.0667,-0.05698,0.016198,0.3784,0.0005,22042
23.407,43.061,19.903,10.283,3.9656,-0.059022,0.016785,0.3685,-0.0045,-2449.2
23.447,43.459,20.1,10.233,4.06,-0.057796,0.01643,0.3782,0.0014,7863.4
23.487,43.874,20.203,10.235,3.9691,-0.069223,0.019697,0.3705,-0.003,-3659.1
23.527,44.324,20.442,10.192,4.0159,-0.07139,0.020294,0.3759,0.0009,12172
23.567,44.686,20.723,10.158,4.0684,-0.070165,0.019945,0.3815,0.0046,2378.7
23.607,45.028,20.96,10.084,4.2175,-0.06663,0.018941,0.3967,0.014,780.71
23.647,45.436,21.105,10.007,4.2992,-0.070027,0.019908,0.4064,0.0197,552.85
23.687,45.815,21.294,9.9725,4.3349,-0.069483,0.019754,0.4106,0.0222,489.82
23.727,46.169,21.504,9.7612,4.4518,-0.092309,0.026248,0.4287,0.034,315.54
23.767,46.635,21.72,9.6771,4.5065,-0.09299,0.026441,0.4366,0.0399,267.54
23.807,47.018,21.905,9.631,4.5352,-0.086875,0.024702,0.4409,0.0414,257.14
23.847,47.428,22.118,9.5668,4.5818,-0.077635,0.022073,0.4473,0.0433,244.97
23.887,47.79,22.354,9.5092,4.6581,-0.070568,0.020064,0.4561,0.049,216.1
23.927,48.165,22.539,9.4328,4.6389,-0.07247,0.020605,0.4577,0.0482,218.09
23.967,48.509,22.729,9.3626,4.6628,-0.067713,0.019252,0.4627,0.0491,213.02
24.007,48.871,22.939,9.2685,4.6727,-0.068398,0.019459,0.4676,0.0523,198.47
24.047,49.235,23.136,9.2083,4.6915,-0.062138,0.017667,0.4718,0.054,191.38
24.087,49.602,23.333,9.1564,4.6961,-0.058197,0.016546,0.4744,0.0544,189.16
24.127,49.969,23.529,9.1065,4.7009,-0.054255,0.015426,0.4771,0.0549,186.67
24.167,50.33,23.738,9.0439,4.7163,-0.04909,0.013957,0.4812,0.0565,180.53
24.208,50.694,23.914,9.0001,4.6969,-0.048957,0.013925,0.4815,0.0552,183.91
24.247,51.049,24.109,8.9302,4.6967,-0.045419,0.012912,0.4846,0.0561,179.86
24.287,51.403,24.324,8.8583,4.7244,-0.03767,0.010709,0.4903,0.0591,169.87
24.327,51.755,24.548,8.7905,4.7691,-0.026793,0.0076164,0.4974,0.0628,159.25
24.367,52.105,24.759,8.7275,4.7944,-0.018362,0.0052193,0.5025,0.0649,153.43
24.407,52.455,24.974,8.6673,4.8254,-0.009794,0.0027837,0.5081,0.0673,147.4
24.447,52.8,25.142,8.6186,4.7745,-0.014555,0.0041371,0.506,0.0638,154.43
24.487,53.144,25.347,8.5579,4.7918,-0.0073454,0.0020875,0.5105,0.0653,150.2
24.527,53.532,25.575,8.5237,4.8212,0.00068062,-0.00019316,0.5148,0.0665,147.26
24.567,53.917,25.859,8.4912,4.973,0.024083,-0.0068423,0.5296,0.0763,128.97
24.607,54.069,25.962,8.4497,4.9621,0.02667,-0.007577,0.5307,0.0749,130.83
24.647,54.394,26.124,8.3979,4.9019,0.023811,-0.0067652,0.528,0.0707,137.54
24.687,54.719,26.286,8.3501,4.8659,0.023404,-0.0066488,0.5273,0.068,142.12
24.727,55.02,26.466,8.3108,4.8661,0.027623,-0.007847,0.5293,0.0677,142.25
24.767,55.346,26.673,8.2854,4.9979,0.045459,-0.012909,0.5421,0.077,125.66
24.807,55.672,26.859,8.2466,4.9689,0.045459,-0.012909,0.5416,0.0741,129.93
24.848,55.985,27.027,8.1781,4.9306,0.048456,-0.013758,0.5418,0.0723,132.08
24.887,56.281,27.185,8.0818,4.8687,0.051998,-0.014763,0.5414,0.0699,134.98
24.927,56.633,27.358,8.0818,4.8183,0.044468,-0.012662,0.5383,0.0644,146.1
24.967,56.94,27.524,7.9964,4.7455,0.044332,-0.012623,0.5363,0.0607,153.19
25.008,57.275,27.66,7.9867,4.6685,0.031008,-0.0088245,0.5295,0.052,177.9
25.047,57.558,27.826,7.8526,4.6081,0.038349,-0.010918,0.5313,0.0526,173.1
25.088,57.846,27.899,7.7593,4.4547,0.020946,-0.0059582,0.5215,0.0415,215.59
25.127,58.132,28.052,7.6813,4.4058,0.021081,-0.0059974,0.5211,0.0399,221.93
25.168,58.438,28.225,7.6417,4.3907,0.022441,-0.0063841,0.5219,0.0394,223.69
25.207,58.705,28.319,7.5069,4.2482,0.010609,-0.0030164,0.5152,0.0317,272.1
25.248,58.967,28.424,7.4331,4.1694,0.0028572,-0.00081218,0.5113,0.027,315.65
25.288,59.232,28.558,7.2817,4.0759,0.0017689,-0.00050267,0.5103,0.0258,323.44
25.328,59.459,28.627,7.0886,3.9055,-0.013601,0.0038662,0.5039,0.0191,423.73
25.367,59.758,28.783,7.0418,3.8872,-0.011424,0.0032482,0.5046,0.0195,412.49
25.408,60.026,28.913,6.9462,3.8212,-0.014144,0.0040218,0.5032,0.018,440.44
******-------------------------------------------------------------------------------------------------------------------****** 
TargetID: ID07
Relevancy: 1
tj = 26.928
Label: 0
Comment: Target is relevant and going straight, since target is crossing Ego X-axis in EFC
DATA:
21.567,-0,0,NaN,NaN,NaN,NaN,0,NaN,NaN
21.606,0.51654,-0.00035101,NaN,NaN,NaN,NaN,0,NaN,NaN
21.646,0.06939,1.647,NaN,NaN,NaN,NaN,0.3014,NaN,NaN
21.686,0.50362,1.7823,NaN,NaN,NaN,NaN,0.3014,NaN,NaN
21.727,0.93804,1.9174,NaN,NaN,NaN,NaN,0.3014,NaN,NaN
21.766,1.3727,2.0519,NaN,NaN,NaN,NaN,0.3014,NaN,NaN
21.806,1.4426,2.7542,NaN,NaN,NaN,NaN,0.4155,NaN,NaN
21.846,1.8525,2.9353,NaN,NaN,NaN,NaN,0.4155,NaN,NaN
21.887,2.2624,3.1161,NaN,NaN,NaN,NaN,0.4155,NaN,NaN
21.927,2.6727,3.2958,NaN,NaN,NaN,NaN,0.4155,NaN,NaN
21.967,1.7236,5.3605,8.668,6.9958,-0,0,0.679,0,Inf
22.007,2.071,5.6386,8.6678,6.996,-0,0,0.6791,0,Inf
22.047,2.417,5.9199,8.668,6.9959,-0,0,0.679,0,Inf
22.087,2.7631,6.2015,8.6682,6.9955,-0,0,0.679,0,Inf
22.127,3.1093,6.4828,8.6684,6.9953,-0,0,0.679,0,Inf
22.167,3.4558,6.7635,8.6685,6.9951,-0,0,0.679,0,Inf
22.207,4.6874,5.6692,9.7602,5.0776,-0.063825,0.010156,0.4797,-0.0409,-269
22.247,5.0777,5.8734,9.7833,5.0689,-0.07402,0.011778,0.4781,-0.0409,-269.4
22.287,5.1583,6.8519,9.5293,6.0784,0.053073,-0.0084432,0.5678,-0.0208,-543.41
22.327,5.54,7.0945,9.5536,6.0828,0.048464,-0.0077106,0.5669,-0.0208,-544.5
22.367,5.9232,7.3366,9.5778,6.0872,0.043855,-0.0069771,0.5661,-0.0208,-545.6
22.407,6.306,7.582,9.6024,6.0911,0.039246,-0.0062445,0.5653,-0.0208,-546.7
22.447,6.683,7.8671,9.5337,6.1306,-0.012989,0.0020672,0.5715,-0.0136,-833.43
22.487,7.0653,8.1114,9.5501,6.1341,-0.018854,0.0030006,0.571,-0.0136,-834.59
22.527,7.6691,7.9718,9.7861,5.6283,-0.024301,0.0038669,0.5219,-0.0473,-238.67
22.567,8.0605,8.1972,9.8075,5.6157,-0.029888,0.0047561,0.52,-0.0473,-238.93
22.607,8.3968,8.3939,9.7928,5.4978,-0.024442,0.0038893,0.5116,-0.0637,-176.3
22.647,8.7894,8.6125,9.8133,5.4767,-0.028631,0.0045562,0.509,-0.0637,-176.42
22.687,9.1823,8.8316,9.8339,5.4553,-0.032542,0.0051778,0.5065,-0.0637,-176.54
22.727,9.7058,8.8586,10.044,5.0117,-0.0081003,0.0012894,0.4628,-0.1061,-105.79
22.767,10.11,9.1375,10.051,5.0204,0.010615,-0.0016884,0.4632,-0.103,-109.08
22.807,10.513,9.3384,10.075,4.9804,0.0096368,-0.0015332,0.4591,-0.103,-109.12
22.847,10.899,9.6058,10.054,4.9747,0.0061448,-0.00097769,0.4595,-0.1018,-110.19
22.887,11.305,9.8306,10.065,4.9099,-0.0027932,0.00044457,0.4539,-0.1051,-106.55
22.927,11.682,10.1,10.019,4.9618,-0.010754,0.0017112,0.4598,-0.0966,-115.74
22.967,11.947,10.58,9.7231,5.4621,-0.016061,0.002556,0.5118,-0.0441,-252.89
23.007,12.432,10.618,9.9078,5.0791,-0.041759,0.0066444,0.4737,-0.0783,-142.19
23.047,12.753,10.962,9.7471,5.3361,-0.040782,0.0064896,0.5009,-0.0505,-220.04
23.087,13.097,11.25,9.635,5.4766,-0.048464,0.007712,0.5169,-0.0341,-325.01
23.127,13.482,11.469,9.633,5.4579,-0.049302,0.0078448,0.5155,-0.0341,-324.68
23.167,13.908,11.612,9.7022,5.2794,-0.069272,0.011023,0.4984,-0.0483,-228.69
23.207,14.309,11.81,9.7185,5.2096,-0.075975,0.012089,0.4921,-0.052,-212.05
23.247,14.7,12.004,9.722,5.1519,-0.080025,0.012734,0.4873,-0.0545,-201.89
23.287,15.09,12.208,9.7208,5.1245,-0.081562,0.012978,0.4852,-0.0545,-201.63
23.327,15.479,12.411,9.7195,5.097,-0.083098,0.013222,0.483,-0.0545,-201.37
23.367,15.849,12.679,9.6716,5.1695,-0.075837,0.012068,0.4909,-0.0459,-238.92
23.407,16.104,13.143,9.4071,5.6179,-0.052096,0.0082889,0.5383,-0.0067,-1635.4
23.447,16.57,13.19,9.5646,5.2799,-0.079048,0.012578,0.5044,-0.033,-331.06
23.487,16.921,13.469,9.5005,5.3789,-0.070948,0.01129,0.5152,-0.0236,-462.61
23.527,17.424,13.442,9.7064,4.9137,-0.10125,0.016112,0.4687,-0.058,-187.57
23.567,17.778,13.716,9.6452,5.0281,-0.084635,0.013469,0.4806,-0.0473,-229.96
23.607,18.164,13.919,9.642,5.0107,-0.080305,0.012779,0.4793,-0.0469,-231.69
23.647,18.571,14.086,9.6761,4.9262,-0.079329,0.012621,0.4709,-0.0514,-211.24
23.687,18.941,14.32,9.6466,4.9754,-0.070669,0.011246,0.4762,-0.0462,-234.94
23.727,19.32,14.529,9.6307,4.9699,-0.07081,0.011268,0.4764,-0.0449,-241.37
23.767,19.72,14.731,9.6584,4.9341,-0.064523,0.010267,0.4723,-0.0459,-236.29
23.807,20.072,15.005,9.6055,5.0388,-0.055027,0.0087567,0.4831,-0.0372,-291.58
23.847,20.443,15.264,9.5847,5.1001,-0.047625,0.0075787,0.489,-0.0318,-341.42
23.887,20.816,15.494,9.5646,5.1214,-0.047625,0.0075787,0.4916,-0.0291,-372.83
23.927,21.184,15.748,9.5382,5.1729,-0.044693,0.0071122,0.497,-0.0245,-442.88
23.967,21.599,15.892,9.5914,5.0536,-0.048742,0.0077558,0.485,-0.0316,-343.08
24.007,21.971,16.125,9.5717,5.0838,-0.046089,0.0073336,0.4882,-0.0286,-378.95
24.047,22.349,16.336,9.5644,5.082,-0.045391,0.0072222,0.4884,-0.0277,-391
24.087,22.727,16.558,9.5584,5.0933,-0.042179,0.0067119,0.4896,-0.0262,-413.38
24.127,23.114,16.761,9.567,5.0732,-0.040782,0.0064896,0.4876,-0.0267,-405.58
24.167,23.477,17,9.5319,5.1161,-0.040782,0.0064896,0.4926,-0.023,-470.35
24.208,23.809,17.298,9.4499,5.2496,-0.037429,0.005956,0.5071,-0.0138,-783.34
24.247,24.173,17.54,9.4244,5.287,-0.036313,0.0057785,0.5112,-0.0109,-991.38
24.287,24.443,17.958,9.2459,5.5851,-0.028492,0.0045333,0.5434,0.0084,1285.9
24.327,24.812,18.178,9.2412,5.5853,-0.02905,0.0046223,0.5437,0.0082,1316.8
24.367,25.161,18.429,9.199,5.6323,-0.029051,0.0046219,0.5494,0.0111,971.74
24.407,25.534,18.652,9.2047,5.6269,-0.027932,0.0044443,0.5487,0.0104,1037.3
24.447,25.929,18.821,9.2426,5.5476,-0.029609,0.0047118,0.5406,0.0055,1959.9
24.487,26.33,19.005,9.2868,5.479,-0.02905,0.0046223,0.533,0.0014,7701.9
24.527,26.701,19.221,9.2814,5.4733,-0.028631,0.0045553,0.5328,0.0012,8979.2
24.567,27.075,19.443,9.2802,5.4702,-0.027374,0.0043558,0.5326,0.0012,8977.1
24.607,27.514,19.47,9.3611,5.2336,-0.036313,0.0057776,0.5098,-0.0126,-851.17
24.647,27.894,19.71,9.3718,5.2454,-0.030866,0.0049113,0.5103,-0.0114,-942.09
24.687,28.26,19.946,9.3603,5.2749,-0.026815,0.0042672,0.5132,-0.0095,-1131
24.727,28.614,20.214,9.3251,5.3393,-0.025559,0.0040664,0.52,-0.0052,-2066.4
24.767,28.978,20.446,9.3127,5.3641,-0.022765,0.0036218,0.5226,-0.0037,-2904.6
24.807,29.37,20.627,9.3379,5.3121,-0.022485,0.003578,0.5172,-0.0065,-1652.8
24.848,29.766,20.8,9.3669,5.2486,-0.022486,0.0035776,0.5107,-0.0098,-1095.6
24.887,30.163,20.972,9.3991,5.1861,-0.021368,0.0034,0.5042,-0.0131,-819.46
24.927,30.518,21.219,9.3659,5.2344,-0.021787,0.0034666,0.5096,-0.0099,-1083.8
24.967,30.892,21.427,9.3603,5.225,-0.023323,0.0037117,0.5091,-0.0099,-1082.8
25.008,31.25,21.658,9.3291,5.2471,-0.026815,0.0042672,0.5124,-0.008,-1337.9
25.047,31.62,21.868,9.3135,5.2429,-0.030167,0.0048004,0.5127,-0.0077,-1388
25.088,31.996,22.064,9.3096,5.2149,-0.033659,0.0053558,0.5106,-0.0086,-1240.8
25.127,32.367,22.283,9.2961,5.213,-0.037011,0.0058899,0.5111,-0.008,-1332.2
25.168,32.678,22.615,9.1908,5.3717,-0.036731,0.0058447,0.5289,0.0019,5602.9
25.207,33.042,22.839,9.1731,5.3739,-0.038826,0.0061783,0.53,0.0026,4089
25.248,33.412,23.053,9.1585,5.3603,-0.042876,0.0068224,0.5295,0.0025,4244.7
25.288,33.776,23.277,9.1393,5.3593,-0.04539,0.0072227,0.5304,0.0032,3310.9
25.328,33.723,22.235,9.1193,5.3479,-0.049157,0.0078345,0.5307,0.0029,3645.4
25.367,34.045,22.509,9.0408,5.4251,-0.047473,0.007554,0.5408,0.0082,1285.8
25.408,34.391,22.735,8.9969,5.4374,-0.05027,0.0080058,0.544,0.0096,1095
25.448,34.728,22.975,8.941,5.4722,-0.049571,0.0078948,0.5495,0.0122,859.24
25.488,35.085,23.195,8.9239,5.467,-0.049432,0.007872,0.55,0.0122,857.81
25.528,35.468,23.352,8.9526,5.3667,-0.05963,0.0095081,0.5404,0.0071,1470.1
25.568,35.816,23.576,8.9066,5.367,-0.064098,0.010223,0.5427,0.0083,1252.9
25.608,36.169,23.82,8.867,5.3825,-0.065774,0.010491,0.546,0.0104,997.38
25.648,36.478,24.14,8.7491,5.5217,-0.055581,0.0088623,0.5634,0.0195,530.55
25.688,36.823,24.386,8.6985,5.5393,-0.056279,0.0089745,0.5674,0.0218,473.05
25.728,37.145,24.652,8.6119,5.5968,-0.051811,0.0082607,0.5767,0.0263,390.52
25.768,37.421,25.075,8.4314,5.8723,-0.022904,0.0036482,0.6085,0.0437,235.12
25.808,37.741,25.363,8.3535,5.9446,-0.014804,0.0023566,0.6186,0.0486,210.96
25.848,38.02,25.616,8.276,5.9797,-0.0079609,0.0012666,0.6258,0.0513,199.03
25.888,38.306,25.919,8.1702,6.0783,0.0061457,-0.00097725,0.6396,0.0581,175.27
25.928,38.591,26.262,8.0477,6.2298,0.023185,-0.0036849,0.6586,0.0672,151.45
25.968,38.483,26.184,8.0071,6.1907,0.024587,-0.0039104,0.6579,0.0647,156.43
26.008,38.881,26.318,8.0402,6.1038,0.011733,-0.0018668,0.6492,0.0561,179.94
26.048,39.478,26.878,7.97,6.1931,0.023049,-0.0036662,0.6604,0.061,165.47
26.088,39.743,27.141,7.959,6.1974,0.019976,-0.0031778,0.6614,0.0579,174.22
26.128,40.174,27.281,7.917,6.2881,0.025004,-0.003977,0.671,0.0616,164.13
26.168,40.554,27.588,7.8652,6.2523,0.02738,-0.004354,0.6714,0.0585,171.75
26.208,40.842,27.824,7.8157,6.1681,0.030594,-0.0048657,0.6678,0.0543,183.36
26.248,41.145,28.025,7.8219,6.0953,0.022209,-0.0035311,0.6618,0.047,210.99
26.288,41.381,28.398,7.8372,5.9728,0.012292,-0.0019554,0.6511,0.037,266.32
26.328,41.671,28.641,7.767,5.9916,0.02221,-0.0035329,0.6569,0.0408,240.43
26.368,41.989,28.895,7.758,5.9512,0.018578,-0.002955,0.6542,0.0367,266.42
26.408,42.214,28.981,7.747,5.7395,0.0047482,-0.00075541,0.6376,0.0222,434.3
26.448,42.499,29.129,7.7337,5.6123,-0.0064245,0.0010229,0.6278,0.0123,776.87
26.488,42.802,29.393,7.7067,5.6215,-0.0037712,0.00059977,0.6302,0.0135,706.6
26.528,43.173,29.492,7.7073,5.5678,-0.008938,0.0014223,0.6257,0.0085,1118.6
26.568,43.458,29.718,7.699,5.5403,-0.010753,0.0017116,0.6239,0.0056,1693.8
26.608,43.807,30.011,7.6249,5.5402,-0.0057262,0.0009106,0.6284,0.0106,889.16
26.648,44.094,30.19,7.5921,5.3463,-0.024436,0.0038897,0.6138,-0.0024,-3869
26.688,44.372,30.388,7.5453,5.3062,-0.025972,0.0041348,0.6132,-0.0028,-3294.4
26.728,44.667,30.599,7.5315,5.2763,-0.028068,0.0044703,0.6114,-0.0049,-1876.7
26.768,44.949,30.82,7.4525,5.2373,-0.028764,0.0045789,0.6129,-0.0028,-3253.1
26.808,45.228,31.061,7.3887,5.2271,-0.025413,0.0040454,0.616,0.0002,45254
26.848,45.517,31.254,7.3377,5.1789,-0.027647,0.0044018,0.6149,-0.0006,-14969
26.888,45.779,31.452,7.2873,5.1353,-0.029461,0.0046907,0.6142,-0.0019,-4692.1
26.928,46.048,31.657,7.2046,5.096,-0.028763,0.0045794,0.616,0.0001,88248
26.968,46.317,31.776,7.1245,4.9574,-0.04426,0.0070544,0.6084,-0.0061,-1422.9
27.008,46.593,31.977,7.0666,4.9378,-0.041046,0.006536,0.6104,-0.0039,-2210.5
27.048,46.881,32.185,7.016,4.9206,-0.037835,0.0060248,0.6121,-0.0022,-3895.2
27.088,47.159,32.395,6.9571,4.9102,-0.032532,0.0051805,0.615,0.0006,14192
27.128,47.424,32.582,6.9088,4.881,-0.031973,0.005091,0.6155,0.0011,7690.1
27.168,47.707,32.787,6.854,4.8531,-0.030298,0.004824,0.6165,0.0021,3999.1
27.208,47.869,32.9,6.8043,4.8246,-0.029181,0.0046469,0.6172,0.0026,3208.1
27.248,48.18,33.12,6.7607,4.7968,-0.028623,0.0045583,0.6175,0.0026,3188.3
27.288,48.44,33.3,6.7111,4.7532,-0.030436,0.0048473,0.6167,0.0018,4568.8
27.328,48.694,33.469,6.6521,4.6911,-0.034902,0.0055588,0.6147,0.0002,40699
27.368,48.963,33.603,6.6061,4.616,-0.043553,0.0069394,0.6106,-0.0036,-2238.6
27.408,49.222,33.771,6.5498,4.5665,-0.045646,0.007274,0.6096,-0.0043,-1856.9
27.448,49.468,33.937,6.4976,4.5021,-0.051505,0.0082087,0.6068,-0.0066,-1197.7
27.488,49.721,34.103,6.4479,4.4582,-0.053178,0.0084765,0.6058,-0.0073,-1073.8
27.528,49.967,34.262,6.3847,4.3795,-0.061406,0.0097909,0.6023,-0.0101,-766.57
27.568,50.208,34.419,6.3225,4.3149,-0.066564,0.010616,0.6,-0.0118,-648.69
27.608,50.442,34.576,6.253,4.2387,-0.07423,0.011841,0.5971,-0.0139,-543.47
27.648,50.673,34.719,6.1658,4.141,-0.086073,0.013738,0.593,-0.017,-436.9
27.688,50.921,34.881,6.1127,4.1251,-0.087494,0.013825,0.592,-0.0175,-421.39
27.728,51.189,35.048,6.1466,4.124,-0.085256,0.013476,0.5893,-0.02,-370.09
27.768,51.435,35.187,6.1214,4.0755,-0.089593,0.014156,0.5857,-0.023,-319.74
27.808,51.678,35.338,6.0908,4.042,-0.090573,0.014309,0.5841,-0.0237,-308.44
27.848,51.916,35.489,6.0588,4.009,-0.091552,0.014462,0.5827,-0.0243,-298.97
27.888,52.141,35.605,5.9838,3.9309,-0.10051,0.015863,0.5792,-0.0268,-267.15
27.928,52.36,35.73,5.9343,3.8782,-0.10359,0.016344,0.5767,-0.0284,-249.62
27.968,52.577,35.868,5.8691,3.8337,-0.10583,0.016692,0.5764,-0.0276,-253.99
28.008,52.805,36.025,5.8276,3.8194,-0.10149,0.016011,0.578,-0.0252,-276.5
28.048,53.034,36.182,5.7845,3.8021,-0.097855,0.01544,0.5794,-0.0231,-299.66
28.088,53.25,36.32,5.7156,3.759,-0.099258,0.015656,0.5796,-0.0221,-309.54
28.128,53.551,36.545,5.832,3.8533,-0.079108,0.012504,0.5822,-0.0194,-360.31
28.168,53.718,36.651,5.6762,3.7261,-0.087311,0.013943,0.5829,-0.0178,-381.46
28.208,53.841,36.733,5.4299,3.5651,-0.10192,0.016292,0.5835,-0.0165,-393.68
******-------------------------------------------------------------------------------------------------------------------****** 
TargetID: ID09
Target can not be processed due to lack of Data
******-------------------------------------------------------------------------------------------------------------------****** 
