******-------------------------------------------------------------------------------------------------------------------****** 
Duration of the scene is: 16.9301 seconds
Original Targets Numbers in the hole Scene: 1
Number of Targets in the hole Scene after preprocessing: 1
Number of static portions: 2
******-------------------------------------------------------------------------------------------------------------------****** 
TargetID: ID01
Relevancy: 1
tj = 10.9694
Label: 0
Comment: Target is relevant and going straight, since the velocity ratio is almost not changing
DATA:
6.5691,0,-0,NaN,NaN,NaN,NaN,0,NaN,NaN
6.6004,0.31194,0.00095671,NaN,NaN,NaN,NaN,0,NaN,NaN
6.6472,0.62381,0.0014167,NaN,NaN,NaN,NaN,0,NaN,NaN
6.6786,0.93482,-0.00043734,NaN,NaN,NaN,NaN,0,NaN,NaN
6.7252,0.78616,-0.96791,NaN,NaN,NaN,NaN,-0.3075,NaN,NaN
6.7565,1.155,-0.83598,NaN,NaN,NaN,NaN,-0.2345,NaN,NaN
6.8032,1.4693,-0.81437,NaN,NaN,NaN,NaN,-0.2088,NaN,NaN
6.85,1.8371,-0.70881,NaN,NaN,NaN,NaN,-0.1633,NaN,NaN
6.8813,2.1514,-0.70239,NaN,NaN,NaN,NaN,-0.1483,NaN,NaN
6.928,2.4693,-0.74261,NaN,NaN,NaN,NaN,-0.1465,NaN,NaN
6.9593,2.7294,-0.88841,NaN,NaN,NaN,NaN,-0.1717,NaN,NaN
7.006,3.0094,-0.97402,NaN,NaN,NaN,NaN,-0.1795,NaN,NaN
7.0374,3.299,-1.07,NaN,NaN,NaN,NaN,-0.189,NaN,NaN
7.0841,3.5885,-1.1346,NaN,NaN,NaN,NaN,-0.1888,NaN,NaN
7.1308,3.8753,-1.2058,NaN,NaN,NaN,NaN,-0.1883,NaN,NaN
7.1624,4.151,-1.2644,NaN,NaN,NaN,NaN,-0.1846,NaN,NaN
7.2089,4.4342,-1.3334,NaN,NaN,NaN,NaN,-0.1847,NaN,NaN
7.2402,4.7316,-1.4039,NaN,NaN,NaN,NaN,-0.1885,NaN,NaN
7.2869,5.0263,-1.4535,NaN,NaN,NaN,NaN,-0.1885,NaN,NaN
7.3182,5.3296,-1.4961,NaN,NaN,NaN,NaN,-0.1882,NaN,NaN
7.365,5.623,-1.5555,NaN,NaN,NaN,NaN,-0.1881,NaN,NaN
7.3965,5.9179,-1.6711,NaN,NaN,NaN,NaN,-0.2016,NaN,NaN
7.4429,6.2107,-1.7362,NaN,NaN,NaN,NaN,-0.2015,NaN,NaN
7.4897,6.5304,-1.7593,NaN,NaN,NaN,NaN,-0.1984,NaN,NaN
7.5212,6.8402,-1.8281,NaN,NaN,NaN,NaN,-0.1989,NaN,NaN
7.5678,7.1687,-1.8328,NaN,NaN,NaN,NaN,-0.1907,NaN,NaN
7.599,7.419,-1.3682,7.5097,-1.4592,0.0015695,-0.0020037,-0.1919,0,Inf
7.6458,7.7186,-1.4284,7.5098,-1.4589,0.0018305,-0.0023381,-0.1919,0,Inf
7.6772,8.0703,-1.4054,7.5634,-1.3859,-0.0052238,0.0066866,-0.1812,0.0005,15379
7.7239,8.3698,-1.4682,7.5634,-1.3843,-0.0055669,0.0071367,-0.181,0.0005,15378
7.7706,8.6698,-1.5474,7.5463,-1.4166,-0.07982,0.10256,-0.1856,0.001,7678.1
7.8019,8.9868,-1.5586,7.5611,-1.3485,-0.11298,0.14541,-0.1765,0.0037,2075.8
7.8486,9.3135,-1.515,7.5856,-1.2509,-0.14071,0.18145,-0.1631,0.0079,973.17
7.88,9.6321,-1.5541,7.6162,-1.2441,-0.13565,0.17536,-0.1616,0.0088,876.95
7.9266,9.9868,-1.4909,7.7019,-1.1016,-0.17915,0.23198,-0.1416,0.0211,368.73
7.958,10.313,-1.4602,7.7379,-1.0233,-0.22527,0.29258,-0.131,0.0275,283.83
8.0047,10.632,-1.4617,7.7598,-0.95684,-0.26057,0.33923,-0.1221,0.0338,231.32
8.0515,10.974,-1.4207,7.8209,-0.86319,-0.28997,0.37852,-0.1106,0.042,187.34
8.0828,11.291,-1.4323,7.8686,-0.78643,-0.35095,0.45924,-0.1005,0.0488,162.04
8.1294,11.626,-1.4474,7.9213,-0.7998,-0.3657,0.48185,-0.0998,0.0476,167.26
8.1608,11.94,-1.4862,7.9321,-0.77809,-0.33183,0.43857,-0.097,0.0482,165.36
8.2075,11.216,-1.123,7.8151,-1.0855,-0.27032,0.36031,-0.1319,-0.0046,-1715.2
8.2388,11.498,-1.2653,7.7213,-1.3345,-0.20907,0.2801,-0.1665,-0.0402,-194.92
8.2856,11.8,-1.3345,7.7528,-1.3301,-0.23148,0.31159,-0.1647,-0.0378,-208.1
8.317,12.115,-1.3478,7.7462,-1.3532,-0.14996,0.20326,-0.1696,-0.0407,-193.21
8.3636,12.413,-1.4356,7.7565,-1.3633,-0.15949,0.2174,-0.1704,-0.0407,-193.5
8.4103,12.67,-1.5351,7.6579,-1.5323,-0.12955,0.17789,-0.1946,-0.0653,-119.6
8.442,12.979,-1.5828,7.664,-1.5555,-0.13732,0.19018,-0.1972,-0.0653,-119.76
8.4883,13.231,-1.6756,7.5632,-1.693,-0.10518,0.14707,-0.2178,-0.0845,-91.72
8.5199,13.57,-1.7415,7.6491,-1.7025,-0.058522,0.082529,-0.2177,-0.0799,-98.076
8.5666,13.897,-1.7848,7.6961,-1.6739,-0.041244,0.05877,-0.2132,-0.0718,-109.69
8.5979,14.229,-1.7863,7.6919,-1.6989,-0.010139,0.014651,-0.2171,-0.0715,-110.17
8.6444,14.515,-1.9152,7.6663,-1.7354,-0.068824,0.10047,-0.221,-0.0733,-107.23
8.6913,14.798,-1.9921,7.6009,-1.7748,-0.071842,0.1063,-0.2277,-0.0766,-101.9
8.7227,15.053,-2.1769,7.3961,-2.129,-0.10157,0.1525,-0.2803,-0.1202,-64.03
8.7692,15.322,-2.3114,7.4073,-2.1475,-0.00077785,0.0011816,-0.2822,-0.1189,-64.864
8.8006,15.625,-2.3861,7.4242,-2.1344,0.043236,-0.066556,-0.281,-0.1136,-68.001
8.8472,15.926,-2.4622,7.446,-2.1603,0.073472,-0.11481,-0.2841,-0.1123,-69.039
8.8789,16.248,-2.4821,7.4423,-2.212,0.078925,-0.12574,-0.2908,-0.1125,-69.013
8.9253,16.536,-2.606,7.4396,-2.1596,0.019422,-0.031396,-0.283,-0.1035,-74.847
8.9567,16.881,-2.5978,7.4867,-1.9396,-0.0093949,0.015471,-0.2533,-0.0757,-102.16
9.0034,17.227,-2.5992,7.5636,-1.7809,-0.028428,0.047741,-0.2305,-0.0549,-141.54
9.0502,17.544,-2.604,7.509,-1.8,-0.029982,0.051563,-0.2344,-0.054,-142.99
9.0815,17.844,-2.6352,7.5737,-1.6238,-0.046971,0.081938,-0.2112,-0.0361,-214.57
9.1281,18.176,-2.672,7.6597,-1.588,-0.059695,0.10665,-0.2026,-0.0285,-274.48
9.1596,18.551,-2.5971,7.8139,-1.3613,-0.074821,0.13683,-0.1702,-0.0031,-2558.6
9.2063,18.911,-2.5947,7.9127,-1.2374,-0.072223,0.13519,-0.1529,0.0099,808.98
9.2375,19.213,-2.4788,7.8633,-1.1542,-0.08017,0.15492,-0.1431,0.0182,436.68
9.2843,19.489,-2.5991,7.8795,-1.131,-0.0811,0.15983,-0.1398,0.0182,437.38
9.331,19.834,-2.5968,7.9793,-1.0315,-0.085449,0.17282,-0.1256,0.0278,289.42
9.3624,20.153,-2.6313,8,-1.0266,-0.085726,0.17833,-0.1246,0.0278,290.13
9.4092,20.502,-2.671,8.0925,-1.0388,-0.093001,0.1992,-0.1243,0.0272,299.96
9.4404,20.824,-2.7052,8.1186,-1.034,-0.093107,0.2055,-0.1233,0.0272,300.89
9.4871,21.14,-2.7429,8.1084,-1.0138,-0.070731,0.16101,-0.1217,0.0276,296.07
9.5186,21.105,-2.6912,8.0614,-0.97634,-0.038484,0.090303,-0.1185,0.0302,268.88
9.5653,21.403,-2.7869,8.0017,-1.115,-0.019945,0.048337,-0.1374,0.017,475.24
9.5971,21.774,-2.7387,8.0042,-1.1156,-0.0027559,0.0069693,-0.1383,0.0179,451.48
9.6433,22.05,-2.8565,8.0116,-1.0849,-0.0008632,0.0022437,-0.1345,0.0179,451.66
9.6899,22.414,-2.8038,8.0209,-1.0802,0.0018005,-0.004913,-0.134,0.0197,410.83
9.7211,22.708,-2.9177,8.0637,-1.0392,-0.023732,0.066734,-0.1282,0.0208,390.88
9.7679,22.76,-2.9697,7.9743,-1.2006,0.0020996,-0.0061579,-0.1496,0.0056,1440
9.7992,23.102,-2.935,7.9352,-1.2428,0.012009,-0.037147,-0.1563,0.0035,2294.8
9.8459,23.4,-3.0551,7.9743,-1.2583,0.012298,-0.039449,-0.1575,0.0026,3105
9.8773,23.77,-3.069,7.9427,-1.3314,0.034693,-0.11784,-0.1691,-0.0015,-5369
9.9241,24.018,-3.2235,7.9265,-1.2923,0.03817,-0.13472,-0.1651,-0,-Inf
9.9707,24.371,-3.2128,7.8877,-1.3551,0.04188,-0.158,-0.1743,-0.0029,-2759.8
10.002,24.645,-3.326,7.9263,-1.3146,0.026336,-0.10453,-0.1671,-0.0009,-8927.4
10.049,24.972,-3.365,7.9477,-1.2965,0.022104,-0.093589,-0.1641,0.0009,8947.5
10.08,25.282,-3.4196,7.9268,-1.3067,0.02033,-0.09199,-0.1658,0,Inf
10.127,25.585,-3.4788,7.935,-1.3447,0.0104,-0.051034,-0.1692,-0.0019,-4235.8
10.158,25.955,-3.4374,7.9604,-1.3776,-0.00043177,0.0023652,-0.1713,-0.0007,-11541
10.205,26.265,-3.5254,8.029,-1.2943,-0.0035538,0.020907,-0.1593,0.0042,1936.4
10.252,26.639,-3.4675,8.0353,-1.3051,-0.00087967,0.0058741,-0.1609,0.0056,1453.7
10.283,26.903,-3.6025,8.0458,-1.2695,0.00044398,-0.0032226,-0.1566,0.0056,1454.5
10.33,27.16,-3.6579,7.8854,-1.264,0.027988,-0.22057,-0.1649,-0.0004,-19965
10.361,27.474,-3.6989,7.875,-1.2586,0.026327,-0.23783,-0.1649,-0.0004,-19937
10.408,27.784,-3.7884,7.894,-1.3585,0.016304,-0.17715,-0.1752,-0.0067,-1195.5
10.439,28.161,-3.7578,7.9317,-1.4186,0.0072791,-0.10645,-0.1798,-0.0066,-1220.8
10.486,28.416,-3.9942,7.9844,-1.3707,0.0017132,-0.032068,-0.1709,-0.0035,-2314.6
10.517,28.807,-3.9421,8.0137,-1.3954,0.00086836,-0.027855,-0.1731,-0.002,-4067.2
10.564,29.08,-4.0995,8.0146,-1.3692,0.0025614,-0.12606,-0.1725,-0.0041,-1983.1
10.611,29.48,-4.0448,8.0373,-1.3586,-0.00024838,-0.14677,-0.1713,-0.0003,-27171
10.642,29.755,-4.1552,8.0645,-1.293,-0.0018562,-0.11508,-0.162,0.0026,3141.3
10.689,30.093,-4.1839,8.0964,-1.2445,-0.0051757,-0.15399,-0.1566,0.0059,1388.4
10.72,30.416,-4.223,8.0787,-1.23,-0.010156,-0.19954,-0.1564,0.006,1362
10.767,30.736,-4.2951,8.0886,-1.2577,-0.014527,-0.20901,-0.1598,0.0038,2154.2
10.798,31.057,-4.3417,8.0628,-1.2603,-0.019374,-0.22,-0.161,0.003,2720.2
10.845,31.344,-4.395,7.9939,-1.257,-0.029476,-0.27911,-0.1636,0.0013,6224.7
10.891,31.728,-4.3682,7.9879,-1.3198,-0.035975,-0.27604,-0.1713,-0.0005,-16192
10.923,32.003,-4.5063,8.018,-1.321,-0.03201,-0.21746,-0.1692,-0.0022,-3693.7
10.969,32.341,-4.5504,8.0496,-1.3278,-0.027092,-0.15978,-0.1678,-0.0011,-7416.7
11.001,32.695,-4.5675,8.0467,-1.2313,-0.057222,-0.30647,-0.1602,0.0039,2087.3
11.047,33.013,-4.6177,8.0068,-1.2175,-0.085557,-0.41671,-0.1625,0.0024,3374.5
11.079,33.384,-4.5857,7.9827,-1.2497,-0.10329,-0.4445,-0.1677,0.0024,3366.6
11.126,33.65,-4.713,8.003,-1.2381,-0.093272,-0.3708,-0.1638,0.0014,5784.4
11.157,34.035,-4.6902,8.0422,-1.3406,-0.052802,-0.18476,-0.1703,0.0007,11647
11.204,34.293,-4.8101,8.0121,-1.284,-0.09166,-0.30597,-0.1675,-0.0009,-9015.9
11.25,34.487,-4.7812,6.8416,-0.027304,-0.70661,-4.2604,-0.1714,0.002,3420.8
11.282,34.695,-4.8901,6.6829,0.077324,-0.7464,-4.2954,-0.166,0.002,3341.7
11.328,34.964,-4.9219,6.5242,0.14589,-0.80781,-4.3226,-0.166,0.002,3262.9
11.36,35.422,-4.8661,7.1459,-0.68677,-0.59752,-1.7175,-0.1578,0.0108,664.7
11.406,35.645,-4.9658,7.0879,-0.62865,-0.63103,-1.7276,-0.1521,0.0108,658.86
11.438,35.988,-4.9362,7.0231,-0.64555,-0.68248,-1.7286,-0.1568,0.0108,653.03
11.484,36.206,-5.0332,6.9649,-0.58959,-0.71593,-1.735,-0.1511,0.0108,647.2
11.531,36.545,-5.0041,6.9002,-0.60678,-0.7674,-1.732,-0.1559,0.0108,641.38
11.562,36.768,-5.0931,6.8418,-0.55255,-0.80055,-1.7349,-0.1502,0.0108,635.56
11.609,37.034,-5.1274,6.7803,-0.53443,-0.84223,-1.7322,-0.1497,0.0108,629.75
11.64,37.303,-5.1585,6.7188,-0.51737,-0.8834,-1.7275,-0.1493,0.0108,623.95
11.687,37.578,-5.1875,6.6572,-0.50065,-0.92418,-1.7212,-0.1488,0.0108,618.15
11.719,37.889,-5.2087,12.071,-0.85356,-0.40561,-0.81594,-0.15293,0.0058299,2075.6
11.765,38.409,-5.2607,7.6667,-1.367,0.3696,0.53741,-0.1591,-0.0016,-4867.2
******-------------------------------------------------------------------------------------------------------------------****** 
