******-------------------------------------------------------------------------------------------------------------------****** 
Duration of the scene is: 31.8063 seconds
Original Targets Numbers in the hole Scene: 4
Number of Targets in the hole Scene after preprocessing: 5
Number of static portions: 1
******-------------------------------------------------------------------------------------------------------------------****** 
TargetID: ID01
Target can not be processed due to lack of Data
******-------------------------------------------------------------------------------------------------------------------****** 
TargetID: ID05
Target can not be processed due to lack of Data
******-------------------------------------------------------------------------------------------------------------------****** 
TargetID: ID06
Relevancy: 1
tj = 7.0024
Label: 0
Comment: Target is relevant and going straight, since the velocity ratio is almost not changing
DATA:
3.6409,-0,-0,NaN,NaN,NaN,NaN,0,NaN,NaN
3.6806,0.29872,0.0024128,NaN,NaN,NaN,NaN,0,NaN,NaN
3.7206,0.59801,0.001565,NaN,NaN,NaN,NaN,0,NaN,NaN
3.7607,0.11391,0.66007,7.1627,0.71387,-0,-0,0.0993,0,Inf
3.8007,0.40018,0.68943,7.1627,0.71368,-0,-0,0.0993,0,Inf
3.8406,0.68615,0.72115,7.1628,0.71324,-0,-0,0.0992,0,Inf
3.8809,0.9894,0.73298,7.8364,-0.06976,0.22393,0.12909,0.083768,-0.018595,-421.43
3.9207,1.3094,0.72037,8.2144,-0.50972,0.44481,0.25642,0.068545,-0.036938,-222.81
3.9607,1.6407,0.69669,8.3078,-0.61923,0.66694,0.38447,0.053237,-0.055384,-150.42
4.0007,1.9701,0.67529,8.1134,-0.39464,0.88922,0.51261,0.037919,-0.073841,-110.01
4.0407,2.286,0.66957,7.6309,0.16428,1.1115,0.64075,0.0226,-0.0923,-82.695
4.0807,2.6731,0.55984,7.7583,0.09598,1.2248,0.70678,0.0135,-0.0652,-119
4.1209,3.0692,0.489,7.8786,0.071318,1.2936,0.74647,0.0102,-0.0417,-188.94
4.1608,3.4123,0.46185,7.9608,0.066353,1.3742,0.79296,0.0096,-0.0302,-263.61
4.2008,3.7612,0.51248,8.0422,0.17835,1.4295,0.82493,0.0234,-0.0066,-1218.8
4.2408,4.1283,0.43391,8.116,0.022855,1.4157,0.81694,0.0041,-0.0259,-313.36
4.2819,4.4862,0.46406,8.146,0.032751,1.2846,0.74128,0.0051,-0.0257,-316.97
4.3218,4.8316,0.45043,8.1898,-0.02473,1.2466,0.71934,-0.0019,-0.034,-240.88
4.362,5.1479,0.56793,8.1756,0.23375,1.1213,0.64708,0.0295,0.0072,1136
4.4022,5.4756,0.57775,8.2129,0.23723,1.1205,0.64659,0.0298,0.0072,1141.2
4.4419,5.7442,0.99406,7.9666,1.2376,0.74339,0.42902,0.1546,0.1641,49.13
4.4822,6.0883,0.97809,8.0454,1.1198,0.76806,0.44308,0.1388,0.1368,59.378
4.5218,6.3604,1.3346,7.8794,1.8209,0.69066,0.39859,0.2275,0.2354,34.355
4.5618,6.6754,1.4099,7.8865,1.9009,0.6871,0.39654,0.2369,0.2354,34.462
4.6024,7.0185,1.4112,8.032,1.7239,0.8236,0.47541,0.211,0.1911,42.988
4.6418,7.3311,1.5461,8.0432,1.8975,0.87516,0.50516,0.2312,0.2044,40.431
4.682,7.6251,1.7924,7.9865,2.2939,0.92088,0.53152,0.2793,0.2474,33.587
4.722,8.0149,1.5369,8.1855,1.6413,0.89819,0.51831,0.1974,0.1472,56.715
4.7618,8.32,1.7422,8.1641,1.9759,0.94008,0.54259,0.2375,0.1829,45.925
4.8022,8.6793,1.675,8.2412,1.7349,0.90471,0.52202,0.2075,0.1444,58.323
4.8423,9.0091,1.7466,8.2648,1.7897,0.89945,0.51899,0.2132,0.1444,58.562
4.8818,9.3707,1.6609,8.3567,1.5226,0.93773,0.54113,0.1797,0.1048,81.053
4.9218,9.6944,1.8264,8.3671,1.7889,0.98409,0.56795,0.2111,0.1314,65.116
4.9623,9.9594,2.2747,8.2228,2.6242,1.025,0.59159,0.3086,0.2191,39.395
5.0021,10.288,2.3825,8.2383,2.7086,1.0174,0.58721,0.3173,0.2191,39.581
5.0419,10.657,2.3141,8.4049,2.3787,1.139,0.65729,0.2754,0.1702,51.322
5.0825,10.971,2.5811,8.4092,2.7792,1.2791,0.73827,0.3188,0.2013,43.997
5.1219,11.307,2.6947,8.4353,2.863,1.27,0.73297,0.3268,0.2013,44.252
5.1619,11.643,2.8036,8.4559,2.9303,1.2501,0.72139,0.3336,0.2002,44.701
5.2023,11.943,3.0858,8.4406,3.3215,1.3775,0.79489,0.3746,0.2259,40.153
5.2419,12.497,2.5612,8.6363,2.9399,1.3907,0.80338,0.3285,0.1765,51.688
5.282,12.848,2.6639,8.6971,2.9858,1.4327,0.82764,0.3311,0.1726,53.275
5.3221,12.088,2.2519,8.8267,2.6324,1.4029,0.81039,0.2954,0.1351,68.178
5.3619,12.424,2.488,8.8273,2.9545,1.4813,0.85555,0.3279,0.1546,60.211
5.402,12.78,2.6013,8.8981,3.0017,1.5385,0.88861,0.3303,0.1514,62.026
5.4422,13.142,2.6828,8.9807,2.9828,1.5799,0.91256,0.3258,0.1433,66.037
5.4819,13.493,2.8474,8.9785,3.1271,1.5716,0.90665,0.3398,0.1495,63.595
5.5219,13.854,2.9549,9.0402,3.151,1.5996,0.92278,0.3401,0.1451,65.979
5.5622,14.206,3.1245,9.0649,3.3109,1.6019,0.9242,0.3545,0.1512,63.827
5.6019,14.56,3.2626,9.1485,3.3907,1.662,0.95978,0.3592,0.1496,65.218
5.6419,14.916,3.2881,9.1562,3.215,1.5341,0.88504,0.342,0.1335,72.691
5.6822,15.287,3.3637,9.2417,3.1615,1.6007,0.92342,0.3343,0.1239,78.833
5.722,15.648,3.5585,9.255,3.3654,1.628,0.93838,0.353,0.1335,73.767
5.762,15.643,3.4988,9.3899,2.8885,1.6158,0.93033,0.3056,0.0935,105.07
5.8032,16.023,3.6834,9.5004,3.0853,1.7422,1.0048,0.321,0.1011,98.801
5.841,16.414,3.7808,9.5468,3.0685,1.7732,1.0211,0.3181,0.0964,104.02
5.881,16.786,3.9628,9.5843,3.2379,1.7562,1.0117,0.3322,0.1033,97.933
5.921,17.174,4.0804,9.6514,3.2627,1.7808,1.0259,0.3324,0.1006,101.27
5.961,17.572,4.191,9.7669,3.2702,1.8293,1.0551,0.3297,0.0959,107.4
6.0012,17.958,4.293,9.841,3.2546,1.8591,1.0722,0.3261,0.0908,114.15
6.0414,18.358,4.4171,9.8796,3.2785,1.8653,1.0745,0.3271,0.089,116.96
6.081,18.77,4.4413,9.9433,3.0782,1.7982,1.0354,0.3072,0.0735,141.62
6.121,19.188,4.5502,10.013,3.0716,1.7771,1.0233,0.3046,0.0699,149.83
6.1611,19.581,4.6754,10.082,3.1221,1.8335,1.0558,0.3073,0.0697,151.42
6.202,20,4.7423,10.147,3.0196,1.7947,1.0332,0.2964,0.0607,174.41
6.242,20.407,4.7245,10.169,2.7391,1.643,0.94547,0.2704,0.0419,251.35
6.2824,20.815,4.84,10.225,2.7738,1.6408,0.94429,0.2721,0.0419,252.85
6.322,21.242,4.9376,10.364,2.7745,1.7527,1.0104,0.2691,0.0387,277.24
6.3621,21.647,5.1234,10.397,2.9656,1.8108,1.0423,0.2851,0.0482,224.3
6.4023,22.095,5.1118,10.468,2.6883,1.7434,1.0029,0.2591,0.0299,361.46
6.442,22.539,5.0333,10.494,2.2705,1.5765,0.90623,0.2211,0.0043,2496.8
6.4821,22.977,5.0562,10.569,2.1226,1.6181,0.92964,0.2067,-0.0053,-2034
6.5224,23.416,4.9413,10.541,1.6505,1.3494,0.7748,0.1636,-0.0338,-315.65
6.5621,23.839,5.0418,10.618,1.7352,1.4414,0.82761,0.1705,-0.0282,-381.52
6.601,24.272,5.1193,10.687,1.7427,1.4853,0.85272,0.1703,-0.0275,-393.75
6.6411,24.687,5.2107,10.75,1.7979,1.5536,0.8919,0.1745,-0.0239,-456.06
6.6811,25.112,5.3094,10.794,1.8508,1.5226,0.87434,0.1783,-0.0208,-526.51
6.7211,25.547,5.3879,10.835,1.8511,1.4643,0.84107,0.1773,-0.0209,-525.92
6.7613,26,5.4098,10.883,1.7175,1.3972,0.80237,0.1645,-0.0291,-378.6
6.8022,26.466,5.3897,10.933,1.4837,1.3197,0.7576,0.1428,-0.0431,-255.98
6.8421,26.938,5.3455,10.964,1.1981,1.1789,0.6766,0.1164,-0.0603,-182.9
6.8826,27.391,5.3321,10.995,1.0222,1.1143,0.63941,0.1001,-0.0701,-157.52
6.9212,27.886,5.2102,11.006,0.56467,0.91909,0.52733,0.058,-0.098,-112.46
6.9612,28.379,5.1207,11.04,0.20751,0.85318,0.4893,0.0254,-0.1184,-93.258
7.0024,28.82,5.1639,11.051,0.22378,0.76141,0.43697,0.0261,-0.1147,-96.363
7.0421,29.289,5.0967,11.067,-0.025654,0.68613,0.39378,0.0032,-0.1282,-86.33
7.0822,29.765,5.0389,11.104,-0.24102,0.68735,0.39432,-0.0161,-0.1385,-80.192
7.1225,30.226,4.9936,11.123,-0.39711,0.64378,0.36935,-0.0303,-0.1452,-76.654
7.1622,30.663,5,11.131,-0.39643,0.61802,0.35465,-0.0304,-0.1409,-79.049
7.2023,31.119,4.9176,11.229,-0.6492,0.64238,0.37026,-0.0523,-0.1535,-73.275
7.2424,31.579,4.794,11.267,-0.97265,0.61444,0.35407,-0.0807,-0.1711,-66.097
******-------------------------------------------------------------------------------------------------------------------****** 
TargetID: ID03
Relevancy: 1
tj = 28.0876
Label: 0
Comment: Target is relevant and going straight, since the velocity ratio is almost not changing
DATA:
24.685,-0,0,NaN,NaN,NaN,NaN,0,NaN,NaN
24.725,0.029348,-0.05579,NaN,NaN,NaN,NaN,-0.2056,NaN,NaN
24.765,0.095174,-0.35788,NaN,NaN,NaN,NaN,-0.7535,NaN,NaN
24.806,0.33374,-0.13956,NaN,NaN,NaN,NaN,-0.1646,NaN,NaN
24.845,0.52562,-0.097001,NaN,NaN,NaN,NaN,-0.0611,NaN,NaN
24.885,0.7346,-0.086813,NaN,NaN,NaN,NaN,-0.0323,NaN,NaN
24.925,0.9105,-0.036526,NaN,NaN,NaN,NaN,0.0171,NaN,NaN
24.965,1.1057,0.072567,NaN,NaN,NaN,NaN,0.1012,NaN,NaN
25.006,1.2789,0.094175,NaN,NaN,NaN,NaN,0.1012,NaN,NaN
25.045,1.4216,0.13688,NaN,NaN,NaN,NaN,0.0995,NaN,NaN
25.085,1.6667,0.24391,NaN,NaN,NaN,NaN,0.1508,NaN,NaN
25.125,1.7724,0.14942,NaN,NaN,NaN,NaN,0.0799,NaN,NaN
25.165,1.9351,0.91594,4.7835,0.86828,-0,0,0.1796,0,Inf
25.205,2.1787,1.0558,4.9635,1.0797,-0.075462,0.075133,0.2145,-0.0356,-142.69
25.245,2.2911,0.90191,4.7508,0.61965,-0.11387,0.11329,0.1297,-0.0517,-92.67
25.285,2.4658,0.85242,4.7569,0.47421,-0.12811,0.12757,0.1,-0.0858,-55.716
25.325,2.6267,0.79343,4.7317,0.29285,-0.12861,0.12807,0.0624,-0.1161,-40.833
25.366,2.7885,0.72179,4.7375,0.13136,-0.11842,0.11781,0.0272,-0.1488,-31.85
25.405,2.9801,0.70828,4.8232,0.069158,-0.1219,0.1214,0.0149,-0.161,-29.961
25.445,3.0865,0.6079,4.7107,-0.16727,-0.084316,0.083901,-0.0359,-0.2099,-22.457
25.485,3.3235,0.63569,4.8721,-0.11376,-0.095584,0.095161,-0.023,-0.1771,-27.518
25.524,3.4912,0.63005,4.9199,-0.14624,-0.10187,0.10135,-0.0301,-0.1797,-27.391
25.564,3.6555,0.54422,4.8846,-0.37151,-0.058535,0.05826,-0.0759,-0.2329,-21.034
25.606,3.891,0.65136,5.1142,-0.086099,-0.12545,0.12478,-0.0173,-0.1335,-38.314
25.644,4.0977,0.64778,5.1744,-0.11475,-0.13337,0.13266,-0.0226,-0.1335,-38.769
25.684,4.2562,0.54985,5.0993,-0.38878,-0.074089,0.073722,-0.0763,-0.2035,-25.13
25.724,4.3376,0.2891,4.7334,-1.0319,0.029169,-0.029031,-0.2146,-0.3901,-12.419
25.764,4.5426,0.26893,4.844,-1.0275,0.1286,-0.12801,-0.209,-0.3546,-13.964
25.806,4.7598,0.25449,4.932,-1.0327,0.16074,-0.15993,-0.2069,-0.3313,-15.21
25.844,5.0438,0.38685,5.2138,-0.67675,0.10762,-0.10716,-0.1287,-0.2155,-24.397
25.884,5.21,0.27256,5.1425,-0.96066,0.1594,-0.15875,-0.1842,-0.2727,-19.184
25.925,5.3802,0.16579,5.0947,-1.1617,0.19817,-0.19737,-0.2236,-0.3082,-16.955
25.966,5.5623,0.073486,5.062,-1.3383,0.24062,-0.23955,-0.2591,-0.3355,-15.606
26.005,5.7036,-0.099137,4.8916,-1.7171,0.3157,-0.31431,-0.3383,-0.4113,-12.604
26.044,5.8957,-0.18915,4.9242,-1.8269,0.38161,-0.37987,-0.3561,-0.4095,-12.826
26.084,6.0923,-0.26499,4.9367,-1.9243,0.39714,-0.39533,-0.3725,-0.4095,-12.939
26.125,6.3122,-0.31779,5.0291,-1.9559,0.44588,-0.44398,-0.3709,-0.3879,-13.911
26.165,6.4174,-0.50963,4.8652,-2.2856,0.52671,-0.52465,-0.4383,-0.445,-12.079
26.206,6.6741,-0.50833,5.0459,-2.1565,0.52026,-0.51779,-0.4048,-0.3914,-14.02
26.244,6.8757,-0.60407,5.0592,-2.2563,0.53839,-0.53586,-0.4204,-0.3914,-14.153
26.284,7.1355,-0.59499,5.2137,-2.151,0.52202,-0.51964,-0.3922,-0.3483,-16.193
26.327,7.3262,-0.72486,5.1989,-2.3278,0.56408,-0.56198,-0.421,-0.3624,-15.718
26.365,7.6529,-0.61524,5.4506,-1.9484,0.44984,-0.44777,-0.3441,-0.2771,-20.889
26.407,7.9291,-0.61464,5.5784,-1.8359,0.41605,-0.41413,-0.3187,-0.2429,-24.177
26.446,8.2511,-0.49544,5.8036,-1.4449,0.32692,-0.32541,-0.2447,-0.169,-35.389
26.486,8.521,-0.47133,5.9238,-1.3677,0.31857,-0.31715,-0.2275,-0.1488,-40.858
26.525,8.7212,-0.61192,5.9002,-1.6113,0.3648,-0.36347,-0.2673,-0.1781,-34.342
26.567,8.9338,-0.73473,5.8911,-1.7848,0.39301,-0.39183,-0.2935,-0.1941,-31.713
26.606,9.1887,-0.79523,5.9658,-1.8153,0.41025,-0.40885,-0.2961,-0.189,-32.994
26.644,9.4551,-0.86157,6.0319,-1.8789,0.42864,-0.42727,-0.3027,-0.186,-33.966
26.684,9.7252,-0.90162,6.1273,-1.8629,0.43407,-0.43251,-0.2959,-0.1738,-36.848
26.727,9.9964,-0.945,6.2236,-1.8523,0.43688,-0.4353,-0.29,-0.163,-39.837
26.764,10.321,-0.85304,6.4543,-1.5724,0.38118,-0.38027,-0.2383,-0.1174,-56.585
26.805,10.582,-0.91253,6.505,-1.5976,0.37447,-0.3734,-0.2414,-0.1156,-57.944
26.846,10.839,-0.98692,6.5421,-1.647,0.37122,-0.37023,-0.2472,-0.1162,-58.057
26.885,11.103,-1.0465,6.5814,-1.6721,0.35887,-0.3579,-0.2494,-0.1139,-59.618
26.927,11.277,-1.2524,6.4165,-1.9851,0.36586,-0.36522,-0.2995,-0.1485,-45.23
26.965,10.774,-1.081,6.5068,-1.9004,0.34524,-0.34391,-0.2887,-0.1349,-50.249
27.006,11.047,-1.1371,6.531,-1.8874,0.30599,-0.30482,-0.2854,-0.1276,-53.278
27.045,11.296,-1.2039,6.5319,-1.8992,0.27414,-0.27326,-0.2866,-0.1253,-54.289
27.085,11.57,-1.2468,6.5715,-1.8613,0.24226,-0.24157,-0.2792,-0.1163,-58.728
27.125,11.77,-1.4018,6.4293,-2.081,0.21827,-0.21783,-0.3158,-0.1389,-48.652
27.167,12.017,-1.4937,6.4124,-2.1313,0.20247,-0.20212,-0.3234,-0.1404,-48.129
27.206,12.355,-1.3442,6.4875,-2.0382,0.16951,-0.16943,-0.3066,-0.1234,-55.107
27.246,12.637,-1.3958,6.4983,-2.0018,0.12589,-0.12588,-0.3004,-0.1146,-59.333
27.286,11.86,-1.1489,6.5729,-1.8694,0.096215,-0.096231,-0.2799,-0.0962,-71.035
27.326,12.12,-1.2213,6.5536,-1.8813,0.069224,-0.069296,-0.2816,-0.0944,-72.227
27.366,12.4,-1.2824,6.5426,-1.8308,0.017482,-0.017525,-0.2734,-0.0851,-79.834
27.407,12.681,-1.3424,6.5554,-1.8127,0.0043924,-0.0044079,-0.2699,-0.0796,-85.445
27.445,13.041,-1.0993,6.6202,-1.6728,-0.013365,0.013428,-0.2471,-0.0605,-112.86
27.485,13.291,-1.1667,6.5597,-1.6885,-0.052286,0.052637,-0.2503,-0.0606,-111.77
27.525,13.561,-1.2244,6.5276,-1.6725,-0.082156,0.082849,-0.2482,-0.0567,-118.84
27.566,13.79,-1.3247,6.3953,-1.747,-0.14384,0.14537,-0.262,-0.0635,-104.4
27.606,14.057,-1.3683,6.4836,-1.6193,-0.10724,0.10836,-0.2412,-0.0471,-141.88
27.646,14.484,-1.4701,6.6115,-1.4237,-0.073082,0.073929,-0.2098,-0.0235,-287.79
27.686,14.769,-1.4942,6.5624,-1.3363,-0.12274,0.12459,-0.1969,-0.0123,-544.47
27.725,15.053,-1.5335,6.5151,-1.2624,-0.15267,0.15537,-0.1862,-0.0032,-2073.8
27.765,15.984,-1.3792,8.2075,0.88253,0.089553,-0.090779,0.1044,-0.0032,-2579.6
27.807,15.987,-1.3428,8.0327,0.7654,0.048442,-0.049257,0.0935,-0.0615,-131.2
27.845,16.106,-1.3681,7.6307,0.42412,-0.011773,0.012019,0.0559,-0.1463,-52.238
27.885,16.461,-1.6055,8.1061,0.90545,-9.8579e-05,0.00010131,0.1112,-0.067,-121.74
27.925,16.784,-1.5673,8.0929,0.87912,-0.012631,0.012961,0.1086,-0.067,-121.5
27.967,17.109,-1.5348,8.0797,0.85243,-0.025014,0.025755,0.1059,-0.067,-121.26
28.005,17.976,-1.4197,8.4147,1.3647,-0.079628,0.08236,0.1626,0.0401,212.59
28.045,18.13,-1.4712,7.8501,0.90555,-0.012271,0.01272,0.1152,0.003,2634.1
28.088,18.538,-1.461,7.9129,1.0287,-0.040433,0.042099,0.1302,0.0424,188.2
28.125,19.183,-1.3826,7.8373,1.0313,-0.012906,0.013484,0.1311,0.0457,172.97
28.165,19.372,-1.3868,7.4578,0.92451,0.059115,-0.061954,0.1222,0.0481,156.23
28.206,18.866,-1.4402,7.4892,0.96654,0.03988,-0.041966,0.1269,0.0524,144.11
28.246,19.195,-1.4001,7.6043,1.0675,-0.0027184,0.0028789,0.1396,0.0765,100.38
28.286,19.515,-1.357,7.7232,1.1658,-0.049958,0.053279,0.1516,0.0951,82.131
28.326,19.846,-1.3104,7.8379,1.3063,-0.08975,0.096385,0.1683,0.1252,63.467
28.365,20.067,-1.2734,7.6276,1.3675,-0.044395,0.04785,0.1791,0.1511,51.285
28.407,20.316,-1.2301,7.4909,1.418,-0.0087308,0.0094518,0.1874,0.1619,47.09
28.446,20.354,-1.2252,6.7327,1.2977,0.23861,-0.25617,0.179,0.1505,45.559
28.487,20.64,-1.1652,6.7056,1.3606,0.23389,-0.25274,0.189,0.1585,43.169
28.526,20.815,-1.1395,6.3656,1.3195,0.34464,-0.37168,0.1861,0.1456,44.649
28.566,21.15,-1.055,6.5166,1.365,0.2813,-0.30706,0.1921,0.1422,46.822
28.607,21.409,-0.99647,6.4561,1.396,0.28968,-0.3182,0.1977,0.1422,46.451
28.645,21.772,-0.927,6.7299,1.3398,0.16905,-0.19381,0.2051,0.1432,47.919
28.685,21.883,-0.90029,6.2365,1.4123,0.33059,-0.3672,0.2038,0.136,47.018
28.726,22.185,-0.82377,6.4071,1.554,0.24918,-0.28098,0.2241,0.1573,41.913
28.766,22.505,-0.75114,6.443,1.6213,0.22292,-0.25427,0.2345,0.1629,40.785
28.805,22.799,-0.67741,6.5035,1.6951,0.1827,-0.211,0.2452,0.1683,39.933
28.845,23.098,-0.59779,6.5364,1.7357,0.15616,-0.18254,0.2513,0.1674,40.4
28.885,23.315,-0.5611,6.3181,1.6533,0.24081,-0.28236,0.2426,0.1483,44.038
28.926,23.469,-0.52237,6.0405,1.6317,0.34001,-0.39872,0.2433,0.1432,43.694
28.965,23.726,-0.45821,5.9609,1.6183,0.34893,-0.41341,0.2438,0.1371,45.053
29.005,23.963,-0.39141,5.908,1.6457,0.35797,-0.42841,0.2493,0.1371,44.733
29.045,24.198,-0.32625,5.855,1.6726,0.36705,-0.44394,0.2547,0.1371,44.414
29.087,24.431,-0.25585,5.8018,1.6995,0.37602,-0.45976,0.2602,0.1371,44.096
29.129,24.663,-0.18598,5.7485,1.7257,0.38496,-0.47617,0.2656,0.1371,43.778
29.165,24.89,-0.11852,5.6951,1.7519,0.39385,-0.49298,0.2711,0.1371,43.46
29.209,25.509,0.18706,6.4936,2.0128,0.044562,-0.059529,0.3031,0.1633,41.632
29.245,25.934,0.36761,6.8185,2.32,-0.14272,0.19004,0.3207,0.1744,41.298
******-------------------------------------------------------------------------------------------------------------------****** 
TargetID: ID04
Relevancy: 0
tj = Inf
Label: -1
Comment: Target is irrelevant as it is not crossing the estimated holding line
DATA:
25.006,-0,0,NaN,NaN,NaN,NaN,0,NaN,NaN
25.045,0.16326,-0.0022576,4.1491,-3.0572e-07,NaN,NaN,0,0,Inf
25.085,0.32562,-0.0049018,4.0558,2.5211e-07,-2.329,-1.816e-07,0,0,Inf
25.125,0.48962,-0.0026912,4.0778,-6.8638e-08,0.54779,3.4868e-07,0,0,Inf
25.165,0.65201,-0.005642,4.0937,-9.5087e-08,0.39981,-3.519e-07,0,0,Inf
25.205,0.81538,-9.4174e-05,4.0573,3.963e-08,-0.90459,6.068e-07,0,0,Inf
25.245,0.97892,0.0023679,4.0746,1.8834e-07,0.43245,2.6464e-08,0,0,Inf
25.285,1.1417,-0.0064277,4.0999,-2.531e-07,0.63547,-1.9216e-07,0,0,Inf
25.325,1.3048,-0.001407,4.0852,-4.1936e-07,-0.367,7.1501e-08,0,0,Inf
25.366,1.4677,-0.0046831,4.0376,-2.552e-07,-1.1802,3.3461e-07,0,-0,-Inf
25.405,1.6303,-0.0067716,4.0948,8.6256e-08,1.4416,-2.5153e-07,0,0,Inf
25.445,1.7943,-0.0055008,4.1028,1.5177e-07,0.19833,-3.367e-07,0,0,Inf
25.485,1.9559,-0.0035989,4.0147,-4.0812e-07,-2.1882,1.7306e-07,0,0,Inf
25.524,2.1193,-0.0052884,4.213,-1.8302e-07,5.1142,-4.9949e-07,0,0,Inf
25.564,2.4381,-0.076887,4.213,-1.8302e-07,NaN,NaN,-0.027422,NaN,NaN
25.606,2.7725,-0.15196,4.213,-1.8302e-07,NaN,NaN,-0.056174,NaN,NaN
25.644,3.0726,-0.21935,4.213,-1.8302e-07,NaN,NaN,-0.081984,NaN,NaN
25.684,3.3909,-0.29081,4.213,-1.8302e-07,NaN,NaN,-0.10935,NaN,NaN
25.724,3.7083,-0.36207,4.213,-1.8302e-07,NaN,NaN,-0.13665,NaN,NaN
25.764,4.0277,-0.43378,4.213,-1.8302e-07,NaN,NaN,-0.16411,NaN,NaN
25.806,4.3587,-0.50811,4.213,-1.8302e-07,NaN,NaN,-0.19258,NaN,NaN
25.844,4.6618,-0.57617,4.213,-1.8302e-07,NaN,NaN,-0.21865,NaN,NaN
25.884,4.9798,-0.64757,4.213,-1.8302e-07,NaN,NaN,-0.24599,NaN,NaN
25.925,5.3052,-0.72063,4.213,-1.8302e-07,NaN,NaN,-0.27397,NaN,NaN
25.966,5.631,-0.79377,4.213,-1.8302e-07,NaN,NaN,-0.30199,NaN,NaN
26.005,5.9372,-0.86253,4.213,-1.8302e-07,NaN,NaN,-0.32832,NaN,NaN
26.044,6.2507,-0.93291,4.213,-1.8302e-07,NaN,NaN,-0.35528,NaN,NaN
26.084,6.5684,-1.0042,NaN,NaN,NaN,NaN,-0.3826,NaN,NaN
26.125,6.7618,-1.0815,4.6934,-1.8887,NaN,NaN,-0.3826,0,Inf
26.165,6.9556,-1.1523,4.8809,-1.9642,4.7823,-1.9245,-0.3826,0,Inf
26.206,7.1478,-1.2298,4.6093,-1.8549,-6.5092,2.6195,-0.3826,0,Inf
26.244,7.3401,-1.3141,5.1266,-2.0631,13.617,-5.48,-0.3826,0,Inf
26.284,7.5331,-1.3799,4.7364,-1.9061,-9.7678,3.9308,-0.3826,0,Inf
26.327,7.7253,-1.4636,4.5431,-1.8277,-4.5159,1.8291,-0.3825,0.002336,2096.3
26.365,7.9179,-1.5395,5.134,-2.0655,15.799,-6.3562,-0.3825,0,Inf
26.407,8.1103,-1.6212,4.574,-1.8407,-13.208,5.3026,-0.3826,-0.002359,-2090.1
26.446,8.3032,-1.7021,5.026,-2.0226,11.702,-4.7093,-0.3826,0,Inf
26.486,8.4968,-1.7635,4.6751,-1.8814,-8.7087,3.5047,-0.3826,0,Inf
26.525,8.6902,-1.8427,4.9059,-1.9743,5.8405,-2.3504,-0.3826,0,Inf
26.567,8.8812,-1.9241,4.6723,-1.8797,-5.6646,2.2921,-0.3825,0.002426,2076
26.606,9.0745,-2.0027,4.8747,-1.9617,5.0968,-2.0654,-0.3826,-0.002519,-2086
******-------------------------------------------------------------------------------------------------------------------****** 
