******-------------------------------------------------------------------------------------------------------------------****** 
Duration of the scene is: 22.6417 seconds
Original Targets Numbers in the hole Scene: 8
Number of Targets in the hole Scene after preprocessing: 17
Number of static portions: 1
******-------------------------------------------------------------------------------------------------------------------****** 
TargetID: ID01
Relevancy: 1
tj = 8.9606
Label: 0
Comment: Target is relevant and going straight, since target is crossing Ego X-axis in EFC
DATA:
3.0002,-0,0,NaN,NaN,NaN,NaN,0,NaN,NaN
3.0403,0.38523,0.0011531,NaN,NaN,NaN,NaN,0,NaN,NaN
3.0802,0.53372,-0.89417,NaN,NaN,NaN,NaN,-0.3846,NaN,NaN
3.1202,0.92012,-1.05,NaN,NaN,NaN,NaN,-0.3846,NaN,NaN
3.1601,1.2975,-0.39599,NaN,NaN,NaN,NaN,-0.0623,NaN,NaN
3.2001,1.6837,-0.42467,NaN,NaN,NaN,NaN,-0.0622,NaN,NaN
3.2401,2.0355,0.15374,NaN,NaN,NaN,NaN,0.1433,NaN,NaN
3.2803,2.4221,0.20864,NaN,NaN,NaN,NaN,0.1433,NaN,NaN
3.3201,2.8974,-1.3115,NaN,NaN,NaN,NaN,-0.3048,NaN,NaN
3.3603,3.2897,-1.4368,NaN,NaN,NaN,NaN,-0.3048,NaN,NaN
3.4002,3.7223,-1.0167,NaN,NaN,NaN,NaN,-0.1697,NaN,NaN
3.4403,4.1157,-1.0859,NaN,NaN,NaN,NaN,-0.1697,NaN,NaN
3.4802,4.5793,-0.76439,NaN,NaN,NaN,NaN,-0.0821,NaN,NaN
3.5213,4.973,-0.80076,NaN,NaN,NaN,NaN,-0.082,NaN,NaN
3.5603,5.398,-0.10808,NaN,NaN,NaN,NaN,0.0648,NaN,NaN
3.6002,5.7916,-0.082643,NaN,NaN,NaN,NaN,0.0648,NaN,NaN
3.6402,6.1891,-0.050919,NaN,NaN,NaN,NaN,0.0648,NaN,NaN
3.6802,6.583,-0.026586,NaN,NaN,NaN,NaN,0.0648,NaN,NaN
3.7202,6.961,-0.23625,NaN,NaN,NaN,NaN,0.0256,NaN,NaN
3.7612,7.3535,-0.22575,NaN,NaN,NaN,NaN,0.0256,NaN,NaN
3.8003,7.3012,-0.071263,9.8136,1.0118,-0,0,0.1027,0,Inf
3.8404,7.7419,0.088784,9.8614,1.206,-7.812e-05,0.030405,0.1217,-0.0002,-49674
3.8803,8.1578,0.28435,9.9338,1.2759,-0.00055888,0.24161,0.128,-0.0029,-3453.6
3.9202,8.5783,0.27843,9.9402,1.0235,-0.0002857,0.11595,0.1027,-0.0256,-390.34
3.9604,8.9972,0.38935,9.9591,1.0785,-0.0002411,0.097143,0.108,-0.0299,-335.03
4.0002,9.4094,0.36756,9.9771,0.84176,-0.00018261,0.071992,0.0842,-0.0591,-169.42
4.0403,9.8229,0.35333,9.9481,0.65377,0.00027264,-0.10509,0.0657,-0.0832,-119.83
4.0803,10.221,0.38126,9.9456,0.61999,0.00026443,-0.10156,0.0624,-0.0832,-119.77
4.1203,10.585,0.36662,9.8808,0.55636,0.00053854,-0.21023,0.0565,-0.0809,-122.33
4.1604,10.993,0.46545,9.8859,0.74266,0.0006586,-0.21687,0.0748,-0.0516,-192.13
4.2003,11.395,0.47979,9.8675,0.61104,0.00072371,-0.27419,0.0621,-0.0713,-138.66
4.2404,11.804,0.48504,9.8593,0.45162,0.00098766,-0.29754,0.0455,-0.0967,-102.06
4.2804,12.209,0.41381,9.8478,0.21965,0.00086586,-0.29897,0.0226,-0.121,-81.407
4.3203,12.615,0.4277,9.8395,0.14887,0.0011432,-0.3076,0.0148,-0.1284,-76.64
4.3604,13.024,0.5477,9.844,0.444,0.0011769,-0.29316,0.0448,-0.0795,-123.95
4.4003,13.432,0.54672,9.8435,0.33029,0.0011976,-0.28509,0.0332,-0.0927,-106.25
4.4403,13.824,0.5061,9.7782,0.18176,0.0015997,-0.41309,0.019,-0.1073,-91.145
4.4804,14.24,0.52383,9.7683,0.17613,0.0021079,-0.40403,0.0176,-0.1051,-92.958
4.5203,14.611,0.45798,9.6775,-0.13263,0.0025475,-0.55573,-0.0131,-0.1407,-68.788
4.5604,15.002,0.45204,9.6534,-0.18581,0.0028529,-0.55062,-0.0187,-0.1407,-68.622
4.6003,15.395,0.45387,9.5857,-0.2348,0.004354,-0.62173,-0.0252,-0.1438,-66.68
4.6402,15.78,0.44166,9.5582,-0.28858,0.0047516,-0.61651,-0.0309,-0.1438,-66.499
4.6803,16.181,0.486,9.5492,-0.21779,0.0051401,-0.61213,-0.0235,-0.1303,-73.305
4.7203,16.564,0.478,9.5223,-0.26672,0.0055855,-0.60704,-0.0287,-0.1303,-73.109
4.7603,16.931,0.40711,9.3973,-0.48911,0.0069524,-0.83029,-0.0511,-0.1512,-62.235
4.8003,17.302,0.38534,9.3586,-0.54415,0.0077075,-0.82292,-0.0571,-0.1512,-62
4.8403,17.696,0.40669,9.3141,-0.48552,0.010168,-0.81226,-0.053,-0.1418,-65.774
4.8803,18.071,0.38437,9.2762,-0.53554,0.011051,-0.80519,-0.0586,-0.1418,-65.527
4.9204,18.463,0.45495,9.2693,-0.4035,0.011847,-0.79515,-0.0444,-0.1237,-75.005
4.9604,18.784,-0.086413,9.0596,-1.4387,0.011534,-0.81727,-0.1565,-0.221,-41.507
5.0003,19.17,0.015359,9.0253,-1.2099,0.015263,-0.85144,-0.1343,-0.1941,-46.914
5.0404,19.532,0.2036,8.9763,-0.89785,0.017978,-0.97624,-0.0997,-0.1582,-57.023
5.0804,19.902,0.25314,8.9341,-0.79359,0.021253,-1.01,-0.0898,-0.1454,-61.687
5.1204,20.248,0.29297,8.9484,-0.76482,0.018551,-0.94384,-0.0841,-0.1345,-66.773
5.1604,20.611,0.47791,8.8751,-0.48919,0.020895,-0.97066,-0.0538,-0.1057,-84.092
5.2004,20.974,0.49719,8.8668,-0.4802,0.020801,-0.89626,-0.053,-0.1018,-87.227
5.2404,21.325,0.66077,8.8388,-0.27355,0.021499,-0.86721,-0.0298,-0.0801,-110.4
5.2803,21.668,0.65757,8.8624,-0.3222,0.020209,-0.7614,-0.0354,-0.0811,-109.35
5.3204,22.058,0.60378,8.8714,-0.41367,0.020198,-0.67224,-0.0475,-0.0887,-100.12
5.3613,22.423,0.67649,8.8417,-0.24525,0.020331,-0.6336,-0.0285,-0.072,-122.85
5.4004,22.779,0.67311,8.8519,-0.26198,0.019974,-0.58954,-0.0303,-0.0712,-124.38
5.4403,23.143,0.73265,8.8407,-0.15227,0.019322,-0.53976,-0.0179,-0.0604,-146.39
5.4803,23.498,0.70398,8.849,-0.20806,0.017915,-0.47573,-0.0241,-0.063,-140.5
5.5218,23.865,0.77941,8.8613,-0.054081,0.016043,-0.4052,-0.0066,-0.0493,-179.74
5.5605,24.23,0.80504,8.859,-0.03491,0.015104,-0.36767,-0.0039,-0.0462,-191.76
5.6003,24.588,0.85071,8.8533,0.088717,0.015194,-0.34897,0.0096,-0.036,-245.94
5.6403,24.946,0.91526,8.8428,0.15908,0.014847,-0.33154,0.0184,-0.0291,-303.92
5.6804,25.309,0.95015,8.8431,0.20982,0.014484,-0.30363,0.0233,-0.0256,-345.53
5.7203,25.666,0.99697,8.8426,0.22805,0.013578,-0.27418,0.0258,-0.0236,-374.81
5.7604,26.027,1.0211,8.8342,0.22837,0.014195,-0.27259,0.0255,-0.0236,-374.45
5.8014,26.386,1.0614,8.8252,0.25881,0.014552,-0.26761,0.029,-0.0209,-422.44
5.8405,26.737,1.0741,8.8236,0.22755,0.014039,-0.2492,0.0258,-0.0227,-388.84
5.8804,27.102,1.1681,8.8174,0.35906,0.012653,-0.21633,0.041,-0.0126,-700.37
5.9203,27.448,1.17,8.8081,0.33685,0.014131,-0.22952,0.0379,-0.0143,-616.4
5.9604,27.81,1.2304,8.8029,0.38358,0.01431,-0.2237,0.0433,-0.0109,-808.37
6.0004,28.169,1.2917,8.8016,0.45545,0.013567,-0.20382,0.0514,-0.006,-1468.9
6.0415,28.522,1.3482,8.8036,0.52895,0.013508,-0.19563,0.0598,-0.0008,-11024
6.0804,28.88,1.3683,8.7798,0.52803,0.015398,-0.21445,0.0598,-0.0008,-10995
6.1214,29.224,1.4051,8.7817,0.59964,0.015315,-0.20586,0.0679,0.0042,2095.8
6.1604,29.577,1.4618,8.759,0.60559,0.016294,-0.21154,0.0688,0.0048,1829.2
6.2015,29.929,1.5301,8.7662,0.65647,0.01526,-0.19266,0.075,0.0083,1059.1
6.2414,30.294,1.5435,8.7525,0.6627,0.019823,-0.24002,0.0753,0.0076,1154.9
6.2804,30.645,1.5647,8.7453,0.66065,0.020278,-0.23771,0.0751,0.0072,1218.1
6.3204,31.004,1.5718,8.7285,0.61207,0.020851,-0.23711,0.0697,0.0037,2364.8
6.3614,31.198,1.5421,8.7309,0.56068,0.021473,-0.23648,0.0634,-0.0001,-87488
6.4004,31.553,1.5963,8.743,0.55553,0.017564,-0.1902,0.0635,-0.0002,-43803
6.4404,31.899,1.6147,8.7376,0.53766,0.016517,-0.17359,0.0609,-0.0018,-4863.4
6.4804,32.249,1.6465,8.7421,0.51475,0.01578,-0.16322,0.0588,-0.0031,-2824.9
6.5204,32.594,1.6954,8.7388,0.46535,0.012651,-0.1276,0.0528,-0.0065,-1346.3
6.5604,32.954,1.7326,8.7574,0.49728,0.0099095,-0.098383,0.0567,-0.0043,-2039.9
6.6004,33.293,1.7405,8.7425,0.52052,0.010342,-0.10041,0.0591,-0.0024,-3649.2
6.6405,33.646,1.7161,8.746,0.46804,0.0094888,-0.090556,0.0532,-0.0059,-1484.5
6.6804,34.003,1.7367,8.7642,0.40136,0.0064161,-0.060483,0.0458,-0.0104,-843.59
6.7215,34.349,1.7117,8.7596,0.34525,0.0054706,-0.050752,0.0392,-0.0138,-635.25
6.7614,34.747,1.7985,8.7713,0.27476,0.002267,-0.02081,0.0313,-0.0179,-490.26
6.8005,35.075,1.7269,8.6312,0.16377,0.040697,-0.37351,0.02,-0.024,-359.7
6.8414,35.406,1.9742,8.6689,0.20059,0.027861,-0.25082,0.0231,-0.0215,-403.31
6.8825,35.735,1.907,8.6904,0.035961,0.016172,-0.14421,0.0041,-0.0321,-270.73
6.9204,36.087,1.6973,8.7205,-0.010778,0.004623,-0.040884,-0.0011,-0.0346,-252.04
6.9605,36.439,1.7329,8.7716,-0.00092308,-0.0065291,0.057347,-0.0001,-0.0334,-262.62
7.0004,36.798,1.7875,8.8078,0.035347,-0.01372,0.12021,0.0044,-0.0301,-292.62
7.0406,37.141,1.7519,8.8034,0.0087458,-0.013972,0.12172,0.0014,-0.0312,-282.16
7.0819,37.494,1.6978,8.8511,-0.079007,-0.021467,0.18606,-0.0089,-0.0364,-243.17
7.1205,37.862,1.6525,8.8577,-0.098276,-0.02509,0.21635,-0.0111,-0.037,-239.41
7.1615,38.195,1.6367,8.7572,-0.12435,0.0049157,-0.042413,-0.0141,-0.038,-230.48
7.2004,38.571,1.5966,8.8325,-0.16738,-0.01258,0.10824,-0.0189,-0.0398,-221.96
7.2406,38.919,1.5461,8.8383,-0.21898,-0.012868,0.11062,-0.0248,-0.0423,-209.01
7.2814,39.278,1.5502,8.8798,-0.21047,-0.022315,0.1923,-0.0231,-0.0404,-219.86
7.3205,39.628,1.5342,8.9159,-0.23875,-0.030316,0.26169,-0.026,-0.0407,-219.14
7.3605,39.985,1.5409,8.9545,-0.23327,-0.036902,0.31871,-0.0251,-0.0391,-229.09
7.4005,40.346,1.492,9.0182,-0.28042,-0.044292,0.38051,-0.0311,-0.0418,-215.85
7.441,40.702,1.4514,8.9765,-0.26031,-0.03752,0.32301,-0.028,-0.0387,-232.05
7.4805,41.068,1.4001,9.0609,-0.3056,-0.045136,0.38714,-0.0337,-0.0413,-219.52
7.5205,41.425,1.3125,9.0754,-0.3993,-0.044258,0.37965,-0.044,-0.0464,-195.78
7.5605,41.792,1.3361,9.0973,-0.36472,-0.044578,0.38204,-0.0401,-0.0431,-211.24
7.6005,42.147,1.3025,9.0585,-0.4101,-0.03505,0.30199,-0.0444,-0.0447,-202.86
7.6414,42.513,1.2553,9.0957,-0.43723,-0.036226,0.30831,-0.0489,-0.0466,-195.41
7.6806,42.868,1.2482,9.057,-0.45537,-0.026621,0.22895,-0.0496,-0.046,-197.14
7.7205,43.216,1.1319,9.0544,-0.58138,-0.022522,0.19279,-0.0641,-0.0534,-169.91
7.7605,43.566,1.0859,9.0024,-0.64274,-0.012448,0.10654,-0.071,-0.0562,-160.59
7.8005,43.922,1.1029,9.0031,-0.61407,-0.01012,0.086664,-0.0678,-0.0529,-170.59
7.8405,44.283,1.0637,9.0336,-0.65309,-0.015641,0.13382,-0.0722,-0.054,-167.72
7.8805,44.631,0.9642,8.9721,-0.77858,-0.0034003,0.029071,-0.0865,-0.0612,-147.15
7.9205,44.98,0.92229,8.9256,-0.81717,0.0091372,-0.077994,-0.0915,-0.0629,-142.5
7.9605,45.338,0.83529,8.9199,-0.88966,0.007662,-0.065431,-0.0994,-0.0665,-134.8
8.0005,45.688,0.72519,8.9211,-1.0473,0.0051522,-0.043954,-0.117,-0.0764,-117.57
8.0406,46.04,0.68811,8.911,-1.0603,0.0072107,-0.061524,-0.1186,-0.0757,-118.55
8.0805,46.365,0.45308,8.8937,-1.1261,0.0084706,-0.072159,-0.1262,-0.0789,-113.62
8.1205,46.718,0.33927,8.8851,-1.2284,0.0081423,-0.069491,-0.1374,-0.0838,-107.04
8.1605,47.071,0.23031,8.8472,-1.3304,0.014611,-0.12446,-0.1497,-0.0898,-99.629
8.2005,47.425,0.16586,8.8035,-1.3517,0.022086,-0.18782,-0.1529,-0.0901,-98.853
8.2407,47.778,0.13929,8.781,-1.342,0.028848,-0.24603,-0.1525,-0.0884,-100.49
8.2805,48.126,0.026225,8.7479,-1.4326,0.023937,-0.20377,-0.1623,-0.0919,-96.457
8.3206,48.474,-0.041439,8.7307,-1.4772,0.030828,-0.26296,-0.1685,-0.0941,-94.1
8.3606,48.817,-0.082696,8.6995,-1.5076,0.02799,-0.23769,-0.1724,-0.0935,-94.43
8.4005,49.171,-0.16987,8.6933,-1.5723,0.02531,-0.21507,-0.1796,-0.0958,-92.217
8.4405,49.522,-0.3206,8.6865,-1.7175,0.019712,-0.16861,-0.1946,-0.103,-85.968
8.4806,49.863,-0.40643,8.6759,-1.7748,0.020327,-0.17293,-0.2024,-0.1052,-84.178
8.5206,50.206,-0.48612,8.6495,-1.7971,0.020242,-0.17159,-0.2054,-0.1043,-84.7
8.5605,50.542,-0.58008,8.641,-1.8638,0.018565,-0.15744,-0.213,-0.1065,-83.002
8.6005,50.885,-0.74779,8.6231,-2.0559,0.017084,-0.14497,-0.2346,-0.1183,-74.935
8.6406,51.224,-0.84244,8.6119,-2.1004,0.016222,-0.13768,-0.2397,-0.1186,-74.741
8.6805,51.569,-0.94369,8.5735,-2.1482,0.021282,-0.18094,-0.2462,-0.1204,-73.41
8.7205,51.912,-1.0046,8.5234,-2.145,0.026922,-0.22858,-0.2474,-0.1191,-73.796
8.7606,52.259,-1.0967,8.4975,-2.1848,0.027621,-0.23448,-0.2525,-0.1198,-73.238
8.8006,52.593,-1.1727,8.4507,-2.195,0.028498,-0.24054,-0.2551,-0.1181,-73.93
8.8407,52.911,-1.2668,8.3869,-2.244,0.034874,-0.29548,-0.2626,-0.12,-72.349
8.8806,53.251,-1.4018,8.3611,-2.3233,0.031587,-0.26617,-0.2721,-0.1228,-70.667
8.9207,53.59,-1.5503,8.3309,-2.4393,0.033567,-0.28452,-0.286,-0.1295,-67.032
8.9606,53.931,-1.692,8.2959,-2.515,0.03142,-0.26479,-0.2954,-0.1321,-65.623
9.0008,54.271,-1.8416,8.2802,-2.6089,0.028945,-0.24421,-0.3062,-0.1354,-64.117
9.0406,54.595,-1.9744,8.2056,-2.6922,0.035799,-0.30336,-0.3182,-0.1411,-61.204
9.0806,54.928,-2.0972,8.1486,-2.7247,0.035984,-0.30262,-0.3239,-0.141,-60.937
9.1208,55.251,-2.2693,8.1044,-2.8806,0.034547,-0.29073,-0.3426,-0.1506,-57.112
9.1606,55.587,-2.4542,8.1059,-3.0441,0.028057,-0.23682,-0.3601,-0.1584,-54.663
9.2006,55.898,-2.6572,8.027,-3.2616,0.028375,-0.23949,-0.3868,-0.1739,-49.824
9.2406,56.175,-2.8375,7.963,-3.4757,0.02607,-0.22017,-0.4124,-0.1883,-46.142
9.2806,56.492,-3.033,7.912,-3.6657,0.022962,-0.19425,-0.4346,-0.1991,-43.797
9.3206,55.698,-2.7662,7.8958,-3.9029,0.017733,-0.14864,-0.4616,-0.2129,-41.37
9.3607,56.004,-2.973,7.8442,-4.1087,0.014609,-0.12293,-0.4846,-0.2235,-39.62
9.4006,56.292,-3.1935,7.8266,-4.3427,0.010268,-0.086823,-0.508,-0.2339,-38.267
9.4406,56.608,-3.3994,7.7868,-4.4629,0.0084392,-0.071507,-0.5216,-0.2367,-37.917
9.4806,56.908,-3.5995,7.7773,-4.5931,0.0059699,-0.050714,-0.5343,-0.2386,-37.855
9.5206,57.263,-3.8515,7.7814,-4.7895,0.0028679,-0.024442,-0.5521,-0.2442,-37.417
9.5606,57.631,-4.104,7.7816,-4.9484,0.00090455,-0.0077259,-0.5665,-0.2473,-37.29
9.6006,57.968,-4.3462,7.7896,-5.1194,-0.00077186,0.0066015,-0.5813,-0.2506,-37.196
9.6407,58.297,-4.5608,7.8018,-5.1914,-0.0017076,0.014608,-0.5869,-0.2468,-37.971
9.6806,58.6,-4.7823,7.8267,-5.3468,-0.0027878,0.023877,-0.599,-0.248,-38.221
9.7207,58.937,-5.0273,7.8475,-5.488,-0.0032625,0.02795,-0.6099,-0.2485,-38.535
9.7607,59.266,-5.267,7.86,-5.6003,-0.0033447,0.028652,-0.6187,-0.2475,-38.994
9.8008,59.627,-5.4804,7.9494,-5.671,-0.0044306,0.037796,-0.6202,-0.2401,-40.67
9.8408,59.947,-5.7109,7.9288,-5.7353,-0.0037538,0.032035,-0.6267,-0.2374,-41.22
9.8816,60.281,-5.9318,7.9478,-5.8072,-0.0035887,0.030629,-0.6314,-0.2333,-42.192
9.9206,60.468,-6.0214,7.7133,-5.5714,-0.0019035,0.016293,-0.6253,-0.2209,-43.074
9.9607,60.955,-6.4538,8.0246,-5.9505,-0.0036052,0.030769,-0.6385,-0.2217,-45.062
10.001,61.388,-6.789,8.213,-6.1866,-0.003671,0.031331,-0.646,-0.2197,-46.802
10.041,61.767,-7.085,8.297,-6.3553,-0.0026161,0.022337,-0.6539,-0.2189,-47.745
10.082,62.111,-7.3472,8.3173,-6.4497,-0.0015129,0.012924,-0.6597,-0.2164,-48.637
******-------------------------------------------------------------------------------------------------------------------****** 
TargetID: ID09
Target can not be processed due to lack of Data
******-------------------------------------------------------------------------------------------------------------------****** 
TargetID: ID02
Relevancy: 0
tj = Inf
Label: -1
Comment: Target is irrelevant as it is not crossing the estimated holding line
DATA:
11.081,0,0,6.282,-0.00055063,0.050517,-0.019924,0,-0.0115,-546.26
11.121,0.25068,0.0089875,6.2839,0.0093852,0.04973,-0.019614,0.0014,-0.0105,-598.47
11.161,0.50132,0.01079,6.2866,0.010996,0.049203,-0.019406,0.0017,-0.0102,-616.34
11.201,0.75208,0.02051,6.2879,0.021474,0.047888,-0.018887,0.0034,-0.0091,-690.98
11.241,1.0027,0.0078057,6.2915,0.0021092,0.04802,-0.018939,0.0003,-0.0105,-599.19
11.281,1.2649,0.0021918,6.3159,-0.011165,0.064593,-0.02548,-0.0017,-0.0113,-558.93
11.321,1.5249,0.065839,6.3588,0.0657,0.10406,-0.041041,0.0104,-0.0047,-1353
11.361,1.7808,0.075415,6.3659,0.072739,0.10288,-0.040574,0.0114,-0.0042,-1515.8
11.401,2.0372,0.13262,6.3582,0.13596,0.083805,-0.033051,0.0213,0.0009,7066.3
11.441,2.2578,0.18974,6.3558,0.21997,0.095901,-0.037824,0.0347,0.0079,805.01
11.481,2.5065,0.17213,6.3593,0.13723,0.093801,-0.036994,0.0216,0.0009,7067.5
11.521,2.7675,0.16523,6.3996,0.12093,0.13077,-0.051572,0.0189,-0.0004,-16002
11.561,3.0244,0.14892,6.4122,0.075334,0.13433,-0.052973,0.0116,-0.0041,-1564.1
11.602,3.267,0.14133,6.3993,0.068753,0.11063,-0.043644,0.0109,-0.0044,-1454.5
11.641,3.5262,0.18732,6.4213,0.10669,0.12432,-0.04904,0.0167,-0.0013,-4940.1
11.681,3.7998,0.25437,6.4277,0.16178,0.11222,-0.04426,0.025,0.0028,2296.3
11.721,4.0575,0.27245,6.4288,0.17035,0.10182,-0.04016,0.0266,0.0036,1786.4
11.761,4.3128,0.33219,6.4239,0.23354,0.087095,-0.03435,0.0362,0.0082,783.91
11.801,4.5758,0.38412,6.4124,0.27646,0.061571,-0.024284,0.043,0.0114,563.02
11.841,4.8537,0.38136,6.4253,0.23877,0.057098,-0.022521,0.0371,0.0085,756.44
11.881,5.1066,0.39255,6.4184,0.2643,0.045126,-0.017797,0.0411,0.0103,623.67
11.921,4.4047,0.31518,6.4171,0.27522,0.034606,-0.013648,0.0425,0.011,583.91
11.961,4.6596,0.38023,6.4182,0.34983,0.037896,-0.014944,0.054,0.0163,394.34
12.001,4.8992,0.3627,6.3894,0.32815,0.006841,-0.0026987,0.0512,0.0145,441.23
12.041,5.1215,0.33747,6.36,0.27991,-0.033147,0.013077,0.0444,0.0111,573.53
12.081,5.3959,0.34434,6.3843,0.25977,-0.012366,0.0048777,0.0408,0.0095,672.59
12.121,5.4884,0.23714,6.3201,0.18687,-0.095197,0.037568,0.0308,0.005,1264.6
12.161,5.7438,0.24415,6.3102,0.18144,-0.099533,0.039281,0.0301,0.0046,1372.3
12.201,5.9973,0.24044,6.3015,0.16645,-0.10216,0.040322,0.0278,0.0035,1801.1
12.241,6.272,0.23583,6.3004,0.12183,-0.1111,0.043846,0.0208,0.0007,9002.2
12.281,6.5484,0.21829,6.321,0.072967,-0.09152,0.036115,0.0127,-0.0027,-2341.3
12.321,6.8247,0.18176,6.3632,0.016806,-0.042353,0.016709,0.0032,-0.0068,-935.77
12.361,7.0642,0.19459,6.2774,0.053306,-0.14618,0.057707,0.0104,-0.0031,-2025.1
12.401,7.2979,0.16846,6.2636,0.053948,-0.13318,0.052562,0.0103,-0.0036,-1740
12.441,7.4795,0.05919,6.2096,-0.051308,-0.19727,0.077878,-0.0057,-0.011,-564.53
12.481,7.8336,0.84346,6.1371,-0.095492,-0.25177,0.099189,-0.0125,-0.0143,-429.22
12.521,8.0699,0.88395,6.1503,-0.039971,-0.20188,0.07955,-0.004,-0.0102,-602.98
12.561,8.3252,0.85083,6.1892,-0.071907,-0.15158,0.059829,-0.0098,-0.0127,-487.37
12.601,8.589,0.90066,6.2286,-0.032064,-0.086267,0.034013,-0.0041,-0.0093,-669.75
12.641,8.8277,0.92796,6.2394,0.010302,-0.056555,0.022301,0.0023,-0.0063,-990.38
12.681,9.0624,0.93478,6.2342,0.036418,-0.046429,0.018309,0.0064,-0.0046,-1355.3
12.722,9.3147,0.92676,6.2573,0.033046,-0.012892,0.0050843,0.0054,-0.0051,-1226.9
12.761,9.5545,0.87437,6.2595,-0.00301,-0.0021049,0.00083037,-0.0005,-0.0083,-754.15
12.801,9.8038,0.87829,6.2584,0.0010393,-0.0024991,0.0009862,0.0002,-0.0079,-792.21
12.841,10.044,0.91955,6.2897,0.065079,0.043292,-0.017079,0.0098,-0.0033,-1906.1
12.882,10.286,0.95804,6.3061,0.11698,0.064353,-0.025391,0.0177,0.0005,12614
12.921,10.533,0.9715,6.3337,0.14566,0.095823,-0.037812,0.0218,0.0022,2879.7
12.961,10.809,1.0149,6.3979,0.16699,0.14706,-0.058045,0.0243,0.0039,1641.1
13.001,11.069,1.0214,6.4374,0.1725,0.17843,-0.070433,0.0246,0.004,1609.9
13.041,11.331,1.0147,6.4499,0.15431,0.17368,-0.068557,0.0218,0.0027,2389.5
13.081,11.613,1.0555,6.4789,0.15241,0.17275,-0.068192,0.0215,0.0034,1906.1
13.121,11.869,1.0679,6.4807,0.15947,0.15892,-0.062727,0.0227,0.0039,1662.2
13.161,12.116,1.0898,6.4705,0.18715,0.13692,-0.054038,0.0273,0.0059,1097.1
13.201,12.373,1.0725,6.467,0.16186,0.12216,-0.04821,0.0236,0.0039,1658.7
13.241,12.608,1.1238,6.4475,0.23871,0.098194,-0.038748,0.0358,0.0094,686.37
13.281,12.854,1.1283,6.4367,0.24922,0.082787,-0.032666,0.0377,0.0098,657.3
13.321,13.102,1.1323,6.4365,0.26076,0.081471,-0.032146,0.0395,0.0101,637.8
13.361,13.356,1.1362,6.4323,0.25942,0.070674,-0.027885,0.0394,0.0098,656.89
13.401,13.613,1.1445,6.4378,0.26072,0.070543,-0.027834,0.0396,0.0097,664.24
13.441,13.854,1.0869,6.3828,0.15353,-0.004078,0.001608,0.0241,0.0022,2902.1
13.482,14.137,1.0472,6.4243,0.048272,0.022235,-0.0087689,0.0073,-0.005,-1284.9
13.521,14.392,1.0764,6.4201,0.07506,0.012499,-0.0049297,0.0115,-0.0027,-2378
13.561,14.657,1.0792,6.4115,0.055481,-0.0052623,0.0020759,0.0087,-0.0036,-1781
13.601,14.887,1.1137,6.3722,0.11843,-0.03604,0.014213,0.019,0.001,6373.3
13.641,15.134,1.1248,6.3625,0.13749,-0.038407,0.015146,0.0221,0.0023,2766.9
13.681,15.359,1.1022,6.3445,0.091979,-0.051689,0.020383,0.0151,-0.0015,-4230.1
13.721,15.52,1.0912,6.1223,0.14082,-0.2719,0.1071,0.0267,0.0037,1655.1
13.761,15.727,1.0933,5.9922,0.23285,-0.37721,0.1478,0.0335,0.0066,908.6
13.801,15.979,1.087,5.9658,0.16786,-0.38529,0.15175,0.0337,0.0075,795.76
13.841,16.223,1.0958,5.9497,0.18912,-0.3724,0.14677,0.0372,0.0099,601.28
13.881,16.47,1.1138,5.969,0.22803,-0.30754,0.12132,0.0427,0.0126,474.08
13.921,16.702,1.1398,5.9428,0.22976,-0.30698,0.12117,0.0432,0.0126,472
13.961,16.933,1.1421,5.8754,0.26946,-0.35104,0.13856,0.0513,0.0171,343.95
14.001,17.166,1.1583,5.8447,0.27198,-0.35036,0.13833,0.052,0.0171,342.17
14.041,17.395,1.1584,5.7822,0.31926,-0.37866,0.14952,0.0613,0.022,263.23
14.082,17.627,1.1114,5.7333,0.30091,-0.39784,0.15716,0.059,0.0209,274.7
14.121,17.845,1.0737,5.6686,0.29312,-0.42717,0.1688,0.0589,0.0207,274.21
14.161,18.069,1.0791,5.6498,0.34286,-0.39624,0.1567,0.0675,0.0248,228.23
14.201,18.311,1.128,5.6899,0.41815,-0.30679,0.12147,0.0787,0.0306,186.45
14.241,18.563,1.1639,5.7455,0.45895,-0.21962,0.087051,0.0835,0.0332,173.61
14.281,18.789,1.141,5.7023,0.45559,-0.24303,0.096369,0.084,0.0331,172.82
14.321,19.015,1.1658,5.6785,0.46103,-0.24195,0.095999,0.0853,0.0331,172.12
14.361,19.238,1.109,5.6504,0.43035,-0.24573,0.097552,0.0804,0.0297,190.8
14.401,19.48,1.1003,5.6919,0.42492,-0.18131,0.072068,0.0777,0.028,203.85
14.441,19.716,1.0288,5.6784,0.37471,-0.18116,0.072091,0.069,0.0232,245.29
14.481,19.952,1.0178,5.6419,0.38331,-0.21109,0.08411,0.0716,0.0254,222.63
14.521,20.043,0.93701,5.5301,0.30336,-0.37905,0.15301,0.0623,0.0202,274.18
14.561,20.26,0.92702,5.4418,0.33419,-0.36771,0.14691,0.0688,0.0237,230.04
14.601,20.488,0.89446,5.3916,0.3162,-0.39401,0.15775,0.0668,0.0233,231.8
14.641,20.727,0.90717,5.4296,0.34838,-0.3145,0.12638,0.0706,0.0257,211.7
14.681,20.953,0.87339,5.403,0.34151,-0.31472,0.12694,0.0697,0.0253,213.99
14.721,21.178,0.82795,5.4001,0.32183,-0.28718,0.11638,0.0655,0.0228,237.27
14.761,21.408,0.84678,5.4477,0.34883,-0.20789,0.084704,0.0683,0.0244,223.72
14.801,21.608,0.8152,5.3385,0.38901,-0.29537,0.1201,0.0664,0.0225,237.9
14.841,21.819,0.75535,5.3038,0.29043,-0.30453,0.12542,0.0613,0.0192,276.65
14.881,22.062,0.75431,5.3536,0.29251,-0.23114,0.095836,0.0595,0.0189,283.68
14.921,22.314,0.71984,5.405,0.25123,-0.16661,0.069573,0.0499,0.0143,378.38
14.961,22.563,0.67804,5.4709,0.19585,-0.089737,0.037742,0.0376,0.0078,701.85
15.001,22.812,0.64921,5.5252,0.14899,-0.03137,0.013298,0.0276,0.0029,1905.9
15.041,23.138,0.63951,5.8502,0.032048,0.31632,-0.13536,0.0003,-0.0106,-551.91
15.081,23.445,0.57982,6.0337,-0.12774,0.51007,-0.2203,-0.0285,-0.0249,-242.37
15.121,23.724,0.56008,6.1635,-0.17224,0.61675,-0.26889,-0.0364,-0.0279,-221
15.161,23.987,0.55154,6.274,-0.19711,0.69159,-0.30447,-0.0405,-0.0291,-215.71
15.201,24.252,0.53507,6.356,-0.23113,0.72189,-0.32102,-0.0456,-0.0307,-207.17
15.241,24.533,0.47216,6.3413,-0.39887,0.65868,-0.29582,-0.0708,-0.0433,-146.74
15.281,24.796,0.44118,6.3606,-0.43759,0.60966,-0.27668,-0.076,-0.0446,-142.95
15.321,25.046,0.42526,6.4042,-0.45302,0.60555,-0.27781,-0.0779,-0.0446,-143.95
15.361,25.292,0.41373,6.3701,-0.47697,0.49082,-0.22753,-0.0807,-0.0447,-142.91
15.401,25.544,0.39258,6.4054,-0.49147,0.48744,-0.22839,-0.0825,-0.0447,-143.72
15.441,25.793,0.34174,6.3045,-0.5566,0.31212,-0.14775,-0.0919,-0.0483,-131.04
15.481,26.042,0.31553,6.3264,-0.57084,0.30995,-0.14836,-0.0938,-0.0483,-131.51
15.521,26.292,0.29373,6.3483,-0.58555,0.30749,-0.14889,-0.0958,-0.0483,-131.99
15.561,26.52,0.2188,6.1358,-0.68645,0.033796,-0.016536,-0.1118,-0.0554,-111.44
15.601,26.765,0.18572,6.1366,-0.70058,0.033591,-0.016633,-0.1141,-0.0554,-111.49
15.641,26.994,0.10289,5.9788,-0.80624,-0.14557,0.072883,-0.1322,-0.0637,-94.708
15.681,27.23,0.068415,5.9661,-0.82026,-0.14446,0.073197,-0.1347,-0.0637,-94.541
******-------------------------------------------------------------------------------------------------------------------****** 
TargetID: ID10
Target can not be processed due to lack of Data
******-------------------------------------------------------------------------------------------------------------------****** 
TargetID: ID11
Target can not be processed due to lack of Data
******-------------------------------------------------------------------------------------------------------------------****** 
TargetID: ID13
Target can not be processed due to lack of Data
******-------------------------------------------------------------------------------------------------------------------****** 
TargetID: ID14
Target can not be processed due to lack of Data
******-------------------------------------------------------------------------------------------------------------------****** 
TargetID: ID15
Relevancy: 0
tj = Inf
Label: -1
Comment: Target is irrelevant as it is not crossing the estimated holding line
DATA:
19.641,-0,0,10.289,0.017082,-0.097359,1.7759,0,-0.1434,-71.751
19.681,0.42485,0.0079999,10.489,-0.08385,-0.090329,1.7735,-0.0064,-0.1442,-72.743
19.721,0.79142,-0.030305,10.408,-0.20693,-0.093815,1.7086,-0.0214,-0.1549,-67.208
19.761,1.2224,-0.028548,10.598,-0.30938,-0.086711,1.6989,-0.0277,-0.1552,-68.316
19.801,1.6503,-0.098676,10.785,-0.49562,-0.084691,1.6886,-0.0445,-0.1667,-64.765
19.841,2.0872,-0.087481,10.757,-0.49682,-0.084876,1.6602,-0.0447,-0.16,-67.3
19.881,2.5224,-0.26466,10.71,-0.86984,-0.085471,1.552,-0.0824,-0.1937,-55.475
19.921,2.8926,0.021446,10.732,-0.2121,-0.081335,1.5688,-0.0184,-0.1199,-89.525
19.961,3.3044,-0.015737,10.788,-0.28643,-0.083936,1.5379,-0.0279,-0.1248,-86.471
20.002,3.7527,0.27503,11.007,-0.40716,-0.079134,1.5554,-0.0357,-0.1274,-86.456
20.042,4.1989,0.29862,11.074,-0.3968,-0.07874,1.5466,-0.0346,-0.1216,-91.126
20.081,4.6228,0.27892,11.03,-0.036233,-0.079787,1.5519,-0.002,-0.0858,-128.55
20.122,5.0299,0.078372,11.037,-0.35883,-0.077032,1.4288,-0.0337,-0.1132,-97.552
20.161,5.4515,0.25952,11.053,0.1788,-0.075515,1.4685,0.0174,-0.0618,-178.88
20.201,5.8757,0.20684,11.099,0.071779,-0.077689,1.4433,0.0053,-0.0706,-157.21
20.242,6.3246,0.26371,11.21,0.084341,-0.074561,1.4538,0.0087,-0.0653,-171.67
20.281,6.7411,0.36293,11.195,0.20982,-0.078504,1.4595,0.0176,-0.0555,-201.75
20.322,7.2,0.39911,11.31,0.21492,-0.075329,1.4678,0.0201,-0.0516,-219.22
20.361,7.5974,0.47447,11.248,0.55367,-0.079007,1.4708,0.048,-0.0261,-431.49
20.401,8.0325,0.66809,11.267,0.95998,-0.078787,1.5369,0.0862,0.0061,1853.8
20.441,8.4185,0.8037,11.29,1.2642,-0.080009,1.5847,0.1134,0.028,405.73
20.481,8.8765,0.85878,11.418,1.1964,-0.080602,1.5872,0.1063,0.0211,544.12
20.522,9.3071,0.94184,11.428,1.3039,-0.084218,1.5455,0.1118,0.0248,463.79
20.562,9.7697,1.0165,11.446,1.2898,-0.078348,1.5486,0.114,0.0256,449.93
20.602,10.191,1.1046,11.513,1.3689,-0.084022,1.5426,0.1165,0.0269,431.02
20.641,10.658,1.1626,11.533,1.3376,-0.077949,1.5395,0.1172,0.0264,439.77
20.681,11.097,1.1875,11.606,1.3379,-0.081545,1.4996,0.1131,0.0229,510.15
20.721,11.574,1.2674,11.65,1.3593,-0.076917,1.5133,0.1179,0.0256,458.17
20.761,12.039,1.2357,11.673,1.3272,-0.080105,1.4805,0.1115,0.0206,570.3
20.802,12.5,1.4114,11.718,1.5759,-0.078439,1.5482,0.1354,0.0367,322.15
20.841,12.965,1.5486,11.771,1.7581,-0.081364,1.497,0.1466,0.0437,272.35
20.882,13.441,1.6214,11.834,1.7158,-0.076288,1.4931,0.1456,0.0418,286.08
20.921,13.895,1.8358,11.817,1.9795,-0.077731,1.4323,0.1644,0.0537,223.13
20.962,14.375,1.8911,11.839,1.9064,-0.072011,1.4163,0.1612,0.0501,239.35
21.001,14.814,2.1422,11.787,2.2068,-0.069716,1.2977,0.1837,0.0643,186.49
21.042,15.294,2.1254,11.889,1.9899,-0.064239,1.2501,0.1672,0.052,231.82
21.082,15.723,1.9891,11.865,1.7056,-0.05299,1.0419,0.1444,0.0367,326.61
21.122,16.197,2.1137,11.895,1.8711,-0.054564,1.0738,0.1576,0.044,273.66
21.162,16.648,2.2977,11.846,2.0489,-0.049502,0.92032,0.1699,0.0513,234.35
21.202,17.128,2.3739,11.883,2.0575,-0.047241,0.92541,0.1728,0.0518,232.81
21.242,17.496,2.8047,11.838,1.92,-0.039936,0.76561,0.1608,0.0437,274.43
21.282,17.983,2.8385,11.875,1.8029,-0.037961,0.74542,0.152,0.0372,322.88
21.321,18.46,2.9128,11.899,1.8246,-0.038012,0.74642,0.1534,0.0372,323.61
21.362,19.077,2.8922,11.899,1.8246,NaN,NaN,0.10702,NaN,NaN
21.402,19.681,2.872,NaN,NaN,NaN,NaN,0.0616,NaN,NaN
21.442,NaN,NaN,NaN,NaN,NaN,NaN,0.017,NaN,NaN
21.481,NaN,NaN,NaN,NaN,NaN,NaN,-0.1147,NaN,NaN
21.522,NaN,NaN,NaN,NaN,NaN,NaN,-0.0511,NaN,NaN
21.561,NaN,NaN,NaN,NaN,NaN,NaN,0.2101,NaN,NaN
21.602,NaN,NaN,NaN,NaN,NaN,NaN,0.1371,NaN,NaN
21.642,NaN,NaN,NaN,NaN,NaN,NaN,0.1975,NaN,NaN
21.681,NaN,NaN,NaN,NaN,NaN,NaN,0.1339,NaN,NaN
21.722,NaN,NaN,NaN,NaN,NaN,NaN,0.114,NaN,NaN
21.762,NaN,NaN,NaN,NaN,NaN,NaN,0.1114,NaN,NaN
21.801,23.996,3.1354,11.789,1.655,-0.0018561,0.035306,0.1395,-0.0004,-29760
21.842,24.408,3.4905,11.778,2.0494,-0.0099036,0.18789,0.1721,0.0039,3065.4
21.882,24.642,3.9482,11.772,2.09,-0.011189,0.21346,0.1757,0.0097,1232.6
21.922,25.103,3.7518,11.795,1.4692,-0.0021569,0.041106,0.124,-0.0001,-1.1886e+05
21.961,25.57,3.9085,11.809,1.6592,-0.0059781,0.11426,0.1398,0.0018,6624.8
22.002,26.071,4.0169,11.823,1.7572,-0.0074772,0.14307,0.1478,0.0048,2490.1
22.042,26.559,4.1024,11.829,1.8012,-0.0076389,0.14618,0.1514,0.0061,1961.5
22.082,27.045,4.2096,11.791,1.9745,-0.0026716,0.050972,0.166,0.0268,446.11
22.122,27.513,4.225,11.765,1.9509,0.0017202,-0.03277,0.1644,0.0357,334.06
22.162,28.037,4.0248,11.741,2.0815,0.0029234,-0.055509,0.1753,0.0514,231.99
22.201,28.541,4.0916,11.739,2.0981,0.0038643,-0.073308,0.1767,0.0491,242.87
22.242,29.007,4.1617,11.713,2.26,0.0026017,-0.049429,0.1905,0.0729,163.63
22.281,29.476,4.1984,11.697,2.0816,0.0084594,-0.16179,0.1764,0.0535,222.07
22.322,29.96,4.2155,11.675,2.1012,0.010845,-0.20615,0.1781,0.0526,225.52
22.361,30.431,4.1858,11.681,1.6495,0.016901,-0.32525,0.1409,-0.009,-1310.8
22.401,30.904,4.1492,11.677,1.3259,0.020339,-0.38107,0.1123,-0.0504,-233.17
22.441,31.376,4.1943,11.671,1.3182,0.019205,-0.37041,0.1132,-0.0428,-274.41
22.482,31.843,4.1922,11.666,1.1339,0.020047,-0.37572,0.0961,-0.0643,-182.28
22.521,32.314,4.221,11.65,1.0586,0.02103,-0.39995,0.0906,-0.0688,-170.03
22.562,32.78,4.2513,11.633,1.0344,0.021995,-0.41165,0.0878,-0.0689,-169.5
22.601,33.211,4.5926,11.643,0.84342,0.021403,-0.40702,0.0723,-0.0863,-135.27
22.642,33.69,4.5536,11.636,0.68013,0.020802,-0.38942,0.0575,-0.0996,-117.03
******-------------------------------------------------------------------------------------------------------------------****** 
TargetID: ID04
Relevancy: 0
tj = Inf
Label: -1
Comment: Target is irrelevant as it is not crossing the estimated holding line
DATA:
0,-0,0,10.897,0.023508,0.17111,1.3347,0,0.1064,102.41
0.040029,0.87387,0.021059,11.032,0.17625,0.16749,1.3136,0.014,0.1115,98.956
0.080009,1.3149,0.028706,11.077,0.22625,0.16805,1.3179,0.0184,0.1115,99.368
0.1199,1.7667,0.18369,11.056,0.52453,0.17129,1.3337,0.0454,0.1302,85.01
0.15994,2.2112,0.20538,11.099,0.58448,0.17192,1.3384,0.0506,0.1302,85.363
0.20003,2.6298,0.041203,11.156,0.12759,0.15771,1.2009,0.0132,0.0948,117.69
0.23995,3.0753,0.04599,11.198,0.17101,0.15813,1.2042,0.0171,0.0948,118.13
0.28,3.4996,0.13154,11.121,0.33268,0.13894,1.0797,0.0283,0.1017,109.4
0.31994,3.9465,0.14984,11.158,0.37834,0.13937,1.0829,0.0323,0.1017,109.77
0.36,4.3683,0.15399,11.136,0.41997,0.12344,0.95815,0.0363,0.1033,107.88
0.39995,4.8152,0.17216,11.168,0.46713,0.12384,0.96109,0.0404,0.1033,108.2
0.44002,5.2388,0.25,11.19,0.58555,0.12588,0.97688,0.0508,0.1086,103.18
0.48002,5.6881,0.27495,11.221,0.63591,0.1263,0.97996,0.0552,0.1086,103.49
0.51994,6.0922,0.3223,11.174,0.6477,0.10614,0.8225,0.0567,0.1085,103.16
0.56003,6.5407,0.35153,11.199,0.69747,0.10647,0.82502,0.061,0.1085,103.42
0.59997,6.9757,0.20333,11.196,0.46006,0.10007,0.76206,0.0422,0.0929,120.61
0.63996,7.4248,0.22463,11.22,0.5027,0.10034,0.76417,0.0459,0.0929,120.9
0.67996,7.8399,0.49075,11.22,0.88546,0.098112,0.75961,0.0776,0.1129,99.691
0.72005,8.2901,0.53039,11.242,0.93757,0.098409,0.76185,0.0821,0.1129,99.917
0.76082,8.6355,0.085305,11.122,0.26272,0.070989,0.54912,0.0228,0.0738,150.74
0.79997,9.0812,0.094515,11.14,0.29642,0.071173,0.55052,0.0258,0.0738,151
0.83995,9.5172,-0.023628,11.136,0.16948,0.067925,0.51905,0.016,0.0661,168.48
0.88004,9.9694,-0.059737,11.154,0.14597,0.068053,0.52003,0.0139,0.063,177.06
0.92007,10.367,-0.11451,11.085,0.019728,0.048312,0.37318,0.0012,0.0544,203.77
0.95998,10.816,-0.16081,11.097,-0.023172,0.048515,0.3715,-0.0015,0.0513,216.31
1.0001,11.24,-0.33221,11.073,-0.25848,0.044908,0.34686,-0.0239,0.0364,304.3
1.0403,11.722,-0.34716,11.116,-0.24021,0.046691,0.35764,-0.0211,0.0364,305.45
1.0801,12.108,-0.53746,11.026,-0.51277,0.031879,0.24601,-0.0468,0.0209,528.15
1.1201,12.58,-0.54817,11.06,-0.49045,0.032946,0.25272,-0.0439,0.0215,514.92
1.16,13.01,-0.58442,11.03,-0.55678,0.023687,0.18267,-0.0507,0.017,649.63
1.2001,13.45,-0.64127,11.035,-0.58063,0.023956,0.18393,-0.0523,0.0157,703.83
1.2401,13.874,-0.71747,10.986,-0.64667,0.010321,0.079506,-0.0589,0.0115,956.92
1.2801,14.305,-0.80997,10.976,-0.76831,0.010635,0.081774,-0.0698,0.0049,2245.5
1.3201,14.735,-0.84495,10.941,-0.77168,-7.3295e-05,-0.00056116,-0.0704,0.0044,2492.7
1.3601,15.157,-0.89932,10.89,-0.84785,-0.010906,-0.08385,-0.0776,0.0002,54613
1.4001,15.584,-0.92013,10.856,-0.85634,-0.018414,-0.14146,-0.0785,-0.0003,-36300
1.4401,16.017,-0.97622,10.847,-0.89019,-0.018133,-0.13979,-0.0821,-0.0024,-4534.9
1.4801,16.448,-0.98205,10.819,-0.85015,-0.030197,-0.23178,-0.078,-0.0003,-36175
1.52,16.885,-0.90759,10.79,-0.70563,-0.044629,-0.34213,-0.0648,0.0069,1567
1.5601,17.312,-0.85141,10.743,-0.61504,-0.059436,-0.45507,-0.0564,0.0112,960.8
1.6001,17.742,-0.87913,10.733,-0.55561,-0.05892,-0.45637,-0.0525,0.0132,814.17
1.6401,18.183,-0.9702,10.765,-0.64952,-0.039832,-0.30549,-0.0598,0.0089,1211.8
1.6801,18.599,-0.97223,10.666,-0.60173,-0.072484,-0.55428,-0.0554,0.0108,989.18
1.72,18.993,-1.0051,10.544,-0.59281,-0.10588,-0.80715,-0.0548,0.0108,977.86
1.7603,19.396,-1.0261,10.436,-0.55386,-0.13255,-1.0215,-0.053,0.0114,916.73
1.8001,19.798,-1.0419,10.32,-0.54171,-0.16439,-1.246,-0.0502,0.0125,826.71
1.8402,20.189,-1.0363,10.118,-0.42985,-0.19039,-1.4939,-0.0452,0.015,675.12
1.8801,20.594,-1.0524,10.062,-0.42158,-0.19041,-1.4944,-0.0446,0.015,671.36
1.9202,20.997,-1.0689,10.005,-0.4131,-0.19042,-1.4947,-0.0441,0.015,667.6
1.9601,21.354,-1.1188,9.8646,-0.49213,-0.25132,-1.8864,-0.0462,0.0139,710.56
2.0001,21.721,-1.1513,9.7036,-0.45809,-0.27484,-2.1224,-0.0472,0.0133,730.41
2.0401,22.09,-1.1136,9.5527,-0.44448,-0.31262,-2.3287,-0.0417,0.016,597.69
2.0801,22.438,-1.2876,9.3817,-0.53227,-0.32158,-2.4843,-0.0567,0.0083,1132.1
2.1201,22.791,-1.3844,9.2276,-0.65106,-0.35216,-2.6032,-0.0647,0.0041,2256.2
2.1602,23.155,-1.4094,9.1305,-0.64353,-0.35257,-2.604,-0.0645,0.0041,2232.5
2.2002,23.516,-1.4328,9.0332,-0.63628,-0.35299,-2.6048,-0.0643,0.0041,2208.7
2.2401,23.873,-1.4548,8.9359,-0.62913,-0.35199,-2.5956,-0.0642,0.0041,2184.9
2.2802,24.225,-1.4779,8.8388,-0.62191,-0.35238,-2.596,-0.064,0.0041,2161.1
2.3201,24.561,-1.3097,8.6577,-0.47174,-0.3959,-2.8998,-0.0472,0.0126,688.14
2.3602,24.881,-1.3334,8.4828,-0.40073,-0.39712,-3.076,-0.0472,0.0125,679.38
2.4002,25.198,-1.3621,8.32,-0.40201,-0.41196,-3.1923,-0.0483,0.0119,699.97
2.4401,25.518,-1.3782,8.178,-0.46727,-0.44857,-3.2455,-0.048,0.012,682.61
2.4804,25.832,-1.4441,8.04,-0.49487,-0.45438,-3.2775,-0.0519,0.0098,821.96
2.5202,26.137,-1.5104,7.9038,-0.44684,-0.42635,-3.3045,-0.0565,0.0075,1055.5
2.5602,26.439,-1.5705,7.7606,-0.54962,-0.46415,-3.3264,-0.0603,0.0055,1414.5
2.6002,26.743,-1.5899,7.6383,-0.54172,-0.46548,-3.3285,-0.0601,0.0055,1392.3
2.6401,27.001,-1.7378,7.4514,-0.64968,-0.47434,-3.371,-0.0756,-0.0014,-5342.6
2.6801,27.314,-1.6401,7.1124,-0.35744,-0.40024,-3.3847,-0.0628,0.0045,1582.5
2.7202,27.595,-1.6584,7.1889,-0.45396,-0.45338,-3.5183,-0.0631,0.0044,1637.1
2.7601,27.873,-1.6889,7.0475,-0.54884,-0.50199,-3.5265,-0.0644,0.0037,1910.5
2.8002,28.146,-1.7335,6.9124,-0.55902,-0.50465,-3.5315,-0.0668,0.0024,2889.6
2.8404,28.406,-1.8339,6.7806,-0.60985,-0.49806,-3.4744,-0.0755,-0.0017,-4004.7
2.8801,28.659,-1.9055,6.64,-0.64122,-0.49855,-3.4624,-0.0816,-0.0044,-1516.1
2.9202,28.902,-1.9625,6.4973,-0.66694,-0.49926,-3.4511,-0.087,-0.0066,-989.61
2.9601,29.147,-2.0299,6.3806,-0.49155,-0.38884,-3.4366,-0.0927,-0.009,-711.06
3.0002,29.396,-2.0607,6.2386,-0.68829,-0.49782,-3.4128,-0.0935,-0.0093,-674.89
3.0403,29.637,-2.0828,6.1234,-0.57839,-0.43998,-3.406,-0.0942,-0.0094,-654.32
3.0802,29.867,-2.1354,5.9941,-0.59329,-0.43687,-3.38,-0.0987,-0.0111,-542.65
3.1202,30.097,-2.1578,5.8707,-0.58637,-0.43483,-3.3643,-0.0996,-0.0112,-526.78
3.1601,30.323,-2.1941,5.7598,-0.47643,-0.36886,-3.3511,-0.1015,-0.0119,-485.67
3.2001,30.547,-2.2251,5.6206,-0.67975,-0.49645,-3.3267,-0.1007,-0.0114,-496.62
3.2401,30.671,-2.3053,5.2266,-0.74699,-0.49921,-3.0729,-0.1106,-0.0159,-332.06
3.2803,30.891,-2.3138,5.4128,-0.5917,-0.41594,-3.2143,-0.1089,-0.0149,-365.44
3.3201,31.091,-2.3935,5.2936,-0.61963,-0.40926,-3.1581,-0.1165,-0.0181,-294.46
3.3603,31.302,-2.4259,4.8891,-0.74579,-0.48688,-2.945,-0.1171,-0.0182,-271.74
3.4002,31.512,-2.4094,4.7777,-0.71669,-0.49017,-2.9349,-0.1131,-0.016,-301.95
3.4403,31.704,-2.4271,4.9666,-0.57023,-0.40312,-3.1133,-0.1143,-0.0162,-308.6
3.4802,31.895,-2.4512,4.8522,-0.56055,-0.40252,-3.1086,-0.115,-0.0162,-301.51
3.5213,32.08,-2.5039,4.4261,-0.71773,-0.48755,-2.8432,-0.1204,-0.0185,-242.37
3.5603,32.266,-2.5477,4.6242,-0.75184,-0.50751,-2.9945,-0.1223,-0.0192,-244.01
3.6002,32.443,-2.6037,4.5142,-0.76585,-0.50707,-2.963,-0.1277,-0.0215,-212.96
3.6402,32.62,-2.6281,4.1301,-0.54007,-0.3542,-2.7245,-0.13,-0.0221,-188.47
3.6802,32.785,-2.6824,4.3307,-0.61052,-0.37363,-2.8648,-0.1401,-0.0263,-166.29
3.7202,32.952,-2.7297,4.2382,-0.61235,-0.36551,-2.7976,-0.1435,-0.0274,-156.29
3.7612,33.116,-2.7714,3.8488,-0.57202,-0.32496,-2.5092,-0.1475,-0.0288,-135.11
3.8003,33.275,-2.8184,3.7754,-0.57521,-0.31276,-2.4178,-0.1512,-0.0299,-127.72
3.8404,33.43,-2.8805,3.9659,-0.8071,-0.44348,-2.5148,-0.1569,-0.032,-126.47
3.8803,33.588,-2.8799,3.9337,-0.5972,-0.32527,-2.4792,-0.1507,-0.0286,-139.12
3.9202,33.749,-2.8788,3.8703,-0.57984,-0.31307,-2.3878,-0.1487,-0.0272,-143.88
3.9604,33.908,-2.9028,3.5001,-0.53707,-0.26529,-2.0533,-0.1523,-0.0285,-124.25
4.0002,34.064,-2.9109,3.7844,-0.58553,-0.28448,-2.1649,-0.1535,-0.0286,-133.9
4.0403,34.232,-2.9227,3.7447,-0.57675,-0.26805,-2.0419,-0.1528,-0.0277,-136.78
4.0803,34.388,-2.9409,3.7121,-0.58106,-0.24576,-1.8717,-0.1553,-0.0284,-132.3
4.1203,34.585,-2.6182,3.5493,-0.45067,-0.15729,-1.6684,-0.1618,-0.0307,-116.54
4.1604,34.739,-2.6158,3.8157,-0.61941,-0.21689,-1.6356,-0.1609,-0.0297,-130.16
4.2003,34.882,-2.6634,3.7788,-0.64579,-0.19009,-1.4314,-0.1693,-0.0329,-116.52
4.2404,35.031,-2.6536,3.7646,-0.54006,-0.13943,-1.3003,-0.1673,-0.0313,-121.51
4.2804,35.192,-2.6498,3.7171,-0.70598,-0.17485,-1.1333,-0.1657,-0.0301,-125.7
4.3203,35.346,-2.6626,3.7198,-0.61021,-0.12864,-0.98063,-0.1626,-0.0283,-133.2
4.3604,35.501,-2.6755,3.7161,-0.55545,-0.094295,-0.82586,-0.1647,-0.0286,-131.38
4.4003,35.656,-2.6822,3.6963,-0.61325,-0.093255,-0.71551,-0.1644,-0.028,-133.82
4.4403,35.811,-2.7065,3.6829,-0.61326,-0.084096,-0.64767,-0.165,-0.028,-133.34
4.4804,35.966,-2.7371,3.6706,-0.64972,-0.075937,-0.54145,-0.1643,-0.0273,-136.54
4.5203,36.11,-2.7697,3.6631,-0.61813,-0.061423,-0.4773,-0.1672,-0.028,-132.68
4.5604,36.252,-2.7757,3.5666,-0.57122,-0.050952,-0.43292,-0.1681,-0.0276,-130.87
4.6003,36.405,-2.7958,3.6404,-0.64177,-0.048139,-0.35715,-0.1672,-0.0268,-137.93
4.6402,36.55,-2.8199,3.6312,-0.61637,-0.04436,-0.35024,-0.1681,-0.0268,-137.43
4.6803,36.687,-2.84,3.6321,-0.57985,-0.038195,-0.30385,-0.1583,-0.0226,-162.75
4.7203,36.826,-2.8585,3.5535,-0.54636,-0.037612,-0.32076,-0.1596,-0.0226,-159.08
4.7603,36.979,-2.8489,3.6053,-0.58506,-0.039603,-0.30354,-0.1545,-0.0202,-180.81
4.8003,37.115,-2.835,3.5923,-0.54967,-0.04037,-0.32834,-0.1519,-0.0186,-195.38
4.8403,37.254,-2.8014,3.562,-0.52895,-0.053007,-0.43471,-0.1474,-0.0163,-220.93
4.8803,37.384,-2.8145,3.4372,-0.47314,-0.052394,-0.48214,-0.1481,-0.0162,-214.18
4.9204,37.518,-2.7684,3.496,-0.4913,-0.072938,-0.6098,-0.1396,-0.0124,-284.71
4.9604,37.597,-2.9104,3.3686,-0.37274,-0.10239,-1.128,-0.1378,-0.0115,-294.71
5.0003,37.717,-2.8632,3.2923,-0.42344,-0.1496,-1.2802,-0.1279,-0.0072,-461.03
5.0404,37.842,-2.8481,3.2482,-0.40672,-0.14993,-1.301,-0.1246,-0.0057,-574.32
5.0804,37.939,-2.851,3.1783,-0.23343,-0.1117,-1.6493,-0.1189,-0.0034,-937.31
5.1204,38.045,-2.8528,3.1258,-0.20586,-0.10649,-1.6709,-0.1135,-0.0013,-2409.7
5.1604,38.144,-2.8592,2.3883,-0.10804,-0.056282,-1.4067,-0.1142,-0.0013,-1839
5.2004,38.255,-2.8433,3.0218,-0.14241,-0.093322,-1.6841,-0.0987,0.0044,687.54
5.2404,38.367,-2.8199,2.9936,-0.098203,-0.086301,-1.6103,-0.0832,0.0101,296.55
5.2803,38.494,-2.8324,2.9949,-0.11431,-0.075417,-1.1169,-0.0731,0.0137,218.77
5.3204,38.608,-2.8045,2.9647,-0.090602,-0.072753,-1.1395,-0.0669,0.0158,187.73
5.3613,38.709,-2.7345,2.9294,-0.00541,-0.069151,-1.28,-0.0437,0.0242,121.05
5.4004,37.421,-2.4778,2.9701,0.81176,0.31325,-1.5397,-0.018,0.0335,91.912
5.4403,37.592,-2.4977,2.936,0.59682,0.16322,-1.1988,-0.0216,0.0316,94.812
5.4803,37.633,-2.439,2.9041,0.68768,0.16883,-1.1604,0.0065,0.0416,71.742
5.5218,37.733,-2.4263,2.8885,0.53238,0.082815,-0.88083,0.0049,0.0404,72.702
5.5605,37.882,-2.3992,2.855,0.53458,0.088503,-0.89472,0.0051,0.04,72.616
5.6003,37.976,-2.3615,2.8362,0.47262,0.04291,-0.69282,0.0221,0.0459,62.643
5.6403,38.021,-2.349,2.0462,0.82592,0.25443,-0.94491,0.0252,0.0467,47.251
5.6804,38.081,-2.3214,2.719,0.86765,0.24221,-1.1911,0.0436,0.0529,53.953
5.7203,38.137,-2.2517,2.6754,1.0717,0.37408,-1.3875,0.0641,0.06,48.034
5.7604,38.251,-2.2134,2.6635,0.82294,0.17201,-0.9916,0.0669,0.0601,46.384
5.8014,38.351,-2.1979,2.626,0.85104,0.18226,-0.99525,0.0747,0.0622,44.381
5.8405,38.412,-2.174,2.5875,1.2173,0.53742,-1.5619,0.0704,0.0599,47.738
5.8804,38.497,-2.0931,2.545,1.4044,0.73407,-1.764,0.0857,0.0651,44.651
5.9203,38.604,-1.9335,2.545,1.4044,NaN,NaN,-0.01989,NaN,NaN
5.9604,38.71,-1.7738,2.545,1.4044,NaN,NaN,-0.12558,NaN,NaN
6.0004,38.816,-1.614,2.545,1.4044,NaN,NaN,-0.23136,NaN,NaN
6.0415,38.926,-1.4496,2.545,1.4044,NaN,NaN,-0.34011,NaN,NaN
6.0804,39.029,-1.2945,2.545,1.4044,NaN,NaN,-0.44276,NaN,NaN
6.1214,39.138,-1.1307,2.545,1.4044,NaN,NaN,-0.55118,NaN,NaN
6.1604,39.242,-0.9751,2.545,1.4044,NaN,NaN,-0.65413,NaN,NaN
6.2015,39.351,-0.81103,NaN,NaN,NaN,NaN,-0.7627,NaN,NaN
******-------------------------------------------------------------------------------------------------------------------****** 
TargetID: ID16
Target can not be processed due to lack of Data
******-------------------------------------------------------------------------------------------------------------------****** 
TargetID: ID17
Target can not be processed due to lack of Data
******-------------------------------------------------------------------------------------------------------------------****** 
TargetID: ID18
Relevancy: 1
tj = 16.2411
Label: 0
Comment: Target is relevant and going straight, since target is crossing Ego X-axis in EFC
DATA:
13.881,0,0,13.061,-0.001632,0.18328,-0.093214,0,0.0281,464.8
13.921,0.50846,-0.087755,13.052,-0.22517,0.18099,-0.092065,-0.0171,0.0103,1267.4
13.961,1.0325,-0.10084,13.072,-0.22011,0.17985,-0.091507,-0.0167,0.0103,1269.3
14.001,1.5036,-0.18117,13.062,-0.31719,0.19345,-0.098482,-0.0241,0.0037,3531.3
14.041,2.0434,-0.13791,13.097,-0.10837,0.18982,-0.096608,-0.0084,0.018,727.63
14.082,2.5615,-0.19332,13.102,-0.2661,0.19232,-0.09793,-0.0205,0.0062,2113.7
14.121,3.1003,-0.078619,13.145,-0.0057142,0.18738,-0.095465,-0.0006,0.0236,557
14.161,3.6203,0.031714,13.138,0.27237,0.14173,-0.072277,0.0209,0.0414,317.4
14.201,4.1665,0.30344,13.12,0.32761,0.11917,-0.060805,0.0251,0.0437,300.33
14.241,4.6738,0.35241,13.11,0.33647,0.099131,-0.050603,0.0257,0.0429,305.69
14.281,5.1559,0.36635,13.092,0.33106,0.081489,-0.041616,0.0253,0.0408,320.98
14.321,5.6365,0.23529,13.045,0.11679,0.051888,-0.026504,0.0089,0.0264,494.15
14.361,6.1633,0.16255,13.033,-0.033356,0.045208,-0.023104,-0.0026,0.0162,804.51
14.401,6.6707,0.14309,13.011,-0.088329,0.024678,-0.012623,-0.0068,0.0124,1049.3
14.441,7.1799,0.19826,13.008,0.013034,0.013847,-0.0070897,0.001,0.0184,706.94
14.481,7.6905,0.19507,12.993,-0.018523,-0.00037745,0.00019313,-0.0014,0.0161,806.99
14.521,8.2128,0.25641,12.995,0.10109,-0.0088063,0.0045212,0.0078,0.0232,560.15
14.561,8.7028,0.3079,12.967,0.18616,-0.031569,0.016229,0.0143,0.0274,473.3
14.601,9.211,0.2781,12.943,0.12687,-0.048527,0.024999,0.0098,0.0232,557.9
14.641,9.7002,0.25582,12.91,0.088106,-0.065085,0.03362,0.0069,0.0199,648.76
14.681,10.136,0.30058,12.902,0.18977,-0.067551,0.035001,0.0148,0.0254,508.01
14.721,10.639,0.33099,12.888,0.20974,-0.072265,0.037589,0.0163,0.0257,501.53
14.761,11.131,0.38635,12.853,0.015772,-0.085359,0.044587,0.0013,0.0138,931.36
14.801,11.629,0.30413,12.828,-0.12321,-0.088404,0.046392,-0.0095,0.0053,2420.5
14.841,12.137,0.25345,12.809,-0.19767,-0.09406,0.049618,-0.0153,0.0012,10675
14.881,12.651,0.18624,12.788,-0.30677,-0.097703,0.051806,-0.024,-0.0045,-2842.6
14.921,13.171,0.15916,12.786,-0.30768,-0.093836,0.050044,-0.0241,-0.0039,-3279.3
14.961,13.68,0.16915,12.776,-0.27737,-0.097449,0.052274,-0.0216,-0.0018,-7099.3
15.001,14.191,0.18341,12.766,-0.22581,-0.099796,0.05388,-0.0176,0.0013,9821.6
15.041,14.699,0.18738,12.754,-0.21629,-0.10176,0.055307,-0.017,0.0018,7086.6
15.081,15.199,0.1455,12.731,-0.28661,-0.10655,0.058338,-0.0225,-0.002,-6367.3
15.121,15.692,0.098224,12.686,-0.32534,-0.13173,0.072706,-0.0255,-0.0042,-3021.4
15.161,16.208,0.10278,12.677,-0.31789,-0.12914,0.071848,-0.0251,-0.0034,-3729.6
15.201,16.734,0.14747,12.687,-0.26769,-0.11887,0.066731,-0.021,0.0002,63451
15.241,17.244,0.16376,12.669,-0.22577,-0.1233,0.069819,-0.0178,0.0025,5068.5
15.281,17.737,0.13403,12.629,-0.25875,-0.14167,0.080991,-0.0203,0.0005,25263
15.321,18.234,0.16534,12.588,-0.192,-0.16314,0.094176,-0.0151,0.0041,3070.6
15.361,18.741,0.2667,12.567,-0.031775,-0.16385,0.095487,-0.0023,0.0123,1021.7
15.401,19.243,0.32499,12.564,0.1165,-0.14408,0.084714,0.0094,0.0201,625.11
15.441,19.73,0.43194,12.518,0.32333,-0.15223,0.090419,0.026,0.0296,423.05
15.481,20.223,0.40511,12.487,0.27528,-0.15293,0.091702,0.0222,0.0262,476.7
15.521,20.733,0.43751,12.487,0.3132,-0.13501,0.081745,0.0249,0.0277,450.95
15.561,21.196,0.50149,12.474,0.45096,-0.12665,0.077482,0.0363,0.0349,357.67
15.601,21.692,0.68709,12.47,0.64169,-0.11317,0.069969,0.0516,0.0448,278.71
15.641,22.182,0.74573,12.452,0.72296,-0.10625,0.06638,0.0582,0.0482,258.77
15.681,22.674,0.80391,12.422,0.78819,-0.10461,0.066059,0.0635,0.0506,245.98
15.721,23.174,1.0125,12.35,1.1636,-0.10715,0.068436,0.0941,0.0701,176.95
15.761,23.674,1.0742,12.34,1.2274,-0.092666,0.059808,0.0993,0.072,172.23
15.801,24.194,1.1264,12.345,1.321,-0.075922,0.049509,0.1067,0.0755,164.45
15.842,24.679,1.1588,12.305,1.308,-0.075714,0.049828,0.106,0.0729,169.75
15.881,25.168,1.199,12.268,1.3425,-0.073761,0.048935,0.1091,0.0735,167.91
15.921,25.442,1.2365,12.234,1.3748,-0.072066,0.048157,0.1121,0.0739,166.59
15.961,25.024,1.2163,12.219,1.4347,-0.063209,0.042561,0.1174,0.076,161.89
16.001,25.388,1.3012,12.219,1.5528,-0.051492,0.034905,0.1268,0.0813,151.51
16.041,25.965,1.3802,12.179,1.5953,-0.048246,0.032894,0.1306,0.0818,150.16
16.081,26.455,1.4488,12.136,1.6429,-0.046192,0.031646,0.1349,0.0831,147.37
16.121,26.938,1.5235,12.073,1.6917,-0.04603,0.031631,0.1396,0.0848,143.76
16.161,27.424,1.5915,12.015,1.7488,-0.043905,0.030229,0.1449,0.0869,139.72
16.201,27.909,1.6709,11.958,1.7995,-0.041097,0.028325,0.1497,0.0886,136.48
16.241,28.403,1.7535,11.915,1.8756,-0.035151,0.024247,0.1564,0.092,131.1
16.281,28.807,1.8582,11.869,2.0495,-0.019551,0.013495,0.1712,0.1021,117.97
16.321,29.295,2.0041,11.835,2.3051,0.0057022,-0.0039381,0.1923,0.1173,102.79
16.361,29.809,2.1846,11.803,2.5956,0.036896,-0.025484,0.2161,0.1346,89.782
16.401,30.301,2.3123,11.795,2.7106,0.044701,-0.030866,0.2255,0.1377,87.888
16.441,30.887,2.5613,11.848,3.1465,0.07441,-0.051356,0.2589,0.1622,75.58
16.481,31.412,2.767,11.895,3.4411,0.080948,-0.05584,0.2808,0.1755,70.555
16.521,31.866,2.9015,11.855,3.5167,0.085258,-0.05882,0.2875,0.1753,70.54
16.561,32.47,3.102,11.89,3.6775,0.076625,-0.052882,0.2993,0.1793,69.411
16.601,32.925,3.2441,11.846,3.7464,0.080577,-0.05563,0.3056,0.1787,69.526
16.641,33.43,3.4208,11.896,3.9016,0.063217,-0.043651,0.3163,0.1818,68.863
16.681,33.847,3.293,12.996,4.5138,0.075246,-0.052033,0.3349,0.0678,202.91
16.721,34.357,3.4297,12.793,4.1229,0.06293,-0.043492,0.3123,0.0433,310.41
16.761,34.807,3.5139,12.72,3.9597,0.028972,-0.020012,0.3021,-0.0093,-1432.4
16.801,35.316,3.676,12.756,3.7912,0.019314,-0.013342,0.2891,-0.0406,-327.77
16.841,35.836,3.8314,12.851,3.714,0.00058216,-0.00040218,0.2814,-0.0642,-208.36
16.881,36.354,4.0044,12.885,3.7722,0.00093101,-0.00064292,0.2848,-0.0444,-302.39
16.921,36.82,4.1478,12.788,3.8079,0.016054,-0.011096,0.2896,-0.0261,-511.22
16.961,37.22,4.3009,12.447,3.8453,0.084525,-0.058489,0.3004,0.0092,1416.1
17.001,37.346,4.497,11.624,4.3652,0.23057,-0.16005,0.3618,0.1562,79.489
17.041,37.813,4.6793,11.553,4.4161,0.23774,-0.16507,0.3678,0.1556,79.489
17.081,38.277,4.8579,11.479,4.4468,0.24931,-0.17316,0.3725,0.1518,81.094
17.121,38.725,5.0501,11.379,4.519,0.2647,-0.18393,0.3811,0.1575,77.734
17.161,39.323,5.4216,11.98,5.2383,-0.1273,0.08776,0.4109,0.201,65.051
17.201,39.463,5.6015,10.846,5.1874,0.36514,-0.25081,0.4416,0.2503,48.032
17.241,39.895,5.8077,10.805,5.1526,0.37536,-0.26175,0.4498,0.247,48.464
17.281,40.233,5.981,10.385,5.4216,0.48121,-0.32956,0.4747,0.2758,42.476
17.321,40.648,6.1521,10.364,5.6276,0.34132,-0.23433,0.4929,0.2909,40.541
17.361,41.014,6.3252,10.285,5.7698,0.24716,-0.17193,0.5146,0.3091,38.152
17.401,41.498,6.5375,10.359,5.7638,0.23444,-0.16301,0.5109,0.283,41.887
17.441,41.91,6.7795,10.283,5.8615,0.24115,-0.16772,0.5213,0.2817,42.016
17.481,42.318,7.0236,10.167,6.0218,0.24792,-0.17046,0.5314,0.28,42.201
17.521,42.732,7.2484,10.155,5.9637,0.28569,-0.19897,0.5349,0.267,44.106
17.561,43.156,7.4964,10.141,6.0228,0.27471,-0.19126,0.5396,0.2594,45.469
17.601,43.583,7.7469,10.114,6.1017,0.26164,-0.1821,0.5464,0.255,46.321
17.641,43.998,8.007,10.069,6.2018,0.24533,-0.17068,0.5553,0.2538,46.595
17.681,44.424,8.2763,10.068,6.3195,0.19658,-0.13658,0.5631,0.2513,47.303
17.721,44.846,8.5284,10.041,6.3703,0.19577,-0.13601,0.568,0.2443,48.673
17.762,45.256,8.7729,10.004,6.3905,0.21616,-0.15027,0.5714,0.2351,50.493
17.801,45.673,9.036,9.992,6.4669,0.19056,-0.13238,0.5769,0.2299,51.771
17.841,46.202,9.1995,10.157,6.3154,0.17468,-0.12128,0.5585,0.1969,60.744
17.881,46.598,9.467,10.105,6.3744,0.1814,-0.12597,0.5652,0.194,61.584
17.921,47.003,9.7473,10.082,6.4714,0.15149,-0.10511,0.5726,0.1928,62.136
17.961,47.465,9.9647,10.156,6.4403,0.1262,-0.087498,0.5667,0.1771,67.906
18.001,47.919,10.197,10.213,6.4326,0.09427,-0.065306,0.5633,0.1646,73.33
18.041,48.277,10.51,10.124,6.5661,0.08405,-0.058212,0.5764,0.1696,71.15
18.082,48.672,10.799,10.089,6.6525,0.067901,-0.047007,0.5838,0.1691,71.465
18.121,49.086,11.077,10.092,6.702,0.045704,-0.031622,0.5868,0.1636,74.048
18.161,49.482,11.365,10.069,6.7433,0.049424,-0.034199,0.5907,0.1584,76.504
18.201,49.889,11.672,10.035,6.8477,0.022797,-0.015762,0.5991,0.1606,75.645
18.241,50.23,12.015,9.9309,6.9949,0.015704,-0.010857,0.6138,0.1667,72.868
18.281,50.64,12.35,9.8877,7.0966,0.0089571,-0.0061914,0.6226,0.1685,72.23
18.321,50.98,12.695,9.7869,7.2218,0.016635,-0.0115,0.6359,0.173,70.306
18.361,51.337,13.016,9.7274,7.3178,0.0026756,-0.0018488,0.645,0.1736,70.119
18.401,51.682,13.383,9.6276,7.4635,-0.0098907,0.006833,0.6593,0.1791,68.016
18.441,52.054,13.72,9.5621,7.5735,-0.026767,0.018486,0.6695,0.1816,67.17
18.481,52.377,14.068,9.4524,7.695,-0.025252,0.017438,0.6829,0.1858,65.6
18.521,52.784,14.368,9.4401,7.7582,-0.04552,0.031425,0.6873,0.1839,66.444
18.561,53.139,14.747,9.3502,7.9069,-0.076504,0.052767,0.701,0.1889,64.824
18.601,53.508,15.066,9.2963,7.9915,-0.085385,0.058892,0.709,0.1895,64.692
******-------------------------------------------------------------------------------------------------------------------****** 
TargetID: ID05
Relevancy: 1
tj = 0.56003
Label: 0
Comment: Target is relevant and going straight, since target is crossing Ego X-axis in EFC
DATA:
0,0,0,11.238,-0.019287,-0.18575,0.13903,0,0.0525,214.05
0.040029,0.88865,-0.0073899,11.113,0.022936,-0.19218,0.14373,0.0039,0.0527,210.86
0.080009,1.2998,-0.050512,11.003,0.051102,-0.2125,0.1591,0.0068,0.0536,205.29
0.1199,1.7379,-0.042433,10.926,0.11785,-0.21136,0.15809,0.0129,0.0571,191.36
0.15994,2.1774,-0.019547,10.853,0.17108,-0.21293,0.15927,0.018,0.0596,182.11
0.20003,2.5973,0.011078,10.76,0.28136,-0.21212,0.15868,0.0284,0.0666,161.62
0.23995,3.0233,0.045576,10.691,0.42954,-0.19618,0.14676,0.0423,0.0761,140.6
0.28,3.4551,0.045549,10.738,0.51149,-0.15305,0.11448,0.0493,0.0779,138
0.31994,3.8746,0.019653,10.721,0.48107,-0.13949,0.10433,0.0464,0.0718,149.46
0.36,4.2871,-0.0044426,10.707,0.44702,-0.1248,0.093336,0.0431,0.0652,164.35
0.39995,4.7245,0.020866,10.664,0.47491,-0.12378,0.092575,0.0459,0.0657,162.47
0.44002,5.1553,0.054701,10.614,0.50928,-0.12276,0.091813,0.0493,0.0666,159.55
0.48002,5.5889,0.10516,10.574,0.60499,-0.11598,0.086739,0.0585,0.0725,146.09
0.51994,6.0092,0.12462,10.524,0.62179,-0.1153,0.086288,0.0604,0.0718,146.83
0.56003,6.4227,0.13785,10.462,0.62578,-0.11609,0.086881,0.0611,0.0702,149.3
0.59997,6.8531,0.22335,10.396,0.79709,-0.10353,0.077435,0.0778,0.0826,126.23
0.63996,7.3096,0.30797,10.355,0.93765,-0.086461,0.064661,0.0914,0.0916,113.51
0.67996,7.7446,0.39962,10.328,1.0842,-0.065537,0.049009,0.1054,0.1005,103.33
0.72005,8.1663,0.58839,10.293,1.2364,-0.043588,0.03259,0.1201,0.1097,94.503
0.76082,8.6259,0.71597,10.292,1.4583,-0.010647,0.0079589,0.1409,0.1236,84.099
0.79997,9.318,0.80849,11.43,4.2132,0.32164,-0.23951,0.3493,0.0572,212.96
0.83995,9.7906,0.87984,10.562,3.2474,0.23794,-0.17735,0.295,0.0297,372.07
0.88004,9.9824,0.79353,9.856,1.864,0.019035,-0.014226,0.1866,-0.3432,-29.227
0.92007,10.417,0.83174,10.162,2.1492,0.02663,-0.0199,0.208,-0.274,-37.908
0.95998,10.845,0.91439,10.322,2.2274,0.021529,-0.01609,0.2122,-0.2363,-44.689
1.0001,11.317,0.99971,10.506,2.2688,0.014162,-0.010584,0.2125,-0.2114,-50.843
1.0403,11.884,1.0344,11.372,2.0271,-0.08185,0.061087,0.1754,-0.3655,-31.604
1.0801,12.279,1.0699,11.568,1.8756,-0.080599,0.06016,0.1598,-0.3894,-30.095
1.1201,12.666,1.1449,11.505,1.7654,-0.067101,0.050097,0.1515,-0.3672,-31.698
1.16,13.03,1.2891,11.404,1.9521,-0.092403,0.06895,0.1684,-0.281,-41.175
1.2001,13.395,1.3306,11.381,1.7846,-0.067897,0.050688,0.1547,-0.2885,-39.932
1.2401,13.756,1.38,11.385,1.7291,-0.059844,0.044684,0.15,-0.2744,-41.967
1.2801,14.109,1.4149,11.365,1.6664,-0.048051,0.035886,0.145,-0.2623,-43.793
1.3201,14.549,1.5241,11.533,1.8097,-0.06404,0.047813,0.1549,-0.2182,-53.504
1.3601,14.95,1.5974,11.567,1.862,-0.067103,0.050096,0.1588,-0.192,-61.02
1.4001,15.221,1.6126,11.214,1.7431,-0.042157,0.031486,0.1537,-0.188,-60.363
1.4401,15.546,1.6938,11,1.7469,-0.039549,0.029539,0.157,-0.1681,-66.257
1.4801,15.918,1.8843,11.296,2.3464,-0.17133,0.12828,0.2071,-0.0664,-173.76
1.52,16.267,2.0259,6.6484,4.5302,-0.2424,0.18201,0.23692,-0.056617,-142.1
1.5601,16.489,2.2298,4.9181,5.4348,-0.31368,0.23591,0.26684,-0.046803,-156.61
1.6001,16.7,2.4438,6.1201,5.0533,-0.38485,0.28971,0.29671,-0.037005,-214.47
1.6401,17.018,2.617,10.254,3.3861,-0.45608,0.34356,0.3266,-0.0272,-397
1.6801,17.383,2.7567,10.29,3.518,-0.48,0.36179,0.3375,0.0015,7249.9
1.72,17.652,2.9478,10.565,3.3637,-0.34062,0.25596,0.3136,-0.1166,-95.093
1.7603,18.085,3.0963,10.691,3.4426,-0.375,0.28194,0.3174,-0.0752,-149.35
1.8001,18.502,3.1693,10.669,3.3728,-0.32004,0.24041,0.3112,-0.0927,-120.7
1.8402,17.768,2.8476,10.883,3.055,-0.2745,0.20595,0.2778,-0.0374,-302.25
1.8801,18.606,3.0854,10.19,3.1928,-0.33129,0.24521,0.2981,0.0075,1423.8
1.9202,19.213,3.2832,10.307,3.3874,-0.43198,0.31884,0.3104,0.1028,105.54
1.9601,19.616,3.4875,10.363,3.5401,-0.4543,0.3351,0.3218,0.1196,91.562
2.0001,20.055,3.6288,10.488,3.5588,-0.44048,0.32514,0.3201,0.1006,110.09
2.0401,20.353,3.8177,10.099,3.7597,-0.36299,0.26822,0.3502,0.1561,69.031
2.0801,20.695,3.9916,9.852,3.8189,-0.24626,0.18254,0.3653,0.171,61.791
2.1201,21.119,4.1764,9.9485,3.8608,-0.25788,0.19112,0.3656,0.1532,69.656
2.1602,21.518,4.3716,9.9682,3.9466,-0.25513,0.1891,0.3725,0.1531,70.026
2.2002,21.86,4.4722,9.645,3.6394,0.024118,-0.018043,0.3613,0.1026,100.48
2.2401,22.276,4.6085,9.7186,3.5545,0.026269,-0.019654,0.3511,0.0681,151.96
2.2802,22.649,4.7869,9.7127,3.6045,0.026835,-0.020077,0.3559,0.0676,153.25
2.3201,23.048,4.9171,9.7113,3.4534,0.07309,-0.054773,0.343,0.0329,313.28
2.3602,23.358,5.1603,9.5152,3.4972,0.18261,-0.13742,0.3558,0.0465,218.01
2.4002,23.698,5.3582,9.4301,3.5785,0.20331,-0.15314,0.3668,0.0589,171.24
2.4401,24.046,5.5267,9.3745,3.6058,0.21141,-0.15931,0.3715,0.0587,171.11
2.4804,24.363,5.7496,9.2739,3.7314,0.22219,-0.16755,0.3871,0.0755,132.4
2.5202,24.676,5.9595,9.1601,3.8382,0.24184,-0.18257,0.4019,0.0904,109.86
2.5602,25.013,6.1854,9.106,3.9903,0.20632,-0.15555,0.4174,0.1057,94.058
2.6002,25.33,6.416,9.0165,4.1017,0.21307,-0.16071,0.4315,0.1167,84.881
2.6401,25.61,6.8864,8.7996,4.4381,0.2553,-0.19304,0.4728,0.1609,61.252
2.6801,25.958,7.0608,8.7724,4.4456,0.25698,-0.19434,0.4748,0.1528,64.362
2.7202,26.348,7.3264,8.7475,4.5003,0.26439,-0.20002,0.4811,0.1519,64.761
2.7601,26.643,7.5485,8.6466,4.5609,0.29353,-0.22244,0.4921,0.1543,63.355
2.8002,26.983,7.7314,8.6281,4.5447,0.29789,-0.22581,0.4916,0.1429,68.242
2.8404,27.246,7.9954,8.4989,4.7027,0.29722,-0.22538,0.5123,0.1573,61.75
2.8801,27.649,8.1229,8.5729,4.6909,0.208,-0.15677,0.5054,0.1435,68.1
2.9202,27.979,8.3124,8.5686,4.7663,0.16037,-0.12065,0.5113,0.1429,68.614
2.9601,28.343,8.4798,8.5969,4.7974,0.11456,-0.086022,0.5116,0.1371,71.808
3.0002,28.589,8.8051,8.4252,5.0455,0.096071,-0.072097,0.5418,0.1612,60.921
******-------------------------------------------------------------------------------------------------------------------****** 
TargetID: ID19
Relevancy: 1
tj = 15.5212
Label: 0
Comment: Target is relevant and going straight, since the velocity ratio is almost not changing
DATA:
14.761,0,0,6.1888,-0.00025323,0,0,0,0,Inf
14.801,0.19683,-0.2613,6.2282,-0.39071,0.28849,-0.11065,-0.0624,-0.0197,-316.77
14.841,0.44465,-0.27359,6.2474,-0.39719,0.28523,-0.11009,-0.0633,-0.0197,-317.77
14.881,0.68722,-0.30086,6.2276,-0.42209,0.23213,-0.090179,-0.0675,-0.0189,-330.26
14.921,0.91026,-0.31935,6.2562,-0.43181,0.2626,-0.10274,-0.0687,-0.02,-313.55
14.961,1.1273,-0.39052,6.3392,-0.55137,0.44916,-0.17699,-0.0864,-0.0357,-178.24
15.001,1.3753,-0.43643,6.302,-0.62012,0.33622,-0.13352,-0.0981,-0.0524,-120.85
15.041,1.6232,-0.45353,6.3227,-0.63532,0.33033,-0.13225,-0.1001,-0.0524,-121.27
15.081,1.872,-0.47237,6.3432,-0.65121,0.32415,-0.13095,-0.1023,-0.0524,-121.69
15.121,2.1111,-0.73107,6.0613,-1.658,0.27317,-0.11139,-0.2671,-0.3629,-17.316
15.161,2.3498,-0.7963,6.0476,-1.7491,0.27709,-0.11413,-0.2816,-0.3629,-17.348
15.201,2.5935,-0.85159,6.0475,-1.796,0.2832,-0.11787,-0.2888,-0.3498,-18.035
15.241,2.8339,-0.92749,6.033,-1.8835,0.28744,-0.12092,-0.3027,-0.3498,-18.068
15.281,3.0734,-1.0049,6.017,-1.9716,0.29151,-0.124,-0.3167,-0.3498,-18.101
15.321,3.3214,-1.097,6.2781,-2.4981,0.35849,-0.15456,-0.33786,-0.35898,-18.822
15.361,3.5707,-1.1954,6.0326,-2.2643,0.42573,-0.18524,-0.3591,-0.3682,-17.5
15.401,3.8091,-1.2878,6.0151,-2.3594,0.4308,-0.18954,-0.3738,-0.3682,-17.548
15.441,4.0544,-1.3759,6.2506,-2.0852,0.44444,-0.1981,-0.37694,-0.35063,-18.792
15.481,4.3064,-1.457,6.3416,-2.0128,0.45809,-0.20665,-0.38009,-0.33305,-19.977
15.521,4.5604,-1.5398,6.2875,-2.1439,0.47181,-0.21526,-0.38325,-0.31538,-21.063
15.561,4.8081,-1.6314,6.0887,-2.477,0.48546,-0.22382,-0.3864,-0.2978,-22.073
15.601,5.0506,-1.7366,6.0783,-2.5581,0.48864,-0.22807,-0.3984,-0.2978,-22.144
15.641,5.3327,-1.8255,6.1716,-2.5836,0.57285,-0.27066,-0.3965,-0.276,-24.241
15.681,5.5769,-1.9316,6.1662,-2.6619,0.57588,-0.27548,-0.4076,-0.276,-24.334
15.721,5.8359,-2.0188,6.1864,-2.702,0.58152,-0.28169,-0.4117,-0.2673,-25.255
15.761,5.9757,-2.0252,5.9428,-2.5546,0.25863,-0.12688,-0.4059,-0.2553,-25.337
15.801,6.1376,-2.017,5.7395,-2.3554,-0.016974,0.0084265,-0.3894,-0.2288,-27.115
15.842,6.333,-2.0442,5.6889,-2.2872,-0.024017,0.012049,-0.3823,-0.2097,-29.239
******-------------------------------------------------------------------------------------------------------------------****** 
TargetID: ID20
Target can not be processed due to lack of Data
******-------------------------------------------------------------------------------------------------------------------****** 
TargetID: ID22
Relevancy: 1
tj = 16.1614
Label: 0
Comment: Target is relevant and going straight, since the velocity ratio is almost not changing
DATA:
14.641,0,0,5.3163,3.735e-05,0,0,0,0,Inf
14.681,0.20778,-0.011081,5.1976,-0.53711,-0.057721,0.025948,-0.0076233,-0.0030765,-1698.4
14.721,0.41378,-0.041079,5.0968,-0.93744,-0.11617,0.052222,-0.015342,-0.0061917,-836.97
14.761,0.61596,-0.084172,5.0155,-1.1932,-0.17456,0.078474,-0.023055,-0.0093042,-554.1
14.801,0.8152,-0.13459,4.9537,-1.3046,-0.23294,0.10472,-0.030765,-0.012416,-412.6
14.841,1.0128,-0.18669,4.9113,-1.2718,-0.29144,0.13101,-0.038491,-0.015534,-326.6
14.881,1.2088,-0.23452,4.8885,-1.0945,-0.34986,0.15728,-0.046207,-0.018648,-268.64
14.921,1.4042,-0.27234,4.8852,-0.7732,-0.40824,0.18352,-0.053917,-0.021759,-227.3
14.961,1.6016,-0.29455,4.9015,-0.30271,-0.46717,0.21001,-0.0617,-0.0249,-197.22
15.001,1.7765,-0.45219,4.1279,-5.8912,-0.60613,0.27491,-0.1145,-0.088614,-81.177
15.041,1.9481,-0.62288,4.6095,-0.77783,-0.74721,0.3408,-0.1681,-0.1533,-30.493
15.081,2.1528,-0.50099,4.6747,-0.4234,-0.55777,0.25664,-0.0913,-0.0202,-232.37
15.121,2.3699,-0.56287,4.6411,-0.46438,-0.55693,0.25862,-0.0988,-0.0236,-197.64
15.161,2.5427,-0.61537,4.5446,-0.54393,-0.62734,0.29376,-0.1181,-0.0478,-95.754
15.201,2.7094,-0.59903,4.4496,-0.5354,-0.6927,0.3276,-0.1209,-0.0581,-77.137
15.241,2.9058,-0.73727,4.3639,-0.73913,-0.76941,0.36734,-0.1666,-0.1073,-41.249
15.281,3.0779,-0.76652,4.3072,-0.74876,-0.7636,0.36832,-0.1709,-0.1073,-40.744
15.321,3.2539,-0.73516,4.2866,-0.61875,-0.67598,0.32979,-0.1421,-0.0665,-65.128
15.361,3.4204,-0.77751,4.2306,-0.66846,-0.6785,0.33407,-0.1567,-0.0792,-54.079
15.401,3.5864,-0.80369,4.1771,-0.67359,-0.67041,0.33351,-0.1599,-0.0792,-53.422
15.441,3.7599,-0.89097,4.1802,-0.77245,-0.60756,0.30567,-0.1827,-0.0962,-44.189
15.481,3.9242,-0.92373,4.1318,-0.77997,-0.60044,0.30533,-0.1866,-0.0962,-43.709
15.521,4.0688,-0.964,4.0017,-0.86646,-0.71847,0.36924,-0.212,-0.1234,-33.18
15.561,4.2313,-1.0307,3.9827,-0.91533,-0.68384,0.35546,-0.2271,-0.1317,-31.029
15.601,4.3837,-1.0658,3.921,-0.91877,-0.69594,0.36592,-0.2314,-0.1311,-30.718
15.641,4.5351,-1.0975,3.8676,-0.92749,-0.69022,0.36706,-0.2366,-0.1311,-30.337
15.681,4.6813,-1.1824,3.8006,-1.0369,-0.72982,0.39268,-0.2664,-0.1542,-25.548
15.721,4.8287,-1.2202,3.7457,-1.047,-0.72515,0.39477,-0.2726,-0.1542,-25.222
15.761,4.9765,-1.4396,3.7014,-1.3768,-0.74074,0.40798,-0.3569,-0.2223,-17.765
15.801,5.1238,-1.5042,3.6469,-1.3931,-0.73955,0.41187,-0.3657,-0.2223,-17.561
15.842,5.2574,-1.6686,3.5773,-1.6242,-0.75688,0.42567,-0.4267,-0.2661,-14.764
15.881,7.5908,-0.73056,3.4809,-0.36043,-0.38041,0.22371,-0.0573,-0.1089,-32.135
15.921,8.0724,-0.30151,4.9292,-1.5746,-0.52771,0.30214,-0.2951,-0.1272,-40.681
15.961,8.263,-0.46301,5.0145,-1.6393,-0.39185,0.22636,-0.3062,-0.128,-41.216
16.001,8.5306,-0.59549,5.0638,-1.7886,-0.27691,0.16091,-0.3336,-0.1504,-35.708
16.041,8.7379,-0.74405,4.9307,-1.6632,-0.5905,0.34624,-0.31,-0.1238,-42.033
16.081,8.9704,-0.80161,4.8003,-1.8699,-0.81711,0.48127,-0.3538,-0.2028,-25.402
16.121,8.9404,-0.88511,4.6873,-1.6931,-0.96864,0.5746,-0.3172,-0.1204,-41.393
16.161,9.1343,-1.0051,4.5673,-1.5677,-1.0772,0.64314,-0.2911,-0.0626,-77.138
16.201,9.3501,-1.0764,4.5874,-1.5893,-0.93562,0.55775,-0.301,-0.0714,-67.996
16.241,9.5641,-1.1379,4.6577,-1.6662,-0.72302,0.42979,-0.3216,-0.0995,-49.716
16.281,9.7107,-1.2144,4.5133,-1.6348,-0.85862,0.51172,-0.3193,-0.0907,-52.924
16.321,9.8182,-1.2762,4.3084,-1.4747,-1.0208,0.61268,-0.2864,-0.0262,-173.81
16.361,9.9422,-1.3283,4.1198,-1.3623,-1.1169,0.67572,-0.2611,0.0186,233.29
16.401,10.128,-1.3755,4.0221,-1.4993,-1.2397,0.74643,-0.3003,-0.06,-71.542
16.441,10.194,-1.4149,3.7252,-1.4268,-1.4316,0.87101,-0.2831,-0.0361,-110.5
16.481,10.358,-1.4642,3.6491,-1.4308,-1.4353,0.87208,-0.2904,-0.0471,-83.218
16.521,12.848,-2.209,3.6563,-1.2046,-1.4636,0.87987,-0.3028,-0.0654,-58.863
16.561,14.209,-2.6433,4.6671,-1.8544,-1.6409,0.97626,-0.3713,-0.0654,-76.789
16.601,14.327,-2.744,4.5832,-1.8149,-1.6355,0.97381,-0.3692,-0.0565,-87.246
16.641,14.486,-2.8464,4.5187,-1.8307,-1.6629,0.98987,-0.377,-0.0726,-67.155
16.681,14.651,-2.9269,4.4954,-1.8728,-1.6661,0.99098,-0.3869,-0.0949,-51.316
******-------------------------------------------------------------------------------------------------------------------****** 
TargetID: ID08
Target can not be processed due to lack of Data
******-------------------------------------------------------------------------------------------------------------------****** 
