******-------------------------------------------------------------------------------------------------------------------****** 
Duration of the scene is: 31.2404 seconds
Original Targets Numbers in the hole Scene: 6
Number of Targets in the hole Scene after preprocessing: 20
Number of static portions: 3
******-------------------------------------------------------------------------------------------------------------------****** 
TargetID: ID08
Target can not be processed due to lack of Data
******-------------------------------------------------------------------------------------------------------------------****** 
TargetID: ID09
Relevancy: 0
tj = Inf
Label: -1
Comment: Target is irrelevant as it is not crossing the estimated holding line
DATA:
11,0,0,NaN,NaN,NaN,NaN,0,NaN,NaN
11.04,0.2591,0.10063,NaN,NaN,NaN,NaN,0.1018,NaN,NaN
11.08,NaN,NaN,NaN,NaN,NaN,NaN,-5.58,NaN,NaN
11.12,NaN,NaN,NaN,NaN,NaN,NaN,-5.5813,NaN,NaN
11.16,NaN,NaN,NaN,NaN,NaN,NaN,-5.5945,NaN,NaN
11.2,NaN,NaN,NaN,NaN,NaN,NaN,-5.6005,NaN,NaN
11.24,NaN,NaN,NaN,NaN,NaN,NaN,-5.5588,NaN,NaN
11.28,NaN,NaN,NaN,NaN,NaN,NaN,-5.5449,NaN,NaN
11.32,NaN,NaN,NaN,NaN,NaN,NaN,-5.5449,NaN,NaN
11.36,NaN,NaN,NaN,NaN,NaN,NaN,-5.6199,NaN,NaN
11.4,NaN,NaN,NaN,NaN,NaN,NaN,-5.4996,NaN,NaN
11.44,NaN,NaN,NaN,NaN,NaN,NaN,-5.5485,NaN,NaN
11.48,NaN,NaN,NaN,NaN,NaN,NaN,-5.4397,NaN,NaN
11.52,NaN,NaN,NaN,NaN,NaN,NaN,-5.3714,NaN,NaN
11.56,NaN,NaN,NaN,NaN,NaN,NaN,-5.3948,NaN,NaN
11.6,NaN,NaN,NaN,NaN,NaN,NaN,-5.4194,NaN,NaN
11.64,1.9261,3.2164,4.421,5.0033,0,0,-5.4361,0,Inf
11.68,2.1293,3.3884,4.4672,4.9358,-0.025874,-0.055032,-5.448,0.0011,6052
11.72,2.3047,3.5887,4.4637,4.9382,-0.024976,-0.053733,-5.4474,0.0011,6051.5
11.76,2.4097,3.8805,4.423,5.216,0.38593,0.84008,-5.4157,-0.0092,-743.35
11.8,2.5634,4.1443,4.3542,5.3139,0.34001,0.7486,-5.3983,-0.0011,-6245.4
11.84,2.6462,4.45,4.2257,5.5245,0.4014,0.8944,-5.3654,0.0077,903.29
11.88,2.8111,4.6709,4.2448,5.5537,0.39502,0.8909,-5.365,0.0077,907.8
11.92,2.9769,4.8938,4.2641,5.5828,0.38848,0.88713,-5.3647,0.0077,912.33
11.96,3.1663,5.0801,4.1822,5.4879,0.12616,0.29183,-5.3634,0.0354,194.91
12,3.3281,5.3085,4.1632,5.5074,0.10619,0.24898,-5.3597,0.0393,175.67
12.04,3.6131,5.4263,4.3626,5.198,-0.068782,-0.16361,-5.4108,-0.011,-616.92
12.08,3.9799,5.4166,4.8047,4.4817,-0.30618,-0.73872,-5.5316,-0.1826,-35.983
12.12,4.1582,5.6263,4.7338,4.5711,-0.24966,-0.61119,-5.516,-0.1413,-46.572
12.16,4.3417,5.7993,4.767,4.4984,-0.25808,-0.64124,-5.5276,-0.1513,-43.321
12.2,4.5493,5.9661,4.815,4.3829,-0.28482,-0.71821,-5.5457,-0.1723,-37.789
12.24,4.7264,6.1595,4.7734,4.4319,-0.23015,-0.58851,-5.5357,-0.1424,-45.742
12.28,3.2112,5.5279,4.1354,4.9923,-0.32245,-0.84463,-5.4174,0.0784,82.686
12.32,3.3752,5.6585,4.1202,4.8431,-0.36714,-0.96846,-5.4342,0.0549,115.82
12.36,3.5338,5.8651,4.17,4.9433,-0.24532,-0.66293,-5.4242,0.0687,94.137
12.4,3.6893,6.0576,4.1512,4.9537,-0.20369,-0.55898,-5.4192,0.0725,89.146
12.44,3.9066,6.2229,4.2222,4.7616,-0.35184,-0.99197,-5.457,0.0171,372.16
12.48,4.0951,6.4019,4.2904,4.6387,-0.3806,-1.0989,-5.4819,-0.0179,-353
12.52,4.2597,6.5864,4.224,4.6539,-0.36806,-1.0819,-5.4721,-0.004,-1571.2
12.56,4.4346,6.77,4.2134,4.6127,-0.36872,-1.1077,-5.4766,-0.0099,-631.05
******-------------------------------------------------------------------------------------------------------------------****** 
TargetID: ID04
Target can not be processed due to lack of Data
******-------------------------------------------------------------------------------------------------------------------****** 
TargetID: ID06
Target can not be processed due to lack of Data
******-------------------------------------------------------------------------------------------------------------------****** 
TargetID: ID10
Target can not be processed due to lack of Data
******-------------------------------------------------------------------------------------------------------------------****** 
TargetID: ID21
Target can not be processed due to lack of Data
******-------------------------------------------------------------------------------------------------------------------****** 
TargetID: ID07
Target can not be processed due to lack of Data
******-------------------------------------------------------------------------------------------------------------------****** 
TargetID: ID11
Relevancy: 1
tj = 25.1999
Label: 0
Comment: Target is relevant and going straight, since target is crossing Ego X-axis in EFC
DATA:
22.641,0,-0,NaN,NaN,NaN,NaN,0,NaN,NaN
22.681,0.40671,0.26896,NaN,NaN,NaN,NaN,0.0877,NaN,NaN
22.72,0.8309,0.31468,NaN,NaN,NaN,NaN,0.0877,NaN,NaN
22.761,1.1888,-0.43945,NaN,NaN,NaN,NaN,-0.2522,NaN,NaN
22.801,1.7384,-0.4714,NaN,NaN,NaN,NaN,-0.2072,NaN,NaN
22.841,2.0742,-0.79684,NaN,NaN,NaN,NaN,-0.3125,NaN,NaN
22.881,2.6343,-0.75273,NaN,NaN,NaN,NaN,-0.2417,NaN,NaN
22.921,2.9673,-0.86637,NaN,NaN,NaN,NaN,-0.2539,NaN,NaN
22.961,3.3383,-0.83482,NaN,NaN,NaN,NaN,-0.2046,NaN,NaN
23.001,3.7467,-0.91703,NaN,NaN,NaN,NaN,-0.2052,NaN,NaN
23.041,4.1715,-1.103,NaN,NaN,NaN,NaN,-0.2402,NaN,NaN
23.081,NaN,NaN,NaN,NaN,NaN,NaN,-0.2953,NaN,NaN
23.121,NaN,NaN,NaN,NaN,NaN,NaN,-0.2483,NaN,NaN
23.161,NaN,NaN,NaN,NaN,NaN,NaN,-0.205,NaN,NaN
23.201,NaN,NaN,NaN,NaN,NaN,NaN,-0.205,NaN,NaN
23.241,NaN,NaN,NaN,NaN,NaN,NaN,-0.182,NaN,NaN
23.281,NaN,NaN,NaN,NaN,NaN,NaN,-0.2042,NaN,NaN
23.321,6.9642,-0.95415,9.79,-1.9391,0,-0,-0.1955,0,Inf
23.361,7.3662,-0.974,9.7949,-1.8344,-0.042492,0.032437,-0.1851,0.003,3321.7
23.401,7.6455,-1.1664,9.6914,-1.7911,-0.22154,0.17011,-0.1829,0.0237,415.84
23.441,8.0838,-1.1097,9.7639,-1.5697,-0.2032,0.15704,-0.1593,0.0294,336.37
23.481,8.4978,-1.1148,9.8246,-1.5067,-0.14011,0.10896,-0.1523,0.0153,649.64
23.521,8.9024,-1.1342,9.837,-1.4347,-0.14375,0.11255,-0.1447,0.0219,453.93
23.561,9.3039,-1.142,9.855,-1.3687,-0.13473,0.1062,-0.1381,0.0239,416.3
23.601,9.712,-1.1713,9.8969,-1.2973,-0.10809,0.08584,-0.1303,0.0307,325.13
23.641,10.155,-1.1049,9.9777,-1.0994,-0.094954,0.075993,-0.1097,0.0515,194.92
23.681,10.576,-1.0998,9.9926,-1.048,-0.098501,0.079481,-0.1044,0.0495,202.98
23.721,10.986,-1.103,10.018,-0.96626,-0.096858,0.078808,-0.0961,0.0593,169.72
23.761,10.835,-0.53978,10.088,-0.83943,-0.057815,0.047453,-0.0827,0.0741,136.61
23.801,11.232,-0.56992,10.085,-0.81045,-0.059347,0.04915,-0.0799,0.0762,132.77
23.841,11.63,-0.62216,10.079,-0.79924,-0.059455,0.049682,-0.0788,0.0744,135.9
23.881,12.048,-0.62155,10.107,-0.75518,-0.052094,0.043939,-0.0743,0.0739,137.15
23.921,12.435,-0.6782,10.077,-0.76632,-0.060501,0.051509,-0.0756,0.0702,143.96
23.961,12.797,-0.7758,10.032,-0.86416,-0.070326,0.060493,-0.0855,0.0537,187.51
24.001,12.92,-0.76277,9.8809,-1.1176,-0.053489,0.046444,-0.1122,0.0138,720.58
24.041,13.309,-0.81385,9.8811,-1.1235,-0.04614,0.040452,-0.1129,0.0113,880.07
24.081,13.68,-0.8769,9.965,-0.92737,-0.016728,0.014812,-0.0927,0.0469,213.39
24.121,14.055,-0.9514,9.95,-0.93927,-0.019396,0.017344,-0.094,0.0436,229.23
24.161,14.466,-0.95843,9.9521,-0.88622,-0.028229,0.025493,-0.0886,0.049,203.91
24.201,14.876,-0.95896,9.9604,-0.83332,-0.031971,0.029151,-0.0832,0.0538,185.79
24.241,15.251,-1.0359,9.9446,-0.84856,-0.031311,0.028826,-0.0849,0.0492,202.86
24.28,15.651,-1.0794,9.9537,-0.83598,-0.027338,0.025417,-0.0836,0.0485,205.95
24.321,16.034,-1.1563,9.8815,-0.98134,-0.023709,0.022261,-0.0988,0.0237,418.99
24.36,16.447,-1.1724,9.8875,-0.95326,-0.02647,0.025103,-0.0959,0.0261,380.59
24.4,16.831,-1.2416,9.7767,-1.1588,-0.042465,0.040694,-0.1176,-0.0066,-1491.7
24.441,17.265,-0.99235,9.7405,-1.2458,-0.043979,0.042582,-0.1268,-0.0193,-508.8
24.481,17.628,-1.0846,9.721,-1.2703,-0.046483,0.045494,-0.1295,-0.0218,-449.71
24.521,17.274,-1.0308,9.7825,-1.1402,-0.032871,0.032511,-0.1155,-0.0007,-14070
24.56,17.683,-1.0214,9.768,-1.0944,-0.038396,0.03837,-0.111,0.0055,1787.1
24.601,18.078,-1.0563,9.768,-1.082,-0.035312,0.035658,-0.1097,0.0069,1424.3
24.641,18.488,-1.0493,9.7687,-1.0297,-0.036115,0.03685,-0.1044,0.0137,716.99
24.681,19.573,-1.1977,9.8026,-0.96961,-0.02766,0.028519,-0.0983,0.0208,473.58
24.721,19.968,-1.202,9.7859,-0.91244,-0.03338,0.034794,-0.0926,0.0272,361.34
24.761,20.432,-1.1773,9.8799,-0.70119,-0.018691,0.019689,-0.0707,0.0528,187.59
24.801,20.809,-1.2148,9.8549,-0.64939,-0.01994,0.021232,-0.0656,0.0565,174.8
24.841,21.151,-1.2238,9.8244,-0.71471,-0.018668,0.020099,-0.0724,0.0459,214.6
24.881,21.609,-1.2276,9.8904,-0.62727,-0.0080348,0.0087485,-0.0633,0.0544,182.17
24.921,22.023,-1.1964,9.8892,-0.56918,-0.0074142,0.0081657,-0.0574,0.0592,167.32
24.96,22.443,-1.1667,9.8893,-0.51689,-0.0060464,0.0067351,-0.0522,0.0629,157.44
25,22.875,-1.1086,9.9126,-0.452,-0.0044112,0.0049713,-0.0455,0.0681,145.71
25.04,23.236,-1.1732,9.8913,-0.45597,-0.0043832,0.004997,-0.046,0.0637,155.44
25.081,23.541,-1.2028,9.8912,-0.43777,-0.0043541,0.0050224,-0.0442,0.0625,158.41
25.12,23.864,-1.2223,9.8828,-0.41757,-0.0040492,0.004725,-0.0422,0.0616,160.58
25.16,24.27,-1.2188,9.9018,-0.37928,-0.0050258,0.0059355,-0.0382,0.0632,156.79
25.2,24.681,-1.2399,9.9497,-0.44789,-0.013789,0.016485,-0.0448,0.0525,189.71
25.241,25.077,-1.2637,9.8923,-0.54635,-0.0097293,0.011772,-0.055,0.0393,252.1
25.281,25.463,-1.305,9.8975,-0.58708,-0.012609,0.015444,-0.0591,0.0328,302.28
25.32,25.852,-1.3143,9.9033,-0.57049,-0.014026,0.017388,-0.0573,0.0329,301.51
25.36,26.282,-1.2772,9.948,-0.509,-0.016656,0.020897,-0.0509,0.0389,256.07
25.4,26.69,-1.2656,9.9742,-0.45707,-0.018894,0.023992,-0.0455,0.0432,231.13
25.44,27.053,-1.2842,9.967,-0.47047,-0.019101,0.024548,-0.0469,0.0399,250.08
25.481,27.463,-1.2776,9.9959,-0.43254,-0.022313,0.029033,-0.0429,0.0424,235.97
25.52,27.833,-1.3202,9.9778,-0.4264,-0.02077,0.027372,-0.0424,0.041,243.58
25.561,28.241,-1.3351,9.98,-0.4077,-0.022471,0.029977,-0.0405,0.041,243.62
25.6,28.661,-1.3338,10.006,-0.3807,-0.023131,0.031247,-0.0377,0.0428,233.95
25.64,29.08,-1.3361,10.029,-0.34419,-0.025612,0.035036,-0.0339,0.0449,223.5
25.68,29.554,-1.2783,10.132,-0.2782,-0.041763,0.057877,-0.0268,0.0508,199.52
25.721,29.957,-1.2945,10.138,-0.26247,-0.040759,0.057206,-0.0253,0.0504,201.23
25.76,30.386,-1.2801,10.166,-0.22597,-0.039271,0.055836,-0.0216,0.0529,192.22
25.8,30.772,-1.2867,10.148,-0.19079,-0.033457,0.04818,-0.0183,0.0544,186.58
25.84,31.127,-1.3208,10.055,-0.20564,-0.010955,0.015976,-0.0203,0.0505,199.14
25.881,31.508,-1.3467,10.042,-0.22628,-0.018544,0.027397,-0.0222,0.0453,221.73
25.92,31.91,-1.3555,10.045,-0.20637,-0.017674,0.026448,-0.0202,0.0456,220.34
25.96,32.301,-1.3824,10.067,-0.273,-0.052093,0.078797,-0.028,0.0323,311.78
26,32.682,-1.3924,10.044,-0.27733,-0.044702,0.068694,-0.0268,0.0322,312.04
26.04,33.097,-1.3807,10.075,-0.21184,-0.039476,0.061479,-0.0203,0.0386,261.06
26.08,33.503,-1.3757,10.061,-0.18741,-0.025946,0.040957,-0.0182,0.0401,250.93
26.12,33.967,-1.3449,10.139,-0.067238,-0.025695,0.041115,-0.0062,0.0521,194.6
26.16,34.368,-1.3518,10.135,-0.050873,-0.023513,0.038147,-0.0046,0.0518,195.66
26.2,34.771,-1.3556,10.135,-0.051858,-0.027678,0.045536,-0.0046,0.0495,204.76
26.24,35.228,-1.3505,10.188,-0.010823,-0.041554,0.069328,-0.0003,0.0516,197.45
26.28,35.587,-1.381,10.067,-0.089232,-0.018351,0.031028,-0.0085,0.0407,247.36
26.32,35.989,-1.3882,10.07,-0.077978,-0.018595,0.031868,-0.0074,0.0404,249.26
26.36,36.388,-1.3988,10.044,-0.10467,-0.015235,0.026466,-0.0101,0.0358,280.57
26.4,36.794,-1.4068,10.058,-0.094337,-0.018918,0.033313,-0.009,0.0355,283.32
26.44,37.241,-1.8825,10.134,-0.060707,-0.026811,0.047851,-0.0055,0.0384,263.92
26.48,37.643,-1.8868,10.139,-0.044534,-0.027236,0.049231,-0.0039,0.0384,264.05
26.52,38.054,-1.8931,10.151,-0.046147,-0.029965,0.054826,-0.004,0.0369,275.11
26.56,38.471,-1.8988,10.176,-0.048652,-0.036546,0.067651,-0.0041,0.0354,287.46
26.6,38.778,-2.0192,9.8163,-0.2603,0.024457,-0.045775,-0.026,0.0037,2654
26.64,39.417,-1.9933,10.427,-0.20258,-0.13809,0.26039,-0.0194,0.0122,854.81
26.68,39.832,-2.0056,10.456,-0.19823,-0.13917,0.26492,-0.019,0.0122,857.21
26.72,40.247,-2.0228,10.486,-0.19289,-0.14027,0.26929,-0.0184,0.0122,859.62
26.76,40.717,-2.0225,12.666,0.15802,-0.19227,0.37108,-0.015098,0.015569,813.58
26.8,41.235,-2.0141,12.879,0.20931,-0.24434,0.47299,-0.011792,0.018941,680.03
26.84,41.721,-2.0097,11.134,-0.037912,-0.29619,0.57447,-0.0085,0.0223,499.3
26.88,42.167,-2.0144,11.195,-0.027369,-0.29776,0.58049,-0.0075,0.0223,502.01
26.92,42.613,-2.0263,11.256,-0.017285,-0.29908,0.58552,-0.0066,0.0223,504.73
26.96,43.065,-2.0238,11.316,-0.0072924,-0.30031,0.58997,-0.0057,0.0223,507.46
27,43.517,-2.0359,11.377,0.0035005,-0.3015,0.59395,-0.0047,0.0223,510.18
27.04,43.974,-2.0342,11.438,0.012922,-0.3025,0.59756,-0.0039,0.0223,512.9
27.08,44.431,-2.0409,11.498,0.023562,-0.30361,0.60127,-0.003,0.0223,515.62
27.12,44.893,-2.042,11.559,0.033458,-0.30466,0.60502,-0.0021,0.0223,518.34
27.16,45.357,-2.0411,11.62,0.04343,-0.30563,0.60864,-0.0012,0.0223,521.07
27.2,45.821,-2.0499,11.68,0.054329,-0.30665,0.61207,-0.0003,0.0223,523.79
27.24,46.292,-2.0409,11.741,0.065575,-0.30766,0.6152,0.0007,0.0223,526.52
27.28,46.761,-2.0475,11.802,0.075879,-0.30848,0.61779,0.0015,0.0223,529.24
27.32,47.235,-2.0482,11.862,0.086882,-0.30935,0.62035,0.0025,0.0223,531.96
******-------------------------------------------------------------------------------------------------------------------****** 
TargetID: ID12
Target can not be processed due to lack of Data
******-------------------------------------------------------------------------------------------------------------------****** 
TargetID: ID13
Target can not be processed due to lack of Data
******-------------------------------------------------------------------------------------------------------------------****** 
TargetID: ID14
Target can not be processed due to lack of Data
******-------------------------------------------------------------------------------------------------------------------****** 
TargetID: ID15
Target can not be processed due to lack of Data
******-------------------------------------------------------------------------------------------------------------------****** 
TargetID: ID16
Target can not be processed due to lack of Data
******-------------------------------------------------------------------------------------------------------------------****** 
TargetID: ID18
Relevancy: 1
tj = 24.4408
Label: 0
Comment: Target is relevant and going straight, since the velocity ratio is almost not changing
DATA:
24.321,0,-0,NaN,NaN,NaN,NaN,0,NaN,NaN
24.36,0.65561,0.096129,NaN,NaN,NaN,NaN,0.0729,NaN,NaN
24.4,0.94218,-0.21691,NaN,NaN,NaN,NaN,-0.1526,NaN,NaN
24.441,1.3365,-0.27826,NaN,NaN,NaN,NaN,-0.1526,NaN,NaN
24.481,1.7298,-0.34172,NaN,NaN,NaN,NaN,-0.1525,NaN,NaN
24.521,2.3172,0.017693,NaN,NaN,NaN,NaN,0.0118,NaN,NaN
24.56,2.7493,0.018003,NaN,NaN,NaN,NaN,0.0117,NaN,NaN
24.601,3.1755,0.026133,NaN,NaN,NaN,NaN,0.0117,NaN,NaN
24.641,3.6029,0.028352,NaN,NaN,NaN,NaN,0.0118,NaN,NaN
24.681,4.0328,0.03224,NaN,NaN,NaN,NaN,0.0117,NaN,NaN
24.721,4.4577,0.044902,NaN,NaN,NaN,NaN,0.0117,NaN,NaN
24.761,4.8872,0.046911,NaN,NaN,NaN,NaN,0.0117,NaN,NaN
24.801,5.3162,0.047274,NaN,NaN,NaN,NaN,0.0117,NaN,NaN
24.841,5.0664,-0.071282,10.124,-1.153,0,-0,-0.1134,0,Inf
24.881,5.4703,-0.12168,10.124,-1.153,0,-0,-0.1134,0,Inf
24.921,5.8404,-0.21393,10.075,-1.2552,-0.0025371,0.0012498,-0.1239,-0.0092,-1103.5
24.96,6.2433,-0.26963,10.076,-1.2591,-0.015939,0.0079662,-0.1243,-0.0092,-1103.8
25,6.6407,-0.3157,10.078,-1.2628,-0.029138,0.014772,-0.1247,-0.0092,-1104
25.04,7.042,-0.36744,10.08,-1.2665,-0.042385,0.021792,-0.125,-0.0092,-1104.2
25.081,7.4407,-0.41348,10.081,-1.2709,-0.055425,0.028903,-0.1254,-0.0092,-1104.5
25.12,7.8433,-0.47155,10.083,-1.2746,-0.068383,0.036167,-0.1258,-0.0092,-1104.7
25.16,8.2425,-0.51968,10.085,-1.2782,-0.08113,0.043522,-0.1261,-0.0092,-1104.9
25.2,8.6443,-0.57247,10.086,-1.2827,-0.093911,0.051106,-0.1265,-0.0092,-1105.1
25.241,9.0408,-0.61647,10.088,-1.2859,-0.10636,0.058698,-0.1268,-0.0092,-1105.4
25.281,9.4436,-0.67037,10.089,-1.2904,-0.11872,0.06645,-0.1273,-0.0092,-1105.6
25.32,9.8446,-0.72486,10.091,-1.2941,-0.13087,0.074268,-0.1276,-0.0092,-1105.8
25.36,10.245,-0.77493,10.093,-1.2979,-0.14282,0.082147,-0.128,-0.0092,-1106
25.4,10.645,-0.82377,10.094,-1.3021,-0.15443,0.090041,-0.1284,-0.0092,-1106.3
******-------------------------------------------------------------------------------------------------------------------****** 
TargetID: ID19
Target can not be processed due to lack of Data
******-------------------------------------------------------------------------------------------------------------------****** 
TargetID: ID20
Relevancy: 0
tj = Inf
Label: -1
Comment: Target is irrelevant as it is not crossing the estimated holding line
DATA:
26.72,0,-0,NaN,NaN,NaN,NaN,0,NaN,NaN
26.76,NaN,NaN,NaN,NaN,NaN,NaN,-0.0112,NaN,NaN
26.8,NaN,NaN,NaN,NaN,NaN,NaN,-0.0112,NaN,NaN
26.84,1.5503,0.42045,10.362,-0.10497,0,-0,-0.0101,0,Inf
26.88,1.9636,0.41442,10.362,-0.10435,0,-0,-0.0101,0,Inf
26.92,2.3904,0.40824,10.945,-0.20139,0.054078,-0.11576,-0.013485,0.0073418,1491
26.96,2.8361,0.3986,11.307,-0.2769,0.10814,-0.23148,-0.016869,0.014681,770.38
27,3.294,0.38631,11.448,-0.33111,0.16247,-0.34779,-0.020271,0.022058,519.2
27.04,3.7492,0.37241,11.367,-0.36341,0.21633,-0.46308,-0.023642,0.02937,387.23
27.08,4.1986,0.35758,11.066,-0.37436,0.27042,-0.57885,-0.027028,0.036712,301.59
27.12,4.6314,0.34275,10.544,-0.36378,0.32448,-0.69457,-0.030412,0.044052,239.49
27.16,5.0393,0.32876,9.7995,-0.33165,0.3786,-0.81043,-0.0338,0.0514,190.76
27.2,5.4261,0.30714,9.7215,-0.30863,0.38259,-0.82091,-0.0317,0.0514,189.23
27.24,5.8147,0.30354,9.6433,-0.28559,0.38644,-0.83068,-0.0296,0.0514,187.7
27.28,6.1962,0.28526,9.5653,-0.26382,0.39005,-0.83978,-0.0276,0.0514,186.17
27.32,6.6175,0.40517,9.7824,0.16726,0.29207,-0.6303,0.0179,0.1315,74.402
27.36,7.0223,0.44139,9.8482,0.31285,0.24092,-0.52008,0.0318,0.1434,68.711
27.4,7.4056,0.45051,9.7804,0.38822,0.24569,-0.53066,0.039,0.1472,66.495
27.44,7.793,0.46668,9.7319,0.44808,0.25116,-0.54373,0.0453,0.1482,65.737
27.48,8.2337,0.43901,9.8947,0.25671,0.18395,-0.40011,0.0265,0.093,106.43
27.52,8.656,0.40887,9.9331,0.16217,0.16692,-0.36327,0.0159,0.0691,143.77
27.56,9.0312,0.4803,9.9145,0.37382,0.1358,-0.29671,0.0381,0.0972,102.07
27.6,9.3961,0.59898,9.8346,0.65317,0.13356,-0.29245,0.0667,0.1328,74.219
27.64,9.8181,0.57594,9.8783,0.56223,0.12069,-0.26445,0.0565,0.1099,90.03
27.68,10.194,0.60933,9.804,0.66335,0.13923,-0.3056,0.0672,0.1194,82.298
27.72,10.668,0.49806,9.9801,0.28476,0.083591,-0.18403,0.0283,0.0585,170.67
27.76,11.065,0.50784,9.9643,0.30735,0.083992,-0.1854,0.0306,0.0585,170.41
27.8,11.408,0.72483,9.7074,0.77405,0.19101,-0.42244,0.079,0.1168,83.375
27.84,11.794,0.7538,9.6728,0.8164,0.19277,-0.4277,0.0836,0.1168,83.109
27.88,12.183,0.79408,9.6381,0.8591,0.19451,-0.43282,0.0883,0.1168,82.845
27.92,12.566,0.82655,9.6031,0.90139,0.19624,-0.43794,0.093,0.1168,82.579
27.96,12.95,0.87117,9.5679,0.94371,0.19794,-0.44291,0.0977,0.1168,82.314
28,13.329,0.89976,9.5327,0.98481,0.1996,-0.44791,0.1023,0.1168,82.05
28.04,13.711,0.94578,9.4972,1.0262,0.20123,-0.45292,0.107,0.1168,81.785
28.08,14.088,0.98402,9.4615,1.0672,0.20288,-0.45807,0.1117,0.1168,81.52
28.12,14.468,1.0348,9.4256,1.1083,0.20445,-0.4631,0.1164,0.1168,81.255
28.16,14.842,1.0749,9.3896,1.1487,0.20602,-0.46829,0.121,0.1168,80.99
28.2,15.218,1.1263,9.3535,1.1881,0.20753,-0.4735,0.1256,0.1168,80.725
28.24,15.588,1.1689,9.3171,1.2284,0.20907,-0.4787,0.1304,0.1168,80.46
28.28,15.961,1.2231,9.2806,1.2674,0.2105,-0.48379,0.135,0.1168,80.195
28.32,16.33,1.274,9.2439,1.3068,0.21191,-0.48889,0.1397,0.1168,79.93
******-------------------------------------------------------------------------------------------------------------------****** 
TargetID: ID22
Target can not be processed due to lack of Data
******-------------------------------------------------------------------------------------------------------------------****** 
