******-------------------------------------------------------------------------------------------------------------------****** 
Duration of the scene is: 78.621 seconds
Original Targets Numbers in the hole Scene: 11
Number of Targets in the hole Scene after preprocessing: 20
Number of static portions: 1
******-------------------------------------------------------------------------------------------------------------------****** 
TargetID: ID17
Relevancy: 0
tj = Inf
Label: -1
Comment: Target is irrelevant as it is not crossing the estimated holding line
DATA:
66.178,0,-0,NaN,NaN,NaN,NaN,0,NaN,NaN
66.217,0.1676,-0.054681,NaN,NaN,NaN,NaN,-0.088,NaN,NaN
66.257,0.3046,-0.12336,NaN,NaN,NaN,NaN,-0.1898,NaN,NaN
66.298,0.75173,0.17533,NaN,NaN,NaN,NaN,0.1491,NaN,NaN
66.337,0.65658,-0.16516,NaN,NaN,NaN,NaN,-0.2051,NaN,NaN
66.377,0.76819,-0.2825,NaN,NaN,NaN,NaN,-0.3024,NaN,NaN
66.417,0.88558,-0.39981,NaN,NaN,NaN,NaN,-0.3739,NaN,NaN
66.457,1.0449,-0.45521,NaN,NaN,NaN,NaN,-0.374,NaN,NaN
66.497,1.2196,-0.48259,NaN,NaN,NaN,NaN,-0.3452,NaN,NaN
66.537,1.4261,-0.49054,NaN,NaN,NaN,NaN,-0.3001,NaN,NaN
66.577,1.6302,-0.46188,NaN,NaN,NaN,NaN,-0.2413,NaN,NaN
66.617,1.9028,-0.054955,4.0327,-1.1907,0,-0,-0.2871,0,Inf
66.657,1.9603,-0.21705,3.7161,-1.4248,0.018658,-0.082354,-0.3661,0.009,442.21
66.697,2.1323,-0.2267,3.7117,-1.3097,0.051776,-0.23223,-0.3409,0.018,218.66
66.737,2.2724,-0.26899,3.6328,-1.271,0.073879,-0.34283,-0.3366,0.0262,146.9
66.777,2.4111,-0.32173,3.5471,-1.2667,0.07928,-0.38201,-0.34,0.0286,131.69
66.818,2.5778,-0.33187,3.5219,-1.1089,0.10621,-0.50989,-0.3092,0.043,85.869
66.857,2.7165,-0.38498,3.4342,-1.0894,0.11216,-0.55807,-0.312,0.0443,81.328
66.898,2.8955,-0.36666,3.4252,-0.93239,0.13215,-0.66978,-0.2718,0.0684,51.899
66.937,3.0392,-0.39371,3.3656,-0.90493,0.13006,-0.68184,-0.2691,0.0684,50.952
66.977,3.1719,-0.43157,3.3057,-0.87805,0.12768,-0.69421,-0.2664,0.0684,50.005
67.017,3.3015,-0.46995,3.2458,-0.85122,0.12512,-0.70672,-0.2637,0.0684,49.058
67.058,3.4322,-0.50173,3.1858,-0.82455,0.12232,-0.71952,-0.2609,0.0684,48.111
67.097,3.557,-0.53695,3.1256,-0.79859,0.11916,-0.73276,-0.2583,0.0684,47.164
67.138,3.687,-0.56149,3.0652,-0.77269,0.11566,-0.74673,-0.2556,0.0684,46.214
67.177,3.8119,-0.59021,3.0047,-0.74718,0.11168,-0.76171,-0.253,0.0684,45.266
67.217,3.9303,-0.62108,2.9441,-0.72175,0.10717,-0.77755,-0.2503,0.0684,44.316
67.257,4.046,-0.65217,2.8834,-0.69646,0.10223,-0.79423,-0.2476,0.0684,43.367
67.298,3.8255,-1.1642,2.2257,-1.3676,0.025899,-0.24222,-0.551,-0.221,-11.82
67.337,3.9121,-1.2188,2.1522,-1.349,0.023082,-0.24024,-0.5599,-0.221,-11.493
67.377,4.0175,-1.2536,2.0884,-1.3117,0.030677,-0.35368,-0.5608,-0.2147,-11.487
67.417,4.1061,-1.296,2.0026,-1.2938,0.026411,-0.37174,-0.567,-0.2133,-11.178
67.458,4.201,-1.3055,1.9601,-1.1976,0.02901,-0.45648,-0.5485,-0.1878,-12.231
67.497,4.3533,-1.2185,1.9525,-1.0322,0.028049,-0.69521,-0.4707,-0.1074,-20.564
67.538,4.4203,-1.2799,1.9044,-1.0128,0.023538,-0.68981,-0.4887,-0.1205,-17.9
67.577,4.4001,-1.4545,1.7177,-1.1566,0.0068169,-0.46548,-0.5814,-0.2045,-10.126
67.617,4.474,-1.4927,1.6736,-1.1029,0.0048968,-0.49941,-0.5827,-0.1975,-10.148
67.657,4.5422,-1.5102,1.6005,-1.0744,-0.0074265,-0.54608,-0.5756,-0.1838,-10.488
67.698,4.5632,-1.5875,1.5052,-1.076,-0.012343,-0.49795,-0.6055,-0.206,-8.9817
67.737,4.6779,-1.4883,1.5205,-0.84479,-0.035683,-0.82312,-0.4762,-0.0668,-26.04
67.777,4.7856,-1.4398,1.4749,-0.75651,-0.05985,-0.9422,-0.4339,-0.0319,-51.962
67.817,4.8598,-1.4368,1.4417,-0.63717,-0.0412,-1.0197,-0.4162,-0.0174,-90.587
67.858,4.8899,-1.4884,1.3811,-0.72101,-0.11559,-1.0342,-0.4301,-0.0284,-54.858
67.897,4.9029,-1.5793,1.2993,-0.74928,-0.1124,-0.92513,-0.4744,-0.0623,-24.075
67.937,4.9398,-1.6267,1.2222,-0.73663,-0.13019,-0.92748,-0.4883,-0.071,-20.099
******-------------------------------------------------------------------------------------------------------------------****** 
TargetID: ID20
Target can not be processed due to lack of Data
******-------------------------------------------------------------------------------------------------------------------****** 
TargetID: ID21
Relevancy: 0
tj = Inf
Label: -1
Comment: Target is irrelevant as it is not crossing the estimated holding line
DATA:
55.854,-0,0,6.4939,-0.0012198,0.0525,0.078544,0,0.0036,1803.9
55.894,0.31349,-0.056852,6.6071,-0.13972,0.1381,0.2066,-0.0205,0.0104,635.44
55.934,0.59417,-0.043538,6.6581,-0.084489,0.20908,0.31303,-0.0118,0.0209,318.59
55.974,0.89412,-0.054113,6.7195,-0.099612,0.28414,0.42534,-0.0136,0.0272,247.07
56.014,1.1543,0.024894,6.7095,0.12305,0.30747,0.46089,0.0196,0.0548,122.46
56.054,1.4617,0.011737,6.8104,0.093314,0.44557,0.667,0.0155,0.058,117.43
56.094,1.7327,0.022909,6.7483,0.46107,0.42113,0.63041,-0.31145,0.075439,89.662
56.134,2.0015,0.048276,6.6886,0.8024,0.39667,0.5938,-0.63862,0.09289,72.521
56.174,2.268,0.08677,6.6312,1.1171,0.37221,0.55719,-0.96582,0.11034,60.943
56.214,2.5322,0.13731,6.5763,1.405,0.34775,0.52058,-1.293,0.12779,52.622
56.254,2.7942,0.1988,6.5237,1.666,0.3233,0.48399,-1.6199,0.14523,46.361
56.294,3.0544,0.2703,6.4735,1.9007,0.29882,0.44735,-1.9473,0.1627,41.469
56.334,3.3123,0.35056,6.4258,2.1085,0.27437,0.41075,-2.2743,0.18014,37.543
56.374,3.5685,0.43864,6.3805,2.2897,0.24991,0.37414,-2.6015,0.19759,34.307
56.414,3.8229,0.53342,6.3375,2.4441,0.22546,0.33753,-2.9286,0.21504,31.587
56.454,4.0757,0.63387,6.2969,2.5719,0.20099,0.30092,-3.2558,0.23249,29.257
56.494,4.3269,0.7389,6.2588,2.6729,0.17653,0.26431,-3.583,0.24994,27.229
56.534,4.5767,0.84748,6.223,2.7473,0.15206,0.22767,-3.9104,0.2674,25.439
56.574,4.8249,0.95837,6.1897,2.795,0.12761,0.19109,-4.2373,0.28484,23.843
56.614,5.072,1.0707,6.1587,2.816,0.10315,0.15447,-4.5645,0.3023,22.402
56.655,5.3179,1.1834,6.1301,2.8103,0.07868,0.11785,-4.8918,0.31975,21.09
56.695,5.5626,1.2953,6.104,2.7779,0.054225,0.081243,-5.2189,0.3372,19.888
56.735,5.8063,1.4053,6.0802,2.7188,0.029768,0.044637,-5.546,0.35465,18.78
56.775,6.0492,1.5125,6.0588,2.633,0.0053047,0.0080213,-5.8732,0.3721,17.754
56.815,6.2827,1.6486,5.9752,2.7923,-0.0041335,-0.0062526,-5.846,0.3865,17.064
56.855,6.4992,1.8036,5.8608,2.9853,-0.019181,-0.029023,-5.8121,0.4073,16.148
56.895,6.7428,1.8954,5.8262,2.991,-0.077091,-0.11669,-5.8091,0.3922,16.698
56.935,6.9728,2.0441,5.7308,3.1308,-0.09331,-0.14122,-5.7834,0.4028,16.212
56.975,7.1873,2.1748,5.6354,3.2156,-0.14889,-0.22532,-5.765,0.4049,16.024
57.015,7.4249,2.2982,5.5862,3.275,-0.16949,-0.25647,-5.7533,0.4,16.189
57.055,7.6473,2.432,5.5249,3.359,-0.16777,-0.25387,-5.7373,0.4,16.165
******-------------------------------------------------------------------------------------------------------------------****** 
TargetID: ID22
Target can not be processed due to lack of Data
******-------------------------------------------------------------------------------------------------------------------****** 
TargetID: ID23
Target can not be processed due to lack of Data
******-------------------------------------------------------------------------------------------------------------------****** 
TargetID: ID25
Relevancy: 0
tj = Inf
Label: -1
Comment: Target is irrelevant as it is not crossing the estimated holding line
DATA:
69.298,0,-0,5.8971,0.013181,0.29502,-0.090313,0,0.1649,35.761
69.338,0.23693,0.0026037,5.9185,0.052227,0.27391,-0.090002,0.0065,0.1649,35.893
69.378,0.47581,0.0025743,5.9395,0.091517,0.25267,-0.088798,0.0131,0.1649,36.023
69.418,0.72837,0.013112,6.5221,0.3604,0.27969,-0.1054,0.019541,0.1642,39.781
69.458,0.98407,0.02539,6.062,0.17655,0.30678,-0.12204,0.026,0.1635,37.092
69.498,1.2448,0.076304,6.1379,0.29892,0.28334,-0.11989,0.0456,0.1713,35.874
69.538,1.4961,0.11045,6.1886,0.37379,0.26683,-0.11956,0.0573,0.174,35.632
69.578,1.7444,0.1238,6.2171,0.41796,0.23548,-0.11143,0.0643,0.174,35.811
69.618,1.9921,0.16589,6.2578,0.49911,0.20941,-0.10447,0.0769,0.1773,35.407
69.658,2.2425,0.18646,6.286,0.54474,0.17799,-0.093363,0.0841,0.1773,35.587
69.698,2.485,0.20666,6.2969,0.58319,0.14343,-0.078923,0.0903,0.1769,35.748
69.738,2.7369,0.23568,6.3234,0.62827,0.11445,-0.065971,0.0974,0.1769,35.921
69.778,2.992,0.24128,6.344,0.65033,0.096028,-0.057885,0.1007,0.1748,36.483
69.818,3.2446,0.26956,6.3695,0.69617,0.068877,-0.043352,0.1078,0.1748,36.656
69.858,3.5003,0.29571,6.3945,0.74196,0.042585,-0.027952,0.1148,0.1748,36.827
69.898,3.7561,0.33203,6.4192,0.78766,0.017165,-0.011737,0.1218,0.1748,36.999
69.938,4.012,0.36577,6.4435,0.83396,-0.0071449,0.0050811,0.1288,0.1748,37.169
69.978,4.2707,0.39111,6.4673,0.88092,-0.030695,0.022681,0.1359,0.1748,37.34
70.018,4.5299,0.43215,6.4909,0.92746,-0.053142,0.040765,0.1429,0.1748,37.51
70.058,4.7903,0.46642,6.514,0.97469,-0.074725,0.05944,0.1499,0.1748,37.68
70.098,4.8322,0.18715,6.1152,0.52227,-0.023137,0.019047,0.0857,0.1397,43.933
70.138,5.0773,0.1989,6.125,0.55718,-0.031432,0.026745,0.0914,0.1397,44.025
70.178,5.3201,0.23141,6.1346,0.59219,-0.039187,0.034401,0.0971,0.1397,44.117
70.218,5.5653,0.16323,6.1383,-3.5594,-0.035473,0.03172,0.072043,0.12394,57.252
70.258,5.8117,-0.017949,6.1778,-5.0481,-0.031754,0.029035,0.046953,0.10815,73.767
70.298,6.0603,-0.20523,6.2533,-3.8674,-0.028036,0.026351,0.021871,0.092372,79.597
70.338,6.3125,-0.29187,6.3645,-0.020704,-0.02432,0.023668,-0.0032,0.0766,83.088
70.378,6.5653,-0.2932,6.4006,-0.00015164,-0.037708,0.03747,0,0.0766,83.558
******-------------------------------------------------------------------------------------------------------------------****** 
TargetID: ID04
Target can not be processed due to lack of Data
******-------------------------------------------------------------------------------------------------------------------****** 
TargetID: ID26
Relevancy: 0
tj = Inf
Label: -1
Comment: Target is irrelevant as it is not crossing the estimated holding line
DATA:
65.177,-0,0,4.7352,-0.011715,0.27272,0.44398,0,-0.1197,-39.559
65.217,0.19038,-0.00014829,4.7512,-0.034465,0.27057,0.44098,-0.0048,-0.1197,-39.694
65.257,0.39094,0.0048293,4.8189,-0.03037,0.34451,0.56133,-0.0033,-0.111,-43.414
65.297,0.58411,0.041168,4.8941,0.062644,0.40615,0.66725,0.0128,-0.0884,-55.367
65.337,0.82456,-0.026041,5.0242,-0.12953,0.54215,0.88195,-0.0214,-0.1169,-42.992
65.378,1.0497,-0.036339,5.1435,-0.1593,0.63112,1.0278,-0.026,-0.1151,-44.708
65.418,1.248,0.012378,5.2082,-0.018654,0.65997,1.0864,-0.0036,-0.0874,-59.591
65.458,1.4804,0.01277,5.3071,-0.027338,0.73158,1.2049,-0.0052,-0.0842,-63.031
65.498,1.7057,0.035426,5.8159,0.86652,0.78661,1.2864,-0.00030129,-0.076902,-76.463
65.538,1.934,0.058526,5.4529,-0.0060512,0.84167,1.368,0.0046,-0.0696,-78.346
65.577,2.1816,-0.021753,5.5936,-0.21656,0.93265,1.5137,-0.0325,-0.1008,-55.533
65.618,2.4025,0.020494,5.6788,-0.10379,0.95281,1.5543,-0.0122,-0.0774,-73.382
65.657,2.646,0.035716,5.7664,-0.06985,1.0008,1.633,-0.006,-0.0679,-84.931
65.698,2.8499,0.16321,5.7459,0.27865,0.94572,1.573,0.0427,-0.0208,-276.57
65.737,3.073,0.1762,5.675,0.38554,0.9257,1.5389,-0.095757,-0.020059,-283.56
65.778,3.3036,0.19418,5.6064,0.49373,0.90476,1.5032,-0.24061,-0.019284,-291.85
65.817,3.5219,0.21549,5.5459,0.59387,0.8847,1.469,-0.37934,-0.018542,-300.81
65.858,3.7477,0.24188,5.4882,0.69494,0.86373,1.4333,-0.52442,-0.017766,-311.39
65.898,3.9659,0.27155,5.4374,0.78993,0.84327,1.3984,-0.66593,-0.017009,-323.04
65.937,4.1777,0.30422,5.3929,0.87955,0.82323,1.3643,-0.80455,-0.016267,-335.91
65.977,4.3933,0.3413,5.3526,0.96795,0.80267,1.3292,-0.94675,-0.015506,-350.79
66.018,4.6109,0.38255,5.3172,1.0541,0.78178,1.2936,-1.0913,-0.014733,-367.93
66.058,4.8231,0.42637,5.2879,1.1351,0.76127,1.2587,-1.2331,-0.013974,-387.03
66.098,5.0342,0.47334,5.2641,1.2124,0.74078,1.2238,-1.3748,-0.013216,-408.75
66.137,5.2399,0.52224,5.246,1.2847,0.72072,1.1896,-1.5136,-0.012473,-433.01
66.178,5.4545,0.57634,5.2326,1.3566,0.69974,1.1538,-1.6587,-0.011697,-462.14
66.217,5.6587,0.63062,5.2251,1.4218,0.67973,1.1197,-1.7971,-0.010956,-494.24
66.257,5.8681,0.6889,5.2228,1.4851,0.65919,1.0847,-1.9391,-0.010196,-532.53
66.298,6.0808,0.7506,5.226,1.5458,0.63834,1.0492,-2.0834,-0.0094247,-578.25
66.337,6.286,0.81235,5.2344,1.6008,0.61823,1.015,-2.2224,-0.0086807,-630.56
66.377,6.4956,0.87744,5.2483,1.6533,0.59774,0.98003,-2.3642,-0.0079223,-694.56
66.417,6.706,0.94458,5.2676,1.7023,0.57725,0.94511,-2.5059,-0.0071638,-772.75
66.457,6.9172,1.0136,5.2923,1.7477,0.55675,0.91019,-2.6477,-0.0064054,-870.1
66.497,7.1296,1.0844,5.3224,1.7895,0.53624,0.87524,-2.7895,-0.0056465,-994.47
66.537,7.3431,1.1567,5.3579,1.8278,0.51577,0.84035,-2.9311,-0.0048888,-1158
66.577,7.5585,1.2307,5.399,1.8626,0.49525,0.80538,-3.0731,-0.0041292,-1383.1
66.617,7.7755,1.3058,5.4453,1.8938,0.47474,0.77044,-3.2149,-0.0033705,-1710.5
66.657,7.9947,1.3823,5.4972,1.9214,0.45422,0.73547,-3.3569,-0.0026109,-2230.3
66.697,8.2149,1.4593,5.5541,1.9454,0.43381,0.70069,-3.4981,-0.0018555,-3171.6
66.737,8.4389,1.5378,5.6169,1.9659,0.41325,0.66567,-3.6402,-0.001095,-5434.9
66.777,8.6648,1.6167,5.6848,1.9828,0.39277,0.63077,-3.7819,-0.00033704,-17863
66.818,8.8996,1.6984,5.7602,1.9965,0.37175,0.59495,-3.9273,0.0004409,13827
66.857,9.1257,1.7765,5.837,2.006,0.35178,0.56091,-4.0654,0.0011802,5229.8
66.898,9.3664,1.8587,5.9233,2.0124,0.33081,0.52518,-4.2104,0.0019561,3198.2
66.937,9.5998,1.9375,6.011,2.015,0.31077,0.49103,-4.3491,0.0026977,2350
66.977,9.8423,2.0181,6.1061,2.0141,0.29026,0.45609,-4.4909,0.0034566,1860.1
67.017,10.089,2.0987,6.2065,2.0097,0.26977,0.42116,-4.6327,0.0042151,1547.7
67.058,10.344,2.1806,6.3146,2.0015,0.24884,0.38551,-4.7774,0.0049894,1327.7
67.097,10.593,2.2586,6.4234,1.9902,0.22881,0.35138,-4.9159,0.0057306,1173.5
67.138,10.859,2.3398,6.5428,1.9747,0.20785,0.31565,-5.0609,0.0065065,1050.4
67.177,11.117,2.4167,6.6623,1.9564,0.18779,0.28148,-5.1996,0.0072486,957.92
67.217,11.386,2.4946,6.7898,1.9342,0.1673,0.24656,-5.3414,0.008007,881.72
67.257,11.66,2.5714,6.9227,1.9085,0.14681,0.21164,-5.4831,0.0087655,819.23
67.298,11.946,2.6488,7.064,1.8785,0.12588,0.17599,-5.6279,0.0095398,766.21
67.337,12.225,2.7217,7.2046,1.8463,0.10584,0.14183,-5.7665,0.010282,723.37
67.377,12.517,2.7949,7.3539,1.8098,0.08531,0.10685,-5.9085,0.011041,685.91
67.417,12.814,2.8666,7.5085,1.7697,0.064809,0.071915,-6.0503,0.0118,653.75
67.458,12.873,2.8773,6.7439,1.722,-0.89113,-0.97406,-6.0567,0.0052,1338.5
67.497,13.146,2.9397,6.7073,1.7122,-0.90132,-0.96044,-6.0565,0.0052,1331.2
67.538,13.418,3.0033,6.6707,1.7026,-0.91131,-0.94655,-6.0563,0.0052,1324
67.577,13.688,3.0648,6.6343,1.6926,-0.92089,-0.93237,-6.0561,0.0052,1316.7
******-------------------------------------------------------------------------------------------------------------------****** 
TargetID: ID05
Target can not be processed due to lack of Data
******-------------------------------------------------------------------------------------------------------------------****** 
TargetID: ID27
Target can not be processed due to lack of Data
******-------------------------------------------------------------------------------------------------------------------****** 
TargetID: ID28
Target can not be processed due to lack of Data
******-------------------------------------------------------------------------------------------------------------------****** 
TargetID: ID06
Target can not be processed due to lack of Data
******-------------------------------------------------------------------------------------------------------------------****** 
TargetID: ID29
Target can not be processed due to lack of Data
******-------------------------------------------------------------------------------------------------------------------****** 
TargetID: ID08
Target can not be processed due to lack of Data
******-------------------------------------------------------------------------------------------------------------------****** 
TargetID: ID11
Target can not be processed due to lack of Data
******-------------------------------------------------------------------------------------------------------------------****** 
TargetID: ID12
Target can not be processed due to lack of Data
******-------------------------------------------------------------------------------------------------------------------****** 
TargetID: ID13
Target can not be processed due to lack of Data
******-------------------------------------------------------------------------------------------------------------------****** 
