******-------------------------------------------------------------------------------------------------------------------****** 
Duration of the scene is: 30.4405 seconds
Original Targets Numbers in the hole Scene: 8
Number of Targets in the hole Scene after preprocessing: 13
Number of static portions: 1
******-------------------------------------------------------------------------------------------------------------------****** 
TargetID: ID01
Relevancy: 0
tj = Inf
Label: -1
Comment: Target is irrelevant as it is not crossing the estimated holding line
DATA:
21.561,0,0,NaN,NaN,NaN,NaN,0,NaN,NaN
21.601,-0.27845,-0.21681,7.8048,0.56366,0,0,0.0721,0,Inf
21.641,-0.10114,-0.1081,7.8295,0.45552,-9.1438e-06,-0.00056557,0.0581,0.0002,39214
21.681,0.028803,0.093262,7.4381,1.2913,0.016898,1.1962,0.1693,0.4662,16.193
21.721,0.32604,0.14806,7.4555,1.4378,0.017146,1.2031,0.1879,0.4662,16.287
21.761,-0.40498,-0.58416,8.5011,1.0642,0.079464,2.0704,0.1514,0.6186,13.85
21.801,-0.39614,-0.34479,8.2504,1.4588,0.084207,2.196,0.2045,0.7183,11.664
21.841,-0.32374,-0.15913,7.8844,1.6869,0.058984,1.7349,0.2357,0.6971,11.566
21.881,-0.18749,-0.0029175,7.7979,1.8681,0.053822,1.6553,0.259,0.6975,11.496
21.921,-0.060265,0.16215,7.6953,2.0551,0.049236,1.5826,0.284,0.7018,11.349
21.961,0.23465,0.27009,7.6827,2.2866,0.048078,1.5963,0.312,0.7018,11.422
22.001,0.3549,0.47684,7.7471,2.3401,0.054179,1.7496,0.3177,0.6693,12.091
22.041,0.011829,0.73383,6.7148,2.5614,0.033234,0.91519,0.3801,0.7493,9.5913
22.081,0.13335,0.91795,6.9656,2.6762,0.024233,0.97235,0.3823,0.7047,10.589
22.121,0.31718,1.106,6.9843,2.813,0.030867,1.1835,0.4013,0.6901,10.911
22.161,0.58046,1.2101,7.1061,2.7857,0.020811,0.85787,0.3867,0.6277,12.16
22.201,0.5983,1.4608,6.7734,2.9304,0.010626,0.48611,0.4162,0.6438,11.463
22.241,0.68668,1.6926,6.3996,3.1208,0.0015587,0.080305,0.4551,0.6715,10.603
22.281,0.84581,1.8434,5.8613,3.3195,-0.012226,-0.85855,0.4993,0.7116,9.4661
22.321,0.87922,2.0886,6.3056,3.21,0.0025714,0.12631,0.473,0.6208,11.398
22.361,0.9952,2.3209,5.8825,3.4276,-0.0037678,-0.19908,0.524,0.661,10.3
22.401,1.116,2.5293,5.4554,3.6201,-0.0098885,-0.54631,0.5756,0.6987,9.3707
22.441,1.3077,2.6787,4.1442,3.8267,-0.011764,-0.62528,-0.015419,0.70952,7.95
22.481,1.4512,2.8355,3.0729,4.0096,-0.013633,-0.704,-0.60452,0.72031,7.0132
22.521,1.5564,2.9987,2.2385,4.1691,-0.015497,-0.78254,-1.1923,0.73107,6.4728
22.561,1.6333,3.1687,1.636,4.3063,-0.017372,-0.86147,-1.783,0.74188,6.2093
22.601,1.6906,3.3432,1.2708,4.4201,-0.019241,-0.94018,-2.3721,0.75267,6.1105
22.641,1.7384,3.5231,1.1408,4.5115,-0.021122,-1.0194,-2.9651,0.76353,6.0947
22.681,1.785,3.7038,1.2465,4.5787,-0.02298,-1.0977,-3.5507,0.77425,6.129
22.721,1.8409,3.8877,1.5871,4.6235,-0.024847,-1.1763,-4.1393,0.78503,6.2269
22.761,1.9152,4.0735,2.1646,4.6452,-0.02672,-1.2552,-4.7296,0.79583,6.4395
22.801,2.017,4.2589,2.9747,4.6439,-0.028586,-1.3338,-5.3176,0.8066,6.8373
22.841,2.131,4.4827,2.8661,4.7526,-0.024466,-1.1143,-5.2828,0.808,6.8687
22.881,2.2459,4.6917,2.7295,4.8183,-0.025013,-1.1197,-5.2544,0.8039,6.8885
22.921,2.3495,4.9321,2.6736,4.9802,-0.014172,-0.64469,-5.2189,0.8051,7.0209
22.961,2.4666,5.14,2.5879,5.0401,-0.014906,-0.67181,-5.2006,0.7922,7.1518
23.001,2.5718,5.361,2.4727,5.1155,-0.013883,-0.62852,-5.1748,0.7864,7.2251
23.041,2.6879,5.5828,2.9358,5.3584,0.010869,0.53427,-5.2041,0.7266,8.409
23.081,2.7959,5.7768,3.1434,5.3765,0.014146,0.70518,-5.2287,0.6771,9.198
******-------------------------------------------------------------------------------------------------------------------****** 
TargetID: ID10
Target can not be processed due to lack of Data
******-------------------------------------------------------------------------------------------------------------------****** 
TargetID: ID11
Target can not be processed due to lack of Data
******-------------------------------------------------------------------------------------------------------------------****** 
TargetID: ID12
Target can not be processed due to lack of Data
******-------------------------------------------------------------------------------------------------------------------****** 
TargetID: ID02
Target can not be processed due to lack of Data
******-------------------------------------------------------------------------------------------------------------------****** 
TargetID: ID14
Relevancy: 0
tj = Inf
Label: -1
Comment: Target is irrelevant as it is not crossing the estimated holding line
DATA:
23.641,0,-0,NaN,NaN,NaN,NaN,0,NaN,NaN
23.681,0.3406,0.32639,NaN,NaN,NaN,NaN,0.4076,NaN,NaN
23.721,0.6396,0.18028,NaN,NaN,NaN,NaN,0.157,NaN,NaN
23.761,0.88843,-0.20036,NaN,NaN,NaN,NaN,-0.2073,NaN,NaN
23.8,1.1911,0.014119,NaN,NaN,NaN,NaN,0.0186,NaN,NaN
23.841,1.4614,-0.14223,NaN,NaN,NaN,NaN,-0.0931,NaN,NaN
23.881,1.747,-0.014797,NaN,NaN,NaN,NaN,0.0059,NaN,NaN
23.921,1.983,-0.18667,NaN,NaN,NaN,NaN,-0.092,NaN,NaN
23.96,1.6841,-0.25771,6.5598,-1.8717,0,-0,-0.2779,0,Inf
24.001,0.35785,-0.68452,6.8823,-2.1386,2.0442,0.67514,-0.2655,0.0675,106.77
24.04,0.62585,-0.7641,6.8238,-1.9334,1.9235,0.63564,-0.26581,0.074352,95.389
24.081,0.90438,-0.83919,6.7704,-1.7336,1.7971,0.59426,-0.26613,0.081532,85.719
24.121,1.1738,-0.90478,6.7264,-1.5541,1.6739,0.55394,-0.26644,0.088527,77.982
24.16,1.4363,-0.96239,6.6908,-1.3925,1.5532,0.51441,-0.26675,0.095385,71.648
24.2,1.7033,-1.015,6.6621,-1.2422,1.4298,0.47403,-0.26706,0.10239,66.187
24.241,1.9755,-1.063,6.641,-1.1038,1.3036,0.4327,-0.26738,0.10956,61.446
24.28,2.2349,-1.1038,6.6284,-0.98613,1.183,0.3932,-0.26769,0.11641,57.565
24.321,2.5051,-1.1418,6.6232,-0.87866,1.0572,0.35203,-0.268,0.12356,54.075
24.36,2.7649,-1.1744,6.626,-0.7899,0.93619,0.31242,-0.26831,0.13043,51.162
24.401,3.0355,-1.205,6.6369,-0.71278,0.8103,0.27121,-0.26863,0.13758,48.518
24.44,3.2959,-1.2318,6.655,-0.65335,0.68941,0.23163,-0.26894,0.14444,46.295
24.481,3.5684,-1.2575,6.6819,-0.60663,0.56332,0.19036,-0.26926,0.1516,44.256
24.52,3.8307,-1.2806,6.7153,-0.57649,0.44255,0.15082,-0.26956,0.15846,42.534
24.56,4.1,-1.3033,6.7573,-0.56046,0.31921,0.11044,-0.26988,0.16547,40.977
24.6,4.3709,-1.3256,6.807,-0.55933,0.19599,0.070102,-0.27019,0.17247,39.601
24.64,4.6446,-1.3482,6.8646,-0.57314,0.072467,0.029665,-0.2705,0.17948,38.38
24.68,4.92,-1.3716,6.93,-0.60182,-0.050743,-0.01067,-0.27082,0.18648,37.302
24.72,5.1984,-1.3965,7.0032,-0.64541,-0.17404,-0.051034,-0.27113,0.19348,36.349
24.76,5.4807,-1.4235,7.0845,-0.70409,-0.29769,-0.091511,-0.27144,0.20051,35.507
24.8,5.7661,-1.4531,7.1735,-0.77764,-0.42116,-0.13193,-0.27176,0.20752,34.771
24.84,6.0545,-1.4859,7.2702,-0.86592,-0.54436,-0.17226,-0.27207,0.21452,34.131
24.88,6.3481,-1.5226,7.3751,-0.96953,-0.66806,-0.21276,-0.27238,0.22154,33.576
24.92,6.6445,-1.5636,7.4873,-1.0875,-0.79113,-0.25305,-0.27269,0.22853,33.106
24.96,6.9472,-1.6098,7.6079,-1.221,-0.91483,-0.29354,-0.27301,0.23556,32.711
25,7.2531,-1.6614,7.7357,-1.3687,-1.0379,-0.33382,-0.27332,0.24254,32.389
25.04,7.5662,-1.7196,7.8721,-1.5323,-1.1617,-0.37434,-0.27364,0.24957,32.134
25.081,7.8879,-1.7852,8.0178,-1.7126,-1.2866,-0.41524,-0.27395,0.25667,31.943
25.12,8.2071,-1.8565,8.1674,-1.9029,-1.4083,-0.45507,-0.27426,0.26358,31.816
25.16,8.537,-1.9367,8.327,-2.1107,-1.5316,-0.49546,-0.27457,0.27059,31.747
25.201,8.8811,-2.0277,8.4982,-2.3387,-1.6578,-0.53678,-0.27489,0.27776,31.734
25.24,9.2164,-2.1235,8.6694,-2.571,-1.7784,-0.57623,-0.2752,0.2846,31.773
******-------------------------------------------------------------------------------------------------------------------****** 
TargetID: ID16
Target can not be processed due to lack of Data
******-------------------------------------------------------------------------------------------------------------------****** 
TargetID: ID17
Target can not be processed due to lack of Data
******-------------------------------------------------------------------------------------------------------------------****** 
TargetID: ID18
Target can not be processed due to lack of Data
******-------------------------------------------------------------------------------------------------------------------****** 
TargetID: ID05
Relevancy: 0
tj = Inf
Label: -1
Comment: Target is irrelevant as it is not crossing the estimated holding line
DATA:
23.96,0,0,NaN,NaN,NaN,NaN,0,NaN,NaN
24.001,0.061226,-0.0030394,NaN,NaN,NaN,NaN,0,NaN,NaN
24.04,0.20563,-0.40923,NaN,NaN,NaN,NaN,-0.8527,NaN,NaN
24.081,0.26288,-0.62148,NaN,NaN,NaN,NaN,-0.8492,NaN,NaN
24.121,NaN,NaN,NaN,NaN,NaN,NaN,-0.7654,NaN,NaN
24.16,NaN,NaN,NaN,NaN,NaN,NaN,-0.6923,NaN,NaN
24.2,NaN,NaN,NaN,NaN,NaN,NaN,-0.3569,NaN,NaN
24.241,NaN,NaN,NaN,NaN,NaN,NaN,-0.5223,NaN,NaN
24.28,NaN,NaN,NaN,NaN,NaN,NaN,-0.2804,NaN,NaN
24.321,NaN,NaN,NaN,NaN,NaN,NaN,-0.3304,NaN,NaN
24.36,NaN,NaN,NaN,NaN,NaN,NaN,-0.19,NaN,NaN
24.401,NaN,NaN,NaN,NaN,NaN,NaN,-0.2104,NaN,NaN
24.44,NaN,NaN,NaN,NaN,NaN,NaN,-0.1381,NaN,NaN
24.481,NaN,NaN,NaN,NaN,NaN,NaN,-0.4469,NaN,NaN
24.52,NaN,NaN,NaN,NaN,NaN,NaN,-0.4163,NaN,NaN
24.56,NaN,NaN,NaN,NaN,NaN,NaN,-0.5158,NaN,NaN
24.6,NaN,NaN,NaN,NaN,NaN,NaN,-0.4779,NaN,NaN
24.64,NaN,NaN,NaN,NaN,NaN,NaN,-0.412,NaN,NaN
24.68,NaN,NaN,NaN,NaN,NaN,NaN,-0.3072,NaN,NaN
24.72,NaN,NaN,NaN,NaN,NaN,NaN,-0.246,NaN,NaN
24.76,NaN,NaN,NaN,NaN,NaN,NaN,-0.274,NaN,NaN
24.8,NaN,NaN,NaN,NaN,NaN,NaN,-0.3038,NaN,NaN
24.84,NaN,NaN,NaN,NaN,NaN,NaN,-0.2895,NaN,NaN
24.88,NaN,NaN,NaN,NaN,NaN,NaN,-0.3047,NaN,NaN
24.92,NaN,NaN,NaN,NaN,NaN,NaN,-0.3012,NaN,NaN
24.96,1.6344,-1.261,2.6731,-0.81665,0,0,-0.2965,0,Inf
25,1.7626,-1.303,2.9176,-0.78844,0.48259,1.2532,-0.2822,0.0211,143.24
25.04,1.8808,-1.3343,3.1766,-0.77281,0.92046,2.4847,-0.2695,0.0421,77.655
25.081,0.65536,-1.3742,3.2022,-2.1839,1.7746,2.316,-0.3206,0.0244,158.86
25.12,0.76198,-1.3926,3.1983,-1.9276,1.3145,1.8781,-0.3084,0.0154,242.49
25.16,0.71663,-1.366,3.1914,-2.1711,1.2085,1.7003,-0.3646,-0.016,-241.25
25.201,0.85078,-1.4041,3.2078,-2.453,2.0483,2.4164,-0.3314,0.0156,258.86
25.24,0.99371,-1.4393,3.6142,-2.5315,2.0162,2.6024,-0.3316,0.0075,588.35
25.28,1.1634,-1.5433,3.9641,-1.4191,0.9836,2.4197,-0.3438,-0.0017,-2476.7
25.32,1.2952,-1.5754,3.7365,-2.4133,1.7209,2.3801,-0.3287,0.0128,347.51
25.36,1.4647,-1.6434,3.6234,-2.3801,1.7627,2.3577,-0.3236,0.0295,146.96
25.4,1.6231,-1.6995,3.9966,-2.4745,1.7766,2.5309,-0.3241,0.0276,170.31
25.44,1.859,-1.8393,3.9075,-2.5876,1.7806,2.4983,-0.3535,0.0152,308.33
25.48,2.0458,-1.9019,4.2786,-2.7348,1.7924,2.6562,-0.3626,0.0003,16926
25.52,2.238,-1.9886,4.3899,-2.8584,1.7507,2.6557,-0.3842,-0.0275,-190.49
25.56,2.4209,-2.0439,4.4882,-2.9039,1.713,2.6466,-0.3905,-0.0399,-133.98
25.6,2.5394,-2.04,4.8563,-1.247,0.52895,2.0751,-0.3929,-0.0935,-53.625
25.64,2.7199,-2.1495,4.432,-2.5208,1.1387,1.9294,-0.3743,-0.0503,-101.37
25.68,2.9326,-2.2708,4.5792,-2.6122,1.2161,2.0601,-0.3757,-0.0346,-152.37
25.72,3.0265,-2.2519,4.3837,-2.1728,1.0715,1.8132,-0.3159,0.0308,158.85
25.76,3.2178,-2.3247,4.5173,-2.2272,1.1709,1.9668,-0.3103,0.044,114.47
25.8,3.4628,-2.5388,5.4356,-1.0881,0.64167,2.5541,-0.3408,0.0166,333.94
25.84,3.6519,-2.592,5.2172,-1.2253,0.52487,1.8235,-0.3408,0.0012,4466
25.88,3.8354,-2.5475,5.0016,-1.2057,0.40768,1.2926,-0.3218,0.0108,476.37
25.92,4.019,-2.6119,4.8911,-1.2739,0.32228,0.9535,-0.3202,0.0082,616.38
25.96,4.2206,-2.6193,4.8626,-1.2411,0.28669,0.82547,-0.3075,0.0219,229.16
26,4.4277,-2.6616,4.8601,-1.2446,0.26225,0.74043,-0.3025,0.0268,187.2
26.04,4.6253,-2.6459,4.8158,-1.1785,0.22502,0.62027,-0.2844,0.0444,111.66
26.08,4.8415,-2.8822,4.9881,-1.3922,0.27582,0.77549,-0.3231,0.0059,877.76
26.12,4.9898,-2.7598,4.7922,-1.1608,0.28632,0.69347,-0.2377,0.093,53.019
26.16,5.2167,-2.909,5.0042,-1.0065,0.29563,0.84836,-0.2555,0.0746,68.423
26.2,5.4066,-2.8277,4.9629,-0.8499,0.28014,0.79772,-0.2246,0.1008,49.952
26.24,5.6191,-2.8873,5.06,-0.83579,0.31403,0.90958,-0.2241,0.0984,52.119
26.28,5.835,-2.9029,5.1345,-0.76664,0.34451,1.0146,-0.2138,0.1047,49.584
26.32,6.0568,-3.0736,5.3119,-0.88306,0.39632,1.1907,-0.2364,0.0817,65.909
26.36,6.2613,-3.1215,5.3569,-0.8785,0.39827,1.1911,-0.2331,0.0817,66.443
26.4,6.5035,-3.2225,5.5509,-0.86512,0.47581,1.4786,-0.2363,0.0778,72.21
26.44,6.7222,-3.2685,5.605,-0.86484,0.47871,1.4786,-0.2332,0.0778,72.896
26.48,6.9328,-3.3199,5.6592,-0.8638,0.4816,1.4787,-0.2301,0.0778,73.583
26.52,7.1521,-3.3681,5.7136,-0.86227,0.48444,1.4789,-0.227,0.0778,74.271
26.56,7.3731,-3.4166,5.768,-0.86057,0.48741,1.4791,-0.2239,0.0778,74.959
26.6,7.6013,-3.4638,5.8224,-0.85822,0.49031,1.4793,-0.2208,0.0778,75.647
26.64,7.822,-3.5134,5.877,-0.85546,0.49316,1.4795,-0.2176,0.0778,76.336
26.681,8.0448,-3.5639,5.9317,-0.85229,0.49597,1.4798,-0.2145,0.0778,77.026
26.72,8.2806,-3.6086,5.9863,-0.84914,0.49874,1.4801,-0.2114,0.0778,77.715
26.76,8.5094,-3.659,6.0412,-0.84509,0.50129,1.4803,-0.2083,0.0778,78.406
26.8,8.7396,-3.7069,6.096,-0.84108,0.50377,1.4804,-0.2052,0.0778,79.097
26.84,9.0634,-3.4737,6.4857,-0.92052,1.5827,2.9919,-0.023,0.2047,32.001
26.88,9.6152,-3.6279,7.392,-1.3588,2.3373,4.2866,-0.0513,0.1823,41.228
26.92,10.024,-3.6654,7.8216,-1.3515,2.5788,4.7514,-0.042,0.1845,43.022
26.96,10.405,-3.683,8.1318,-1.3163,2.6812,4.9803,-0.0354,0.1842,44.721
27,10.714,-3.6335,8.2411,-1.0708,2.6127,4.9277,-0.0093,0.1962,42.357
27.04,11.031,-3.7437,8.4543,-0.94113,2.5621,4.9308,0.0028,0.1987,42.811
27.08,11.361,-3.729,8.6134,-0.83924,2.5463,4.9436,0.0124,0.1997,43.336
27.12,11.713,-3.693,8.7796,-0.68859,2.5375,4.9765,0.0273,0.2041,43.148
27.16,12.063,-3.6664,8.9434,-0.5706,2.5316,5.0069,0.0382,0.2059,43.524
27.2,12.418,-3.6306,9.1031,-0.43083,2.5282,5.0415,0.0512,0.2092,43.562
27.24,12.712,-3.5956,9.2719,-0.37728,2.5339,5.0533,0.0577,0.2071,44.807
27.28,13.058,-3.5375,9.3848,-0.18032,2.507,5.0457,0.0758,0.2136,43.944
27.32,13.35,-3.4509,9.3516,0.083598,2.381,4.8479,0.0996,0.2233,41.881
27.36,13.685,-3.3598,9.3934,0.32734,2.3236,4.7783,0.122,0.2322,40.479
27.4,14.006,-3.2586,9.4105,0.58427,2.2585,4.6899,0.1458,0.2417,39.01
27.44,14.008,-3.1688,9.339,0.79151,2.1892,4.5017,0.1772,0.2559,36.626
27.48,14.326,-3.0411,9.349,1.0493,2.136,4.4365,0.2008,0.2642,35.608
27.52,14.563,-3.019,9.5595,1.0685,2.1984,4.5538,0.204,0.2563,37.531
27.56,14.96,-2.9827,10.271,0.75804,2.0886,4.3263,-0.091298,0.2435,42.295
27.6,15.384,-2.9575,10.915,0.51135,1.9786,4.0985,-0.38703,0.23068,47.369
27.64,15.832,-2.9409,11.491,0.32896,1.8687,3.8708,-0.6827,0.21786,52.767
27.68,16.302,-2.9303,11.999,0.21081,1.7587,3.643,-0.97835,0.20504,58.529
27.72,16.791,-2.9232,12.439,0.15691,1.6488,3.4154,-1.2739,0.19223,64.714
27.76,17.297,-2.9169,12.811,0.16725,1.5388,3.1874,-1.5698,0.1794,71.418
27.8,17.815,-2.909,13.114,0.24154,1.4291,2.9604,-1.8646,0.16662,78.722
27.84,18.345,-2.8967,13.351,0.38033,1.3191,2.7324,-2.1605,0.15379,86.845
27.88,18.883,-2.8776,13.519,0.58339,1.2091,2.5046,-2.4564,0.14097,95.989
27.92,19.425,-2.8492,13.618,0.84998,1.0994,2.2773,-2.7514,0.12817,106.46
27.96,19.972,-2.8087,13.65,1.1821,0.98919,2.049,-3.0477,0.11533,118.81
28,20.516,-2.7538,13.614,1.5771,0.87945,1.8217,-3.3429,0.10253,133.67
28.04,21.06,-2.6816,13.51,2.038,0.76926,1.5935,-3.6392,0.089684,152.34
28.08,21.596,-2.59,13.338,2.5609,0.65957,1.3662,-3.9342,0.076896,176.63
28.12,22.126,-2.4758,13.098,3.1501,0.54947,1.1382,-4.2303,0.06406,210.29
28.16,22.645,-2.3367,12.789,3.8035,0.43941,0.9102,-4.5262,0.051229,260.45
28.2,23.148,-2.1709,12.414,4.5184,0.32976,0.68307,-4.8211,0.038445,343.62
28.24,23.637,-1.9741,11.968,5.3016,0.21951,0.4547,-5.1176,0.025592,511.49
28.28,24.107,-1.7448,11.455,6.1488,0.10935,0.2265,-5.4138,0.012748,1019.8
28.32,24.552,-1.4824,10.878,7.0535,0,0,-5.7079,0,Inf
28.36,24.993,-1.1978,10.878,7.0537,0,0,-5.7079,0,Inf
28.4,25.428,-0.91619,10.878,7.0533,0,0,-5.7079,0,Inf
28.44,25.868,-0.63202,10.878,7.0534,0,0,-5.7079,0,Inf
28.48,26.308,-0.34824,10.878,7.0532,0,0,-5.7079,0,Inf
28.52,26.747,-0.064654,10.878,7.053,0,0,-5.708,0,Inf
******-------------------------------------------------------------------------------------------------------------------****** 
TargetID: ID06
Target can not be processed due to lack of Data
******-------------------------------------------------------------------------------------------------------------------****** 
TargetID: ID07
Target can not be processed due to lack of Data
******-------------------------------------------------------------------------------------------------------------------****** 
TargetID: ID08
Relevancy: 0
tj = Inf
Label: -1
Comment: Target is irrelevant as it is not crossing the estimated holding line
DATA:
27.92,0,0,NaN,NaN,NaN,NaN,0,NaN,NaN
27.96,0.067556,-0.40168,NaN,NaN,NaN,NaN,-0.4636,NaN,NaN
28,0.018988,0.39577,NaN,NaN,NaN,NaN,-5.2703,NaN,NaN
28.04,0.17715,0.64324,NaN,NaN,NaN,NaN,-5.2702,NaN,NaN
28.08,-0.24074,2.401,3.1301,16.303,0,0,-4.9021,0,Inf
28.12,-0.1637,1.7264,2.8257,10.718,-0.00044549,-0.0047874,-4.9702,-0.0171,-648.21
28.16,-0.046037,2.5417,3.7528,14.594,0.019581,0.21037,-4.9641,-0.3271,-46.067
28.2,0.0698,2.9603,3.9625,14.172,0.019907,0.2139,-4.985,-0.357,-41.22
28.24,0.16616,3.2065,3.9696,13.749,0.016985,0.18249,-4.9935,-0.3233,-44.264
28.28,0.32527,3.7499,4.1481,13.703,0.016894,0.18151,-5.0064,-0.3233,-44.284
28.32,0.50042,4.3019,4.3273,13.655,0.01682,0.18052,-5.0193,-0.3233,-44.305
28.36,0.68264,4.8504,4.5055,13.604,0.016728,0.17953,-5.0322,-0.3233,-44.326
28.4,0.86771,5.3944,4.6835,13.551,0.016681,0.17883,-5.0452,-0.3233,-44.347
28.44,1.0636,5.9383,4.8605,13.495,0.016615,0.17812,-5.0581,-0.3233,-44.368
28.48,1.2662,6.4802,5.0371,13.438,0.016549,0.17742,-5.0711,-0.3233,-44.388
28.52,1.4752,7.0194,5.213,13.378,0.016496,0.17686,-5.084,-0.3233,-44.409
28.56,1.691,7.5548,5.3879,13.315,0.016457,0.17643,-5.0969,-0.3233,-44.43
28.6,1.9135,8.0877,5.5621,13.251,0.016417,0.17601,-5.1098,-0.3233,-44.451
28.64,2.1425,8.6169,5.7352,13.184,0.016391,0.17573,-5.1227,-0.3233,-44.471
28.68,2.3784,9.1446,5.908,13.115,0.016378,0.17559,-5.1357,-0.3233,-44.492
28.72,2.6206,9.668,6.0796,13.044,0.016365,0.17545,-5.1486,-0.3233,-44.513
28.76,2.8703,10.192,6.2516,12.97,0.016382,0.17544,-5.1616,-0.3233,-44.533
******-------------------------------------------------------------------------------------------------------------------****** 
