******-------------------------------------------------------------------------------------------------------------------****** 
Duration of the scene is: 11.9635 seconds
Original Targets Numbers in the hole Scene: 3
Number of Targets in the hole Scene after preprocessing: 3
Number of static portions: 1
******-------------------------------------------------------------------------------------------------------------------****** 
TargetID: ID01
Relevancy: 1
tj = 8.4426
Label: 0
Comment: Target is relevant and going straight, since the velocity ratio is almost not changing
DATA:
1.0003,-0,-0,NaN,NaN,NaN,NaN,0,NaN,NaN
1.0404,0.46542,0.0036252,NaN,NaN,NaN,NaN,0,NaN,NaN
1.0804,0.90331,-1.1882,NaN,NaN,NaN,NaN,-0.1104,NaN,NaN
1.1204,1.3707,-1.2356,NaN,NaN,NaN,NaN,-0.1104,NaN,NaN
1.1604,1.8817,-1.0189,NaN,NaN,NaN,NaN,-0.039,NaN,NaN
1.2004,2.3513,-1.0355,NaN,NaN,NaN,NaN,-0.039,NaN,NaN
1.2404,2.8256,-1.103,NaN,NaN,NaN,NaN,-0.0452,NaN,NaN
1.2804,3.2959,-1.1259,NaN,NaN,NaN,NaN,-0.0452,NaN,NaN
1.3204,3.7329,-0.98283,NaN,NaN,NaN,NaN,-0.0098,NaN,NaN
1.3604,4.2017,-0.98913,NaN,NaN,NaN,NaN,-0.0098,NaN,NaN
1.4005,4.5921,-0.73899,NaN,NaN,NaN,NaN,0.0432,NaN,NaN
1.4405,5.0576,-0.72274,NaN,NaN,NaN,NaN,0.0433,NaN,NaN
1.4805,5.5803,-0.59485,NaN,NaN,NaN,NaN,0.0622,NaN,NaN
1.5205,6.0551,-0.23605,NaN,NaN,NaN,NaN,0.1308,NaN,NaN
1.5605,6.5641,0.17592,NaN,NaN,NaN,NaN,0.1868,NaN,NaN
1.6005,7.0316,0.28021,NaN,NaN,NaN,NaN,0.1851,NaN,NaN
1.6405,7.5095,0.15322,NaN,NaN,NaN,NaN,0.1545,NaN,NaN
1.6806,7.9786,-0.096033,NaN,NaN,NaN,NaN,0.1095,NaN,NaN
1.7206,8.45,-0.21677,NaN,NaN,NaN,NaN,0.0834,NaN,NaN
1.7606,8.907,-0.39639,NaN,NaN,NaN,NaN,0.0584,NaN,NaN
1.8006,9.3608,-0.41504,NaN,NaN,NaN,NaN,0.0496,NaN,NaN
1.8406,9.8206,-0.37107,NaN,NaN,NaN,NaN,0.0543,NaN,NaN
1.8807,10.26,-0.37269,NaN,NaN,NaN,NaN,0.0495,NaN,NaN
1.9206,10.708,-0.31196,NaN,NaN,NaN,NaN,0.0539,NaN,NaN
1.9607,11.16,-0.30987,NaN,NaN,NaN,NaN,0.0507,NaN,NaN
2.0007,11.617,-0.26466,NaN,NaN,NaN,NaN,0.0538,NaN,NaN
2.0408,12.047,-0.3976,NaN,NaN,NaN,NaN,0.0346,NaN,NaN
2.0807,12.328,0.029637,11.414,0.27823,0.00052692,-0.00047163,0.0244,0,Inf
2.1207,12.803,0.26746,11.434,0.57359,0.012331,-0.011032,0.0501,0.0001,1.1448e+05
2.1608,13.285,0.093455,11.458,0.32945,-0.028667,0.025649,0.0288,-0,-Inf
2.2008,13.745,0.11537,11.456,0.34053,0.0051639,-0.0046207,0.0297,0,Inf
2.2408,14.203,0.1281,11.455,0.34067,0.0047432,-0.0042436,0.0297,0,Inf
2.2808,14.664,0.095331,11.472,0.28484,0.037943,-0.033948,0.0248,-0.0005,-22952
2.3208,15.127,0.00012809,11.461,0.16674,-0.043315,0.038756,0.0146,-0.0008,-14328
2.3609,15.587,0.012136,11.455,0.17433,0.013385,-0.011976,0.0152,-0.0009,-12729
2.4008,16.048,0.022054,11.464,0.17344,-0.043106,0.038568,0.0151,-0.0011,-10423
2.441,16.518,0.067073,11.489,0.21878,0.0083264,-0.0074494,0.019,-0.0003,-38304
2.4809,16.977,0.056742,11.488,0.19392,-0.053856,0.048186,0.0169,-0.0008,-14362
2.5208,17.436,0.064039,11.489,0.19368,-0.057756,0.051674,0.0169,-0.0008,-14364
2.5609,17.896,0.074049,11.491,0.19295,-0.061549,0.055069,0.0168,-0.0008,-14365
2.6009,18.356,0.082266,11.492,0.19252,-0.065344,0.058463,0.0167,-0.0008,-14367
2.6459,18.821,-0.11561,11.529,-0.046877,-0.12625,0.11297,-0.004,-0.0093,-1239.7
2.6807,19.295,-0.056101,11.572,0.026929,0.018022,-0.016125,0.0023,-0.0059,-1961.4
2.7207,19.781,-0.15144,11.597,-0.086006,-0.035306,0.03159,-0.0074,-0.0099,-1171.5
2.7608,20.284,0.16157,11.632,0.27749,0.035624,-0.031872,0.0238,0.0056,2077.8
2.8008,20.742,0.079023,11.603,0.18285,-0.063025,0.05639,0.0158,0.0023,5045.3
2.8408,21.201,0.12581,11.581,0.22813,-0.017917,0.016031,0.0197,0.0043,2693.8
2.8809,21.663,0.13297,11.578,0.23045,-0.019498,0.017445,0.0199,0.0043,2693.1
2.9208,22.141,0.11632,11.618,0.20007,0.015177,-0.01358,0.0172,0.0023,5052.1
2.9609,22.606,0.124,11.619,0.20125,0.014861,-0.013296,0.0173,0.0023,5052.7
3.0009,23.104,0.11363,11.676,0.16151,0.033306,-0.029799,0.0138,-0.001,-11677
3.0409,23.57,0.25732,11.634,0.36308,-0.10351,0.092604,0.0311,0.012,969.98
3.0809,24.036,0.29882,11.626,0.40596,-0.071242,0.063748,0.035,0.0144,807.85
3.1208,24.497,0.38637,11.603,0.51895,-0.17603,0.15749,0.0445,0.0212,547.86
3.1609,24.96,0.39688,11.627,0.52478,-0.1268,0.11345,0.045,0.0212,548.99
3.201,25.427,0.57066,11.624,0.75053,-0.215,0.19238,0.0645,0.0348,334.73
3.241,25.893,0.60082,11.641,0.77525,-0.22438,0.20074,0.0665,0.0355,328.63
3.281,26.382,0.64026,11.672,0.79973,-0.21427,0.19172,0.0684,0.0356,328.63
3.3209,26.849,0.67171,11.674,0.8168,-0.2227,0.19927,0.0699,0.0356,328.73
3.361,27.301,0.89316,11.66,1.1189,-0.28917,0.25868,0.0954,0.0532,220.18
3.401,27.77,0.93425,11.681,1.1411,-0.22738,0.20342,0.0972,0.053,221.44
3.441,28.243,0.98904,11.701,1.174,-0.24145,0.21602,0.1,0.0535,219.81
3.481,28.712,1.1045,11.703,1.2988,-0.23793,0.21285,0.1103,0.0594,198.23
3.521,29.182,1.136,11.714,1.2868,-0.28996,0.25949,0.1097,0.0571,206.39
3.5611,29.65,1.0973,11.709,1.1685,-0.24904,0.22281,0.0995,0.0479,245.66
3.6011,30.106,1.1161,11.702,1.1302,-0.19575,0.17512,0.0961,0.0435,270.25
3.6411,30.568,1.1558,11.691,1.132,-0.15116,0.13523,0.0964,0.0422,278.34
3.6811,31.057,1.247,11.716,1.2215,-0.13366,0.11958,0.1038,0.0462,254.96
3.721,31.519,1.226,11.71,1.1211,-0.12299,0.11004,0.0955,0.0389,302.4
3.7611,31.989,1.2438,11.718,1.0949,-0.1172,0.10486,0.0932,0.036,326.93
3.8012,32.451,1.3201,11.724,1.1642,-0.10825,0.096847,0.0989,0.039,302.11
3.8411,32.933,1.456,11.754,1.3262,-0.12046,0.10778,0.1123,0.0474,249.55
3.8811,33.393,1.4171,11.744,1.1905,-0.12236,0.10948,0.101,0.0379,311.47
3.9211,33.862,1.492,11.742,1.2524,-0.11634,0.1041,0.1064,0.0406,290.85
3.9612,34.327,1.4573,11.738,1.1263,-0.10634,0.095143,0.0957,0.0319,369.65
4.0011,34.802,1.5978,11.75,1.3005,-0.10434,0.093359,0.1102,0.0412,286.95
4.0412,35.273,1.6715,11.735,1.3492,-0.10604,0.094859,0.1144,0.0429,275.35
4.0812,35.73,1.6259,11.699,1.2015,-0.076305,0.06827,0.1023,0.0333,353.17
4.1212,36.196,1.6283,11.693,1.137,-0.077669,0.069497,0.097,0.0285,412.2
4.1612,36.66,1.6279,11.683,1.0709,-0.073138,0.065441,0.0915,0.0239,490.87
4.2013,37.133,1.6916,11.68,1.1147,-0.066289,0.059312,0.0952,0.0258,454.79
4.2413,36.867,2.0805,11.648,0.9161,-0.064266,0.057508,0.0789,0.0134,871.96
4.2812,37.328,2.0953,11.619,0.88394,-0.030664,0.027438,0.0761,0.0111,1049.8
4.3212,37.792,2.1344,11.588,0.88971,-0.0027397,0.0024517,0.0767,0.0111,1047
4.3613,38.251,2.1525,11.551,0.85967,0.012332,-0.011033,0.0742,0.0092,1259
4.4013,38.719,2.2006,11.55,0.87659,-0.027398,0.024515,0.0759,0.0099,1170
4.4413,39.173,2.2022,11.509,0.82504,-0.019285,0.017257,0.0717,0.0068,1696.9
4.4813,39.624,2.2064,11.448,0.77595,-0.038671,0.034602,0.0679,0.004,2868.7
4.5213,40.068,2.2011,11.379,0.71768,-0.042252,0.037807,0.0632,0.0009,12669
4.5614,40.524,2.2021,11.348,0.67304,-0.045939,0.041106,0.0595,-0.0015,-7578.8
4.6014,40.966,2.1972,11.289,0.61902,-0.032455,0.029044,0.055,-0.0045,-2512.5
4.6414,41.424,2.2096,11.257,0.59106,-0.038776,0.034696,0.0527,-0.0059,-1910.6
4.6814,41.861,2.1643,11.224,0.44344,-0.039725,0.035557,0.0397,-0.0157,-715.48
4.7214,42.317,2.1509,11.208,0.38883,-0.018337,0.016406,0.0348,-0.0185,-606.19
4.7615,42.777,2.2297,11.183,0.46351,0.0022128,-0.00198,0.0414,-0.0137,-817
4.8015,43.22,2.2309,11.14,0.43087,-0.0038998,0.0034894,0.0387,-0.0152,-733.41
4.8415,43.658,2.2425,11.066,0.4154,-0.044254,0.039606,0.0378,-0.0152,-728.54
4.8815,44.106,2.272,11.036,0.41717,-0.031086,0.027814,0.038,-0.0147,-751.3
4.9215,44.534,2.2803,10.969,0.39109,-0.02645,0.023666,0.0358,-0.0157,-699.08
4.9616,44.968,2.4629,10.919,0.34568,-0.063738,0.057029,0.032,-0.0181,-603.57
5.0015,45.414,2.4694,10.915,0.32426,-0.046778,0.041862,0.03,-0.0188,-580.82
5.0415,45.851,2.5175,10.892,0.34289,-0.032452,0.029042,0.0317,-0.0172,-633.58
5.0816,46.28,2.496,10.836,0.27579,-0.032874,0.029419,0.0257,-0.0208,-521.15
5.1215,46.728,2.5163,10.851,0.2739,-0.034977,0.031315,0.0255,-0.0204,-532.08
5.1616,47.155,2.5402,10.798,0.26609,-0.031395,0.028102,0.0248,-0.0203,-532.1
5.2016,47.589,2.5402,10.776,0.23524,-0.082258,0.073664,0.0223,-0.0215,-501.35
5.2416,47.988,2.5169,10.69,0.19557,-0.093301,0.08353,0.0189,-0.0215,-497.29
5.2816,48.412,2.5012,10.652,0.15401,-0.098774,0.088483,0.0151,-0.0233,-457.21
5.3216,48.809,2.454,10.571,0.072107,-0.10888,0.097603,0.0075,-0.0279,-378.91
5.3617,49.226,2.4641,10.488,0.060176,-0.10572,0.094708,0.0064,-0.0277,-378.62
5.4017,49.645,2.4622,10.395,0.033351,-0.11234,0.10066,0.004,-0.028,-371.24
5.4419,50.071,2.4807,10.317,0.043994,-0.11307,0.10132,0.005,-0.026,-396.83
5.4817,50.477,2.489,10.205,0.041308,-0.12569,0.11264,0.0049,-0.025,-408.21
5.5217,50.891,2.4914,10.137,0.021504,-0.11106,0.099541,0.0029,-0.0257,-394.42
5.5617,51.307,2.5238,10.061,0.035714,-0.098216,0.08804,0.0043,-0.0237,-424.51
5.6019,51.709,2.5864,9.8941,0.11573,-0.12344,0.1107,0.0126,-0.0158,-626.25
5.6418,52.112,2.6395,9.7728,0.18789,-0.11733,0.10533,0.0201,-0.0093,-1051
5.6959,52.516,2.7465,9.6603,0.28404,-0.10322,0.092612,0.0302,-0.0011,-8785.9
5.7215,52.899,2.7493,9.5318,0.29982,-0.11363,0.10205,0.0324,0.0008,11921
5.7615,53.29,2.7944,9.413,0.29953,-0.094381,0.084617,0.0326,-0,-Inf
5.8016,52.7,2.848,9.2746,0.23753,-0.11201,0.10055,0.0277,-0.0062,-1496.4
5.8416,53.078,2.8844,9.1782,0.25921,-0.10739,0.096508,0.0303,-0.0039,-2354.3
5.8817,53.443,2.8865,9.0714,0.23219,-0.10128,0.091052,0.0276,-0.0057,-1592
5.9216,53.804,2.9504,8.9389,0.32003,-0.075983,0.068245,0.0374,0.0022,4065.7
5.9616,54.164,2.9637,8.8225,0.32252,-0.076281,0.068542,0.0382,0.0031,2847.9
6.0016,54.515,2.9951,8.708,0.32666,-0.079622,0.071635,0.0392,0.0038,2293.2
6.0416,54.868,3.0234,8.6129,0.35036,-0.067443,0.060635,0.0422,0.0061,1413.1
6.0817,55.215,3.0651,8.5065,0.39426,-0.040779,0.036676,0.0473,0.01,851.57
6.1217,55.56,3.1071,8.4192,0.44409,-0.0079926,0.0071836,0.0529,0.0143,589.57
6.1617,55.904,3.1674,8.3476,0.51957,0.027151,-0.024401,0.0615,0.021,398.27
6.2017,56.227,3.1624,8.2234,0.4526,0.0038912,-0.0034988,0.0549,0.0148,556.47
6.2417,56.553,3.1929,8.1133,0.47276,0.018513,-0.01665,0.0577,0.0168,483.75
6.2818,56.863,3.1532,7.9816,0.32656,-0.025213,0.022699,0.0415,0.0029,2754.6
6.3217,57.177,3.1524,7.8734,0.28841,-0.040007,0.036049,0.0377,-0.0005,-15757
6.3618,57.502,3.1905,7.7806,0.31484,-0.067454,0.060855,0.0423,0.0034,2290.3
6.4018,57.807,3.2248,7.6833,0.37165,-0.025515,0.022995,0.0491,0.0088,874.12
6.4418,58.082,3.19,7.5619,0.23759,-0.088878,0.080285,0.034,-0.0037,-2044.8
6.4818,58.406,3.2292,7.5089,0.29739,-0.04511,0.040692,0.0409,0.0023,3267.3
6.5218,58.705,3.2205,7.3991,0.27808,-0.05987,0.05403,0.0394,0.0028,2644.4
6.5619,58.996,3.2763,7.284,0.35653,-0.032838,0.029649,0.05,0.0112,651.14
6.6018,59.286,3.3015,7.19,0.36516,-0.026017,0.023487,0.0516,0.0122,590.11
6.6419,59.562,3.2966,7.0781,0.29955,-0.050512,0.045647,0.044,0.0053,1336.7
6.6819,59.781,3.2451,6.8929,0.1545,-0.10512,0.095441,0.0261,-0.0094,-733.47
6.7219,60.039,3.2502,6.7746,0.13823,-0.10613,0.096419,0.0242,-0.0106,-639.24
6.762,60.319,3.266,6.695,0.14818,-0.080454,0.072934,0.0251,-0.0093,-720.07
6.802,60.599,3.2674,6.6324,0.1238,-0.088788,0.080656,0.022,-0.0112,-592.29
6.842,60.888,3.3183,6.5583,0.17494,-0.062369,0.056544,0.0291,-0.0048,-1366.8
6.882,61.157,3.3396,6.457,0.21156,-0.049513,0.04488,0.0347,0.0001,64605
6.9219,61.414,3.4169,6.4268,0.36961,0.024875,-0.022489,0.0564,0.0212,303.65
6.962,61.678,3.4426,6.3135,0.38813,0.026342,-0.02381,0.0603,0.0231,273.83
7.002,61.901,3.4291,6.1817,0.31501,-0.0062866,0.0056971,0.0512,0.0155,399.34
7.042,62.163,3.4592,6.1078,0.33868,0.0028297,-0.0025649,0.0553,0.0184,332.46
7.082,62.407,3.4735,5.9824,0.34421,0.0078599,-0.0071253,0.0571,0.0192,312.1
7.122,62.652,3.5045,5.9174,0.40873,0.035885,-0.032522,0.0672,0.0266,222.99
7.1621,62.892,3.5322,5.8287,0.41683,0.04282,-0.038813,0.0692,0.0274,213.27
7.2021,63.128,3.5549,5.7152,0.42616,0.055757,-0.050468,0.0715,0.0278,206.15
7.2422,63.325,3.5533,5.5526,0.38471,0.041226,-0.037325,0.0669,0.0234,237.86
7.2821,63.566,3.5767,5.4953,0.40246,0.051323,-0.046502,0.0702,0.0253,217.79
7.3221,63.783,3.5894,5.3702,0.40409,0.059008,-0.053453,0.0716,0.0255,211.19
7.3621,64.015,3.6138,5.3096,0.41322,0.063008,-0.057078,0.0738,0.0266,200.21
7.4022,64.265,3.658,5.2896,0.49299,0.096822,-0.087789,0.0869,0.0358,148.4
7.4422,64.476,3.6728,5.1431,0.45073,0.087601,-0.079271,0.0817,0.0306,168.72
7.4822,64.69,3.6909,5.0655,0.46225,0.095858,-0.086705,0.0845,0.0318,159.95
7.5221,64.9,3.6947,4.9446,0.4111,0.075637,-0.068379,0.0776,0.0251,197.68
7.5622,65.1,3.7141,4.8913,0.44232,0.095357,-0.086572,0.0832,0.0297,165.36
7.6022,65.307,3.7292,4.8392,0.47028,0.10778,-0.097814,0.0888,0.0332,146.45
7.6423,65.502,3.7562,4.7149,0.51516,0.1361,-0.12273,0.0981,0.0407,116.54
7.6823,65.676,3.7692,4.5839,0.41692,0.097771,-0.088162,0.0826,0.0245,187.87
7.7222,65.838,3.7911,4.4487,0.36724,0.080417,-0.072665,0.0754,0.0149,299.59
7.7623,65.998,3.8045,4.3243,0.30554,0.055603,-0.050413,0.0654,0.0044,985.24
7.8023,66.187,3.8351,4.3191,0.32868,0.0649,-0.059117,0.0699,0.0076,569.94
7.8424,66.359,3.8493,4.1218,0.35033,0.088938,-0.080233,0.0758,0.0136,304.17
7.8823,66.459,3.8556,4.0069,0.34394,0.091856,-0.082783,0.0754,0.0124,324.32
7.9223,66.64,3.8821,4.0493,0.37726,0.097656,-0.088808,0.0821,0.0172,236.45
7.9624,66.804,3.8988,3.9073,0.3757,0.10594,-0.095234,0.0835,0.0176,223.03
8.0024,66.958,3.9106,3.7838,0.34911,0.09723,-0.087505,0.0799,0.0137,277.36
8.0424,67.101,3.9198,3.6768,0.29799,0.077671,-0.070142,0.0707,0.0042,878.3
8.0824,67.255,3.8602,3.5563,0.31952,0.092844,-0.083478,0.0765,0.011,324.6
8.1223,67.385,3.8595,3.4225,0.2935,0.083718,-0.075366,0.0728,0.0082,418.91
8.1624,67.588,3.3917,3.4987,0.33533,0.091334,-0.082884,0.0821,0.0151,232.77
8.2025,67.779,3.1127,3.4349,0.37415,0.10758,-0.096504,0.0921,0.0234,147.66
8.2425,67.923,3.1393,3.3938,0.37653,0.10524,-0.094429,0.094,0.0238,143.47
8.2825,68.049,3.1635,3.2911,0.40041,0.12107,-0.1081,0.101,0.0284,116.74
8.3224,68.19,3.1855,3.2671,0.38854,0.10846,-0.097126,0.1001,0.025,131.61
8.3625,68.312,3.1994,3.051,0.44207,0.1648,-0.14474,0.1124,0.036,85.635
8.4025,68.439,3.2191,2.8752,0.50857,0.22616,-0.19383,0.1272,0.0491,59.468
8.4426,68.566,3.2368,2.7884,0.51792,0.23598,-0.20084,0.1309,0.0504,56.273
8.4826,68.687,3.2507,2.8205,0.52664,0.22402,-0.19482,0.1346,0.0518,55.39
8.5225,68.782,3.259,2.6113,0.52266,0.24546,-0.20619,0.1356,0.0513,51.912
8.5626,68.874,3.3051,2.5425,0.55571,0.25079,-0.20903,0.1486,0.0585,44.488
8.6026,68.993,3.3235,2.5008,0.56204,0.24621,-0.2049,0.1535,0.0604,42.437
8.6426,69.098,3.3453,2.3731,0.58085,0.27729,-0.22564,0.1574,0.0615,39.726
8.6826,69.159,3.3781,2.1446,0.64122,0.34756,-0.26731,0.1707,0.0691,32.394
8.7225,69.235,3.3888,1.9533,0.65988,0.39709,-0.29019,0.1701,0.0666,30.957
8.7626,69.335,3.3956,1.8857,0.67174,0.3961,-0.28541,0.1778,0.0711,28.154
8.8027,69.42,3.4212,1.8631,0.62088,0.34528,-0.25448,0.1714,0.0626,31.371
8.8427,69.509,3.4353,1.8464,0.63171,0.32685,-0.24175,0.1836,0.0701,27.839
8.8827,69.575,3.464,1.7208,0.66796,0.36156,-0.25508,0.1935,0.0747,24.71
8.9226,69.625,3.4774,1.5058,0.73241,0.44936,-0.28364,0.2005,0.0772,21.69
8.9627,69.68,3.4897,1.5409,0.79197,0.49326,-0.32758,0.2034,0.077,22.5
9.0027,69.791,3.547,1.5007,0.33322,0.35209,-0.29657,0.2185,0.0853,18.021
9.0429,69.833,3.539,1.4376,0.8152,0.49865,-0.31826,0.2162,0.0815,20.278
9.0828,69.893,3.5498,1.0213,0.87356,0.62801,-0.2774,0.2179,0.0803,16.736
******-------------------------------------------------------------------------------------------------------------------****** 
TargetID: ID02
Target can not be processed due to lack of Data
******-------------------------------------------------------------------------------------------------------------------****** 
TargetID: ID03
Relevancy: 0
tj = Inf
Label: -1
Comment: Target is irrelevant as it is not crossing the estimated holding line
DATA:
7.7623,0,0,NaN,NaN,NaN,NaN,0,NaN,NaN
7.8023,0.17001,0.0030729,NaN,NaN,NaN,NaN,-0.0021,NaN,NaN
7.8424,0.32625,-0.058477,NaN,NaN,NaN,NaN,-0.0175,NaN,NaN
7.8823,0.46091,-0.1196,NaN,NaN,NaN,NaN,-0.0356,NaN,NaN
7.9223,-0.60316,-0.61347,3.7946,-0.20239,0.010036,-0.008507,-0.054,0,Inf
7.9624,-0.44286,-0.60697,3.8173,-0.18849,0.0046379,-0.0039343,-0.0497,-0.0005,-7644
8.0024,-0.2702,-0.5952,3.8712,-0.17647,0.0019412,-0.0016478,-0.0457,-0.0019,-2039.6
8.0424,-0.087222,-0.47641,3.9918,0.11946,0.0030192,-0.0025633,0.0297,0.0098,407.5
8.0824,0.081623,-0.48474,4.0574,0.094075,-0.02099,0.017846,0.0246,0.007,579.79
8.1223,0.25012,-0.49707,4.1274,0.06645,-0.042458,0.036145,0.0188,0.0047,878.29
8.1624,0.42191,-0.50295,4.2201,0.051632,-0.055638,0.047399,0.0156,0.002,2110.2
8.2025,0.5869,-0.53462,4.3275,0.025964,-0.049098,0.04184,0.0088,-0.0002,-21638
8.2425,0.21099,-0.60762,4.1672,-0.30638,0.077227,-0.065586,-0.0793,-0.0549,-76.11
8.2825,0.39617,-0.62395,4.3004,-0.30835,0.14309,-0.12138,-0.0819,-0.0551,-78.248
8.3224,0.57406,-0.6402,4.3574,-0.35851,0.20245,-0.1716,-0.096,-0.0656,-66.649
8.3625,0.75062,-0.64442,4.4118,-0.36836,0.20653,-0.17514,-0.0971,-0.066,-67.078
8.4025,0.85133,-0.6778,4.4914,-0.50368,0.31557,-0.26734,-0.1319,-0.0972,-46.498
8.4426,1.0305,-0.68274,4.4951,-0.53043,0.26911,-0.22838,-0.1346,-0.0971,-46.615
8.4826,1.2173,-0.69304,4.5071,-0.55438,0.23766,-0.20119,-0.1373,-0.0971,-46.767
8.5225,1.4482,-0.42433,4.5516,-0.6185,0.23614,-0.20126,-0.1494,-0.105,-43.747
8.5626,1.6623,-0.28789,4.6121,-0.67611,0.26578,-0.22699,-0.161,-0.11,-42.377
8.6026,1.7556,-0.31415,4.1941,-0.72159,-0.11399,0.098319,-0.1624,-0.1035,-41.118
8.6426,1.8059,-0.34417,4.2495,-0.29281,-0.10015,0.085857,-0.0604,0.0241,176.74
8.6826,1.977,-0.36129,4.2265,-0.20051,-0.133,0.11232,-0.0585,0.0277,152.75
8.7225,2.1602,-0.38595,4.2547,-0.19197,-0.13241,0.1119,-0.056,0.0303,140.56
8.7626,2.3609,-0.39141,4.4536,-0.26612,-0.045615,0.039136,-0.0562,0.0281,158.77
8.8027,2.4924,-0.39864,4.5902,-0.35585,0.069169,-0.059269,-0.0824,-0.0041,-1122.9
8.8427,2.6704,-0.3982,4.682,-0.27867,0.097747,-0.083756,-0.0665,0.013,360.79
8.8827,2.8641,-0.40912,4.8069,-0.27471,0.13147,-0.11265,-0.066,0.0118,408.03
8.9226,3.0432,-0.43493,4.6456,-0.29665,-0.0022536,0.0019344,-0.0639,0.0148,314.53
8.9627,3.263,-0.42505,4.8276,-0.27634,0.060152,-0.051628,-0.0613,0.0146,331.2
9.0027,3.4788,-0.41404,4.9293,-0.2676,0.066715,-0.057291,-0.0586,0.015,329.1
9.0429,3.6038,-0.39909,5.0617,0.016814,0.044823,-0.038517,0.0003,0.0748,67.67
9.0828,3.8668,-0.37062,5.2638,0.011181,0.036904,-0.031867,0.0044,0.0741,71.036
9.1227,4.0939,-0.38446,5.3769,0.020046,0.034336,-0.029656,0.0058,0.073,73.656
9.1628,4.3318,-0.38874,5.5053,0.058097,0.014366,-0.012376,0.0097,0.0733,75.11
9.203,4.5336,-0.32685,5.2843,0.16196,-0.10622,0.090736,0.024,0.0837,63.163
9.2428,4.7553,-0.35796,5.3742,0.090625,-0.10825,0.093653,0.0235,0.0809,66.44
9.2827,4.9139,-0.35216,5.6486,0.26468,-0.066017,0.057106,0.0508,0.1025,55.169
9.3227,5.0942,-0.30254,5.6414,0.32681,-0.10935,0.09417,0.0579,0.1044,54.127
9.3628,5.3263,-0.30806,5.7522,0.34447,-0.13842,0.12018,0.068,0.11,52.386
9.4029,5.5826,-0.9398,5.7796,0.21723,-0.063433,0.055018,0.0412,0.082,70.533
9.4428,5.7634,-0.94699,5.5061,0.23297,-0.12538,0.10951,0.0503,0.0882,62.484
9.4829,6.0311,-0.89781,5.6531,0.3091,-0.12737,0.11098,0.0624,0.093,60.877
9.5228,6.2076,-0.89348,5.4795,0.13089,-0.066768,0.058023,0.0281,0.0605,90.595
9.5629,6.4629,-0.89147,5.5998,0.34204,-0.065686,0.05712,0.0651,0.09,62.336
9.6029,6.7172,-0.8887,5.7552,0.36717,-0.068021,0.059171,0.0677,0.0892,64.652
9.6429,6.9884,-0.87773,5.9032,0.3981,-0.077136,0.067149,0.0717,0.0891,66.404
9.6829,7.2513,-0.8535,6.0337,0.42157,-0.10559,0.092184,0.0755,0.0888,68.112
9.7229,7.4822,-0.85473,6.0729,0.43108,-0.11296,0.098598,0.0769,0.0876,69.499
9.7631,8.279,-0.82856,5.889,0.30225,-0.062731,0.054607,0.0537,0.0657,89.752
9.8029,8.4864,-0.81766,5.729,0.29347,-0.053146,0.046282,0.0534,0.0633,90.624
9.8431,8.7544,-0.81356,5.9081,0.3133,-0.0491,0.04282,0.0549,0.0624,94.814
9.883,9.006,-0.78605,6.0697,0.36167,-0.058251,0.050566,0.0574,0.0618,98.389
9.923,9.2634,-0.78263,6.1963,0.34524,-0.072991,0.063717,0.0582,0.0604,102.75
9.9631,9.4086,-0.83328,5.7717,0.094744,-0.053533,0.046705,0.0185,0.0276,209.15
10.003,9.6433,-0.83884,5.8543,0.090601,-0.043744,0.038184,0.0171,0.026,225.19
10.043,9.9373,-0.84486,6.3558,0.35118,-0.034063,0.029745,0.0563,0.0577,110.32
10.083,10.209,-0.85018,6.4574,0.37124,-0.041813,0.036573,0.0588,0.0578,111.9
10.123,10.485,-0.8053,6.5403,0.4369,-0.082959,0.072432,0.0667,0.0619,105.89
10.163,10.719,-0.83058,6.5633,0.39917,-0.10254,0.089936,0.064,0.059,111.45
10.203,10.901,-0.87679,6.5086,0.35974,-0.10748,0.094344,0.0587,0.0544,119.83
10.243,11.154,-0.89331,6.6246,0.4316,-0.096133,0.084338,0.0681,0.062,107.07
10.283,10.897,-1.0241,6.468,0.17206,-0.022962,0.020121,0.0275,0.0297,217.86
10.323,11.152,-1.0235,6.5113,0.16943,-0.033889,0.029723,0.0274,0.029,224.6
10.363,11.452,-1.0038,6.6766,0.29286,-0.020825,0.018273,0.0447,0.0427,156.51
10.403,11.712,-1.0091,6.6984,0.30312,-0.041081,0.036096,0.0468,0.0433,154.86
10.443,11.771,-1.1185,5.7302,0.059221,-0.14408,0.12719,0.0179,0.0233,245.95
10.483,12.02,-1.1303,5.9321,0.069033,-0.097543,0.085981,0.0164,0.0212,279.84
10.523,12.261,-1.1545,6.0663,0.066571,-0.068105,0.060001,0.0141,0.0189,320.99
10.563,12.509,-1.1845,6.1614,0.06507,-0.053833,0.04742,0.013,0.0173,356.17
10.603,12.755,-1.1872,6.2103,0.054637,-0.054667,0.048183,0.0112,0.0156,398.11
10.643,12.979,-1.2002,6.2661,0.038279,-0.046091,0.040669,0.0081,0.0129,485.75
10.683,13.179,-1.2556,6.2313,-0.13269,0.003714,-0.0032722,-0.0215,-0.0116,-537.31
10.723,13.43,-1.254,6.274,-0.13381,0.004032,-0.0035543,-0.0215,-0.0113,-555.34
10.772,13.672,-1.2775,6.3058,-0.15228,0.0074255,-0.0065495,-0.0245,-0.0129,-488.96
10.803,13.917,-1.3202,6.3385,-0.18935,0.0041351,-0.0036502,-0.03,-0.0159,-398.83
10.843,14.164,-1.3291,6.3744,-0.2049,-0.00042384,0.00037481,-0.0321,-0.0169,-377.38
10.883,14.405,-1.354,6.361,-0.22371,-0.013241,0.011704,-0.0346,-0.0179,-355.58
10.923,14.703,-1.3258,6.4356,-0.18104,-0.023607,0.020893,-0.0272,-0.0127,-506.94
10.963,14.952,-1.3299,6.4221,-0.19849,-0.038822,0.03438,-0.0294,-0.0137,-468.99
11.003,15.262,-1.2992,6.5081,-0.1522,-0.052636,0.046685,-0.0213,-0.0081,-803.69
11.043,15.537,-1.3056,6.5522,-0.14872,-0.064959,0.057673,-0.0202,-0.0071,-923.08
11.083,15.77,-1.3236,6.4881,-0.20368,-0.073469,0.06526,-0.0285,-0.0134,-484.43
11.123,16.086,-1.2814,6.6027,-0.1413,-0.084185,0.074847,-0.0182,-0.0065,-1016
11.163,16.382,-1.2654,6.6626,-0.10549,-0.10686,0.095123,-0.0118,-0.002,-3331.7
11.203,16.721,-1.2353,6.8076,-0.039287,-0.12447,0.11091,-0.0012,0.005,1361.6
11.243,17.016,-1.233,6.8698,-0.023007,-0.14802,0.13205,0.002,0.0071,967.59
11.283,17.033,-1.3972,6.2825,-0.49908,-0.10815,0.09643,-0.075,-0.0503,-125.29
11.323,17.29,-1.4179,6.2683,-0.51704,-0.11965,0.10679,-0.0776,-0.0505,-124.55
******-------------------------------------------------------------------------------------------------------------------****** 
