******-------------------------------------------------------------------------------------------------------------------****** 
Duration of the scene is: 80.7831 seconds
Original Targets Numbers in the hole Scene: 8
Number of Targets in the hole Scene after preprocessing: 43
Number of static portions: 3
******-------------------------------------------------------------------------------------------------------------------****** 
TargetID: ID09
Target can not be processed due to lack of Data
******-------------------------------------------------------------------------------------------------------------------****** 
TargetID: ID10
Relevancy: 0
tj = Inf
Label: -1
Comment: Target is irrelevant as it is not crossing the estimated holding line
DATA:
6.3221,0,0,3.9895,-0.00010541,0,0,0,0,Inf
6.3621,0.10404,0.1851,3.9619,0.3209,-0.12278,-0.21414,0.0792,0.0011,3613.5
6.4022,0.32407,0.10668,4.1387,0.098626,-0.014574,-0.025387,0.0236,0.0049,844.88
6.4422,0.53176,0.056976,4.2937,-0.027133,0.18437,0.32021,-0.0041,0.0107,401.29
6.4822,0.68411,0.22361,4.4045,0.267,0.62691,1.0818,0.0672,0.0134,329.3
6.5222,0.86562,0.26171,4.5037,0.39976,0.74298,1.3233,0.0808,0.0224,201.85
6.5622,1.053,0.28536,4.8385,0.75128,0.87446,1.5421,0.08052,0.013493,362.88
6.6022,1.2514,0.31941,5.0671,0.92187,1.0057,1.7606,0.08024,0.0045996,1119.7
6.6423,1.4571,0.35673,5.19,0.91205,1.1372,1.9794,0.07996,-0.0043062,-1223.7
6.6823,1.6658,0.39006,5.2069,0.72123,1.2688,2.1984,0.079679,-0.013219,-397.65
6.7223,1.8723,0.41206,5.1182,0.35102,1.3999,2.4165,0.0794,-0.0221,-232.14
6.7623,2.0744,0.43218,4.9892,0.64653,1.3678,2.3644,0.0761,-0.03442,-146.16
6.8024,2.2723,0.46323,4.8872,0.89487,1.3357,2.3122,0.072794,-0.046764,-106.25
6.8424,2.4663,0.50322,4.8126,1.0951,1.3037,2.26,0.069494,-0.059088,-83.53
6.8823,2.6574,0.55015,4.7652,1.2475,1.2717,2.208,0.066201,-0.071382,-69.005
6.9223,2.8476,0.60232,4.7448,1.3526,1.2397,2.1559,0.062902,-0.083701,-58.945
6.9623,3.0375,0.65776,4.7515,1.4101,1.2076,2.1038,0.059601,-0.096023,-51.616
7.0024,3.2282,0.71455,4.7854,1.4201,1.1756,2.0516,0.056301,-0.10835,-46.072
7.0424,3.421,0.77081,4.8465,1.3823,1.1435,1.9995,0.053,-0.12067,-41.764
7.0824,3.6165,0.82454,4.9347,1.2971,1.1115,1.9474,0.049702,-0.13299,-38.367
7.1224,3.8162,0.87396,5.0501,1.1642,1.0795,1.8952,0.046401,-0.14531,-35.666
7.1624,4.0209,0.91707,5.1925,0.9838,1.0474,1.8431,0.043103,-0.15762,-33.528
7.2024,4.2321,0.95205,5.3623,0.75561,1.0154,1.791,0.039802,-0.16995,-31.863
7.2425,4.4508,0.97696,5.5594,0.47951,0.98328,1.7388,0.036497,-0.18229,-30.611
7.2825,4.6775,0.98983,5.7832,0.15643,0.95126,1.6867,0.0332,-0.1946,-29.729
7.3225,4.8951,1.0536,5.8451,0.28616,0.94656,1.6891,0.0549,-0.161,-36.349
7.3625,5.1215,1.111,5.8826,0.40368,0.93376,1.6838,0.0685,-0.139,-42.42
7.4025,5.4361,0.92464,6.044,-0.21576,1.0012,1.777,-0.0295,-0.2371,-25.508
7.4425,5.6604,1.0072,6.0898,0.013475,0.9511,1.7344,-0.0036,-0.2004,-30.388
7.4825,5.8787,1.0861,6.0982,0.15467,0.92638,1.6884,0.0198,-0.1685,-36.203
7.5225,5.8546,1.6889,6.0417,-0.22488,1.0354,1.7317,-0.0148,-0.1885,-32.074
7.5666,6.0747,1.6548,6.1332,-0.26949,1.0365,1.7278,-0.0193,-0.178,-34.49
7.6026,6.315,1.6493,6.1883,-0.26194,1.0434,1.7393,-0.0179,-0.1667,-37.155
7.6424,6.4987,1.6611,6.226,-0.19532,0.99133,1.6518,-0.006,-0.1439,-43.288
7.6824,5.6673,1.6695,6.095,-0.1495,0.76829,1.2348,0.0276,-0.0984,-61.959
7.7225,5.9673,1.5445,6.398,-0.19838,0.53414,0.91401,0.0045,-0.1052,-60.847
7.7624,6.9303,1.4448,5.8907,0.24432,0.061678,0.10967,0.0438,-0.052,-113.38
7.8024,7.0354,1.5145,5.1993,0.57007,-0.50827,-0.92348,0.0857,-0.0006,-8717.4
7.8425,7.2391,1.5371,5.2955,0.65534,-0.58963,-1.1293,0.0962,0.0119,448.39
7.8824,7.4531,1.5665,5.422,0.8133,-0.55866,-1.07,0.076707,0.011275,486.27
7.9225,7.6725,1.6017,5.5392,0.94022,-0.52762,-1.0105,0.05717,0.010648,527.63
7.9625,7.8963,1.6413,5.6468,1.0357,-0.49659,-0.95111,0.037638,0.010022,572.83
8.0025,8.1243,1.6842,5.7448,1.0997,-0.46554,-0.89165,0.018101,0.0093956,622.54
8.0425,8.356,1.7289,5.8332,1.1324,-0.4345,-0.8322,-0.0014356,0.0087691,677.62
8.0825,8.591,1.7744,5.912,1.1336,-0.40347,-0.77277,-0.020963,0.0081429,739.25
8.1225,8.829,1.8192,5.9812,1.1033,-0.37243,-0.71331,-0.040503,0.0075164,809.19
8.1625,9.0695,1.8622,6.0408,1.0417,-0.34141,-0.65389,-0.060028,0.0068903,889.66
8.2026,9.3122,1.9022,6.0908,0.94864,-0.31037,-0.59444,-0.079564,0.0062638,984.11
8.2426,9.5569,1.9378,6.1313,0.82408,-0.27931,-0.53496,-0.099108,0.0056371,1097.4
8.2826,9.8028,1.9677,6.162,0.66825,-0.24829,-0.47555,-0.11863,0.0050111,1236.9
8.3226,10.05,1.9908,6.1833,0.4809,-0.21725,-0.41611,-0.13817,0.0043846,1414.5
8.3626,10.298,2.0058,6.1949,0.26201,-0.1862,-0.35663,-0.15771,0.0037579,1650
8.4027,10.546,2.0114,6.1969,0.011768,-0.15516,-0.29717,-0.17725,0.0031314,1978.9
8.4427,10.794,2.0063,6.1893,-0.27021,-0.12409,-0.23766,-0.1968,0.0025043,2473.8
8.4829,11.042,1.9892,6.172,-0.58497,-0.092892,-0.17792,-0.21644,0.0018747,3306.9
8.5227,11.288,1.9592,6.1453,-0.92782,-0.062012,-0.11877,-0.23587,0.0012515,4965.9
8.5627,11.532,1.9148,6.109,-1.3029,-0.03104,-0.05945,-0.25536,0.00062645,9971.2
8.6027,11.776,1.8546,6.063,-1.7103,0,0,-0.2749,0,Inf
8.6428,12.016,1.7854,6.0629,-1.7109,0,0,-0.275,0,Inf
8.6827,12.26,1.7177,6.0631,-1.7104,0,0,-0.275,0,Inf
8.7227,12.476,2.1959,4.5794,-0.85111,-0.34138,-0.57895,-0.1801,0.0904,51.525
8.7628,12.721,2.4579,4.2076,-0.46488,-0.1775,-0.30122,-0.1078,0.0899,47.088
8.8028,12.837,2.5346,4.0279,-0.45574,-0.15074,-0.25526,-0.1106,0.0417,97.208
8.8428,12.688,2.706,3.4818,-0.62305,-0.26139,-0.43865,-0.1723,0.0081,436.68
8.8828,12.82,2.6802,3.4663,-0.61918,-0.2611,-0.43685,-0.172,0.0081,434.72
8.9228,12.818,2.8127,2.9493,-0.54495,-0.53769,-0.87952,-0.1694,0.0035,856.91
8.9628,12.934,2.7924,2.9178,-0.53953,-0.53803,-0.87684,-0.1693,0.0035,847.79
9.0028,12.845,2.9009,2.0864,-0.48059,-1.2576,-1.8651,-0.1703,-0.0032,-669.08
9.0429,12.929,2.8857,2.016,-0.47263,-1.2659,-1.8583,-0.1705,-0.0032,-647.1
******-------------------------------------------------------------------------------------------------------------------****** 
TargetID: ID02
Target can not be processed due to lack of Data
******-------------------------------------------------------------------------------------------------------------------****** 
TargetID: ID03
Target can not be processed due to lack of Data
******-------------------------------------------------------------------------------------------------------------------****** 
TargetID: ID17
Target can not be processed due to lack of Data
******-------------------------------------------------------------------------------------------------------------------****** 
TargetID: ID18
Target can not be processed due to lack of Data
******-------------------------------------------------------------------------------------------------------------------****** 
TargetID: ID19
Target can not be processed due to lack of Data
******-------------------------------------------------------------------------------------------------------------------****** 
TargetID: ID20
Target can not be processed due to lack of Data
******-------------------------------------------------------------------------------------------------------------------****** 
TargetID: ID35
Relevancy: 0
tj = Inf
Label: -1
Comment: Target is irrelevant as it is not crossing the estimated holding line
DATA:
7.8425,0,0,NaN,NaN,NaN,NaN,0,NaN,NaN
7.8824,0.15452,-0.0017016,NaN,NaN,NaN,NaN,-0.0001,NaN,NaN
7.9225,0.21743,0.14026,NaN,NaN,NaN,NaN,0.117,NaN,NaN
7.9625,0.32786,0.119,NaN,NaN,NaN,NaN,0.1104,NaN,NaN
8.0025,0.29105,0.3646,NaN,NaN,NaN,NaN,0.228,NaN,NaN
8.0425,0.53813,0.28088,NaN,NaN,NaN,NaN,0.1281,NaN,NaN
8.0825,0.79626,0.17505,NaN,NaN,NaN,NaN,0.0413,NaN,NaN
8.1225,0.37125,-0.13549,3.9474,0.16845,0,0,0.0426,0,Inf
8.1625,0.59799,-0.1449,4.061,0.087205,0.021607,0.086721,0.0221,0.0029,1400.7
8.2026,0.69088,0.042465,3.8598,0.42802,0.053007,0.21431,0.1087,0.0116,334.78
8.2426,0.68509,0.20039,3.5991,0.7219,0.081635,0.33056,0.1951,0.023,159.6
8.2826,0.82022,0.26766,3.602,0.77292,0.094851,0.3789,0.2114,0.0239,154.14
8.3226,0.96285,0.30628,3.7119,0.80691,0.21296,0.83085,0.2207,0.0348,109.16
8.3626,1.1197,0.40313,3.7785,0.95502,0.31876,1.2689,0.2476,0.0526,74.094
8.4027,1.3086,0.48902,4.0417,1.0381,0.59034,2.2035,0.2656,0.0682,61.186
8.4427,1.4354,0.6091,4.0179,1.3254,0.5419,2.2419,0.3048,0.095,44.536
8.4829,1.6286,0.63017,4.1392,1.1656,0.61148,2.2696,0.288,0.078,55.13
8.5227,1.7564,0.73202,4.1967,1.2463,0.66193,2.4442,0.3026,0.0661,66.231
8.5627,1.9513,0.76512,4.3146,1.2176,0.66698,2.455,0.2885,0.0474,94.581
8.6027,2.1188,0.81415,4.3639,1.2408,0.64888,2.3842,0.2898,0.0459,98.842
8.6428,2.2958,0.86158,4.425,1.2451,0.63462,2.3248,0.2864,0.0392,117.27
8.6827,2.4314,0.96707,4.4064,1.3206,0.61417,2.2458,0.3028,0.0407,113.02
8.7227,2.58,1.0379,4.4073,1.507,0.54374,2.1454,0.3187,0.0586,79.485
8.7628,2.7613,1.1029,4.4499,1.4313,0.58067,2.1133,0.3216,0.0588,79.497
8.8028,2.9507,1.1565,4.5587,1.4405,0.57147,2.1035,0.316,0.048,99.602
8.8428,3.1237,1.2397,4.5363,1.5555,0.53064,1.9981,0.3303,0.0627,76.485
8.8828,3.3054,1.2988,4.5461,1.4045,0.52102,1.9437,0.3238,0.051331,92.696
8.9228,3.4877,1.3528,4.5694,1.3036,0.5114,1.8894,0.3173,0.039966,118.89
8.9628,3.6713,1.4038,4.6061,1.2526,0.50178,1.835,0.3108,0.028598,166.91
9.0028,3.8565,1.4537,4.6562,1.2517,0.49216,1.7806,0.3043,0.017233,279.78
9.0429,4.0442,1.5046,4.7199,1.3009,0.48253,1.7262,0.2978,0.0058602,835.45
9.0829,4.2344,1.5585,4.7968,1.4,0.47292,1.6719,0.2913,-0.0055,-908.54
******-------------------------------------------------------------------------------------------------------------------****** 
TargetID: ID11
Target can not be processed due to lack of Data
******-------------------------------------------------------------------------------------------------------------------****** 
TargetID: ID12
Relevancy: 0
tj = Inf
Label: -1
Comment: Target is irrelevant as it is not crossing the estimated holding line
DATA:
66.86,-0,-0,2.5091,-0.098002,-1.3362,-1.9681,0,-0.529,-4.7466
66.9,-0.086176,-0.15306,2.3733,0.0036176,-1.0187,-1.677,-0.0365,-0.5424,-4.3755
66.94,0.0049686,-0.15885,2.3168,-0.041753,-1.0183,-1.6681,-0.0582,-0.5424,-4.272
66.98,-0.038359,-0.29546,2.3174,-0.20547,-0.77252,-1.1643,-0.0884,-0.5485,-4.2416
67.02,-0.058232,-0.41226,2.2973,-0.2774,-0.55863,-0.8309,-0.1202,-0.556,-4.1618
67.06,-0.06644,-0.52681,2.3304,-0.33129,-0.27799,-0.41513,-0.1514,-0.5621,-4.1876
67.099,-0.077157,-0.63784,2.3305,-0.42673,-0.087314,-0.12719,-0.1842,-0.5696,-4.1594
67.14,-0.036242,-0.72551,2.3697,-0.50735,0.12019,0.1732,-0.2151,-0.5748,-4.216
67.18,0.0082241,-0.81231,2.4349,-0.58227,0.34518,0.49805,-0.246,-0.5797,-4.3187
67.22,0.10006,-0.83959,2.4392,-0.64399,0.3444,0.49193,-0.2692,-0.5797,-4.3519
67.26,0.20642,-0.86815,2.442,-0.70613,0.34337,0.48562,-0.2924,-0.5797,-4.3851
67.3,0.30266,-0.90071,2.4433,-0.76865,0.34217,0.47925,-0.3155,-0.5797,-4.4185
67.339,0.39998,-0.93424,2.4428,-0.832,0.34085,0.4726,-0.3388,-0.5797,-4.4516
67.38,0.50076,-0.97141,2.4408,-0.89562,0.33948,0.46596,-0.362,-0.5797,-4.4849
67.419,0.59771,-1.0112,2.4371,-0.95956,0.33786,0.45897,-0.3852,-0.5797,-4.5182
67.46,0.52475,-1.0929,2.039,-0.85884,-0.35653,-0.48657,-0.4137,-0.5872,-3.7679
67.5,0.60626,-1.1307,2.0004,-0.898,-0.35493,-0.47954,-0.4372,-0.5872,-3.7341
67.54,0.58526,-1.2635,1.9594,-1.0086,-0.25274,-0.32744,-0.4754,-0.5966,-3.6939
67.579,0.57839,-1.3711,1.8625,-1.0101,-0.34474,-0.45652,-0.5127,-0.6054,-3.4998
67.62,0.61655,-1.4582,1.809,-1.0602,-0.33003,-0.43191,-0.5455,-0.6108,-3.4329
67.659,0.61156,-1.5789,1.7456,-1.1171,-0.30536,-0.3946,-0.5838,-0.6193,-3.3465
67.7,0.67558,-1.6266,1.7023,-1.1497,-0.30261,-0.38685,-0.6086,-0.6193,-3.317
67.739,0.65155,-1.7633,1.6377,-1.2116,-0.26817,-0.33798,-0.6499,-0.6291,-3.2382
67.78,0.61684,-1.835,1.3367,-1.1037,-0.76248,-0.92531,-0.6902,-0.6381,-2.7166
67.819,0.6013,-1.9509,1.3174,-1.0671,-0.67833,-0.89873,-0.7297,-0.646,-2.6244
67.86,0.66103,-2.0163,1.304,-1.1439,-0.53366,-0.68032,-0.7559,-0.6462,-2.6843
67.899,0.68443,-2.1012,1.2558,-1.1864,-0.47186,-0.58903,-0.7884,-0.6499,-2.6582
67.939,0.70922,-2.2134,1.2547,-1.3159,-0.2427,-0.28952,-0.8234,-0.6547,-2.7771
67.979,0.73765,-2.3116,1.2402,-1.4281,-0.074054,-0.085013,-0.8557,-0.658,-2.8746
68.019,0.79239,-2.3939,1.2557,-1.5485,0.12172,0.13684,-0.8837,-0.6588,-3.0261
68.059,0.8423,-2.4739,1.2479,-1.6436,0.22185,0.24505,-0.9119,-0.6597,-3.1282
68.1,0.89231,-2.5419,1.2153,-1.6898,0.21556,0.23582,-0.9382,-0.6597,-3.1552
68.139,0.90377,-2.6294,1.1286,-1.6649,0.062674,0.068572,-0.9723,-0.6635,-3.0315
68.18,0.93028,-2.7162,1.0823,-1.7078,0.064673,0.069987,-1.0031,-0.6656,-3.0376
68.219,1.0081,-2.8286,1.2298,-2.0359,0.51582,0.5527,-1.0274,-0.6644,-3.5799
68.26,1.0207,-2.9186,1.0948,-2.0209,0.36047,0.37611,-1.0625,-0.6683,-3.4391
68.3,1.0638,-2.9998,1.0578,-2.0791,0.34657,0.35825,-1.0893,-0.6683,-3.4905
68.34,1.0671,-3.0984,0.95856,-2.0556,0.20434,0.21033,-1.1278,-0.6735,-3.3676
68.379,1.092,-3.1773,0.89842,-2.0496,0.12558,0.12897,-1.1577,-0.6748,-3.3164
68.42,1.1333,-3.2541,0.85334,-2.0857,0.12022,0.12209,-1.1825,-0.6738,-3.3445
68.46,1.2041,-3.3449,0.87962,-2.2608,0.27996,0.28089,-1.1998,-0.6697,-3.6224
68.5,1.2352,-3.4006,0.78721,-2.1953,0.14287,0.14192,-1.2265,-0.6696,-3.483
******-------------------------------------------------------------------------------------------------------------------****** 
TargetID: ID13
Target can not be processed due to lack of Data
******-------------------------------------------------------------------------------------------------------------------****** 
TargetID: ID15
Target can not be processed due to lack of Data
******-------------------------------------------------------------------------------------------------------------------****** 
TargetID: ID16
Target can not be processed due to lack of Data
******-------------------------------------------------------------------------------------------------------------------****** 
TargetID: ID21
Target can not be processed due to lack of Data
******-------------------------------------------------------------------------------------------------------------------****** 
TargetID: ID22
Target can not be processed due to lack of Data
******-------------------------------------------------------------------------------------------------------------------****** 
TargetID: ID23
Target can not be processed due to lack of Data
******-------------------------------------------------------------------------------------------------------------------****** 
TargetID: ID24
Target can not be processed due to lack of Data
******-------------------------------------------------------------------------------------------------------------------****** 
TargetID: ID26
Target can not be processed due to lack of Data
******-------------------------------------------------------------------------------------------------------------------****** 
TargetID: ID29
Target can not be processed due to lack of Data
******-------------------------------------------------------------------------------------------------------------------****** 
TargetID: ID30
Target can not be processed due to lack of Data
******-------------------------------------------------------------------------------------------------------------------****** 
TargetID: ID32
Target can not be processed due to lack of Data
******-------------------------------------------------------------------------------------------------------------------****** 
TargetID: ID33
Target can not be processed due to lack of Data
******-------------------------------------------------------------------------------------------------------------------****** 
TargetID: ID34
Target can not be processed due to lack of Data
******-------------------------------------------------------------------------------------------------------------------****** 
TargetID: ID36
Relevancy: 0
tj = Inf
Label: -1
Comment: Target is irrelevant as it is not crossing the estimated holding line
DATA:
16.125,0,0,2.405,0.0017668,-0.17656,-0.0051979,0,0.134,17.948
16.165,0.13666,-0.11119,2.4738,-0.10279,-0.039026,-0.0006997,-0.0418,0.1117,22.166
16.205,0.25684,-0.21371,2.5057,-0.19853,0.054165,0.00036023,-0.0785,0.0917,27.411
16.245,0.12027,-0.31263,2.2368,-0.63571,-0.1124,0.00059092,-0.2812,-0.0521,-44.632
16.285,0.23692,-0.30031,2.3491,-0.64493,0.080725,-0.0012284,-0.2679,-0.0443,-54.99
16.325,0.38281,-0.34779,2.439,-0.69009,0.23294,-0.0061759,-0.2692,-0.0425,-59.642
16.365,0.54313,-0.45835,2.4959,-0.76638,0.31913,-0.01171,-0.2891,-0.0492,-53.068
16.405,0.66977,-0.48658,2.5467,-0.77609,0.36629,-0.016638,-0.2865,-0.0465,-57.254
16.445,0.79769,-0.59471,2.5527,-0.84894,0.39988,-0.021741,-0.3105,-0.057,-47.196
16.485,-0.16279,-0.40088,2.6632,-0.73068,0.41102,-0.024904,-0.2497,-0.004,-690.41
16.525,-0.045233,-0.45947,2.6787,-0.76681,0.42488,-0.029039,-0.2602,-0.0083,-335.7
16.565,0.028044,-0.56314,2.8119,-0.66316,0.50023,-0.037234,-0.2164,0.0295,97.934
16.605,0.16344,-0.64477,2.8483,-0.71355,0.53863,-0.043992,-0.229,0.0242,121.34
16.645,-0.48288,-0.50829,2.785,-0.73834,0.37213,-0.032888,-0.2415,0.0171,168.49
16.685,-0.05432,-0.80069,2.8717,-0.65957,0.36991,-0.034989,-0.2144,0.0414,71.171
16.725,0.21398,-0.91596,2.8166,-0.64689,0.2105,-0.021249,-0.2196,0.0404,71.534
16.765,0.73328,-1.0544,2.8833,-0.6009,0.27474,-0.029425,-0.2007,0.0562,52.407
16.806,0.75146,-1.1636,2.8904,-0.6231,0.2504,-0.028179,-0.2077,0.0536,55.163
16.845,0.97097,-1.2565,2.9805,-0.64768,0.2435,-0.028578,-0.2099,0.0547,55.76
16.886,1.11,-1.3592,3.0268,-0.54988,0.22942,-0.027889,-0.1775,0.0805,38.216
16.926,0.52161,-1.3228,2.9934,-0.49664,0.11128,-0.013972,-0.1633,0.0926,32.768
16.966,0.60019,-1.4141,2.9617,-0.45285,-0.024684,0.0031947,-0.1519,0.1032,29.032
17.006,0.65104,-1.5303,2.9792,-0.31209,-0.072758,0.0096669,-0.1039,0.1414,21.185
17.046,0.71337,-1.6166,2.836,-0.34711,-0.37414,0.050889,-0.1202,0.1287,22.2
17.086,0.69674,-1.6799,2.7599,-0.34143,-0.39642,0.054978,-0.121,0.1258,22.106
17.126,0.84713,-1.6845,2.7913,-0.38134,-0.26522,0.037428,-0.1354,0.1103,25.541
17.166,0.95625,-1.7347,2.7902,-0.37686,-0.25996,0.037242,-0.1336,0.1095,25.713
17.206,1.1153,-1.7305,2.8108,-0.36243,-0.24393,0.035418,-0.127,0.111,25.532
17.246,1.3623,-1.7545,3.0101,-0.36388,0.050791,-0.0074631,-0.1203,0.1136,26.69
17.286,1.3987,-1.8043,2.9653,-0.36168,0.022102,-0.003281,-0.1215,0.1097,27.231
17.326,1.428,-1.8628,3.022,-0.38938,0.24155,-0.036181,-0.1293,0.1007,30.258
17.366,1.5265,-1.8635,3.0337,-0.53349,0.30347,-0.045735,-0.1724,0.0642,47.979
17.406,1.6826,-1.9961,3.0974,-0.55833,0.35208,-0.053363,-0.1783,0.0594,52.985
17.446,1.8072,-2.0137,3.0783,-0.72124,0.37572,-0.05711,-0.2238,0.0231,136.87
17.486,1.8855,-2.0319,3.0974,-0.73096,0.52903,-0.080866,-0.2231,0.0222,143.35
17.526,1.9407,-2.006,3.0208,-1.1303,0.64989,-0.098607,-0.3321,-0.0602,-53.577
17.566,2.1006,-2.1912,3.0794,-1.1041,0.78798,-0.12215,-0.3443,-0.0661,-49.491
17.606,2.2598,-2.2444,2.9962,-1.2565,0.48559,-0.073481,-0.3743,-0.0859,-37.823
17.646,2.3648,-2.2865,3.098,-1.3735,1.1708,-0.18516,-0.3693,-0.0803,-42.202
17.686,2.5063,-2.3636,3.2683,-1.465,1.1928,-0.17787,-0.3748,-0.0817,-43.839
17.726,2.6372,-2.4416,3.312,-1.517,1.2242,-0.18152,-0.3817,-0.084,-43.367
17.766,2.8457,-2.4912,3.2261,-1.4362,1.1278,-0.17547,-0.3757,-0.0775,-45.565
17.806,2.9924,-2.5709,3.3955,-1.535,1.1757,-0.17287,-0.3817,-0.0793,-46.99
17.846,3.1301,-2.6634,3.4964,-1.7357,1.5077,-0.21976,-0.4054,-0.0931,-41.929
17.886,3.2539,-2.7545,3.5361,-1.8031,1.5419,-0.22305,-0.4147,-0.0967,-41.048
17.926,3.3975,-2.7751,3.4133,-1.7273,1.5086,-0.23408,-0.4114,-0.092,-41.581
17.966,3.5643,-2.8343,3.482,-1.7597,1.5545,-0.23854,-0.4111,-0.0894,-43.64
18.006,3.7133,-2.9258,3.7184,-1.9365,1.6912,-0.23648,-0.4219,-0.094,-44.6
18.046,3.722,-2.9651,3.4888,-1.8039,1.1007,-0.15238,-0.4323,-0.0987,-39.793
18.086,3.8212,-3.0205,3.2128,-1.5875,0.24733,-0.033933,-0.4464,-0.1054,-34
18.126,3.9478,-3.0861,3.2111,-1.6022,0.2449,-0.033006,-0.4502,-0.1051,-34.145
18.166,4.0885,-3.1438,3.2191,-1.6401,0.27193,-0.035922,-0.457,-0.1067,-33.859
18.206,4.1677,-3.1798,3.0763,-1.7066,0.054631,-0.0070791,-0.5031,-0.1318,-26.692
18.246,4.2584,-3.207,2.9268,-1.5147,-0.42743,0.054059,-0.5088,-0.1322,-24.928
18.286,4.3366,-3.2781,2.7721,-1.3052,-0.89853,0.11011,-0.519,-0.1353,-22.646
18.326,4.4123,-3.269,2.8958,-1.2377,-1.2627,0.10135,-0.5195,-0.1326,-23.749
18.366,4.4977,-3.3708,2.576,-1.0234,-1.3502,0.15206,-0.5329,-0.1374,-20.174
18.406,4.5967,-3.4402,2.5351,-0.995,-1.3487,0.14452,-0.5382,-0.1373,-19.835
18.446,4.6969,-3.489,2.4918,-0.95117,-1.3586,0.13803,-0.5403,-0.1353,-19.713
18.486,4.8109,-3.4915,2.4414,-0.86375,-1.4009,0.13557,-0.5309,-0.1268,-20.423
18.526,4.8814,-3.5694,2.3932,-0.82979,-1.4,0.12543,-0.5415,-0.1301,-19.469
18.566,4.9819,-3.6181,2.3874,-0.88639,-1.2537,0.10595,-0.5394,-0.126,-20.211
18.606,5.0825,-3.6692,2.3513,-0.84816,-1.2564,0.098111,-0.5411,-0.124,-20.158
18.646,5.1875,-3.7034,2.3776,-1.0729,-0.93647,0.067633,-0.5628,-0.1326,-19.671
18.686,5.289,-3.7996,2.3793,-1.0369,-0.89075,0.0609,-0.5391,-0.1174,-22.108
18.726,5.3546,-3.877,2.3469,-1.0178,-0.89921,0.055195,-0.5462,-0.1189,-21.514
18.778,5.484,-3.9365,2.4275,-1.296,-0.42902,0.025514,-0.5465,-0.1162,-23.682
18.809,5.6199,-4.0036,2.5254,-1.5649,0.069884,-0.0040089,-0.5469,-0.1136,-26.153
18.846,5.7306,-4.0508,2.5763,-1.698,0.34411,-0.01861,-0.5466,-0.1109,-27.823
18.886,5.8763,-4.1206,2.7266,-2.0097,1.0317,-0.05409,-0.5449,-0.1074,-31.539
18.926,5.9926,-4.1764,2.7423,-2.0144,1.0135,-0.048529,-0.545,-0.1051,-32.375
18.966,6.0636,-4.2684,2.6435,-1.8557,0.51595,-0.021613,-0.5602,-0.1111,-29.071
19.006,6.1744,-4.3196,2.6422,-1.8352,0.46322,-0.017315,-0.5599,-0.1085,-29.65
19.046,6.2878,-4.373,2.6373,-1.7999,0.38837,-0.012681,-0.5585,-0.1056,-30.236
19.086,6.3893,-4.4181,2.6176,-1.7406,0.27951,-0.007777,-0.5567,-0.1025,-30.668
19.126,6.4798,-4.4829,2.581,-1.672,0.1112,-0.0025084,-0.5621,-0.1032,-29.799
19.166,6.569,-4.5045,2.5524,-1.5875,0.032022,-0.00057635,-0.5526,-0.0966,-31.117
19.206,6.6571,-4.5504,2.5383,-1.5743,0.024637,-0.00036672,-0.5522,-0.0945,-31.607
19.246,6.7528,-4.6257,2.5132,-1.5273,-0.11474,0.0010514,-0.5607,-0.0968,-30.381
19.286,6.8587,-4.6628,2.5068,-1.4976,-0.1075,0.00060112,-0.5523,-0.0909,-32.124
19.326,6.9663,-4.6963,2.4934,-1.4429,-0.13128,0.00027401,-0.5417,-0.0842,-34.214
19.366,7.0668,-4.7451,2.4866,-1.4309,-0.13015,-0.00017312,-0.5393,-0.0815,-35.201
19.406,7.1714,-4.8194,2.4773,-1.427,-0.17929,-0.001006,-0.5469,-0.0835,-34.238
19.446,7.2702,-4.8446,2.473,-1.407,-0.12054,-0.0010086,-0.5335,-0.0759,-37.487
19.486,7.3637,-4.8963,2.4622,-1.4029,-0.097846,-0.0011673,-0.5312,-0.0735,-38.555
19.526,7.4815,-4.9763,2.4625,-1.4078,-0.149,-0.0024954,-0.54,-0.076,-37.322
19.566,7.6271,-5.0436,2.4631,-1.5859,-0.063019,-0.0012612,-0.5807,-0.0923,-31.739
******-------------------------------------------------------------------------------------------------------------------****** 
TargetID: ID37
Target can not be processed due to lack of Data
******-------------------------------------------------------------------------------------------------------------------****** 
TargetID: ID38
Target can not be processed due to lack of Data
******-------------------------------------------------------------------------------------------------------------------****** 
TargetID: ID39
Target can not be processed due to lack of Data
******-------------------------------------------------------------------------------------------------------------------****** 
TargetID: ID40
Target can not be processed due to lack of Data
******-------------------------------------------------------------------------------------------------------------------****** 
TargetID: ID43
Target can not be processed due to lack of Data
******-------------------------------------------------------------------------------------------------------------------****** 
TargetID: ID44
Target can not be processed due to lack of Data
******-------------------------------------------------------------------------------------------------------------------****** 
TargetID: ID45
Target can not be processed due to lack of Data
******-------------------------------------------------------------------------------------------------------------------****** 
TargetID: ID46
Target can not be processed due to lack of Data
******-------------------------------------------------------------------------------------------------------------------****** 
TargetID: ID49
Relevancy: 0
tj = Inf
Label: -1
Comment: Target is irrelevant as it is not crossing the estimated holding line
DATA:
66.339,0,0,NaN,NaN,NaN,NaN,0,NaN,NaN
66.379,0.21632,0.0044424,NaN,NaN,NaN,NaN,0.0014,NaN,NaN
66.419,0.39014,-0.068397,NaN,NaN,NaN,NaN,-0.0833,NaN,NaN
66.459,0.55627,-0.11568,NaN,NaN,NaN,NaN,-0.1079,NaN,NaN
66.499,0.76348,0.052484,NaN,NaN,NaN,NaN,0.0622,NaN,NaN
66.539,0.98911,-0.25885,NaN,NaN,NaN,NaN,-0.2015,NaN,NaN
66.579,1.2428,-0.33522,NaN,NaN,NaN,NaN,-0.227,NaN,NaN
66.619,1.3934,-0.26489,NaN,NaN,NaN,NaN,-0.1519,NaN,NaN
66.659,1.4873,-0.064403,NaN,NaN,NaN,NaN,-0.0045,NaN,NaN
66.702,1.6863,-0.18362,NaN,NaN,NaN,NaN,-0.0734,NaN,NaN
66.74,1.8931,-0.27468,NaN,NaN,NaN,NaN,-0.1151,NaN,NaN
66.78,1.5629,-0.10797,4.599,-0.94039,0,0,-0.2017,0,Inf
66.82,1.7473,-0.10162,4.5936,-0.84332,0.020473,0.0011578,-0.1816,0.0005,9340.8
66.86,1.9314,-0.13649,4.5941,-0.84293,0.020902,0.0010835,-0.1815,0.0005,9341.6
66.9,2.1013,-0.13325,4.5936,-0.76961,0.092526,0.0043537,-0.1661,0.0033,1411.4
66.94,2.2638,-0.19206,4.3909,-0.80308,-0.98961,-0.041773,-0.1809,-0.0167,-267.29
66.98,2.4368,-0.28192,4.3152,-0.90636,-1.273,-0.04829,-0.209,-0.0306,-144.1
67.02,2.6191,-0.24023,4.3631,-0.74825,-0.76889,-0.025281,-0.1708,-0.0001,-44268
67.06,2.7949,-0.072691,4.3536,-0.38988,-0.48969,-0.013808,-0.0893,0.0497,87.949
67.099,2.981,-0.031631,4.4158,-0.32297,-0.15255,-0.0035861,-0.0731,0.0496,89.266
67.14,3.1608,-0.027757,4.4492,-0.32005,-0.026158,-0.00048683,-0.0718,0.0462,96.553
67.18,3.3591,-0.06867,4.5096,-0.39517,0.13349,0.0018429,-0.0873,0.0282,160.53
67.22,3.5342,-0.018372,4.4821,-0.24822,0.082021,0.00073827,-0.0554,0.0605,74.197
67.26,3.7134,-0.073107,4.5068,-0.3574,0.12205,0.00052558,-0.0791,0.0303,149.21
67.3,3.8889,-0.13196,4.496,-0.44103,0.070852,-2.1125e-05,-0.0978,0.0063,717.07
67.339,4.0697,-0.14874,4.4975,-0.44035,0.073821,-0.00037553,-0.0976,0.0063,717.3
67.38,4.2474,-0.16363,4.4991,-0.43935,0.076788,-0.00075946,-0.0974,0.0063,717.54
67.419,4.423,-0.23391,4.4884,-0.55457,0.052179,-0.0007722,-0.123,-0.0255,-177.35
67.46,4.6008,-0.18447,4.4619,-0.40632,-0.031248,0.00061871,-0.0908,0.0154,290.94
67.5,4.7621,-0.099415,4.4234,-0.17488,-0.07592,0.0018826,-0.0395,0.0743,59.581
67.54,4.9557,-0.17891,4.4527,-0.32203,-0.024031,0.00071888,-0.0722,0.0321,139.07
67.579,5.1336,-0.21028,4.4623,-0.36644,0.0067842,-0.00023721,-0.0819,0.0189,236.89
67.62,5.2921,-0.14682,4.4302,-0.19466,-0.033349,0.0013413,-0.0439,0.0609,72.816
67.659,5.4677,-0.15288,4.4277,-0.18363,-0.030092,0.0013637,-0.0414,0.0609,72.768
67.7,5.6712,-0.2006,4.4756,-0.29092,0.054378,-0.0027477,-0.0649,0.0336,133.48
67.739,5.8623,-0.41331,4.4931,-0.76367,0.1244,-0.0069359,-0.1683,-0.0825,-55.242
67.78,6.0365,-0.43742,4.4939,-0.77935,0.12577,-0.0076814,-0.1716,-0.0825,-55.285
67.819,6.2164,-0.49047,4.4932,-0.83246,0.14125,-0.0093912,-0.1833,-0.0916,-49.887
67.86,6.4031,-0.54313,4.5188,-0.90954,0.21977,-0.015806,-0.1985,-0.1022,-45.102
67.899,6.5826,-0.5787,4.5214,-0.92944,0.22137,-0.017146,-0.2026,-0.1022,-45.165
67.939,6.7618,-0.56491,4.5038,-0.8459,0.13206,-0.010958,-0.1856,-0.0813,-56.366
67.979,6.9174,-0.62418,4.4601,-0.88724,0.050432,-0.0044588,-0.1964,-0.0909,-50.028
68.019,7.0757,-0.61465,4.4373,-0.80198,0.019431,-0.0018238,-0.1788,-0.0723,-62.368
68.059,7.2529,-0.64751,4.4341,-0.81475,0.02139,-0.0021247,-0.1817,-0.0723,-62.356
68.1,7.4298,-0.6794,4.4309,-0.82736,0.023348,-0.0024459,-0.1846,-0.0723,-62.344
68.139,7.5559,-0.51673,4.3029,-0.43824,-0.17192,0.018969,-0.1015,0.0012,3604.3
68.18,7.7391,-0.62083,4.3436,-0.59186,-0.10058,0.011659,-0.1354,-0.0282,-155.45
68.219,7.8906,-0.64923,4.2544,-0.6044,-0.31208,0.037945,-0.1411,-0.0331,-129.82
68.26,8.0611,-0.67342,4.2403,-0.60804,-0.3092,0.039353,-0.1424,-0.0331,-129.42
68.3,8.2659,-0.78551,4.3307,-0.79171,-0.10318,0.013719,-0.1809,-0.0623,-70.666
68.34,8.4369,-0.79647,4.3353,-0.76267,-0.062616,0.0086835,-0.1742,-0.0548,-80.326
68.379,8.5881,-0.84812,4.2554,-0.80243,-0.23963,0.034575,-0.1865,-0.0644,-67.242
68.42,8.8244,-0.99777,4.3692,-1.0743,-0.00069913,0.00010437,-0.2411,-0.1026,-43.853
68.46,8.9925,-1.0029,4.3691,-1.0241,0.015091,-0.0023489,-0.2302,-0.0908,-49.422
68.5,9.1767,-1.0422,4.3795,-1.0292,0.045655,-0.0073632,-0.2308,-0.088,-51.123
68.54,9.3449,-1.017,4.3505,-0.92117,-0.011019,0.0018398,-0.2087,-0.0685,-64.918
68.58,9.4725,-0.98934,4.285,-0.80877,-0.08292,0.014311,-0.1865,-0.0517,-84.344
68.62,9.6763,-1.1382,4.3577,-1.0276,0.069194,-0.012348,-0.2316,-0.0832,-53.812
68.66,9.8485,-1.1778,4.356,-1.0424,0.069678,-0.012845,-0.2349,-0.0832,-53.834
68.7,9.981,-1.1389,4.2945,-0.89668,0.0062521,-0.0011899,-0.2058,-0.0614,-71.451
68.747,10.209,-1.2336,4.4148,-1.0468,0.22758,-0.044712,-0.2328,-0.0767,-59.155
68.78,10.424,-1.31,4.5041,-1.1624,0.37798,-0.076578,-0.2525,-0.0868,-53.591
68.82,10.603,-1.3554,4.5135,-1.1816,0.37739,-0.07874,-0.256,-0.0868,-53.752
68.86,10.78,-1.3975,4.5228,-1.201,0.37679,-0.080897,-0.2594,-0.0868,-53.912
68.901,10.962,-1.4464,4.532,-1.2203,0.37618,-0.083052,-0.2629,-0.0868,-54.072
68.94,11.115,-1.3938,4.4696,-1.0646,0.23556,-0.053442,-0.2338,-0.0655,-70.147
68.98,11.295,-1.4031,4.473,-1.0307,0.22504,-0.0525,-0.2265,-0.0587,-78.198
69.02,11.481,-1.4441,4.5029,-1.0565,0.25853,-0.062034,-0.2305,-0.0594,-77.865
69.06,11.668,-1.4921,4.5316,-1.0847,0.29082,-0.071722,-0.2349,-0.0606,-76.891
69.101,11.849,-1.5332,4.5403,-1.0986,0.28939,-0.073366,-0.2374,-0.0606,-77.084
69.141,12.026,-1.5723,4.5491,-1.1123,0.28808,-0.075032,-0.2398,-0.0606,-77.279
69.181,12.214,-1.626,4.5579,-1.1259,0.28663,-0.076648,-0.2422,-0.0606,-77.474
69.221,12.396,-1.6706,4.5664,-1.14,0.28516,-0.078275,-0.2447,-0.0606,-77.666
69.261,12.57,-1.7384,4.5356,-1.1961,0.21413,-0.060299,-0.2579,-0.067,-70.011
69.301,12.748,-1.7815,4.5406,-1.2102,0.21332,-0.061593,-0.2605,-0.067,-70.136
69.341,12.928,-1.8269,4.5454,-1.2248,0.21249,-0.062922,-0.2632,-0.067,-70.262
69.381,13.11,-1.8765,4.5503,-1.2391,0.21165,-0.064242,-0.2658,-0.067,-70.387
69.421,13.292,-1.9257,4.555,-1.2534,0.2108,-0.065575,-0.2685,-0.067,-70.513
69.461,13.47,-1.9689,4.5597,-1.2684,0.20993,-0.066919,-0.2713,-0.067,-70.639
69.501,13.524,-1.8889,4.3076,-1.0715,-0.056734,0.018518,-0.2438,-0.051,-87.036
69.541,13.698,-1.937,4.3023,-1.0794,-0.055802,0.018634,-0.2458,-0.051,-86.973
69.581,13.868,-1.9763,4.2969,-1.087,-0.054873,0.018734,-0.2478,-0.051,-86.908
69.621,14.039,-2.0189,4.2915,-1.0954,-0.053809,0.01878,-0.2499,-0.051,-86.844
69.661,14.208,-2.0565,4.2862,-1.1032,-0.052883,0.018856,-0.2519,-0.051,-86.782
******-------------------------------------------------------------------------------------------------------------------****** 
TargetID: ID06
Target can not be processed due to lack of Data
******-------------------------------------------------------------------------------------------------------------------****** 
TargetID: ID50
Relevancy: 0
tj = Inf
Label: -1
Comment: Target is irrelevant as it is not crossing the estimated holding line
DATA:
19.486,0,-0,NaN,NaN,NaN,NaN,0,NaN,NaN
19.526,0.18656,-0.00097104,NaN,NaN,NaN,NaN,0,NaN,NaN
19.566,0.37641,0.0047487,NaN,NaN,NaN,NaN,0,NaN,NaN
19.606,0.36073,-1.4132,NaN,NaN,NaN,NaN,-1.0424,NaN,NaN
19.646,0.52852,-1.6874,NaN,NaN,NaN,NaN,-1.0424,NaN,NaN
19.686,0.55576,-1.6624,NaN,NaN,NaN,NaN,-0.9493,NaN,NaN
19.726,0.72336,-1.8955,NaN,NaN,NaN,NaN,-0.9493,NaN,NaN
19.766,0.89077,-2.1335,NaN,NaN,NaN,NaN,-0.9492,NaN,NaN
19.813,1.0599,-2.361,NaN,NaN,NaN,NaN,-0.9493,NaN,NaN
19.846,1.228,-2.5936,NaN,NaN,NaN,NaN,-0.9493,NaN,NaN
19.886,1.4652,-1.7593,4.3134,-4.0941,0,-0,-0.7593,0,Inf
19.926,1.6367,-1.931,4.3133,-4.094,0,-0,-0.7593,0,Inf
19.966,1.8106,-2.0895,4.3135,-4.0939,0,-0,-0.7593,0,Inf
20.006,1.9831,-2.2512,4.3135,-4.0939,0,-0,-0.7593,0,Inf
20.046,2.1543,-2.4245,4.3139,-4.0934,0,-0,-0.7592,0,Inf
20.086,2.327,-2.5867,4.3137,-4.0937,0,-0,-0.7592,0,Inf
20.126,2.501,-2.7498,4.314,-4.0933,0,-0,-0.7592,0,Inf
20.166,2.673,-2.9139,4.3139,-4.0935,0,-0,-0.7592,0,Inf
20.206,2.8459,-3.0716,4.3138,-4.0934,0,-0,-0.7592,0,Inf
20.246,3.0194,-3.2358,4.314,-4.0933,0,-0,-0.7591,0,Inf
20.286,3.1908,-3.4023,4.3138,-4.0936,0,-0,-0.7592,0,Inf
20.326,3.3631,-3.5701,4.3141,-4.0932,0,-0,-0.7591,0,Inf
20.366,3.5363,-3.7335,4.3143,-4.093,0,-0,-0.7591,0,Inf
20.406,3.6833,-3.7711,3.1762,1.3319,0.0044787,-0.005969,-0.76995,-0.054736,-62.923
20.446,3.8031,-3.698,2.9735,1.4401,0.008943,-0.011919,-0.78077,-0.1093,-30.229
20.486,3.9336,-3.7265,3.7021,-3.7485,0.013411,-0.017873,-0.7916,-0.1639,-32.145
20.526,4.0817,-3.8741,3.6667,-3.7612,0.023023,-0.030284,-0.7981,-0.1639,-32.048
20.566,4.2408,-3.9337,3.6539,-3.6911,0.034863,-0.045265,-0.7905,-0.155,-33.508
20.606,4.3867,-4.0781,3.621,-3.7034,0.045152,-0.057866,-0.7966,-0.155,-33.416
20.646,4.53,-4.225,3.5876,-3.7157,0.055324,-0.070018,-0.8029,-0.155,-33.323
20.686,4.673,-4.3757,3.5546,-3.7274,0.065461,-0.081833,-0.8091,-0.155,-33.23
20.726,4.8157,-4.5156,3.5218,-3.7388,0.075376,-0.093095,-0.8153,-0.155,-33.138
20.766,4.9544,-4.6717,3.4888,-3.75,0.085066,-0.10381,-0.8215,-0.155,-33.045
20.816,5.0937,-4.8169,3.4559,-3.761,0.094536,-0.11396,-0.8277,-0.155,-32.953
20.848,5.2301,-4.9659,3.4226,-3.772,0.10375,-0.12358,-0.8339,-0.155,-32.86
20.886,5.3661,-5.1167,3.3894,-3.7825,0.11274,-0.13266,-0.8402,-0.155,-32.767
20.926,5.5019,-5.2644,3.3567,-3.7925,0.12146,-0.1412,-0.8463,-0.155,-32.675
20.966,5.6348,-5.4219,3.3236,-3.8025,0.12991,-0.14923,-0.8525,-0.155,-32.583
******-------------------------------------------------------------------------------------------------------------------****** 
TargetID: ID07
Target can not be processed due to lack of Data
******-------------------------------------------------------------------------------------------------------------------****** 
TargetID: ID52
Target can not be processed due to lack of Data
******-------------------------------------------------------------------------------------------------------------------****** 
TargetID: ID55
Target can not be processed due to lack of Data
******-------------------------------------------------------------------------------------------------------------------****** 
TargetID: ID56
Target can not be processed due to lack of Data
******-------------------------------------------------------------------------------------------------------------------****** 
TargetID: ID57
Relevancy: 0
tj = Inf
Label: -1
Comment: Target is irrelevant as it is not crossing the estimated holding line
DATA:
69.541,-0,0,NaN,NaN,NaN,NaN,0,NaN,NaN
69.581,0.50328,0.53925,9.0498,7.4369,-0,0,0.6879,0,Inf
69.621,0.40718,0.25332,4.9831,3.562,-0.0011398,0.0042337,0.6206,-0.058,-105.61
69.661,0.6087,0.3459,5.215,3.5427,-0.029193,0.11133,0.5964,-0.2219,-28.411
69.701,0.4266,0.20329,3.3427,2.0606,-0.011389,0.044663,0.5521,-0.3138,-12.514
69.741,0.53124,0.23157,3.2904,1.861,-0.056353,0.22614,0.5128,-0.4359,-8.6723
69.781,0.6597,0.29699,3.3287,1.8068,-0.05513,0.2279,0.4953,-0.4359,-8.6889
69.821,0.79528,0.36915,3.3661,1.7519,-0.053908,0.22964,0.4779,-0.4359,-8.7054
69.861,0.93133,0.43609,3.4026,1.6961,-0.052642,0.23139,0.4604,-0.4359,-8.7219
69.901,1.0616,0.49052,3.438,1.6397,-0.051408,0.23326,0.443,-0.4359,-8.7383
69.941,0.63422,0.090661,1.7561,0.51463,0.05206,-0.25811,0.2948,-0.7126,-2.5679
69.981,0.70114,0.10391,1.7584,0.46194,0.047817,-0.24539,0.2663,-0.7126,-2.5513
70.021,0.77379,0.12404,1.7589,0.40968,0.043678,-0.23221,0.2379,-0.7126,-2.5344
70.061,0.84189,0.13502,1.7581,0.35771,0.039649,-0.21857,0.2093,-0.7126,-2.5177
70.101,0.90958,0.14371,1.7557,0.30616,0.035741,-0.20463,0.1808,-0.7126,-2.501
70.141,0.98062,0.15486,1.7517,0.25507,0.031938,-0.19024,0.1523,-0.7126,-2.4841
70.181,1.0521,0.16466,1.7462,0.20456,0.028313,-0.17568,0.1238,-0.7126,-2.4673
70.221,1.1193,0.16793,1.7393,0.15457,0.024824,-0.16067,0.0953,-0.7126,-2.4505
70.261,1.184,0.16548,1.7309,0.10522,0.021493,-0.14521,0.0668,-0.7126,-2.4335
70.301,1.2578,0.17295,1.7211,0.056614,0.01834,-0.12945,0.0384,-0.7126,-2.4166
70.341,1.322,0.16798,1.71,0.0084237,0.015358,-0.11352,0.0098,-0.7126,-2.3998
70.381,1.3856,0.15916,1.6975,-0.038784,0.012537,-0.097159,-0.0187,-0.7126,-2.3827
70.421,1.4564,0.16016,1.6837,-0.08557,0.0099063,-0.080776,-0.0473,-0.7126,-2.3658
70.461,1.5199,0.14903,1.6686,-0.13127,0.0074524,-0.064093,-0.0757,-0.7126,-2.3489
******-------------------------------------------------------------------------------------------------------------------****** 
TargetID: ID08
Relevancy: 0
tj = Inf
Label: -1
Comment: Target is irrelevant as it is not crossing the estimated holding line
DATA:
14.965,0,-0,NaN,NaN,NaN,NaN,0,NaN,NaN
15.005,-0.17097,-0.48701,NaN,NaN,NaN,NaN,-0.4168,NaN,NaN
15.045,0.062359,-0.58512,NaN,NaN,NaN,NaN,-0.4169,NaN,NaN
15.085,-0.3954,-1.116,NaN,NaN,NaN,NaN,-1.1596,NaN,NaN
15.125,-0.18634,-1.2153,NaN,NaN,NaN,NaN,-1.0206,NaN,NaN
15.165,-0.33361,-1.598,NaN,NaN,NaN,NaN,-1.2748,NaN,NaN
15.205,-0.2166,-1.8248,NaN,NaN,NaN,NaN,-1.265,NaN,NaN
15.245,-0.42534,-2.2177,NaN,NaN,NaN,NaN,-1.4546,NaN,NaN
15.285,-0.39098,-2.4983,NaN,NaN,NaN,NaN,-1.4622,NaN,NaN
15.325,-0.12972,-2.5896,NaN,NaN,NaN,NaN,-1.3233,NaN,NaN
15.365,-0.017165,-2.7519,NaN,NaN,NaN,NaN,-1.2766,NaN,NaN
15.405,0.069281,-2.9582,NaN,NaN,NaN,NaN,-1.2507,NaN,NaN
15.445,0.23385,-3.1291,NaN,NaN,NaN,NaN,-1.2,NaN,NaN
15.484,0.10263,-3.5232,NaN,NaN,NaN,NaN,-1.2879,NaN,NaN
15.525,0.3548,-3.1605,1.7324,-5.552,0,-0,-1.2683,0,Inf
15.564,0.52612,-3.3103,1.961,-5.4123,0.1028,-0.23736,-1.2232,0.0206,279.45
15.605,0.65095,-3.4958,2.0494,-5.3904,0.16986,-0.4057,-1.2075,0.0349,165.24
15.645,0.86726,-3.601,2.2931,-5.1977,0.20349,-0.50288,-1.1553,0.0533,106.59
15.685,1.0155,-3.7604,2.397,-5.1364,0.2047,-0.52371,-1.1341,0.0613,92.466
15.734,1.2189,-3.8942,2.5721,-4.9883,0.18773,-0.49752,-1.095,0.0782,71.769
15.765,1.3935,-4.0219,2.6887,-4.8571,0.14547,-0.39973,-1.0649,0.0948,58.562
15.805,1.4058,-4.2793,2.571,-4.9144,0.07337,-0.2094,-1.0887,0.0777,71.381
15.845,1.507,-4.4724,2.562,-4.9001,0.053829,-0.15975,-1.0891,0.0728,75.954
15.885,1.5602,-4.7057,2.4791,-4.943,0.039123,-0.12097,-1.106,0.0504,109.72
15.925,1.6649,-4.8922,2.4892,-4.9384,0.042349,-0.13671,-1.104,0.0504,109.73
15.965,1.7628,-5.0946,2.4995,-4.9336,0.045255,-0.15283,-1.102,0.0504,109.74
16.005,1.9673,-5.2018,2.7064,-4.7416,0.041693,-0.14753,-1.0523,0.1075,50.787
16.045,2.1817,-5.2987,2.9358,-4.5236,0.037891,-0.14066,-0.9953,0.1679,32.119
16.085,2.223,-5.5826,2.7709,-4.7777,0.057418,-0.2237,-1.0455,0.0969,56.998
16.125,2.4605,-5.677,3.0438,-4.5447,0.051214,-0.20966,-0.981,0.1715,31.894
16.165,2.5301,-5.891,2.9811,-4.6393,0.054603,-0.23533,-1,0.1327,41.556
16.205,2.6472,-6.0791,3.0097,-4.6286,0.053639,-0.24352,-0.9946,0.1327,41.606
16.245,2.5367,-6.4702,2.5509,-5.0737,0.076513,-0.36626,-1.1045,-0.0042,-1352.1
16.285,2.6371,-6.6753,2.5561,-5.086,0.073723,-0.37202,-1.1047,-0.0042,-1355.3
16.325,3.012,-6.6275,3.2318,-4.4476,0.042326,-0.22476,-0.9428,0.1811,30.358
16.365,3.1396,-6.8084,3.2675,-4.4277,0.041629,-0.2328,-0.9355,0.1811,30.385
16.405,3.2689,-6.9859,3.3029,-4.4075,0.04091,-0.24082,-0.9282,0.1811,30.413
16.445,3.2392,-7.3001,3.0813,-4.6025,0.025474,-0.15804,-0.9806,0.1225,45.214
16.485,3.3626,-7.4833,3.1057,-4.5896,0.025094,-0.16382,-0.9756,0.1225,45.238
16.525,3.4892,-7.6634,3.1296,-4.5769,0.024662,-0.1696,-0.9707,0.1225,45.262
16.565,3.618,-7.843,3.154,-4.5637,0.024211,-0.17538,-0.9657,0.1225,45.286
16.605,3.743,-8.0267,3.1781,-4.5506,0.023697,-0.18101,-0.9608,0.1225,45.31
16.645,3.8709,-8.2094,3.2018,-4.5376,0.02314,-0.18678,-0.9559,0.1225,45.334
16.685,3.9984,-8.3898,3.2257,-4.5242,0.022489,-0.19241,-0.951,0.1225,45.358
16.725,4.1688,-8.5294,3.2257,-4.5242,NaN,NaN,-0.8747,NaN,NaN
16.765,4.3391,-8.669,3.2257,-4.5242,NaN,NaN,-0.79845,NaN,NaN
16.806,4.5096,-8.8087,3.2257,-4.5242,NaN,NaN,-0.72209,NaN,NaN
16.845,4.6797,-8.948,3.2257,-4.5242,NaN,NaN,-0.64596,NaN,NaN
16.886,4.8501,-9.0876,3.2257,-4.5242,NaN,NaN,-0.56967,NaN,NaN
16.926,5.0205,-9.2272,3.2257,-4.5242,NaN,NaN,-0.49338,NaN,NaN
16.966,5.1907,-9.3666,3.2257,-4.5242,NaN,NaN,-0.41717,NaN,NaN
17.006,5.3611,-9.5062,3.2257,-4.5242,NaN,NaN,-0.34091,NaN,NaN
17.046,5.5314,-9.6457,3.2257,-4.5242,NaN,NaN,-0.26464,NaN,NaN
17.086,5.7017,-9.7852,3.2257,-4.5242,NaN,NaN,-0.1884,NaN,NaN
17.126,5.8722,-9.9249,3.2257,-4.5242,NaN,NaN,-0.11209,NaN,NaN
17.166,6.0424,-10.064,3.2257,-4.5242,NaN,NaN,-0.03588,NaN,NaN
17.206,6.2128,-10.204,NaN,NaN,NaN,NaN,0.0404,NaN,NaN
17.246,6.5481,-10.279,NaN,NaN,NaN,NaN,0.0549,NaN,NaN
17.286,6.6556,-10.446,NaN,NaN,NaN,NaN,-0.0904,NaN,NaN
17.326,6.4514,-10.98,NaN,NaN,NaN,NaN,-0.6244,NaN,NaN
17.366,6.974,-10.731,NaN,NaN,NaN,NaN,-0.2478,NaN,NaN
17.406,6.5024,-11.372,NaN,NaN,NaN,NaN,-0.8626,NaN,NaN
17.446,6.6443,-11.532,NaN,NaN,NaN,NaN,-0.8626,NaN,NaN
17.486,6.778,-11.702,NaN,NaN,NaN,NaN,-0.8626,NaN,NaN
17.526,6.9211,-11.861,NaN,NaN,NaN,NaN,-0.8626,NaN,NaN
17.566,7.0583,-12.039,NaN,NaN,NaN,NaN,-0.8426,NaN,NaN
17.606,7.0291,-12.407,NaN,NaN,NaN,NaN,-0.9583,NaN,NaN
17.646,7.1566,-12.591,NaN,NaN,NaN,NaN,-0.9582,NaN,NaN
17.686,7.2834,-12.774,NaN,NaN,NaN,NaN,-0.9582,NaN,NaN
17.726,7.3853,-12.791,2.7676,-5.1052,0,-0,-1.074,0,Inf
17.766,7.4956,-12.995,2.7676,-5.1052,0,-0,-1.074,0,Inf
17.806,7.61,-13.22,2.8349,-5.1206,0.014777,-0.23602,-1.0655,0.0271,215.97
17.846,7.7216,-13.459,2.8888,-5.1831,0.02573,-0.40458,-1.063,0.0546,108.68
17.886,7.8315,-13.686,2.886,-5.2424,0.030038,-0.46412,-1.0682,0.0531,112.7
17.926,7.9835,-13.868,2.9491,-5.2195,0.033656,-0.50869,-1.0573,0.0646,92.802
17.966,8.2,-13.956,3.0915,-4.9889,0.030328,-0.44668,-1.0168,0.09,65.213
18.006,8.3325,-14.163,3.1078,-5.0093,0.031693,-0.45467,-1.0163,0.0855,68.948
18.046,8.4406,-14.409,3.0823,-5.146,0.037706,-0.52643,-1.032,0.0679,88.342
18.086,8.5342,-14.667,3.0285,-5.2856,0.043489,-0.59119,-1.0514,0.0357,170.64
18.126,8.6008,-14.961,2.9383,-5.4991,0.053558,-0.70507,-1.081,-0.0055,-1133.6
18.166,8.6308,-15.331,2.7172,-5.9217,0.07559,-0.9623,-1.1416,-0.0865,-75.322
18.206,8.7421,-15.564,2.7148,-5.9716,0.080841,-0.99353,-1.1451,-0.0865,-75.835
18.246,8.852,-15.802,2.7126,-6.0213,0.086664,-1.0246,-1.1485,-0.0865,-76.348
18.286,8.9555,-16.051,2.7103,-6.071,0.093109,-1.0555,-1.1519,-0.0865,-76.862
18.326,9.0656,-16.292,2.7074,-6.1209,0.10008,-1.0861,-1.1553,-0.0865,-77.375
18.366,9.1771,-16.533,2.7041,-6.1708,0.10761,-1.1165,-1.1588,-0.0865,-77.888
18.406,9.2798,-16.787,2.7009,-6.2207,0.1157,-1.1464,-1.1621,-0.0865,-78.401
18.446,9.3881,-17.037,2.6967,-6.2709,0.12425,-1.1758,-1.1656,-0.0865,-78.916
18.486,9.4995,-17.283,2.6925,-6.321,0.13327,-1.2047,-1.169,-0.0865,-79.428
******-------------------------------------------------------------------------------------------------------------------****** 
TargetID: ID58
Target can not be processed due to lack of Data
******-------------------------------------------------------------------------------------------------------------------****** 
