******-------------------------------------------------------------------------------------------------------------------****** 
Duration of the scene is: 16.6419 seconds
Original Targets Numbers in the hole Scene: 5
Number of Targets in the hole Scene after preprocessing: 8
Number of static portions: 1
******-------------------------------------------------------------------------------------------------------------------****** 
TargetID: ID01
Relevancy: 0
tj = Inf
Label: -1
Comment: Target is irrelevant as it is not crossing the estimated holding line
DATA:
0,-0,0,15.857,0.00071521,-0,0,0,0,Inf
0.03996,1.5682,0.13605,16.371,-0.15162,-0.12001,0.17893,-0.0108,-0.0866,-189.05
0.081879,2.3427,0.2879,16.645,0.037222,-0.12218,0.17953,0.0037,-0.0828,-201.03
0.11999,3.5058,0.48656,17.256,0.17162,-0.16368,0.23575,0.0117,-0.1108,-155.75
0.15998,4.3466,0.62188,17.763,1.0925,-0.13073,0.18487,0.0628,-0.0628,-283.38
0.19999,4.8487,0.40318,17.547,0.69348,-0.16356,0.226,0.0378,-0.0801,-219.23
0.24,5.7428,0.80519,17.842,1.3856,-0.071966,0.097889,0.0768,-0.0372,-481.08
0.28132,6.6005,0.90182,18.098,1.3095,-0.15042,0.20087,0.0708,-0.0617,-294.09
0.32002,7.1646,0.82513,17.918,1.2818,-0.086149,0.11336,0.0714,-0.0357,-503.19
0.36002,7.8761,0.83117,18.038,1.2224,-0.14309,0.18476,0.0663,-0.0465,-388.81
0.40003,8.6958,0.85267,18.098,1.0291,-0.12654,0.16133,0.058,-0.0504,-359.67
0.44004,9.1806,0.71593,17.758,0.69451,-0.08883,0.11138,0.0399,-0.0526,-337.86
0.48004,9.897,0.7558,17.786,0.65768,-0.083899,0.10357,0.0377,-0.0526,-338.37
0.52005,10.827,0.97314,17.893,0.81753,-0.019415,0.023584,0.0455,-0.0461,-388.54
0.56006,11.444,0.93919,17.752,0.701,-0.0082507,0.0098769,0.0395,-0.0465,-382.07
0.60006,12.06,0.88642,17.549,0.53724,0.014538,-0.017157,0.0305,-0.0468,-375.16
0.64009,14.719,0.44752,17.456,0.41174,0.069031,-0.080358,0.0235,-0.0375,-465.62
0.68009,15.299,0.37434,17.178,0.27556,0.083214,-0.095585,0.0159,-0.038,-452.1
0.72008,15.955,0.34783,17.033,0.20472,0.08606,-0.097606,0.0119,-0.0373,-456.68
0.76009,16.533,0.30016,16.745,0.098799,0.092966,-0.10415,0.0057,-0.0381,-439.51
0.80014,16.937,0.60769,16.072,-0.42909,0.051947,-0.057528,-0.0268,-0.0772,-208.26
0.84013,17.313,0.4611,15.678,-0.74013,-0.0035291,0.0038637,-0.0472,-0.098,-160.16
0.88016,17.832,0.60322,16.356,-0.60755,0.0011513,-0.0012464,-0.0371,-0.0914,-179.07
0.92012,18.722,0.75822,16.53,-0.2184,0.030595,-0.032775,-0.0133,-0.0553,-298.95
0.96018,19.156,0.65142,16.116,-0.6732,-0.015815,0.01677,-0.0417,-0.0929,-173.62
1.0001,19.747,0.59056,15.853,-0.84271,-0.045642,0.047916,-0.0529,-0.1007,-157.65
1.0401,20.436,0.60663,15.908,-0.80445,-0.048616,0.050549,-0.0504,-0.0938,-169.81
1.0802,20.984,0.74618,15.063,-0.44202,-0.065289,0.067263,-0.0291,-0.0563,-267.67
1.1202,21.69,0.89302,14.933,-0.12169,0.012468,-0.012732,-0.0082,-0.0285,-523.99
1.1602,22.539,0.88506,15.399,0.11156,0.060636,-0.061389,0.007,-0.0136,-1132.3
1.2002,23.239,0.79876,15.155,0.076192,0.032242,-0.032364,0.0049,-0.0166,-912.96
1.2402,24.52,1.168,16.768,1.2739,0.23765,-0.23651,0.075,0.0622,270.35
1.2802,24.694,0.967,15.22,0.30832,0.070153,-0.069281,0.02,0.0002,76114
1.3202,25.3,0.98293,15.016,0.30264,0.050312,-0.049302,0.0199,0.0002,75097
1.3602,25.276,0.685,13.322,-0.60579,-0.36234,0.35265,-0.0435,-0.0692,-192.71
1.4002,26.514,1.0591,14.804,0.28269,0.01007,-0.0097284,0.019,0.0009,16451
1.4402,26.604,0.97896,-4.2884,-3.2039,-0.1293,0.12299,0.0025101,-0.013341,-401.24
1.4802,26.653,0.88982,12.74,-0.16179,-0.26883,0.25587,-0.014,-0.0276,-461.64
1.5202,26.57,0.63665,11.405,-0.83712,-0.66682,0.63234,-0.0693,-0.0916,-124.84
1.5602,26.822,0.52052,13.359,-0.95822,0.076821,-0.072513,-0.0713,-0.1092,-122.65
1.6003,27.139,0.41151,4.0109,-4.0123,0.13117,-0.12282,-0.089949,-0.12358,-45.908
1.6403,27.264,0.23738,3.7134,-4.2264,0.18543,-0.17306,-0.10857,-0.13793,-40.788
1.6803,27.557,0.11127,12.453,-1.6051,0.23972,-0.22332,-0.1272,-0.1523,-82.443
1.7203,27.768,0.004487,1.6084,-3.2322,0.28149,-0.26109,-0.13919,-0.156,-23.143
1.7603,27.969,-0.10724,12.008,-1.8455,0.32331,-0.29891,-0.1512,-0.1597,-76.072
1.8003,28.132,-0.27111,0.013476,-5.2978,0.43824,-0.40315,-0.18526,-0.19026,-27.846
1.8403,28.279,-0.44716,11.155,-2.4603,0.55311,-0.50733,-0.2193,-0.2208,-51.735
1.8803,28.515,-0.56935,1.6697,-3.5493,0.53988,-0.49406,-0.24939,-0.24234,-16.186
1.9203,28.492,-0.72306,-1.8397,-4.0344,0.52664,-0.48078,-0.27948,-0.26389,-16.803
1.9603,28.448,-0.88425,0.63554,-3.9148,0.51339,-0.46749,-0.30961,-0.28545,-13.894
2.0004,28.622,-1.0284,9.0906,-3.1907,0.50015,-0.45421,-0.3397,-0.307,-31.382
******-------------------------------------------------------------------------------------------------------------------****** 
TargetID: ID02
Relevancy: 0
tj = Inf
Label: -1
Comment: Target is irrelevant as it is not crossing the estimated holding line
DATA:
0.03996,-0,0,NaN,NaN,NaN,NaN,0,NaN,NaN
0.081879,0.48821,0.0065349,NaN,NaN,NaN,NaN,-0.0001,NaN,NaN
0.11999,0.97232,0.019721,NaN,NaN,NaN,NaN,-0.0002,NaN,NaN
0.15998,1.4596,0.033428,NaN,NaN,NaN,NaN,-0.0004,NaN,NaN
0.19999,1.1477,3.2632,NaN,NaN,NaN,NaN,0.8468,NaN,NaN
0.24,1.6394,3.8119,NaN,NaN,NaN,NaN,0.8467,NaN,NaN
0.28132,1.8751,4.0763,NaN,NaN,NaN,NaN,0.8251,NaN,NaN
0.32002,2.3714,4.6171,NaN,NaN,NaN,NaN,0.8251,NaN,NaN
0.36002,2.7762,4.9382,NaN,NaN,NaN,NaN,0.7859,NaN,NaN
0.40003,3.2807,5.4474,NaN,NaN,NaN,NaN,0.7858,NaN,NaN
0.44004,3.7125,6.1436,NaN,NaN,NaN,NaN,0.7799,NaN,NaN
0.48004,4.2188,6.654,NaN,NaN,NaN,NaN,0.7798,NaN,NaN
0.52005,4.6805,7.1886,NaN,NaN,NaN,NaN,0.7621,NaN,NaN
0.56006,5.1935,7.6749,NaN,NaN,NaN,NaN,0.7621,NaN,NaN
0.60006,5.7052,8.1677,NaN,NaN,NaN,NaN,0.762,NaN,NaN
0.64009,6.2139,8.6652,NaN,NaN,NaN,NaN,0.7619,NaN,NaN
0.68009,4.222,8.9258,12.774,12.342,-0,0,0.7682,0,Inf
0.72008,4.7341,9.425,12.775,12.341,-0,0,0.7681,0,Inf
0.76009,5.2394,9.8977,12.844,12.07,-0.020882,0.0037232,0.7545,-0.0141,-1250
0.80014,5.7549,10.384,12.855,12.064,-0.019928,0.0034342,0.7538,-0.0141,-1250.3
0.84013,6.2681,10.879,12.866,12.059,-0.01911,0.0031828,0.7531,-0.0141,-1250.6
0.88016,6.7822,11.36,12.875,12.055,-0.01815,0.0029201,0.7526,-0.0141,-1250.9
0.92012,7.3008,11.842,12.886,12.05,-0.017327,0.0026919,0.752,-0.0141,-1251.2
0.96018,7.8149,12.334,12.897,12.044,-0.016502,0.0024779,0.7513,-0.0141,-1251.5
1.0001,8.4089,13.089,13.139,12.306,-0.069818,0.010135,0.7531,-0.0349,-515.8
1.0401,8.9556,13.915,13.278,12.724,-0.11577,0.01625,0.7647,-0.0443,-415.13
1.0802,9.4871,14.431,13.321,12.72,-0.10954,0.014861,0.7629,-0.0443,-415.77
1.1202,10.013,14.957,13.365,12.714,-0.10358,0.013586,0.761,-0.0443,-416.41
1.1602,10.518,15.397,13.443,12.592,-0.11444,0.014511,0.7533,-0.0512,-359.76
1.2002,11.054,15.907,13.494,12.589,-0.10678,0.013072,0.7512,-0.0512,-360.44
1.2402,11.745,16.318,13.396,12.471,0.0064608,-0.00076296,0.7496,-0.0289,-633.31
1.2802,12.28,16.822,13.409,12.454,0.0060419,-0.00068866,0.7484,-0.0289,-633.23
1.3202,12.814,17.327,13.422,12.436,0.0056231,-0.00061849,0.7472,-0.0289,-633.15
1.3602,13.358,17.825,13.437,12.417,0.0053444,-0.00056847,0.746,-0.0289,-633.07
1.4002,13.894,18.331,13.45,12.399,0.0049235,-0.00050609,0.7447,-0.0289,-632.99
1.4402,14.428,18.84,13.47,12.393,0.0022515,-0.00022441,0.7438,-0.0286,-640
1.4802,14.966,19.347,13.485,12.375,0.0021114,-0.00020426,0.7425,-0.0286,-639.96
1.5202,15.502,19.848,13.499,12.359,0.0019713,-0.00018411,0.7413,-0.0286,-639.92
1.5602,16.044,20.344,13.513,12.341,0.0018307,-0.00016616,0.7401,-0.0286,-639.88
******-------------------------------------------------------------------------------------------------------------------****** 
TargetID: ID03
Target can not be processed due to lack of Data
******-------------------------------------------------------------------------------------------------------------------****** 
TargetID: ID08
Target can not be processed due to lack of Data
******-------------------------------------------------------------------------------------------------------------------****** 
TargetID: ID04
Relevancy: 0
tj = Inf
Label: -1
Comment: Target is irrelevant as it is not crossing the estimated holding line
DATA:
0.44004,-0,0,NaN,NaN,NaN,NaN,0,NaN,NaN
0.48004,0.7064,-1.6296,NaN,NaN,NaN,NaN,0.7642,NaN,NaN
0.52005,1.0513,-0.59679,NaN,NaN,NaN,NaN,0.8169,NaN,NaN
0.56006,1.5289,-0.091605,NaN,NaN,NaN,NaN,0.8169,NaN,NaN
0.60006,-0.0055407,2.3152,11.839,19.114,-0,0,1.0162,0,Inf
0.64009,0.46499,3.0899,11.841,19.113,-0,0,1.0161,0,Inf
0.68009,1.0178,3.4234,11.939,17.233,-0.030285,0.0026713,0.965,-0.0281,-746.07
0.72008,1.4441,4.0636,12.177,17.272,-0.10215,0.0083799,0.9572,-0.0768,-275.17
0.76009,1.97,4.8447,12.153,17.209,-0.060359,0.0045509,0.9556,-0.0594,-354.67
0.80014,2.4654,5.5332,12.2,17.184,-0.058409,0.0040646,0.9531,-0.0594,-354.79
0.84013,2.8131,5.7482,12.07,16.23,-0.086663,0.0055314,0.9309,-0.0639,-316.52
0.88016,3.3029,6.393,12.119,16.208,-0.083444,0.0048671,0.9284,-0.0639,-316.71
0.92012,3.7162,6.4191,12.093,14.748,-0.14529,0.0077171,0.884,-0.0939,-203.11
0.96018,4.2025,7.0195,12.168,14.722,-0.13686,0.0065699,0.8801,-0.0939,-203.41
1.0001,4.636,7.5869,12.294,14.549,-0.16958,0.0073752,0.87,-0.1026,-185.65
1.0401,5.0729,8.0911,12.356,14.321,-0.17668,0.0068346,0.8598,-0.1066,-177.43
1.0802,5.3962,7.6474,11.887,12.828,-0.13643,0.0045201,0.8227,-0.1019,-171.62
1.1202,5.8633,8.2942,12.052,13.026,-0.14374,0.0041915,0.8242,-0.1001,-177.28
1.1602,6.8568,9.8918,12.338,13.432,-0.13214,0.0033146,0.8283,-0.1042,-175.03
1.2002,7.5057,10.569,12.492,13.498,-0.13964,0.0028979,0.8245,-0.1055,-174.33
1.2402,7.9915,11.285,12.527,13.91,-0.13697,0.002281,0.838,-0.089,-210.33
1.2802,8.2394,11.239,12.514,12.6,-0.041429,0.00052191,0.7889,-0.1313,-135.25
1.3202,8.5101,11.236,12.471,11.865,0.056002,-0.00047867,0.7603,-0.1478,-116.46
1.3602,8.9921,11.621,12.196,11.296,0.026446,-0.00013622,0.7471,-0.1534,-108.37
1.4002,9.4084,11.975,12.126,11.041,0.018668,-3.0254e-05,0.7385,-0.1537,-106.7
1.4402,9.9432,11.825,11.699,10.218,-0.084128,-0.00013934,0.7182,-0.1637,-94.886
1.4802,10.24,11.896,11.397,9.6948,-0.12531,-0.00062861,0.7044,-0.1667,-89.758
1.5202,10.581,12.156,11.167,9.3674,-0.19604,-0.0015875,0.6972,-0.1656,-88.018
1.5602,11.04,12.525,11.184,9.256,-0.21514,-0.0023321,0.6906,-0.1656,-87.665
1.6003,11.343,12.605,10.956,8.7959,-0.24159,-0.0032401,0.6755,-0.172,-81.684
1.6403,11.634,12.846,10.691,8.5253,-0.31275,-0.0050103,0.6719,-0.1675,-81.637
1.6803,11.991,13.162,10.692,8.487,-0.24271,-0.0043764,0.67,-0.1626,-83.952
1.7203,12.35,13.504,10.649,8.4498,-0.22077,-0.0044326,0.6699,-0.156,-87.139
1.7603,12.721,13.831,10.618,8.3826,-0.20619,-0.004524,0.6674,-0.1521,-88.942
1.8003,13.114,14.276,10.624,8.5044,-0.18553,-0.0043953,0.6743,-0.1393,-97.694
1.8403,13.519,14.794,10.653,8.7415,-0.15441,-0.0038931,0.6865,-0.1215,-113.42
1.8803,13.94,15.363,10.693,9.0551,-0.12753,-0.0033987,0.7021,-0.1009,-138.87
1.9203,14.373,15.727,10.705,8.99,-0.13375,-0.0037395,0.698,-0.1009,-138.54
******-------------------------------------------------------------------------------------------------------------------****** 
TargetID: ID05
Target can not be processed due to lack of Data
******-------------------------------------------------------------------------------------------------------------------****** 
