******-------------------------------------------------------------------------------------------------------------------****** 
Duration of the scene is: 14.6444 seconds
Original Targets Numbers in the hole Scene: 4
Number of Targets in the hole Scene after preprocessing: 6
Number of static portions: 1
******-------------------------------------------------------------------------------------------------------------------****** 
TargetID: ID01
Relevancy: 1
tj = 12.6037
Label: 0
Comment: Target is relevant and going straight, since the velocity ratio is almost not changing
DATA:
0,-0,-0,NaN,NaN,NaN,NaN,0,NaN,NaN
0.039996,0.23246,0.023261,NaN,NaN,NaN,NaN,0.0027,NaN,NaN
0.080083,0.44596,0.090962,NaN,NaN,NaN,NaN,0.0121,NaN,NaN
0.12008,0.66379,0.091689,NaN,NaN,NaN,NaN,0.0121,NaN,NaN
0.16008,0.89702,0.1388,NaN,NaN,NaN,NaN,0.0184,NaN,NaN
0.20008,1.1408,0.082035,NaN,NaN,NaN,NaN,0.0098,NaN,NaN
0.24012,1.3612,0.081074,NaN,NaN,NaN,NaN,0.0098,NaN,NaN
0.28011,1.5902,0.083764,NaN,NaN,NaN,NaN,0.0091,NaN,NaN
0.32016,1.8112,-0.0039602,NaN,NaN,NaN,NaN,-0.002,NaN,NaN
0.36015,2.04,-0.000989,NaN,NaN,NaN,NaN,-0.0019,NaN,NaN
0.40013,2.2582,0.0044891,NaN,NaN,NaN,NaN,-0.0011,NaN,NaN
0.44017,2.485,-0.091766,NaN,NaN,NaN,NaN,-0.0131,NaN,NaN
0.48022,2.7011,-0.086775,NaN,NaN,NaN,NaN,-0.0117,NaN,NaN
0.52022,2.9233,-0.086576,NaN,NaN,NaN,NaN,-0.0117,NaN,NaN
0.56022,3.1441,-0.065221,NaN,NaN,NaN,NaN,-0.0086,NaN,NaN
0.6002,3.2061,0.3167,5.5738,-0.12699,0.0068159,-0.005738,-0.0228,0,Inf
0.64027,3.437,0.27576,5.5941,-0.14877,0.017958,-0.01512,-0.0266,0.0003,18654
0.68028,3.6693,0.19819,5.6081,-0.19879,0.013631,-0.011476,-0.0354,0.0002,28058
0.72032,3.9068,0.28543,5.631,-0.12919,0.04436,-0.037342,-0.0231,0.0009,6258.3
0.76029,4.1333,0.29752,5.6176,-0.1157,0.011901,-0.010019,-0.0206,0.001,5618.8
0.80027,4.3726,0.30327,5.6413,-0.10966,0.04869,-0.040986,-0.0196,0.0013,4340.3
0.84034,4.5982,0.30275,5.6424,-0.10962,0.051286,-0.043171,-0.0196,0.0013,4341.1
0.88035,4.8185,0.33105,5.6318,-0.084995,0.079316,-0.066758,-0.0154,0.0021,2682.1
0.92035,5.0438,0.32748,5.6319,-0.084502,0.083537,-0.070309,-0.0153,0.0021,2682.2
0.9604,5.2741,0.37591,5.6703,-0.043207,0.108,-0.09089,-0.008,0.0043,1318.7
1.0003,5.4957,0.39814,5.6539,-0.022872,0.021205,-0.017852,-0.0041,0.0059,958.3
1.0404,5.7289,0.43028,5.6817,0.0020254,0.055065,-0.046359,0.0004,0.0076,747.6
1.0804,5.9541,0.4155,5.6892,-0.011021,-0.0017316,0.0014576,-0.0019,0.0064,888.93
1.1204,6.176,0.46589,5.6909,0.030112,0.042511,-0.035794,0.0054,0.0097,586.7
1.1604,6.4042,0.51538,5.701,0.073085,-0.019149,0.016122,0.0128,0.013,438.57
1.2004,6.6325,0.5192,5.7082,0.076019,-0.018824,0.015849,0.0133,0.013,439.13
1.2405,6.861,0.52286,5.7155,0.079051,-0.018608,0.015666,0.0138,0.013,439.7
1.2804,7.0911,0.55042,5.7174,0.10514,0.051711,-0.043535,0.0184,0.0153,373.75
1.3205,7.3121,0.61812,5.7054,0.16812,-0.056463,0.04755,0.0296,0.0219,260.63
1.3605,7.5509,0.62525,5.7408,0.17746,-0.001515,0.0012753,0.0309,0.0223,257.56
1.4005,7.7806,0.63451,5.7487,0.18265,-0.001515,0.0012753,0.0318,0.0223,257.92
1.4406,8.0058,0.6259,5.7273,0.16929,0.033104,-0.027873,0.0295,0.0202,283.66
1.4806,8.2348,0.63492,5.7314,0.17385,0.034511,-0.029057,0.0303,0.0202,283.86
1.5206,8.4641,0.64115,5.7354,0.17861,0.035809,-0.030151,0.0311,0.0202,284.07
1.5606,8.6936,0.6497,5.7395,0.18328,0.037107,-0.031244,0.0319,0.0202,284.28
1.6005,8.9342,0.71903,5.7365,0.25403,0.057997,-0.048816,0.0441,0.0276,208.05
1.6406,9.1436,0.8517,5.6923,0.39991,-0.14406,0.12125,0.0696,0.0443,128.81
1.6806,9.401,1.0049,5.7315,0.56679,-0.12977,0.10933,0.099,0.0628,91.711
1.7207,9.6277,1.0496,5.7126,0.61952,-0.30137,0.25333,0.107,0.0668,86.02
1.7607,9.8562,1.0728,5.7102,0.63516,-0.31015,0.2607,0.1097,0.0668,86.009
1.8006,10.084,1.1257,5.7083,0.67866,-0.44651,0.37618,0.1183,0.0709,81.079
1.8407,10.327,1.1348,5.7216,0.66619,-0.34544,0.29108,0.1172,0.0684,84.214
1.8807,10.558,1.2071,5.7167,0.75271,-0.41855,0.35202,0.1294,0.0747,77.189
1.9208,10.792,1.3083,5.721,0.84335,-0.32344,0.27282,0.1475,0.0845,68.436
1.9607,11.028,1.4905,5.7189,1.0493,-0.41926,0.35388,0.183,0.1051,55.323
2.0007,11.257,1.5333,5.7158,1.0733,-0.42939,0.36247,0.1872,0.1051,55.335
2.0408,11.494,1.5916,5.7188,1.1125,-0.56709,0.47831,0.1943,0.1069,54.5
2.0808,11.723,1.6386,5.7161,1.1368,-0.58033,0.4895,0.1985,0.1069,54.519
2.1208,11.956,1.6313,5.7164,1.0949,-0.64547,0.54454,0.1917,0.1002,58.087
2.1608,12.185,1.6746,5.7131,1.1177,-0.6602,0.55701,0.1957,0.1002,58.098
2.2007,12.414,1.7193,5.7097,1.1406,-0.6746,0.56921,0.1997,0.1002,58.109
2.2408,12.651,1.8122,5.7212,1.2321,-0.36295,0.30595,0.2135,0.1059,55.264
2.2808,12.878,1.8794,5.7202,1.2915,-0.45057,0.37877,0.2204,0.1075,54.551
2.3209,13.107,1.9329,5.7171,1.3168,-0.45948,0.38624,0.2246,0.1075,54.575
2.3609,13.336,1.9844,5.7137,1.3422,-0.46795,0.39335,0.229,0.1075,54.598
2.4008,13.564,2.037,5.7102,1.3678,-0.47611,0.40018,0.2333,0.1075,54.621
2.4409,13.803,2.0403,5.7233,1.3312,-0.54009,0.45317,0.2265,0.1014,57.95
2.4809,14.031,2.0956,5.7214,1.3553,-0.54998,0.46142,0.2305,0.1014,57.985
2.5209,14.255,2.3712,5.7018,1.629,-0.48376,0.40653,0.2764,0.1239,47.861
2.5609,14.483,2.4401,5.6972,1.6581,-0.49061,0.41226,0.2813,0.1239,47.89
2.6009,14.561,2.7247,5.5087,1.8823,-0.51834,0.43536,0.3271,0.1436,40.539
2.641,14.8,2.7442,5.5911,1.8518,-0.51659,0.43594,0.3219,0.1378,42.741
2.681,15.024,2.8187,5.5958,1.8875,-0.5225,0.44096,0.3274,0.1378,42.856
2.721,15.248,2.8973,5.6005,1.9239,-0.4999,0.42184,0.3329,0.1378,42.974
2.761,15.472,2.9733,5.6048,1.96,-0.50355,0.42495,0.3384,0.1378,43.089
2.8009,15.709,3.1527,5.65,2.1254,-0.46399,0.392,0.3616,0.1465,41.205
2.841,15.967,2.832,5.7026,1.6918,-0.60352,0.50937,0.2907,0.1088,54.672
2.8811,16.268,3.0124,5.7672,1.8428,-0.36474,0.30755,0.3107,0.1162,52.103
2.9211,16.504,2.8555,5.7475,1.6108,-0.36313,0.30616,0.2746,0.097,61.536
2.9611,16.725,2.8788,5.7084,1.5821,-0.18577,0.15645,0.2704,0.0929,63.763
3.001,16.954,2.86,5.7006,1.5132,-0.18225,0.15355,0.2602,0.0864,68.264
3.0411,17.182,2.9198,5.6982,1.5337,-0.18463,0.15555,0.2636,0.0864,68.299
3.0811,17.409,2.9374,5.6708,1.5091,-0.15567,0.13103,0.2601,0.0832,70.531
3.1211,17.636,2.9073,5.6568,1.4348,-0.032134,0.027049,0.2483,0.0762,76.587
3.1612,17.866,2.9257,5.6459,1.409,-0.046518,0.039163,0.2446,0.0731,79.604
3.2011,18.081,2.9304,5.606,1.365,0.038507,-0.032425,0.239,0.0691,83.499
3.2412,18.304,2.9365,5.6034,1.3334,-0.0022723,0.0019125,0.2336,0.0654,88.071
3.2812,18.55,3.0816,5.6316,1.4479,0.047719,-0.040169,0.2515,0.0724,80.314
3.3212,18.779,3.0821,5.6318,1.4072,-0.019583,0.016485,0.2448,0.068,85.366
3.3612,19,3.0102,5.6048,1.2907,0.016768,-0.014119,0.2264,0.0585,98.316
3.4011,19.23,2.9746,5.6091,1.22,-0.028564,0.024044,0.2141,0.0519,110.6
3.4413,19.454,3.0254,5.6034,1.2308,-0.028997,0.024408,0.2161,0.0519,110.54
3.4813,19.68,3.054,5.6132,1.2206,-0.065433,0.055103,0.2144,0.0502,114.43
3.5204,19.893,3.0448,5.5881,1.1731,0.003354,-0.0028233,0.2069,0.0459,124.4
3.5612,20.117,3.0235,5.5988,1.1184,-0.038405,0.032333,0.1972,0.0407,140.28
3.6012,20.326,3.0444,5.56,1.0949,0.02369,-0.019947,0.1945,0.0388,146.05
3.6413,20.543,2.9549,5.5584,0.97492,0.018499,-0.015576,0.1736,0.0287,196.63
3.6813,20.766,2.9665,5.5677,0.95657,0.044573,-0.03753,0.1701,0.0267,211.58
3.7213,20.989,3.0035,5.5669,0.96272,0.045329,-0.038167,0.1712,0.0267,211.59
3.7614,21.201,2.9734,5.5465,0.90015,0.020444,-0.017214,0.161,0.0217,258.94
3.8013,21.426,2.9548,5.5483,0.85028,0.017418,-0.014665,0.152,0.0174,322.59
3.8414,21.648,2.9663,5.5452,0.83178,0.040353,-0.033977,0.1489,0.0157,357.15
3.8814,21.87,2.9614,5.5464,0.79946,0.0053013,-0.0044636,0.1431,0.0129,434.4
3.9214,22.1,2.8979,5.5525,0.7074,0.012334,-0.010384,0.1267,0.0054,1036.6
3.9614,22.329,2.9196,5.5562,0.70078,0.02153,-0.018127,0.1254,0.0047,1191.5
4.0014,22.548,2.9074,5.5493,0.66591,0.042083,-0.035434,0.1194,0.002,2794.6
4.0414,22.771,2.8895,5.5479,0.6245,0.012442,-0.010475,0.112,-0.0013,-4294.6
4.0805,22.989,2.8891,5.5262,0.59959,0.019365,-0.016304,0.1081,-0.003,-1852.9
4.1206,23.207,2.9206,5.5115,0.60625,0.021096,-0.017762,0.1096,-0.0022,-2520.4
4.1606,23.43,2.9123,5.5173,0.57657,0.036561,-0.030789,0.1043,-0.0045,-1232.8
4.2015,23.651,2.948,5.5042,0.589,0.0075723,-0.0063756,0.1066,-0.0033,-1677.5
4.2415,23.875,2.9172,5.5066,0.53406,0.0059498,-0.0050098,0.0967,-0.0075,-737.65
4.2815,24.094,2.925,5.4949,0.51952,0.026397,-0.022225,0.0943,-0.0085,-649.34
4.3206,24.311,2.9203,5.4807,0.49226,0.040131,-0.033795,0.0897,-0.0103,-534.25
4.3616,24.53,2.9424,5.4761,0.49331,0.049332,-0.041538,0.0898,-0.0101,-544.38
4.4015,24.754,3.0179,5.4743,0.54039,0.015794,-0.013299,0.0985,-0.0061,-901.79
4.4407,24.975,3.021,5.4675,0.52077,-0.009196,0.0077418,0.095,-0.0076,-722.67
4.4807,25.19,3.0337,5.4514,0.51217,-0.018824,0.015848,0.0937,-0.0079,-693.09
4.5206,25.404,3.0404,5.4388,0.49795,-0.023149,0.019492,0.0914,-0.0087,-627.77
4.5607,25.624,3.0741,5.4281,0.50982,-0.040022,0.033704,0.0938,-0.0075,-726.94
4.6016,25.846,3.1625,5.4218,0.57033,-0.033208,0.027962,0.1049,-0.0025,-2180.7
4.6408,26.069,3.2601,5.4192,0.64318,-0.032343,0.027233,0.1183,0.0034,1605.1
4.6816,26.27,3.2773,5.3831,0.63828,-0.036566,0.030785,0.118,0.0033,1642.7
4.7217,26.486,3.2946,5.3825,0.62616,-0.055702,0.046905,0.116,0.0023,2356
4.7617,26.705,3.3134,5.391,0.623,-0.032022,0.026959,0.1151,0.0019,2856.2
4.8016,26.924,3.3372,5.4003,0.62101,-0.053972,0.045448,0.1147,0.0017,3197.6
4.8407,27.134,3.3821,5.3853,0.64379,-0.041116,0.034609,0.1188,0.0034,1595.2
4.8808,27.349,3.3723,5.382,0.60867,-0.035376,0.029783,0.1126,0.0007,7737.5
4.9208,27.565,3.3764,5.3747,0.58874,-0.047483,0.039983,0.1093,-0.0008,-6758.5
4.9608,27.773,3.3238,5.3545,0.51758,-0.031377,0.026413,0.0962,-0.0065,-827.6
5.0017,27.914,3.3979,5.2497,0.56409,-0.034624,0.029149,0.1069,-0.0022,-2400
5.0409,28.142,3.4477,5.3111,0.59507,-0.022721,0.019126,0.1115,-0.0001,-53443
5.0808,28.365,3.5204,5.3493,0.64814,-0.023043,0.019402,0.1206,0.0039,1381.6
5.1218,28.582,3.514,5.3667,0.62001,-0.023692,0.019947,0.115,0.0013,4155.7
5.1618,27.559,3.951,5.381,0.58307,-0.015676,0.013203,0.1086,-0.0017,-3183.8
5.2018,27.746,3.9267,5.3577,0.52687,-0.019999,0.016859,0.0989,-0.0059,-912.47
5.2418,27.944,3.9104,5.3491,0.48006,-0.017838,0.015036,0.0903,-0.0095,-565.33
5.2819,28.163,3.9302,5.3526,0.48204,-0.0095165,0.0080139,0.0902,-0.0093,-577.87
5.3209,28.358,3.9639,5.3388,0.49662,-0.01611,0.013578,0.0934,-0.0078,-687.41
5.3619,28.575,3.9967,5.3486,0.51167,-0.011787,0.0099263,0.0959,-0.0065,-826.62
5.4009,28.799,4.0363,5.3657,0.53557,-0.01157,0.009744,0.1,-0.0046,-1172.3
5.4419,29.014,4.0943,5.3672,0.58075,-0.012759,0.010745,0.1083,-0.0008,-6748.1
5.481,29.233,4.1174,5.37,0.58017,-0.017621,0.014842,0.1084,-0.0007,-7716.1
5.521,29.443,4.1382,5.3557,0.60058,-0.018702,0.015759,0.1125,0.0019,2836.4
5.561,29.669,4.1955,5.3686,0.64078,-0.023668,0.01994,0.1198,0.0051,1060.1
5.601,29.886,4.1467,5.3745,0.60575,-0.022156,0.018664,0.1132,0.0013,4160.4
5.641,30.098,4.1791,5.3542,0.6097,-0.023884,0.02012,0.1144,0.0018,2993.8
5.6818,30.322,4.2621,5.3557,0.67966,-0.01816,0.015297,0.127,0.0073,739.54
5.7216,30.54,4.2951,5.3315,0.68669,-0.017728,0.014932,0.1289,0.0081,663.65
5.7617,30.752,4.3542,5.3176,0.72778,-0.014919,0.012566,0.1367,0.0113,474.97
5.8016,30.958,4.3835,5.2965,0.72918,-0.019347,0.016298,0.1377,0.0116,460.9
5.8416,31.17,4.4035,5.2867,0.71896,-0.019132,0.016116,0.136,0.0107,498.63
5.8817,31.394,4.445,5.3006,0.74731,-0.0251,0.021146,0.1401,0.0123,435.21
5.9217,31.607,4.4772,5.2798,0.74592,-0.012219,0.010293,0.1409,0.0124,430.02
5.9617,31.817,4.5037,5.2626,0.73906,-0.015784,0.013299,0.1402,0.0119,446.57
6.0016,32.057,4.5655,5.2982,0.78027,-0.0096244,0.0081052,0.1466,0.0147,364.31
6.0417,32.265,4.5823,5.2691,0.76267,0.00032446,-0.00027359,0.1437,0.0131,406.41
6.0817,32.474,4.6398,5.2405,0.79624,0.0046528,-0.0039173,0.1506,0.016,331.29
6.1218,32.665,4.6401,5.2219,0.75492,-0.014055,0.011843,0.1442,0.0127,415.45
6.1617,32.873,4.66,5.2123,0.74552,-0.0047593,0.0040081,0.1423,0.0116,453.91
6.2017,33.065,4.6666,5.2053,0.71929,-0.01319,0.01111,0.1379,0.0093,565.02
6.2418,33.273,4.6848,5.2085,0.70444,-0.031654,0.026694,0.1359,0.0082,640.97
6.2818,33.447,4.6519,5.1934,0.63871,-0.034138,0.028816,0.1239,0.0025,2093
6.3218,33.658,4.6644,5.2071,0.62331,-0.044916,0.037902,0.1212,0.0012,4370.2
6.3617,33.38,4.6651,5.2427,0.68564,-0.025384,0.02141,0.1316,0.0062,852.79
6.4018,33.602,4.7212,5.27,0.73115,-0.0071368,0.006011,0.1383,0.0091,584.67
6.4419,33.811,4.734,5.2672,0.70949,-0.012647,0.010655,0.1347,0.0073,728.06
6.4819,34.026,4.7759,5.2703,0.72916,-0.016643,0.014023,0.1385,0.0089,597.8
6.5219,34.236,4.834,5.2688,0.76443,-0.030664,0.025854,0.146,0.0122,436.39
6.5619,34.441,4.8805,5.2556,0.78712,-0.02743,0.023125,0.1504,0.0139,382.31
6.6018,34.631,4.866,5.2305,0.72912,-0.031852,0.026879,0.1405,0.0091,580.34
6.6419,34.84,4.8766,5.2098,0.70574,-0.023117,0.019484,0.1361,0.0069,761.94
6.6819,35.057,4.9151,5.208,0.71995,-0.015995,0.013476,0.1384,0.0079,665.51
6.7219,35.285,4.9865,5.226,0.77852,-0.011459,0.009653,0.1486,0.0125,422.69
6.7619,35.49,5.0155,5.2204,0.78212,-0.00054108,0.00045586,0.1487,0.0123,429.16
6.8019,35.686,5.0217,5.1788,0.75367,0.013427,-0.011297,0.1437,0.0097,539.52
6.842,35.895,5.0522,5.1833,0.74929,-0.0052987,0.0044625,0.1439,0.0096,545.54
6.882,36.107,5.0923,5.1967,0.76008,-0.015671,0.013204,0.1462,0.0105,500.19
6.922,36.319,5.1392,5.1963,0.7819,-0.018585,0.015661,0.1506,0.0123,427.22
6.962,36.53,5.1594,5.2014,0.76492,-0.026028,0.021942,0.1477,0.0107,491.34
7.002,36.745,5.184,5.2047,0.76105,-0.012863,0.010836,0.146,0.0097,542.27
7.0421,36.942,5.2005,5.1709,0.74362,-0.0188,0.015844,0.1441,0.0085,614.6
7.0821,37.153,5.2356,5.1749,0.75138,-0.022577,0.019029,0.1457,0.0091,574.63
7.1221,37.348,5.2504,5.1671,0.7303,-0.030557,0.025785,0.1424,0.0073,714.85
7.1621,37.553,5.3007,5.1736,0.76028,-0.035508,0.029948,0.1482,0.0099,528.2
7.202,37.758,5.3224,5.1716,0.75047,-0.031524,0.026582,0.1462,0.0087,600.66
7.2421,37.965,5.3513,5.1717,0.75422,-0.029802,0.025147,0.1468,0.0088,593.91
7.2821,38.157,5.3612,5.1589,0.72761,-0.034005,0.028702,0.1423,0.0064,814.06
7.3221,38.357,5.3852,5.1604,0.72117,-0.035621,0.03007,0.1412,0.0056,930.46
7.3622,38.572,5.4069,5.1565,0.71107,-0.028399,0.023943,0.1389,0.0044,1183
7.4021,38.78,5.4306,5.1495,0.70437,-0.022253,0.018756,0.1374,0.0036,1443.7
7.4422,38.986,5.4515,5.1499,0.69378,-0.022686,0.019132,0.1354,0.0025,2078.6
7.4821,39.192,5.4764,5.1506,0.69423,-0.010919,0.0092008,0.1347,0.0021,2474.8
7.5222,39.396,5.4775,5.1494,0.65322,-0.018262,0.015395,0.1274,-0.0016,-3244.1
7.5623,39.596,5.4838,5.1407,0.6216,-0.019989,0.016854,0.1216,-0.0044,-1176.9
7.6022,39.805,5.5056,5.1436,0.61094,-0.034545,0.029156,0.1205,-0.0049,-1057.1
7.6422,40.01,5.5298,5.1419,0.60949,-0.03573,0.030158,0.1203,-0.0049,-1056.7
7.6823,40.209,5.5549,5.1225,0.61959,-0.00043323,0.00036452,0.1204,-0.0048,-1075
7.7223,40.422,5.5814,5.1196,0.6135,-0.015671,0.013209,0.1203,-0.0047,-1097.1
7.7623,40.62,5.6161,5.0928,0.61463,-0.031742,0.026786,0.1222,-0.0036,-1424.9
7.8022,40.824,5.6407,5.086,0.61269,-0.033036,0.02788,0.1221,-0.0036,-1423
7.8423,41.022,5.6494,5.064,0.59105,-0.019772,0.016662,0.1175,-0.0058,-879.03
7.8824,41.238,5.6676,5.0751,0.57945,-0.015778,0.013294,0.1147,-0.0071,-719.44
7.9223,41.431,5.6585,5.0639,0.52906,-0.018586,0.015669,0.1053,-0.0117,-435.17
7.9623,41.633,5.6812,5.0561,0.52893,-0.01416,0.011929,0.1052,-0.0115,-442.06
8.0023,41.835,5.7288,5.0428,0.56332,-0.0097308,0.0081983,0.1119,-0.0078,-650.53
8.0424,42.019,5.7171,5.0308,0.50479,-0.022364,0.018869,0.1015,-0.013,-388.93
8.0824,42.241,5.7487,5.0552,0.51982,-0.01362,0.011474,0.1034,-0.0116,-438.09
8.1224,42.451,5.7812,5.0678,0.54276,0.0025967,-0.0021861,0.1065,-0.0097,-525.44
8.1624,42.645,5.8208,5.0347,0.56686,-0.0058397,0.0049184,0.1125,-0.0064,-791.65
8.2024,42.857,5.8489,5.0465,0.5652,-0.022148,0.018687,0.113,-0.006,-846.34
8.2425,43.049,5.8574,5.0093,0.5342,-0.0071368,0.006011,0.1067,-0.0092,-547.58
8.2824,43.249,5.8971,5.0025,0.53894,-0.014375,0.012111,0.1083,-0.0082,-613.59
8.3225,43.443,5.9218,4.9866,0.53915,-0.015886,0.013385,0.1088,-0.0078,-643.04
8.3625,43.657,5.9579,5.0108,0.53466,-0.023978,0.020211,0.1079,-0.0083,-607.14
8.4025,43.873,5.9903,5.0408,0.53884,-0.029588,0.024963,0.1085,-0.0078,-649.94
8.4425,44.078,6.0189,5.0492,0.52856,-0.049934,0.042253,0.1076,-0.008,-634.6
8.4826,44.288,6.0496,5.0494,0.52991,-0.037445,0.031585,0.107,-0.0081,-626.8
8.5225,44.484,6.0674,5.0324,0.52257,-0.029368,0.024763,0.1054,-0.0089,-568.48
8.5626,44.678,6.0998,5.015,0.52905,-0.03077,0.025968,0.1072,-0.0078,-646.51
8.6025,44.88,6.1342,5.0054,0.55655,-0.020417,0.01721,0.1121,-0.0051,-987.5
8.6426,45.093,6.1807,5.0143,0.57448,-0.016855,0.014207,0.1152,-0.0032,-1577.2
8.6825,45.307,6.2206,5.0235,0.60744,-0.017502,0.014754,0.1215,0.0002,25301
8.7226,45.493,6.2461,4.9901,0.59721,-0.016099,0.013571,0.1202,-0.0005,-10051
8.7627,45.701,6.2553,4.9966,0.57681,-0.020738,0.017485,0.1163,-0.0026,-1934.5
8.8026,45.899,6.2977,4.9803,0.59865,-0.020092,0.016949,0.121,-0.0001,-50162
8.8427,46.102,6.3353,4.9777,0.6153,-0.025158,0.021236,0.1247,0.002,2507.8
8.8827,46.298,6.3679,4.9616,0.62143,-0.030549,0.02579,0.1267,0.0029,1724.3
8.9227,46.506,6.4025,4.9695,0.62113,-0.0441,0.037234,0.1274,0.0033,1517.6
8.9627,46.658,6.3796,4.929,0.53496,-0.044219,0.037422,0.1112,-0.0059,-840.33
9.0026,46.844,6.3895,4.9242,0.52546,-0.034858,0.02947,0.1088,-0.0071,-697.49
9.0428,47.057,6.4191,4.932,0.53016,-0.021708,0.018306,0.1086,-0.0069,-718.9
9.0828,47.261,6.4537,4.9437,0.54061,-0.020414,0.017224,0.1103,-0.0058,-857.44
9.1228,47.478,6.5254,4.9777,0.63039,-0.012213,0.010292,0.1268,0.0034,1475.7
9.1628,47.666,6.5452,4.9709,0.6047,-0.024298,0.02052,0.1227,0.0011,4552.3
9.2027,47.863,6.589,4.9729,0.62653,-0.02796,0.023606,0.1273,0.0035,1432.1
9.2428,48.071,6.6355,4.9886,0.65087,-0.017609,0.014855,0.131,0.0055,914.7
9.2828,48.278,6.6719,5.0137,0.66594,-0.025913,0.021854,0.1338,0.0069,733
9.3228,48.458,6.6872,4.991,0.62868,-0.03346,0.02828,0.1276,0.0032,1572
9.3628,48.652,6.7189,5.0158,0.63483,-0.042934,0.036322,0.1288,0.0037,1366.4
9.4028,48.848,6.7239,5.029,0.58216,-0.042179,0.035636,0.1181,-0.0023,-2201.1
9.4429,49.066,6.756,5.0715,0.59474,-0.024837,0.020944,0.1184,-0.002,-2553.1
9.4829,49.271,6.7903,5.0883,0.59639,-0.014265,0.012028,0.1176,-0.0024,-2134.7
9.5229,49.505,6.9228,5.1479,0.71444,-0.027363,0.023032,0.1379,0.0091,571.13
9.5629,49.686,6.9475,5.0908,0.68975,-0.030655,0.025859,0.1367,0.0082,626.5
9.6029,49.873,6.963,5.0591,0.65568,-0.018798,0.015856,0.1301,0.0044,1159.4
9.643,50.058,7.0003,5.0336,0.66361,-0.031089,0.026274,0.1332,0.0059,860.53
9.683,50.264,7.0566,5.051,0.71734,-0.033881,0.028592,0.1434,0.0114,447.51
9.723,50.454,7.0836,5.0443,0.71617,-0.0257,0.021689,0.1428,0.0107,476.16
9.763,50.665,7.1188,5.064,0.69715,-0.033134,0.027948,0.1391,0.0076,672.61
9.8029,50.873,7.1557,5.0748,0.70026,-0.018474,0.015572,0.1384,0.0071,721.53
9.843,51.067,7.1822,5.0569,0.68997,-0.0096215,0.0081087,0.1362,0.0058,879.96
9.883,51.271,7.2364,5.0519,0.73355,0.0029212,-0.0024597,0.144,0.0099,515.64
9.923,51.464,7.2564,5.0446,0.70985,0.00010785,-9.1332e-05,0.1398,0.0073,697.84
9.9631,51.672,7.2981,5.0605,0.73144,0.0024889,-0.0020948,0.1434,0.0092,555.77
10.003,51.877,7.3378,5.0626,0.73436,-0.0017312,0.0014567,0.1442,0.0094,544.21
10.043,52.079,7.3749,5.0629,0.73608,-0.0020557,0.0017303,0.1445,0.0094,544.27
10.083,52.277,7.402,5.0661,0.72435,-0.0091915,0.0077416,0.1426,0.0081,631.81
10.123,52.473,7.4466,5.0644,0.73825,-0.0061643,0.0051898,0.1452,0.0094,544.46
10.163,52.667,7.4707,5.0531,0.72397,-0.010489,0.0088342,0.143,0.008,638.08
10.203,52.869,7.512,5.0547,0.72516,-0.01092,0.0091995,0.1432,0.008,638.31
10.243,53.07,7.5458,5.0562,0.72715,-0.011352,0.0095635,0.1436,0.008,638.53
10.283,53.263,7.5807,5.0678,0.74574,-0.0087588,0.0073758,0.1467,0.0095,539.2
10.323,53.424,7.9042,5.0873,0.70612,-0.041315,0.03484,0.1407,0.0065,790.17
10.363,53.618,7.9509,5.0943,0.7368,-0.028288,0.023843,0.1455,0.0089,578.35
10.403,53.835,8.0301,5.1328,0.80205,-0.044966,0.037935,0.158,0.0155,335.17
10.443,54.022,8.0569,5.1181,0.78896,-0.049049,0.041386,0.1562,0.014,369.89
10.482,54.217,8.079,5.1184,0.75751,-0.047865,0.040391,0.1501,0.0101,512.29
10.523,54.418,8.1076,5.1196,0.7508,-0.041201,0.034758,0.1484,0.0088,588
10.562,54.624,8.1519,5.134,0.77766,-0.038188,0.032214,0.1529,0.0111,467.8
10.603,54.827,8.2071,5.1286,0.80638,-0.027634,0.023306,0.1578,0.0135,384.56
10.643,55.024,8.241,5.1463,0.80361,-0.034532,0.029169,0.1572,0.0128,406.93
10.683,55.218,8.271,5.1382,0.79737,-0.030224,0.025522,0.156,0.0114,456.11
10.723,55.431,8.3347,5.1646,0.8367,-0.030976,0.026124,0.1627,0.0148,353.51
10.762,55.616,8.3718,5.1219,0.85175,-0.0134,0.011293,0.1657,0.0163,318.54
10.803,55.806,8.4086,5.1287,0.86206,-0.022247,0.018755,0.168,0.0182,285.75
10.843,56.029,8.453,5.1589,0.87141,-0.022786,0.01921,0.1688,0.018,290.67
10.882,56.241,8.5024,5.1801,0.87368,-0.025155,0.021214,0.1687,0.0175,300.18
10.923,56.456,8.5473,5.1922,0.89213,-0.020195,0.017031,0.1715,0.0188,280.23
10.963,56.65,8.5935,5.1776,0.91678,-0.0043243,0.0036444,0.1755,0.0205,256.49
11.003,56.848,8.6237,5.1363,0.8903,0.010173,-0.0085699,0.171,0.017,306.64
11.043,57.049,8.6608,5.1196,0.89498,0.025783,-0.02171,0.1713,0.0168,309.36
11.083,57.253,8.7042,5.1195,0.906,0.033164,-0.027922,0.1729,0.0174,298.79
11.123,57.436,8.7228,5.0674,0.94519,0.026757,-0.022538,0.1826,0.0276,186.77
11.163,57.604,8.7207,5.0897,0.70202,0.0062733,-0.0052861,0.1366,-0.0122,-421.14
11.203,57.811,8.7518,5.1168,0.69787,0.0030276,-0.0025528,0.1353,-0.0122,-423.29
11.243,58.017,8.7524,5.122,0.64233,0.0014053,-0.0011848,0.1247,-0.0193,-267.47
11.284,58.229,8.7712,5.1164,0.62168,0.0046504,-0.0039194,0.1206,-0.021,-245.43
11.323,58.427,8.7886,5.0802,0.60676,0.015261,-0.01285,0.1179,-0.0221,-231.51
11.363,58.644,8.8317,5.1501,0.62452,0.010928,-0.0092089,0.12,-0.0198,-262.01
11.403,58.866,8.8636,5.1686,0.6483,0.011903,-0.010031,0.124,-0.0146,-356.79
11.443,59.07,8.8785,5.0711,0.66545,0.022625,-0.019033,0.129,-0.0079,-647.41
11.484,59.278,8.9267,5.0951,0.63955,0.016014,-0.013484,0.1238,-0.0133,-386.09
11.523,59.502,8.98,5.195,0.66933,0.0047582,-0.004013,0.1278,-0.0103,-508.54
11.563,59.713,8.9793,5.1618,0.63509,0.014172,-0.011945,0.1215,-0.0139,-374.15
11.604,59.899,8.9896,5.1079,0.54133,0.015145,-0.01276,0.1046,-0.0288,-178.35
11.644,60.07,9.3108,5.081,0.48974,0.012547,-0.010575,0.0953,-0.0357,-142.98
11.683,60.292,9.3177,5.0443,0.52686,0.023707,-0.019983,0.1025,-0.0249,-203.68
11.738,60.5,9.3342,5.0027,0.56727,0.035427,-0.029845,0.1105,-0.0139,-362.22
11.77,60.707,9.3225,4.9689,0.51308,0.0262,-0.022047,0.1011,-0.0201,-248.52
11.803,60.909,9.3271,4.9285,0.48542,0.020889,-0.017587,0.0967,-0.0212,-233.6
11.844,61.138,9.3287,5.0402,0.4658,0.018396,-0.0155,0.091,-0.0243,-208.3
11.884,61.351,9.3312,4.9904,0.50351,0.024682,-0.020773,0.0989,-0.0131,-382.88
11.924,61.557,9.3076,4.9298,0.45835,0.022189,-0.018679,0.0912,-0.0163,-303.75
11.964,61.765,9.2963,4.9506,0.39716,0.013089,-0.011031,0.0792,-0.0242,-205.23
12.003,62.004,9.2749,5.0649,0.33596,0.019694,-0.016597,0.065,-0.0333,-152.43
12.044,62.237,9.2668,5.1651,0.29368,0.034757,-0.029276,0.0547,-0.0395,-130.97
12.084,62.465,9.2901,5.3063,0.33067,0.063866,-0.053713,0.0586,-0.0345,-154.1
12.124,62.684,9.3211,5.3619,0.33929,0.063313,-0.05318,0.0596,-0.0329,-163.3
12.164,62.906,9.336,5.3878,0.31698,0.063419,-0.053274,0.0552,-0.0359,-150.34
12.204,63.136,9.3679,5.4918,0.34766,0.059187,-0.049851,0.06,-0.031,-177.51
12.244,63.373,9.3701,5.5095,0.30574,0.066028,-0.055532,0.0519,-0.0357,-154.56
12.284,63.583,9.3725,5.453,0.23333,0.059722,-0.050246,0.0396,-0.0456,-119.69
12.324,63.801,9.3675,5.4439,0.15453,0.057107,-0.048003,0.0254,-0.0552,-98.662
12.364,64.022,9.3887,5.4885,0.20042,0.073202,-0.061554,0.0327,-0.0467,-117.6
12.404,64.259,9.4045,5.5676,0.23429,0.08658,-0.072776,0.0376,-0.0401,-138.97
12.444,64.486,9.425,5.6175,0.28145,0.092782,-0.077979,0.0454,-0.0317,-177.43
12.484,64.711,9.4416,5.6457,0.27727,0.096163,-0.080797,0.0443,-0.0317,-178.31
12.524,64.915,9.452,5.4493,0.40251,0.045605,-0.03835,0.0712,-0.0032,-1707.6
12.564,65.146,9.4613,5.6194,0.31776,0.053533,-0.045036,0.0538,-0.0202,-278.63
12.604,65.362,9.4695,5.5468,0.29619,0.03921,-0.032969,0.0513,-0.0213,-260.79
12.644,65.562,9.4986,5.3602,0.46215,0.024692,-0.020772,0.0846,0.013,413.85
12.684,65.778,9.512,5.3434,0.4473,0.021771,-0.018294,0.0823,0.0104,515.58
12.724,65.98,9.529,5.1512,0.53074,0.02699,-0.022646,0.101,0.0303,170.91
12.764,66.189,9.5549,5.0488,0.60047,0.046576,-0.038966,0.1153,0.045,112.99
12.804,66.4,9.573,5.0058,0.60756,0.053235,-0.044478,0.1172,0.0459,109.86
12.844,66.6,9.5805,4.9099,0.60959,0.066467,-0.055401,0.1189,0.0467,105.94
12.884,66.83,9.6092,5.0112,0.5812,0.038562,-0.032208,0.1129,0.0383,131.72
******-------------------------------------------------------------------------------------------------------------------****** 
TargetID: ID02
Target can not be processed due to lack of Data
******-------------------------------------------------------------------------------------------------------------------****** 
TargetID: ID06
Relevancy: 0
tj = Inf
Label: -1
Comment: Target is irrelevant as it is not crossing the estimated holding line
DATA:
1.4806,-0,-0,13.485,-0.082359,0.68927,-0.57002,0,-0.0206,-654.64
1.5206,0.50325,-0.025246,13.528,-0.16844,0.68157,-0.56357,-0.0065,-0.0316,-428.12
1.5606,1.027,-0.029011,13.653,-0.19073,0.65418,-0.54081,-0.0084,-0.0334,-408.8
1.6005,1.5654,-0.0022563,13.772,-0.14526,0.60011,-0.49599,-0.0055,-0.0278,-495.42
1.6406,2.1034,0.0037748,13.851,-0.13086,0.53874,-0.44514,-0.005,-0.0252,-549.67
1.6806,2.6344,0.013672,13.867,-0.10191,0.44572,-0.36893,-0.0037,-0.0213,-651.03
1.7207,3.1842,0.059904,13.903,-0.010873,0.38018,-0.31392,0.0024,-0.0113,-1230.3
1.7607,3.7193,0.041569,14.015,-0.050286,0.38476,-0.3177,-0.0005,-0.014,-1001.1
1.8006,4.2651,0.096929,13.932,0.076531,0.27371,-0.22591,0.0078,-0.0004,-34830
1.8407,4.7577,0.089458,13.704,0.068916,0.17895,-0.14764,0.0066,-0.001,-13704
1.8807,5.2797,0.089006,13.634,0.071006,0.12821,-0.10582,0.0063,-0.0008,-17042
1.9208,5.8196,0.11121,13.624,0.11549,0.11013,-0.090828,0.0094,0.0043,3168.5
1.9607,6.3506,0.14673,13.547,0.18351,0.064134,-0.052885,0.0141,0.011,1231.6
2.0007,6.8454,0.13086,13.428,0.15401,0.025967,-0.021408,0.0117,0.0082,1637.7
2.0408,7.3783,0.12918,13.438,0.14637,0.020403,-0.016821,0.0111,0.0072,1866.5
2.0808,7.919,0.1548,13.482,0.17195,0.02324,-0.019161,0.013,0.0083,1624.5
2.1208,8.4454,0.14336,13.521,0.14018,0.036111,-0.029774,0.0107,0.005,2704.3
2.1608,9.0156,0.18074,13.588,0.18781,0.039055,-0.032203,0.0142,0.008,1698.7
2.2007,9.5182,0.11441,13.485,0.039607,0.027276,-0.022487,0.0032,-0.0078,-1728.9
2.2408,10.029,0.05555,13.368,-0.073889,-0.0082936,0.0068365,-0.0056,-0.0189,-707.29
2.2808,10.571,0.067117,13.403,-0.054257,0.0037105,-0.0030585,-0.004,-0.0158,-848.27
2.3209,11.101,0.042578,13.406,-0.091085,0.0044744,-0.0036878,-0.0068,-0.0178,-753.16
2.3609,11.628,-0.09974,13.401,-0.1327,0.01233,-0.010165,-0.0098,-0.0213,-629.2
2.4008,12.19,-0.053483,13.443,-0.05173,0.014075,-0.011604,-0.0037,-0.0129,-1042.1
2.4409,12.729,-0.054621,13.456,-0.047777,0.014839,-0.012233,-0.0034,-0.0114,-1180.3
2.4809,13.284,-0.041326,13.507,-0.032238,0.024113,-0.01988,-0.0022,-0.0099,-1364.4
2.5209,13.821,-0.043231,13.451,-0.018165,-0.003492,0.0028785,-0.0014,-0.0075,-1793.4
2.5609,14.315,-0.15672,13.349,-0.2452,-0.023029,0.018981,-0.0186,-0.0302,-442.09
2.6009,14.86,-0.16091,13.399,-0.27668,0.0029462,-0.0024283,-0.0206,-0.033,-406.13
2.641,15.411,-0.13167,13.434,-0.20575,0.0073113,-0.0060272,-0.0153,-0.0239,-562.15
******-------------------------------------------------------------------------------------------------------------------****** 
TargetID: ID03
Target can not be processed due to lack of Data
******-------------------------------------------------------------------------------------------------------------------****** 
TargetID: ID07
Target can not be processed due to lack of Data
******-------------------------------------------------------------------------------------------------------------------****** 
TargetID: ID05
Relevancy: 0
tj = Inf
Label: -1
Comment: Target is irrelevant as it is not crossing the estimated holding line
DATA:
3.8013,-0,-0,NaN,NaN,NaN,NaN,0,NaN,NaN
3.8414,0.18999,-0.00080557,NaN,NaN,NaN,NaN,0,NaN,NaN
3.8814,0.070448,-1.2819,NaN,NaN,NaN,NaN,-0.4274,NaN,NaN
3.9214,0.25674,-1.3669,NaN,NaN,NaN,NaN,-0.4274,NaN,NaN
3.9614,0.44293,-1.4519,NaN,NaN,NaN,NaN,-0.4274,NaN,NaN
4.0014,0.62917,-1.5405,NaN,NaN,NaN,NaN,-0.4274,NaN,NaN
4.0414,0.71853,-1.3258,NaN,NaN,NaN,NaN,-0.2624,NaN,NaN
4.0805,0.90416,-1.3754,NaN,NaN,NaN,NaN,-0.2624,NaN,NaN
4.1206,1.0898,-1.4246,NaN,NaN,NaN,NaN,-0.2624,NaN,NaN
4.1606,1.2754,-1.4763,NaN,NaN,NaN,NaN,-0.2623,NaN,NaN
4.2015,1.4423,-2.042,NaN,NaN,NaN,NaN,-0.468,NaN,NaN
4.2415,1.6275,-2.1333,NaN,NaN,NaN,NaN,-0.4681,NaN,NaN
4.2815,1.8678,-1.4077,NaN,NaN,NaN,NaN,-0.1548,NaN,NaN
4.3206,2.0544,-1.437,NaN,NaN,NaN,NaN,-0.1548,NaN,NaN
4.3616,2.2409,-1.4671,NaN,NaN,NaN,NaN,-0.1548,NaN,NaN
4.4015,2.4275,-1.493,NaN,NaN,NaN,NaN,-0.1548,NaN,NaN
4.4407,2.6054,-1.9707,NaN,NaN,NaN,NaN,-0.312,NaN,NaN
4.4807,2.7915,-2.0298,NaN,NaN,NaN,NaN,-0.312,NaN,NaN
4.5206,2.9583,-1.8987,NaN,NaN,NaN,NaN,-0.2559,NaN,NaN
4.5607,3.1434,-1.9484,NaN,NaN,NaN,NaN,-0.2558,NaN,NaN
4.6016,3.3285,-1.9943,NaN,NaN,NaN,NaN,-0.2559,NaN,NaN
4.6408,3.5137,-2.0443,NaN,NaN,NaN,NaN,-0.2559,NaN,NaN
4.6816,3.6988,-2.0948,NaN,NaN,NaN,NaN,-0.2558,NaN,NaN
4.7217,3.8838,-2.1407,NaN,NaN,NaN,NaN,-0.2559,NaN,NaN
4.7617,4.08,-2.3952,NaN,NaN,NaN,NaN,-0.31,NaN,NaN
4.8016,4.2649,-2.4544,NaN,NaN,NaN,NaN,-0.31,NaN,NaN
4.8407,4.4454,-2.2526,NaN,NaN,NaN,NaN,-0.2506,NaN,NaN
4.8808,4.6297,-2.2991,NaN,NaN,NaN,NaN,-0.2506,NaN,NaN
4.9208,4.8431,-2.2814,NaN,NaN,NaN,NaN,-0.2361,NaN,NaN
4.9608,5.0277,-2.3273,NaN,NaN,NaN,NaN,-0.2361,NaN,NaN
5.0017,5.2001,-2.4323,NaN,NaN,NaN,NaN,-0.2524,NaN,NaN
5.0409,5.3837,-2.4787,NaN,NaN,NaN,NaN,-0.2524,NaN,NaN
5.0808,5.5676,-2.5289,NaN,NaN,NaN,NaN,-0.2523,NaN,NaN
5.1218,5.7513,-2.5782,NaN,NaN,NaN,NaN,-0.2523,NaN,NaN
5.1618,5.935,-2.6263,NaN,NaN,NaN,NaN,-0.2523,NaN,NaN
5.2018,6.1188,-2.6744,NaN,NaN,NaN,NaN,-0.2523,NaN,NaN
5.2418,6.2575,-2.4607,NaN,NaN,NaN,NaN,-0.2078,NaN,NaN
5.2819,6.439,-2.5002,NaN,NaN,NaN,NaN,-0.2077,NaN,NaN
5.3209,6.6204,-2.5369,NaN,NaN,NaN,NaN,-0.2078,NaN,NaN
5.3619,6.7122,-2.3036,NaN,NaN,NaN,NaN,-0.1642,NaN,NaN
5.4009,6.8902,-2.3343,NaN,NaN,NaN,NaN,-0.1642,NaN,NaN
5.4419,7.0682,-2.3639,NaN,NaN,NaN,NaN,-0.1642,NaN,NaN
5.481,7.2463,-2.3941,NaN,NaN,NaN,NaN,-0.1642,NaN,NaN
5.521,7.4243,-2.4244,NaN,NaN,NaN,NaN,-0.1641,NaN,NaN
5.561,7.6024,-2.4543,NaN,NaN,NaN,NaN,-0.1641,NaN,NaN
5.601,7.7804,-2.486,NaN,NaN,NaN,NaN,-0.1641,NaN,NaN
5.641,7.9583,-2.5134,NaN,NaN,NaN,NaN,-0.1641,NaN,NaN
5.6818,7.8163,-2.5119,NaN,NaN,NaN,NaN,-0.1775,NaN,NaN
5.7216,7.9402,-2.6239,NaN,NaN,NaN,NaN,-0.1926,NaN,NaN
5.7617,8.1066,-2.6583,NaN,NaN,NaN,NaN,-0.1925,NaN,NaN
5.8016,8.2728,-2.6917,NaN,NaN,NaN,NaN,-0.1925,NaN,NaN
5.8416,8.4391,-2.7235,NaN,NaN,NaN,NaN,-0.1925,NaN,NaN
5.8817,8.7072,-2.8492,NaN,NaN,NaN,NaN,-0.2,NaN,NaN
5.9217,8.8768,-2.8821,NaN,NaN,NaN,NaN,-0.2,NaN,NaN
5.9617,9.0465,-2.9153,NaN,NaN,NaN,NaN,-0.2,NaN,NaN
6.0016,9.2162,-2.948,NaN,NaN,NaN,NaN,-0.2001,NaN,NaN
6.0417,9.386,-2.9807,NaN,NaN,NaN,NaN,-0.2001,NaN,NaN
6.0817,9.5498,-2.9633,NaN,NaN,NaN,NaN,-0.1935,NaN,NaN
6.1218,9.7192,-2.9953,NaN,NaN,NaN,NaN,-0.1935,NaN,NaN
6.1617,9.8886,-3.0273,NaN,NaN,NaN,NaN,-0.1935,NaN,NaN
6.2017,10.108,-3.3725,NaN,NaN,NaN,NaN,-0.2328,NaN,NaN
6.2418,10.279,-3.4134,NaN,NaN,NaN,NaN,-0.2328,NaN,NaN
6.2818,10.391,-2.7573,4.2167,-0.90908,0.00029459,-0.00048351,-0.2123,0,Inf
6.3218,10.612,-2.7416,4.246,-0.87414,0.0045596,-0.007489,-0.2031,-0.0003,-14450
6.3617,10.781,-2.7766,4.245,-0.874,0.0046337,-0.0076098,-0.2031,-0.0003,-14447
6.4018,10.986,-2.7734,4.2473,-0.84713,0.018317,-0.030076,-0.197,-0.0011,-3937.2
6.4419,11.156,-2.8076,4.2423,-0.84631,0.018907,-0.031043,-0.1971,-0.0011,-3932.6
6.4819,11.326,-2.8432,4.2373,-0.84527,0.019422,-0.031888,-0.1971,-0.0011,-3928
6.5219,11.495,-2.8756,4.2323,-0.84455,0.019937,-0.032734,-0.1972,-0.0011,-3923.4
6.5619,11.656,-2.2635,4.131,-0.47948,0.14,-0.2293,-0.1171,0.002,2079.3
6.6018,11.824,-1.7944,4.0491,-0.21598,0.15787,-0.25834,-0.0552,0.0064,633.57
6.6419,11.973,-1.444,3.977,-0.030697,0.14636,-0.23948,-0.0096,0.0109,364.87
6.6819,12.14,-1.1303,3.9498,0.12635,0.11702,-0.19157,0.0304,0.0152,259.99
6.7219,12.341,-1.3443,3.9559,0.020559,0.07108,-0.11652,0.0043,0.0113,350.09
6.7619,12.51,-1.3724,3.935,0.0073751,0.069385,-0.11375,0.001,0.0106,371.22
6.8019,12.667,-1.3717,3.9104,0.0091931,0.07241,-0.11869,0.0014,0.0106,368.9
6.842,12.824,-1.2058,3.9026,0.099538,0.086732,-0.1421,0.0243,0.0165,236.6
6.882,12.972,-1.0348,3.8644,0.18576,0.11017,-0.18083,0.048,0.0237,163.24
6.922,13.112,-0.84633,3.8242,0.29683,0.12326,-0.20167,0.0757,0.0333,115.19
6.962,13.265,-0.83461,3.8032,0.30067,0.12844,-0.21011,0.077,0.0333,114.57
7.002,13.417,-0.82272,3.7822,0.30443,0.13385,-0.2189,0.0783,0.0333,113.95
7.0421,13.568,-0.81207,3.7611,0.3083,0.13941,-0.22794,0.0797,0.0333,113.33
7.0821,13.718,-0.79985,3.74,0.31199,0.14512,-0.23722,0.081,0.0333,112.7
7.1221,13.868,-0.78631,3.719,0.31557,0.15098,-0.24673,0.0823,0.0333,112.08
7.1621,14.017,-0.77318,3.6979,0.31909,0.15706,-0.25661,0.0836,0.0333,111.46
7.202,14.164,-0.75911,3.6768,0.3225,0.1633,-0.26673,0.0849,0.0333,110.84
7.2421,14.311,-0.74957,3.6557,0.32634,0.16984,-0.27732,0.0863,0.0333,110.22
7.2821,14.457,-0.738,3.6345,0.32991,0.17645,-0.28804,0.0877,0.0333,109.59
7.3221,14.602,-0.72468,3.6134,0.33337,0.18329,-0.29911,0.089,0.0333,108.97
7.3622,14.747,-0.71218,3.5922,0.33684,0.19029,-0.31042,0.0903,0.0333,108.35
7.4021,14.89,-0.69876,3.571,0.34014,0.19751,-0.32209,0.0917,0.0333,107.72
7.4422,15.033,-0.68513,3.5535,0.33646,0.083817,-0.13724,0.093,0.0333,107.19
******-------------------------------------------------------------------------------------------------------------------****** 
