******-------------------------------------------------------------------------------------------------------------------****** 
Duration of the scene is: 24.927 seconds
Original Targets Numbers in the hole Scene: 4
Number of Targets in the hole Scene after preprocessing: 3
Number of static portions: 1
******-------------------------------------------------------------------------------------------------------------------****** 
TargetID: ID02
Relevancy: 1
tj = 17.885
Label: 0
Comment: Target is relevant and going straight, since target is crossing Ego X-axis in EFC
DATA:
13.964,0,-0,NaN,NaN,NaN,NaN,0,NaN,NaN
14.004,0.10835,-0.29711,NaN,NaN,NaN,NaN,-0.362,NaN,NaN
14.044,0.27539,-0.36315,NaN,NaN,NaN,NaN,-0.347,NaN,NaN
14.084,0.40258,-0.63072,NaN,NaN,NaN,NaN,-0.5278,NaN,NaN
14.124,0.55412,-0.50282,NaN,NaN,NaN,NaN,-0.3148,NaN,NaN
14.164,0.69889,-0.54947,NaN,NaN,NaN,NaN,-0.3149,NaN,NaN
14.204,0.84886,-0.41815,NaN,NaN,NaN,NaN,-0.1408,NaN,NaN
14.244,0.9977,-0.41611,NaN,NaN,NaN,NaN,-0.116,NaN,NaN
14.284,1.1542,-0.36974,NaN,NaN,NaN,NaN,-0.0643,NaN,NaN
14.324,1.3176,-0.25918,NaN,NaN,NaN,NaN,0.0187,NaN,NaN
14.364,1.4702,-0.25649,NaN,NaN,NaN,NaN,0.0187,NaN,NaN
14.404,1.6416,-0.12985,NaN,NaN,NaN,NaN,0.0914,NaN,NaN
14.444,1.818,0.011396,NaN,NaN,NaN,NaN,0.1591,NaN,NaN
14.484,1.9685,0.048394,NaN,NaN,NaN,NaN,0.1621,NaN,NaN
14.524,2.1353,-0.0048508,NaN,NaN,NaN,NaN,0.1206,NaN,NaN
14.564,2.3132,0.095447,NaN,NaN,NaN,NaN,0.1553,NaN,NaN
14.604,2.4759,0.12059,NaN,NaN,NaN,NaN,0.1554,NaN,NaN
14.644,2.6388,0.14621,NaN,NaN,NaN,NaN,0.1554,NaN,NaN
14.684,2.8016,0.17072,NaN,NaN,NaN,NaN,0.1554,NaN,NaN
14.724,2.9389,-0.10617,NaN,NaN,NaN,NaN,0.0394,NaN,NaN
14.764,3.1305,-0.13952,NaN,NaN,NaN,NaN,0.0259,NaN,NaN
14.804,3.2991,-0.22593,NaN,NaN,NaN,NaN,-0.0044,NaN,NaN
14.844,3.4334,-0.30436,NaN,NaN,NaN,NaN,-0.0289,NaN,NaN
14.884,3.578,-0.39908,NaN,NaN,NaN,NaN,-0.056,NaN,NaN
14.924,3.7537,-0.41921,NaN,NaN,NaN,NaN,-0.0584,NaN,NaN
14.964,3.9363,-0.46796,NaN,NaN,NaN,NaN,-0.0678,NaN,NaN
15.004,4.1124,-0.62966,NaN,NaN,NaN,NaN,-0.111,NaN,NaN
15.044,4.2875,-0.64827,NaN,NaN,NaN,NaN,-0.1111,NaN,NaN
15.084,4.2566,-1.2012,4.4341,-0.56903,0,-0,-0.1276,0,Inf
15.124,4.4512,-1.1817,4.5002,-0.51847,-0.019559,0.033778,-0.1146,0.0032,1415.6
15.164,4.643,-1.2288,4.607,-0.55961,-0.059714,0.10314,-0.1204,0.008,580.11
15.204,4.8354,-1.2811,4.7185,-0.59288,-0.083651,0.14425,-0.1256,0.0122,389.8
15.244,5.0249,-1.305,4.7609,-0.59598,-0.082372,0.14205,-0.1251,0.0122,393.29
15.284,5.2212,-1.423,4.8381,-0.71532,-0.06547,0.11294,-0.1472,0.0102,479.48
15.324,5.4157,-1.4533,4.8852,-0.72008,-0.063552,0.10963,-0.1468,0.0102,484.11
15.364,5.6121,-1.482,4.9322,-0.72514,-0.061564,0.10621,-0.1464,0.0102,488.75
15.404,5.8184,-1.4957,4.9322,-0.72514,NaN,NaN,-0.14609,NaN,NaN
15.444,6.0255,-1.5095,4.9322,-0.72514,NaN,NaN,-0.14578,NaN,NaN
15.484,6.2325,-1.5233,4.9322,-0.72514,NaN,NaN,-0.14547,NaN,NaN
15.524,6.4395,-1.5371,4.9322,-0.72514,NaN,NaN,-0.14517,NaN,NaN
15.564,6.6462,-1.5509,4.9322,-0.72514,NaN,NaN,-0.14486,NaN,NaN
15.604,6.8537,-1.5647,4.9322,-0.72514,NaN,NaN,-0.14455,NaN,NaN
15.644,7.0604,-1.5785,4.9322,-0.72514,NaN,NaN,-0.14424,NaN,NaN
15.684,7.2679,-1.5923,4.9322,-0.72514,NaN,NaN,-0.14393,NaN,NaN
15.724,7.4747,-1.6061,4.9322,-0.72514,NaN,NaN,-0.14362,NaN,NaN
15.764,7.6817,-1.6199,4.9322,-0.72514,NaN,NaN,-0.14331,NaN,NaN
15.804,7.8886,-1.6337,4.9322,-0.72514,NaN,NaN,-0.143,NaN,NaN
15.844,8.096,-1.6475,4.9322,-0.72514,NaN,NaN,-0.1427,NaN,NaN
15.884,8.3026,-1.6613,4.9322,-0.72514,NaN,NaN,-0.14239,NaN,NaN
15.924,8.5098,-1.6751,4.9322,-0.72514,NaN,NaN,-0.14208,NaN,NaN
15.964,8.7164,-1.6889,4.9322,-0.72514,NaN,NaN,-0.14177,NaN,NaN
16.005,8.9242,-1.7027,4.9322,-0.72514,NaN,NaN,-0.14146,NaN,NaN
16.044,9.1308,-1.7165,4.9322,-0.72514,NaN,NaN,-0.14115,NaN,NaN
16.085,9.3383,-1.7303,4.9322,-0.72514,NaN,NaN,-0.14084,NaN,NaN
16.124,9.5445,-1.744,4.9322,-0.72514,NaN,NaN,-0.14054,NaN,NaN
16.165,9.7524,-1.7579,4.9322,-0.72514,NaN,NaN,-0.14023,NaN,NaN
16.205,9.9589,-1.7717,4.9322,-0.72514,NaN,NaN,-0.13992,NaN,NaN
16.245,10.166,-1.7855,4.9322,-0.72514,NaN,NaN,-0.13961,NaN,NaN
16.285,10.373,-1.7992,NaN,NaN,NaN,NaN,-0.1393,NaN,NaN
16.325,10.598,-1.8313,NaN,NaN,NaN,NaN,-0.1392,NaN,NaN
16.365,10.702,-2.5349,NaN,NaN,NaN,NaN,-0.7041,NaN,NaN
16.405,10.906,-2.7083,NaN,NaN,NaN,NaN,-0.7041,NaN,NaN
16.445,11.066,-1.7928,NaN,NaN,NaN,NaN,0.0098,NaN,NaN
16.485,11.35,-2.1579,NaN,NaN,NaN,NaN,-0.2261,NaN,NaN
16.525,11.69,-2.3893,NaN,NaN,NaN,NaN,-0.3194,NaN,NaN
16.565,11.914,-2.4638,NaN,NaN,NaN,NaN,-0.3194,NaN,NaN
16.605,12.087,-2.5428,NaN,NaN,NaN,NaN,-0.326,NaN,NaN
16.645,12.13,-3.1727,5.6386,-2.0295,0,-0,-0.3455,0,Inf
16.685,12.375,-3.1537,5.7187,-1.767,0.013608,-0.023495,-0.2996,0.0119,502.98
16.725,12.603,-3.2239,5.7269,-1.7667,0.014388,-0.024841,-0.2992,0.0119,503.63
16.765,12.847,-3.2566,5.8575,-1.6727,0.025734,-0.044422,-0.2783,0.0364,167.35
16.805,13.129,-3.4028,5.9466,-1.8606,0.052112,-0.089944,-0.3034,0.0282,220.95
16.845,13.402,-3.4335,6.0439,-1.7254,0.056652,-0.097775,-0.2783,0.0524,119.95
16.885,13.666,-3.5336,6.0721,-1.7942,0.070478,-0.12165,-0.2876,0.0368,172.06
16.925,13.913,-3.6428,6.0748,-1.908,0.089056,-0.15373,-0.3046,0.0086,740.39
16.965,14.184,-3.6735,6.1227,-1.7503,0.079349,-0.13693,-0.2787,0.0438,145.39
17.005,14.45,-3.7713,6.1483,-1.8261,0.084953,-0.1466,-0.289,0.0212,302.53
17.045,14.701,-3.6933,6.1833,-1.3333,0.048542,-0.083819,-0.2122,0.1484,42.624
17.085,14.949,-3.7452,6.2141,-1.3017,0.052652,-0.090914,-0.2063,0.1484,42.783
17.125,15.198,-3.7956,6.2448,-1.2699,0.056761,-0.098011,-0.2004,0.1484,42.942
17.165,15.451,-3.8463,6.2683,-1.2325,0.021126,-0.036467,-0.1942,0.1488,42.932
17.205,15.697,-3.8667,6.2839,-1.107,0.0052447,-0.0090561,-0.1744,0.1708,37.357
17.245,15.945,-3.8806,6.2971,-0.96818,-0.0063086,0.010891,-0.1525,0.1941,32.824
17.285,16.198,-3.9177,6.3228,-0.92212,-0.0064508,0.011136,-0.1448,0.1941,32.919
17.325,16.451,-3.9534,6.348,-0.87546,-0.0066629,0.011503,-0.137,0.1941,33.014
17.365,16.693,-3.9986,6.3495,-0.8635,-0.020203,0.034878,-0.1352,0.1868,34.304
17.405,16.939,-4.0949,6.3522,-1.0092,-0.018076,0.031205,-0.1575,0.1469,43.784
17.445,17.194,-4.1346,6.375,-0.97424,-0.018855,0.032551,-0.1516,0.1469,43.9
17.485,17.444,-4.2763,6.3834,-1.2563,-0.011411,0.019702,-0.1943,0.0846,76.902
17.525,17.728,-4.3494,6.4379,-1.2946,-0.01212,0.020926,-0.1984,0.0732,89.71
17.565,17.986,-4.4009,6.4624,-1.2798,-0.012474,0.021538,-0.1955,0.0732,89.999
17.605,18.245,-4.4518,6.487,-1.2648,-0.012828,0.02215,-0.1925,0.0732,90.289
17.645,18.508,-4.5189,6.6065,-1.9768,-0.01101,0.01901,-0.19857,0.063069,109.34
17.685,18.773,-4.6012,6.6264,-2.0219,-0.0091896,0.015867,-0.20464,0.052929,130.89
17.725,19.037,-4.6718,6.5465,-1.4001,-0.0073713,0.012727,-0.2107,0.0428,156.42
17.765,19.299,-4.7275,6.5698,-1.3934,-0.0074424,0.01285,-0.209,0.0428,156.91
17.805,19.558,-4.7911,6.4533,-1.6951,-0.005602,0.009672,-0.21095,0.038556,173.05
17.845,19.818,-4.8554,6.5516,-1.4164,-0.0037567,0.0064859,-0.2129,0.0343,195.42
17.885,20.081,-4.9117,6.5696,-1.4109,-0.0036857,0.0063637,-0.2115,0.0343,195.9
17.925,20.355,-4.9907,6.9767,-2.2617,-0.0025501,0.0044023,-0.21706,0.026988,271.75
17.965,20.628,-5.0711,6.6037,-1.4951,-0.0014181,0.0024472,-0.2226,0.0197,343.7
18.005,20.882,-5.1921,6.5882,-1.6298,0.0034025,-0.0058739,-0.2425,0.0007,9695.5
18.045,21.177,-5.551,6.6222,-2.2807,0.038634,-0.066699,-0.3318,-0.0808,-86.682
18.085,21.433,-5.5375,6.6258,-2.0855,0.022468,-0.038792,-0.3049,-0.0535,-129.84
18.125,21.698,-5.624,6.6266,-2.1119,0.023747,-0.040997,-0.3086,-0.0554,-125.54
18.165,21.965,-5.7024,6.6364,-2.1175,0.025166,-0.043443,-0.3089,-0.054,-129
18.205,22.205,-5.7248,6.5953,-2.0084,0.017294,-0.029859,-0.2955,-0.0402,-171.5
18.245,22.479,-5.8266,6.6009,-2.0672,0.019635,-0.033899,-0.3035,-0.0465,-148.75
18.285,22.749,-5.9179,6.6232,-2.1023,0.020838,-0.035977,-0.3073,-0.0481,-144.47
18.325,22.583,-5.8988,6.6382,-2.2068,0.02553,-0.044058,-0.3213,-0.0591,-118.37
18.365,22.839,-5.971,6.6449,-2.1865,0.02404,-0.041489,-0.3183,-0.0541,-129.31
18.405,23.096,-6.0324,6.635,-2.1421,0.020281,-0.035001,-0.3126,-0.0477,-146.17
18.445,23.404,-6.1646,6.7224,-2.2578,0.029077,-0.050181,-0.3245,-0.0563,-125.96
18.485,23.703,-6.2802,6.7756,-2.3332,0.034469,-0.059483,-0.3321,-0.0615,-116.52
18.525,23.819,-6.3642,6.7812,-2.478,0.039019,-0.067316,-0.3511,-0.0763,-94.624
18.565,23.978,-6.4342,6.8495,-2.5505,0.046483,-0.080174,-0.3575,-0.0795,-91.937
18.605,24.481,-6.6522,6.9051,-2.6873,0.056482,-0.09743,-0.372,-0.0896,-82.696
18.645,24.833,-6.7949,6.979,-2.7572,0.065425,-0.11285,-0.3772,-0.0911,-82.37
18.685,25.106,-6.8809,6.9939,-2.7264,0.059887,-0.1033,-0.3726,-0.0846,-88.729
18.725,25.397,-6.9732,7.045,-2.7406,0.061178,-0.1057,-0.3701,-0.0801,-94.374
18.765,25.689,-7.1088,7.0637,-2.6703,0.054953,-0.094933,-0.3606,-0.0702,-107.57
18.805,26.017,-7.2339,7.131,-2.7219,0.059626,-0.10301,-0.3638,-0.071,-107.5
18.845,26.308,-7.3103,7.1437,-2.6832,0.053964,-0.093222,-0.3585,-0.0645,-118.31
18.885,26.61,-7.405,7.1634,-2.6811,0.052054,-0.08992,-0.3574,-0.0617,-123.97
18.925,26.898,-7.5054,7.2133,-2.7017,0.054177,-0.093589,-0.3576,-0.06,-128.38
18.965,26.836,-7.4437,6.4677,-2.3851,-0.018145,0.03133,-0.3533,-0.056,-123.1
19.005,27.105,-7.5409,6.4788,-2.3971,-0.015593,0.026923,-0.3544,-0.0551,-125.37
19.045,27.378,-7.6372,7.1609,-2.4195,-0.0039242,0.0067975,-0.35408,-0.053288,-141.84
19.085,27.676,-7.7346,7.6832,-2.4471,0.0077605,-0.013355,-0.35375,-0.051474,-156.65
19.125,27.991,-7.833,8.0442,-2.4799,0.019424,-0.033472,-0.35343,-0.049663,-169.5
19.165,28.317,-7.9328,8.2449,-2.518,0.031081,-0.053577,-0.3531,-0.047853,-180.15
19.205,28.649,-8.0347,8.2854,-2.5614,0.042787,-0.073766,-0.35277,-0.046036,-188.38
19.245,28.978,-8.138,8.1653,-2.6098,0.054446,-0.093874,-0.35245,-0.044226,-193.83
19.285,29.3,-8.2436,7.884,-2.6637,0.066143,-0.11405,-0.35212,-0.04241,-196.22
19.325,29.607,-8.3512,7.4434,-2.7225,0.077798,-0.13415,-0.3518,-0.0406,-195.21
19.366,29.924,-8.439,7.5325,-2.7093,0.076163,-0.13133,-0.3464,-0.0352,-227.41
19.405,30.244,-8.5332,7.6404,-2.7299,0.07993,-0.13782,-0.3443,-0.0332,-244.38
19.446,30.535,-8.5959,7.6086,-2.6631,0.063942,-0.11028,-0.3376,-0.0271,-297.46
19.485,30.832,-8.6715,7.6008,-2.6433,0.055941,-0.09665,-0.3338,-0.0231,-348.37
19.526,31.123,-8.7463,7.5845,-2.6026,0.046672,-0.080626,-0.3299,-0.0189,-424.26
19.565,31.427,-8.821,7.6063,-2.5861,0.043275,-0.074756,-0.3271,-0.0168,-478.21
19.606,31.706,-8.8565,7.5096,-2.4711,0.02515,-0.04344,-0.3175,-0.009,-878.41
19.646,32.019,-8.9322,7.5516,-2.4481,0.023451,-0.040501,-0.3131,-0.0059,-1345.5
19.686,32.334,-8.9526,7.5167,-2.3273,0.012188,-0.021047,-0.3,0.004,1967.2
19.726,32.675,-9.0074,7.5998,-2.2788,0.010701,-0.018478,-0.2911,0.0105,755.63
19.766,32.94,-9.0426,7.454,-2.1698,0.0019844,-0.0034267,-0.2832,0.0168,462.1
19.806,33.256,-9.0972,7.4366,-2.099,-7.1089e-05,0.00012226,-0.2751,0.023,335.96
19.846,33.503,-9.1417,7.242,-2.0079,-0.0031194,0.0053842,-0.2705,0.026,289.05
19.886,33.738,-9.207,7.0993,-1.9729,-0.0049626,0.0085666,-0.2711,0.0244,301.98
19.926,33.965,-9.2792,6.914,-1.9384,-0.008506,0.014686,-0.2733,0.0216,332.43
19.966,34.246,-9.3608,6.8951,-1.9304,-0.008153,0.014073,-0.2731,0.021,340.96
20.006,34.504,-9.4373,6.8508,-1.9231,-0.0087203,0.015053,-0.2738,0.0193,368.68
20.046,34.806,-9.5223,6.8942,-1.9186,-0.0065226,0.011259,-0.2716,0.021,340.77
20.086,35.026,-9.594,6.7832,-1.9148,-0.0092856,0.016032,-0.2751,0.0168,419.54
20.126,35.299,-9.6637,6.7592,-1.8944,-0.0082241,0.014195,-0.2734,0.0176,398.84
20.166,35.554,-9.7404,6.7187,-1.889,-0.0087914,0.015175,-0.2743,0.0161,433.49
20.206,35.822,-9.8156,6.6885,-1.8761,-0.008508,0.014686,-0.2736,0.0161,431.47
20.246,36.089,-9.8902,6.6584,-1.8631,-0.0081528,0.014074,-0.273,0.0161,429.45
20.286,36.355,-9.9641,6.6282,-1.8499,-0.0077985,0.013462,-0.2723,0.0161,427.43
20.326,36.619,-10.038,6.5979,-1.837,-0.0074443,0.01285,-0.2717,0.0161,425.4
20.366,36.883,-10.111,6.5677,-1.8241,-0.0071602,0.01236,-0.2711,0.0161,423.37
20.406,37.145,-10.183,6.5375,-1.811,-0.0068057,0.011749,-0.2704,0.0161,421.35
******-------------------------------------------------------------------------------------------------------------------****** 
TargetID: ID05
Relevancy: 1
tj = 2.5607
Label: 0
Comment: Target is relevant and going straight, since target is crossing Ego X-axis in EFC
DATA:
0,0,-0,8.6835,-0.00030554,0.0040189,-0.003981,0,0.0036,2412.1
0.039977,0.73087,-0.22779,8.7382,-0.25012,0.011957,-0.011843,-0.0286,-0.0102,-857.04
0.080051,1.0833,-0.23487,8.7465,-0.24562,0.012058,-0.011942,-0.0281,-0.0099,-883.83
0.11998,1.4289,-0.21731,8.7462,-0.21655,0.011052,-0.010947,-0.0248,-0.0082,-1066.9
0.16004,1.7843,-0.21597,8.7546,-0.19819,0.01055,-0.01045,-0.0226,-0.0073,-1199.6
0.20007,2.1351,-0.20773,8.7645,-0.17976,0.010249,-0.010151,-0.0205,-0.0061,-1437.1
0.24006,2.4698,-0.11709,8.7501,-0.066752,0.0071341,-0.0070658,-0.0076,0.0004,21876
0.28005,2.8245,-0.14583,8.7648,-0.097061,0.0076363,-0.0075636,-0.0111,-0.0013,-6742.6
0.32009,3.1702,-0.12757,8.7668,-0.071752,0.0067325,-0.0066674,-0.0082,0.0002,43836
0.36011,3.5215,-0.1245,8.7738,-0.062047,0.0063299,-0.00627,-0.0071,0.0007,12534
0.4001,3.8614,-0.074149,8.7637,-0.0007187,0.0046218,-0.0045781,-0.0001,0.0043,2038.1
0.44016,4.2131,-0.15852,8.7725,-0.1112,0.0064305,-0.0063694,-0.0127,-0.0019,-4617.5
0.48014,4.5628,-0.1659,8.7796,-0.11692,0.0067325,-0.0066674,-0.0133,-0.0021,-4181.1
0.52007,4.9151,-0.15883,8.7868,-0.10093,0.0064305,-0.0063694,-0.0115,-0.0012,-7322.9
0.56014,5.2593,-0.11105,8.7884,-0.036389,0.0053254,-0.0052745,-0.0042,0.0027,3255
0.60018,5.6051,-0.060096,8.7909,0.029564,0.0039183,-0.0038816,0.0034,0.0066,1332
0.64021,5.9588,-0.03528,8.8014,0.067147,0.0028132,-0.0027868,0.0076,0.0086,1023.4
0.68016,6.3047,-0.04346,8.8094,0.04962,0.0030145,-0.0029855,0.0056,0.0077,1144.1
0.72025,6.6524,-0.002871,8.8121,0.10287,0.0016074,-0.0015926,0.0117,0.0107,823.62
0.76015,7.0052,0.001121,8.8206,0.10681,0.001708,-0.0016919,0.0121,0.0107,824.41
0.8002,7.3581,0.0077028,8.8312,0.11377,0.0014071,-0.0013929,0.0129,0.0109,810.27
0.84026,7.7064,-0.065237,8.8425,0.0056672,0.0039183,-0.0038816,0.0006,0.0047,1881.4
0.88025,8.057,-0.031386,8.8784,0.073745,0.005426,-0.0053739,0.0083,0.0099,896.84
0.92022,6.9077,0.0074624,8.8761,0.14559,0.0023109,-0.002289,0.0164,0.014,634.09
0.96027,7.2505,0.059444,8.8767,0.21381,0.0002013,-0.0001987,0.0241,0.0181,490.57
1.0003,7.5794,0.10108,8.8718,0.25636,-0.0016074,0.0015926,0.0289,0.0215,412.81
1.0403,7.9425,0.16022,8.8678,0.31854,-0.0032148,0.0031842,0.036,0.0235,377.6
1.0804,8.2964,0.14843,8.8894,0.29913,-0.0033154,0.0032845,0.0337,0.0224,397.07
1.1203,8.4995,-0.089302,8.8868,0.34438,-0.005727,0.0056729,0.0389,0.025,355.74
1.1603,8.8692,-0.55599,8.8993,0.38129,-0.0085391,0.0084597,0.043,0.0272,327.48
1.2003,9.2225,-0.52155,8.8988,0.40148,-0.0080369,0.007962,0.0453,0.0275,323.92
1.2403,9.5497,-0.47559,8.8685,0.3971,-0.0047215,0.0046774,0.0449,0.0264,336.26
1.2804,9.9001,-0.44749,8.8853,0.37112,-0.0045212,0.0044787,0.0418,0.0232,383.32
1.3204,10.378,-0.404,8.8801,0.36177,-0.0023109,0.002289,0.0408,0.0211,421.21
1.3605,10.74,-0.40261,8.9001,0.35319,-0.0022103,0.0021897,0.0397,0.0198,449.86
1.4004,11.09,-0.39023,8.8712,0.38286,-0.00050224,0.00049775,0.0431,0.0217,409.19
1.4405,11.462,-0.37116,8.8737,0.36705,0.0010045,-0.0009955,0.0413,0.0196,453.13
1.4804,11.808,-0.32019,8.8686,0.36271,0.0004016,-0.0003984,0.0409,0.0185,479.78
1.5204,12.195,-0.20721,8.8835,0.30642,0.0012058,-0.0011942,0.0345,0.013,683.75
1.5604,12.55,-0.19871,8.8815,0.30557,0.0021106,-0.0020903,0.0343,0.0125,710.94
1.6005,12.874,-0.14593,8.8445,0.35416,0.0035167,-0.0034832,0.0399,0.0165,536.46
1.6404,13.189,-0.082458,8.8003,0.40448,0.0053264,-0.0052745,0.0458,0.0208,423.54
1.6805,13.547,-0.091776,8.8157,0.33116,0.0049238,-0.0048761,0.0374,0.0135,653.47
1.7205,13.883,0.19629,8.8162,0.31652,0.0052257,-0.0051752,0.0358,0.012,735.16
1.7605,14.232,0.19441,8.8081,0.29229,0.0064315,-0.0063694,0.033,0.0091,968.46
1.8005,14.599,0.17485,8.7894,0.24284,0.0083408,-0.00826,0.0274,0.0037,2376.4
1.8405,14.978,0.13534,8.7932,0.19253,0.0072357,-0.0071651,0.0218,-0.0014,-6282.3
1.8805,15.331,0.23896,8.758,0.13767,0.0078386,-0.0077622,0.0156,-0.0071,-1233.7
1.9206,15.689,0.19646,8.7593,0.12081,0.007437,-0.0073638,0.0136,-0.0083,-1055.4
1.9605,16.05,0.23485,8.7389,0.11443,0.0065322,-0.0064687,0.013,-0.0086,-1016.2
2.0005,16.384,0.1834,8.7059,0.12796,0.0076373,-0.0075635,0.0145,-0.0072,-1209.3
2.0406,16.896,0.17225,8.7124,0.052089,0.0046228,-0.0045781,0.0059,-0.0147,-592.69
2.0806,17.222,0.19293,8.7018,0.054975,0.0041196,-0.0040803,0.0062,-0.0139,-626.04
2.1205,17.568,0.1672,8.6811,-0.00077336,0.0025122,-0.0024877,-0.0001,-0.0194,-447.48
2.1606,17.925,0.13423,8.6854,-0.086623,-0.0018087,0.0017913,-0.0099,-0.0276,-314.7
2.2006,18.255,0.14932,8.6496,-0.076515,-0.0013064,0.0012935,-0.0088,-0.0256,-337.89
2.2406,18.602,0.14584,8.633,-0.085043,-0.0016074,0.0015926,-0.0098,-0.0256,-337.24
2.2807,18.949,0.13021,8.5909,-0.15634,-0.0067315,0.0066674,-0.0181,-0.0328,-261.96
2.3206,19.308,0.10602,8.5972,-0.1869,-0.0079362,0.0078626,-0.0216,-0.0347,-247.82
2.3607,19.666,0.088237,8.5935,-0.21085,-0.0089407,0.0088571,-0.0244,-0.0359,-239.44
2.4007,20,0.098161,8.5685,-0.19643,-0.0079362,0.0078616,-0.0228,-0.0332,-258.16
2.4407,20.35,0.090238,8.5706,-0.20568,-0.0070324,0.0069665,-0.0239,-0.0328,-261.37
2.4807,20.702,0.077641,8.5697,-0.22042,-0.0066308,0.0065681,-0.0256,-0.0331,-258.99
2.5206,21.027,-0.23745,8.5798,-0.27242,-0.0086398,0.0085591,-0.0316,-0.0372,-230.76
2.5607,21.366,-0.24963,8.57,-0.28352,-0.0064295,0.0063694,-0.033,-0.0368,-233.01
2.6007,21.603,-0.26357,8.6147,-0.34408,-0.0069318,0.0068671,-0.0398,-0.0413,-208.75
2.6407,22.004,-0.13543,8.6817,-0.42092,-0.0056263,0.0055736,-0.0483,-0.0469,-185.33
2.6807,22.394,-0.19025,8.7339,-0.50785,-0.0056263,0.0055736,-0.058,-0.0534,-163.83
2.7208,22.81,-0.24721,8.7994,-0.6087,-0.0031151,0.0030848,-0.069,-0.0609,-144.83
2.7607,23.199,-0.30655,8.8597,-0.71088,0.0002013,-0.0001987,-0.0801,-0.0683,-130.13
2.8008,23.615,-0.37964,8.9486,-0.83167,0.0079392,-0.0078616,-0.0928,-0.0767,-117.17
2.8408,23.988,-0.44853,9.016,-0.9383,0.013467,-0.013335,-0.1039,-0.0838,-108.17
2.8809,24.376,-0.494,9.0633,-0.97981,0.020604,-0.0204,-0.108,-0.0842,-108.27
2.9208,24.72,-0.52456,9.0528,-0.97269,0.016885,-0.016719,-0.1073,-0.0807,-112.82
2.9608,25.119,-0.57441,9.0817,-0.99362,0.020001,-0.019802,-0.1093,-0.0795,-114.92
3.0009,25.475,-0.60223,9.0435,-0.9686,0.01407,-0.013932,-0.1069,-0.0746,-121.92
3.0408,25.835,-0.63523,9.0344,-0.95164,0.01206,-0.011942,-0.1051,-0.0705,-128.86
3.0809,26.069,-0.64817,8.9754,-0.91567,0.0036173,-0.0035826,-0.1017,-0.065,-138.8
3.1209,26.47,-0.63672,9.12,-0.86213,0.032539,-0.032237,-0.0937,-0.0539,-169.96
3.1608,26.775,-0.63574,9.1295,-0.81715,0.033142,-0.032834,-0.0887,-0.047,-195.02
3.2009,27.211,-0.6197,9.2048,-0.76544,0.046387,-0.045964,-0.0821,-0.0385,-239.91
3.2409,27.556,-0.62068,9.1704,-0.73786,0.039463,-0.0391,-0.0796,-0.035,-262.86
3.2809,27.876,-0.57982,9.1275,-0.64819,0.034946,-0.034625,-0.0702,-0.024,-381.27
3.3209,28.238,-0.59288,9.1476,-0.63975,0.03585,-0.03552,-0.0692,-0.0219,-418.72
3.361,28.639,-0.61625,9.2207,-0.64657,0.041569,-0.04119,-0.0692,-0.0209,-442.27
3.4009,29.012,-0.64487,9.2265,-0.65555,0.040767,-0.040394,-0.0702,-0.0209,-442.57
3.441,29.54,-0.67373,9.5195,-0.63866,0.060332,-0.059788,-0.066,-0.0144,-662.56
3.4809,29.886,-0.65146,9.4417,-0.56619,0.044882,-0.044472,-0.0591,-0.0067,-1411.7
3.521,30.263,-0.66779,9.3557,-0.27326,0.046808,-0.046365,-0.0589,-0.0062797,-1490.5
3.5609,30.636,-0.67528,9.3338,-0.12572,0.04873,-0.048253,-0.0587,-0.0058603,-1592.9
3.601,31.01,-0.67977,9.376,-0.1229,0.050658,-0.050146,-0.0585,-0.0054397,-1723.8
3.641,31.387,-0.68704,9.4822,-0.26495,0.052581,-0.052035,-0.0583,-0.0050202,-1889.6
3.681,31.77,-0.70292,9.6527,-0.5522,0.054506,-0.053927,-0.0581,-0.0046,-2101.8
3.7211,32.202,-0.72933,9.845,-0.5812,0.072524,-0.071733,-0.0601,-0.0063,-1565.4
3.761,32.593,-0.7426,9.8559,-0.56345,0.065879,-0.065168,-0.0582,-0.0043,-2295.8
3.801,32.948,-0.76549,9.7539,-0.56558,0.050177,-0.04965,-0.0587,-0.0047,-2078.8
3.8411,33.299,-0.7898,9.6358,-0.56443,0.035388,-0.035026,-0.0591,-0.0047,-2053.7
3.881,33.701,-0.80975,9.7318,-0.54753,0.04243,-0.04199,-0.0569,-0.0022,-4430.5
3.9211,34.057,-0.84664,9.6777,-0.5864,0.037098,-0.036717,-0.0611,-0.006,-1615.9
3.9611,34.402,-1.0836,9.6286,-0.60219,0.031536,-0.031241,-0.0619,-0.0058,-1663.3
4.0012,34.757,-1.0923,9.5558,-0.58996,0.022399,-0.022189,-0.0613,-0.0035,-2735.4
4.0411,35.121,-1.1093,9.5311,-0.59587,0.019788,-0.019602,-0.0621,-0.0039,-2448.6
4.0812,35.448,-1.1299,9.4178,-0.59078,0.0070324,-0.0069655,-0.0625,-0.003,-3145.4
4.1211,35.769,-1.0606,9.2618,-0.58484,-0.0099492,0.0098536,-0.0632,-0.0022,-4218.3
4.1612,36.102,-1.0866,9.1681,-0.57594,-0.018493,0.018314,-0.0631,-0.0011,-8351
4.2012,36.484,-1.1108,9.2213,-0.5799,-0.01005,0.0099529,-0.063,-0.0008,-11549
4.2412,36.893,-1.136,9.3737,-0.59405,0.010348,-0.01025,-0.0631,-0.0014,-6708.9
4.2812,37.294,-1.1589,9.4819,-0.60365,0.024106,-0.023881,-0.0632,-0.0022,-4318.7
4.3212,37.666,-1.2024,9.5177,-0.63229,0.029326,-0.029053,-0.0658,-0.0042,-2271.1
4.3612,38.062,-1.225,9.6124,-0.64092,0.041371,-0.04099,-0.0659,-0.0045,-2140.8
4.4012,38.428,-1.2948,9.6583,-0.69898,0.051305,-0.050836,-0.0714,-0.0082,-1180.9
4.4412,38.821,-1.3175,9.7395,-0.69994,0.059732,-0.05919,-0.0707,-0.0073,-1337.6
4.4813,39.223,-1.3304,9.8011,-0.68174,0.061739,-0.061179,-0.0684,-0.0047,-2090.4
4.5212,39.609,-1.3742,9.857,-0.70592,0.067857,-0.067245,-0.0704,-0.0057,-1733.7
4.5613,40.015,-1.3914,9.9201,-0.68319,0.068359,-0.067742,-0.0677,-0.0017,-5849.2
4.6013,40.427,-1.5145,10.015,-0.79514,0.085405,-0.084683,-0.0779,-0.0079,-1271.7
4.6413,40.834,-1.5263,10.063,-0.7704,0.083503,-0.082755,-0.0751,-0.0048,-2102.7
4.6813,41.245,-1.5384,10.13,-0.75518,0.085108,-0.084347,-0.0731,-0.0031,-3276.7
4.7214,41.627,-1.5386,10.086,-0.71157,0.065754,-0.065157,-0.0694,0.0009,11235
4.7613,42.042,-1.5562,10.167,-0.70151,0.071571,-0.070926,-0.0678,0.0023,4431.1
4.8014,42.448,-1.5901,10.202,-0.72093,0.073277,-0.072616,-0.0694,0.0002,51137
4.8413,42.854,-1.6296,10.23,-0.75044,0.074782,-0.074108,-0.0721,-0.0031,-3308.9
4.8814,43.281,-1.6269,10.299,-0.71813,0.074983,-0.074306,-0.0685,-0.0007,-14748
4.9213,43.727,-1.61,10.386,-0.66745,0.072476,-0.071822,-0.0631,0.0029,3588.8
4.9614,44.162,-1.5966,10.423,-0.60139,0.060841,-0.060286,-0.0567,0.0089,1173.1
5.0014,44.579,-1.6177,10.471,-0.60536,0.062546,-0.061977,-0.0568,0.0075,1398.5
5.0414,45.035,-1.5381,10.557,-0.48683,0.052112,-0.051649,-0.0453,0.0156,677.48
5.0814,45.45,-1.5706,10.584,-0.51139,0.054019,-0.053524,-0.0475,0.0126,840.96
5.1214,45.829,-1.6702,10.571,-0.5995,0.058434,-0.057901,-0.0558,0.0066,1604.2
5.1615,46.243,-1.7139,10.583,-0.62922,0.058535,-0.058,-0.0586,0.0037,2865.4
5.2015,46.668,-1.7445,10.619,-0.64722,0.060742,-0.060188,-0.06,0.0012,8866
5.2414,47.104,-1.7514,10.658,-0.623,0.056327,-0.055828,-0.0576,0.0032,3336.3
5.2815,47.522,-1.7951,10.671,-0.64059,0.054924,-0.054419,-0.0592,0.0023,4648.1
******-------------------------------------------------------------------------------------------------------------------****** 
TargetID: ID06
Target can not be processed due to lack of Data
******-------------------------------------------------------------------------------------------------------------------****** 
