******-------------------------------------------------------------------------------------------------------------------****** 
Duration of the scene is: 45.6553 seconds
Original Targets Numbers in the hole Scene: 3
Number of Targets in the hole Scene after preprocessing: 4
Number of static portions: 1
******-------------------------------------------------------------------------------------------------------------------****** 
TargetID: ID01
Relevancy: 1
tj = 37.9259
Label: 1
Comment: Target is relevant and Turning, since the velocity ratio is highly changing at the end
DATA:
30.282,-0,0,NaN,NaN,NaN,NaN,0,NaN,NaN
30.329,-0.05282,0.72376,NaN,NaN,NaN,NaN,0.5787,NaN,NaN
30.375,0.16609,0.86749,NaN,NaN,NaN,NaN,0.5786,NaN,NaN
30.407,0.38503,1.0109,NaN,NaN,NaN,NaN,0.5786,NaN,NaN
30.454,0.63095,0.3762,NaN,NaN,NaN,NaN,0.0881,NaN,NaN
30.485,0.85096,0.39812,NaN,NaN,NaN,NaN,0.0881,NaN,NaN
30.531,1.0709,0.41782,NaN,NaN,NaN,NaN,0.0881,NaN,NaN
30.563,1.3668,0.31496,NaN,NaN,NaN,NaN,0.0199,NaN,NaN
30.609,1.6034,0.61769,NaN,NaN,NaN,NaN,0.1565,NaN,NaN
30.641,1.7876,0.89791,NaN,NaN,NaN,NaN,0.2583,NaN,NaN
30.687,2.0519,1.0789,NaN,NaN,NaN,NaN,0.2962,NaN,NaN
30.734,2.2578,1.1932,NaN,NaN,NaN,NaN,0.3103,NaN,NaN
30.766,2.5102,1.2545,NaN,NaN,NaN,NaN,0.2997,NaN,NaN
30.812,2.7531,1.3286,NaN,NaN,NaN,NaN,0.2997,NaN,NaN
30.844,3.0156,1.3547,NaN,NaN,NaN,NaN,0.2769,NaN,NaN
30.89,3.2633,1.4238,NaN,NaN,NaN,NaN,0.2769,NaN,NaN
30.922,3.5363,1.2873,NaN,NaN,NaN,NaN,0.1961,NaN,NaN
30.968,3.7975,1.2575,NaN,NaN,NaN,NaN,0.1712,NaN,NaN
31.015,4.0879,1.1929,NaN,NaN,NaN,NaN,0.1444,NaN,NaN
31.046,4.3709,1.2379,NaN,NaN,NaN,NaN,0.1466,NaN,NaN
31.093,4.6374,1.4028,NaN,NaN,NaN,NaN,0.1699,NaN,NaN
31.125,4.9102,1.5871,NaN,NaN,NaN,NaN,0.1959,NaN,NaN
31.171,5.0271,2.2704,6.6815,1.4856,-0,0,0.2188,0,Inf
31.203,5.294,2.2648,6.7523,1.3569,-0.066835,0.054528,0.1985,-0.0352,-195.66
31.249,5.5458,2.2698,6.8126,1.2605,-0.087978,0.07178,0.1831,-0.0605,-114.52
31.281,5.8195,2.2156,6.9346,1.0955,-0.11495,0.093765,0.1567,-0.1024,-68.56
31.327,6.0206,1.7524,6.8816,0.46715,-0.024436,0.019935,0.0678,-0.1312,-52.572
31.374,6.3306,1.8997,7.0048,0.64813,-0.030353,0.024764,0.0923,-0.109,-64.539
31.405,6.6212,1.9696,7.0649,0.67323,-0.037694,0.030753,0.0951,-0.1065,-66.638
31.452,6.9184,2.155,7.1043,0.84088,-0.10423,0.085005,0.1176,-0.0876,-81.666
31.483,7.2074,2.2365,7.139,0.93196,-0.15217,0.1242,0.1301,-0.0678,-106.19
31.53,7.4962,2.2827,7.1818,0.9248,-0.15907,0.12979,0.1284,-0.0678,-106.8
31.562,7.8027,2.3945,7.2263,1.0585,-0.19794,0.16152,0.1458,-0.044,-165.99
31.608,8.1001,2.5384,7.2668,1.2692,-0.24,0.19593,0.1733,-0.0043,-1715.5
31.654,8.3743,2.4938,7.2672,1.2135,-0.22869,0.18653,0.1655,-0.0089,-827.85
31.686,8.6699,2.5776,7.3019,1.2654,-0.23218,0.18928,0.1712,-0.002,-3705.4
31.732,8.9657,2.6625,7.3335,1.3001,-0.23001,0.1876,0.1755,0.0019,3919.9
31.765,9.2619,2.7279,7.3654,1.3114,-0.22387,0.18259,0.1762,0.0017,4400.7
31.811,9.5618,2.8195,7.3988,1.3715,-0.22242,0.18133,0.1829,0.0096,783.83
31.842,9.8543,2.9998,7.4314,1.6454,-0.2551,0.20794,0.2175,0.0542,140.43
31.888,10.157,3.177,7.4696,1.9246,-0.30401,0.24777,0.2516,0.0954,80.854
31.935,10.446,3.0686,7.4673,1.4869,-0.19619,0.16009,0.1969,0.0221,344.52
31.967,10.754,3.1879,7.5049,1.5714,-0.19994,0.16301,0.2061,0.0306,250.57
32.014,11.052,3.2357,7.5318,1.5547,-0.20452,0.16692,0.2039,0.0268,286.96
32.045,11.349,3.2788,7.543,1.5214,-0.18163,0.14823,0.1993,0.0206,373.54
32.091,11.633,3.2381,7.5135,1.3423,-0.13931,0.1136,0.1766,-0.0045,-1696.1
32.123,11.944,3.3636,7.5426,1.4625,-0.13947,0.11382,0.1918,0.0125,614.64
32.169,12.228,3.3133,7.4994,1.2884,-0.10936,0.089208,0.1701,-0.0089,-854.97
32.201,12.519,3.2957,7.4698,1.1601,-0.086228,0.070351,0.1542,-0.0235,-321.67
32.248,12.8,3.2517,7.4113,1.0119,-0.061469,0.050149,0.1358,-0.0393,-190.33
32.294,13.097,3.2985,7.4067,1.0006,-0.049426,0.040315,0.1342,-0.0392,-190.66
32.326,11.654,3.7728,7.4141,0.93223,-0.025641,0.020912,0.1251,-0.0474,-157.65
32.372,11.948,3.7754,7.404,0.85666,-0.020371,0.016625,0.1158,-0.0539,-138.28
32.404,12.193,4.0209,7.331,0.6844,-0.021246,0.017338,0.0937,-0.0712,-103.41
32.45,12.49,4.0904,7.3152,0.72413,-0.018291,0.014925,0.0992,-0.0635,-115.76
32.482,12.764,4.0524,7.2763,0.62301,-0.022779,0.018596,0.0861,-0.0724,-100.87
32.528,13.062,4.066,7.2714,0.57967,-0.023216,0.018946,0.0803,-0.0744,-98.043
32.575,13.353,4.0673,7.2569,0.54812,-0.022998,0.018767,0.0761,-0.075,-97.034
32.606,13.643,4.1005,7.2455,0.55024,-0.022231,0.018142,0.0765,-0.0722,-100.64
32.653,13.933,4.1425,7.2193,0.56821,-0.023326,0.019035,0.0793,-0.0674,-107.44
32.684,14.233,4.217,7.2162,0.63482,-0.020808,0.01698,0.0884,-0.0574,-126.2
32.731,14.444,4.1144,7.1392,0.46338,-0.038533,0.031491,0.066,-0.0738,-96.941
32.762,14.717,4.0943,7.0817,0.3956,-0.04706,0.038444,0.0573,-0.0783,-90.584
32.809,14.971,4.0557,6.9927,0.30549,-0.061699,0.050424,0.0456,-0.0851,-82.249
32.856,15.229,4.0386,6.9058,0.24573,-0.075672,0.061868,0.038,-0.0883,-78.258
32.887,15.468,3.9806,6.8087,0.1282,-0.098139,0.080284,0.0221,-0.0981,-69.418
32.934,15.746,4.0376,6.7318,0.17566,-0.097799,0.079877,0.0294,-0.0893,-75.409
32.965,16.001,4.0321,6.6532,0.15603,-0.11141,0.091194,0.0273,-0.088,-75.626
33.012,16.254,4.0282,6.5782,0.13536,-0.12076,0.098883,0.0248,-0.0873,-75.368
33.043,16.521,4.0818,6.5219,0.18553,-0.11095,0.090644,0.0325,-0.0791,-82.484
33.09,16.806,4.2211,6.4899,0.37757,-0.072803,0.059458,0.0608,-0.0561,-115.88
33.121,17.074,4.2625,6.4405,0.42242,-0.064835,0.052948,0.068,-0.0491,-131.45
33.168,17.336,4.2844,6.3733,0.42724,-0.066141,0.054017,0.0695,-0.0465,-137.37
33.214,17.598,4.3413,6.3285,0.45421,-0.05981,0.048843,0.074,-0.0421,-150.71
33.248,17.855,4.3863,6.3079,0.40605,-0.070287,0.057493,0.0671,-0.0456,-138.62
33.292,18.112,4.4573,6.2225,0.46729,-0.056096,0.045809,0.0773,-0.0372,-167.74
33.325,18.374,4.5279,6.1708,0.52091,-0.041245,0.033674,0.086,-0.0301,-205.74
33.371,18.594,4.4931,6.0673,0.42317,-0.066341,0.054189,0.0725,-0.0386,-157.57
33.402,18.836,4.4989,6.0003,0.40854,-0.068408,0.05588,0.071,-0.0384,-156.62
33.45,19.083,4.5403,5.9374,0.43104,-0.061324,0.050163,0.0753,-0.0344,-173.05
33.495,19.34,4.6184,5.8767,0.4971,-0.040037,0.03269,0.0863,-0.0261,-225.97
33.526,19.569,4.6267,5.8118,0.47839,-0.041018,0.033492,0.0841,-0.0268,-217.59
33.574,19.816,4.7095,5.7815,0.55378,-0.018286,0.014921,0.0964,-0.0184,-315.65
33.605,20.055,4.7723,5.7381,0.59283,-0.0066832,0.0054512,0.1033,-0.0136,-424.16
33.651,20.191,4.7854,5.713,0.64358,0.013143,-0.010731,0.1129,-0.0075,-766.56
33.683,20.451,4.8731,5.6933,0.67883,0.0181,-0.014745,0.1177,-0.0042,-1365.2
33.729,20.699,4.9642,5.6744,0.72357,0.02799,-0.022804,0.1253,0.0005,11441
33.761,20.911,4.9506,5.6114,0.67385,0.016015,-0.013047,0.1186,-0.0037,-1527.5
33.807,21.163,5.066,5.6033,0.73785,0.03063,-0.024953,0.1292,0.003,1883.9
33.854,21.405,5.1433,5.5853,0.74824,0.03404,-0.027728,0.1313,0.0041,1374.4
33.885,21.626,5.1638,5.5605,0.72029,0.025684,-0.020926,0.1274,0.0015,3737.9
33.932,21.843,5.1265,5.5254,0.66505,0.013271,-0.010817,0.119,-0.0037,-1504.1
33.964,22.096,5.1703,5.6326,0.63978,0.0007668,-0.00062622,0.1131,-0.0081,-699.85
34.01,22.455,5.2246,5.6059,0.71091,0.011625,-0.0094761,0.1255,-0.0003,-18836
34.042,22.692,5.2813,5.5722,0.72576,0.015466,-0.012606,0.1287,0.0019,2957.5
34.088,22.915,5.3067,5.5438,0.71788,0.013491,-0.010997,0.1281,0.0015,3726.7
34.135,23.114,5.1071,5.5391,0.72245,0.011736,-0.0095643,0.129,0.0019,2940
34.166,23.323,5.1036,5.5025,0.70231,0.010089,-0.0082209,0.1264,0.0002,27736
34.213,23.56,5.0943,5.4823,0.70836,0.011516,-0.0093847,0.1279,0.0011,5025.4
34.244,23.799,5.1688,5.479,0.73299,0.01481,-0.012067,0.1322,0.0038,1454.7
34.291,24.042,5.2375,5.4757,0.77205,0.019643,-0.015999,0.139,0.0078,708.96
34.323,24.255,5.2469,5.4444,0.75181,0.017776,-0.014479,0.1362,0.006,916.01
34.369,24.418,5.1762,5.3649,0.65541,0.0064698,-0.0052719,0.1212,-0.0033,-1637.8
34.416,24.647,5.0309,5.3154,0.6231,0.0038376,-0.0031277,0.1165,-0.0059,-907.08
34.447,24.844,5.0769,5.3039,0.6408,0.0065794,-0.0053612,0.1198,-0.004,-1335.6
34.494,25.062,5.1082,5.2973,0.64393,0.0071279,-0.0058087,0.1205,-0.0036,-1482.3
34.525,25.29,5.1644,5.3135,0.66439,0.0081149,-0.0066124,0.1239,-0.0016,-3346.8
34.572,25.507,5.1753,5.3173,0.65506,0.0059213,-0.0048244,0.1222,-0.0027,-1984.2
34.603,25.74,5.2177,5.3405,0.66078,0.0033998,-0.0027694,0.1229,-0.0024,-2242.2
34.65,25.95,5.2375,5.3364,0.64613,0.0038385,-0.0031266,0.1203,-0.0038,-1414.6
34.681,26.103,5.1629,5.28,0.57939,-0.00065801,0.00053581,0.1093,-0.0103,-515.69
34.728,26.292,5.1301,5.242,0.51034,-0.0050428,0.0041081,0.0973,-0.0171,-308
34.775,26.499,5.1425,5.2401,0.50592,-0.0051524,0.0041974,0.0966,-0.0172,-306.07
34.806,26.696,5.127,5.2239,0.4961,-0.0057017,0.0046428,0.095,-0.0179,-293.15
34.853,26.932,4.9945,5.2345,0.52519,-0.0036189,0.002946,0.1002,-0.0145,-362.81
34.884,27.141,5.0451,5.22,0.47999,-0.0055929,0.0045524,0.092,-0.0188,-278.83
34.931,27.347,5.0544,5.2165,0.47288,-0.0060324,0.0049085,0.0908,-0.0192,-272.81
34.964,27.558,5.0691,5.2189,0.48531,-0.005156,0.004193,0.093,-0.0175,-299.51
35.009,27.787,5.1314,5.2062,0.46547,-0.0057042,0.0046385,0.0895,-0.0189,-276.56
35.055,28.002,5.1635,5.1969,0.46847,-0.0062535,0.0050849,0.0903,-0.0179,-291.51
35.086,28.219,5.1954,5.2032,0.47846,-0.0057051,0.0046374,0.092,-0.0165,-316.67
35.125,28.432,5.2034,5.1861,0.45761,-0.0064746,0.0052613,0.0884,-0.0185,-281.42
35.166,28.684,5.2368,5.1658,0.44592,-0.0077913,0.0063298,0.0866,-0.019,-272.89
35.211,28.895,5.2579,5.1576,0.42193,-0.0086694,0.0070421,0.0821,-0.0215,-240.69
35.243,29.112,5.277,5.1447,0.42646,-0.0086712,0.0070399,0.0832,-0.0203,-254.3
35.289,29.296,5.2712,5.0983,0.42289,-0.011526,0.0093534,0.0834,-0.0199,-257.08
35.321,29.511,5.2945,5.1001,0.42173,-0.011307,0.0091757,0.0832,-0.0195,-262.44
35.367,29.719,5.3013,5.1009,0.42059,-0.01076,0.0087281,0.0829,-0.0193,-265.19
35.414,29.951,5.3632,5.0956,0.44407,-0.0098835,0.0080125,0.0875,-0.0156,-327.88
35.446,30.181,5.2916,5.0858,0.44584,-0.0099948,0.0080986,0.088,-0.0147,-347.3
35.492,30.423,5.3514,5.0784,0.44196,-0.009897,0.008007,0.0862,-0.0151,-337.59
35.524,30.635,5.3885,5.0581,0.41333,-0.011975,0.0096983,0.0822,-0.017,-298.52
35.57,30.823,5.3992,4.9849,0.38841,-0.018014,0.014583,0.0789,-0.0187,-267.38
35.601,31.042,5.5214,4.9879,0.38416,-0.017031,0.013777,0.0779,-0.0186,-268.96
35.649,31.235,5.5287,4.9645,0.38247,-0.017472,0.014137,0.078,-0.0182,-273.58
35.695,31.442,5.563,4.9646,0.38201,-0.016376,0.013245,0.0778,-0.0176,-282.91
35.726,31.659,5.5918,4.9371,0.38036,-0.017368,0.014033,0.0779,-0.0169,-293
35.773,31.83,5.5657,4.919,0.36101,-0.01825,0.014747,0.0744,-0.0194,-254.24
35.804,32.016,5.5492,4.9263,0.33921,-0.016823,0.01359,0.0698,-0.0223,-221.43
35.851,32.224,5.5206,4.919,0.32884,-0.017265,0.013942,0.0678,-0.023,-214.35
35.883,32.45,5.5707,4.9389,0.33989,-0.014302,0.011541,0.0696,-0.0207,-239.16
35.929,32.674,5.619,4.942,0.35435,-0.014085,0.011359,0.0724,-0.018,-275.26
35.976,32.884,5.6625,4.979,0.42042,-0.0084767,0.0068314,0.0847,-0.0096,-520.49
36.007,33.086,5.6664,4.9742,0.41535,-0.0092487,0.007451,0.0839,-0.0102,-489.36
36.054,33.296,5.6925,4.9497,0.41836,-0.011121,0.0089562,0.085,-0.009,-551.93
36.085,33.498,5.7466,4.9253,0.38456,-0.012773,0.010285,0.0787,-0.0124,-398.41
36.132,33.704,5.7743,4.9067,0.38423,-0.014095,0.011347,0.079,-0.0116,-424.28
36.163,33.9,5.7965,4.9044,0.42174,-0.012556,0.0101,0.0865,-0.0069,-713.41
36.21,34.103,5.8328,4.9019,0.41434,-0.012337,0.0099243,0.0851,-0.0074,-664.79
36.243,34.308,5.8879,4.8894,0.43911,-0.011347,0.0091229,0.0903,-0.0037,-1326.8
36.288,34.513,5.9116,4.8855,0.44692,-0.010027,0.0080588,0.0919,-0.0025,-1962.4
36.334,34.711,5.9522,4.9051,0.53905,-0.0025356,0.0020374,0.1096,0.0081,609.21
36.367,34.928,6.017,4.9173,0.5361,-0.0024251,0.0019492,0.1087,0.0081,610.67
36.412,35.153,6.0864,4.9333,0.57882,0.00055099,-0.00044319,0.1168,0.0132,376.3
36.444,35.348,6.1069,4.9251,0.57433,-0.00066154,0.00053139,0.1161,0.0124,399.88
36.491,35.543,6.1231,4.9286,0.57299,-0.001653,0.0013296,0.1159,0.0116,427.74
36.522,35.756,6.1632,4.9321,0.58599,-0.00088176,0.00070889,0.1183,0.013,382.06
36.569,35.929,6.1572,4.9072,0.56817,-0.0013222,0.0010639,0.1154,0.0105,470.47
36.615,36.129,6.1789,4.9118,0.56349,-0.0027539,0.0022161,0.1144,0.0097,509.7
36.647,36.309,6.1718,4.9024,0.56733,-0.0029742,0.0023936,0.1154,0.0094,525.02
36.693,36.488,6.1719,4.8757,0.5531,-0.0035243,0.0028379,0.1132,0.0076,645.65
36.725,36.678,6.2206,4.8597,0.58591,-0.0012116,0.00097569,0.1201,0.0118,414.82
36.771,36.871,6.2233,4.8577,0.56419,-0.0027531,0.0022172,0.1158,0.0087,562.11
36.803,37.077,6.254,4.8774,0.61066,-0.00033077,0.00026569,0.1246,0.0136,361.44
36.85,37.258,6.2699,4.848,0.60465,-0.00033077,0.00026569,0.1241,0.0128,381.68
36.881,37.456,6.306,4.8289,0.6109,0.0013223,-0.0010649,0.1257,0.0138,352.71
36.927,37.634,6.3101,4.7922,0.59234,0.0018723,-0.0015082,0.1229,0.0114,423.57
36.975,37.821,6.3383,4.7716,0.59094,0.0027542,-0.0022181,0.123,0.0114,421.76
37.005,38.005,6.3567,4.7372,0.59453,0.0046266,-0.0037272,0.1245,0.012,397.86
37.052,38.193,6.3906,4.713,0.62023,0.009035,-0.0072778,0.1302,0.0151,314.81
37.084,38.371,6.4063,4.6626,0.59826,0.0088148,-0.0071003,0.127,0.0129,364.4
37.13,38.554,6.4642,4.6019,0.62017,0.014661,-0.011806,0.1329,0.0165,281.42
37.162,38.718,6.485,4.5461,0.58267,0.011351,-0.0091426,0.1266,0.0123,372.62
37.209,38.889,6.5101,4.4771,0.60231,0.018191,-0.01464,0.1323,0.0153,295.26
37.255,39.047,6.5169,4.4123,0.56236,0.013447,-0.010831,0.1257,0.0109,408.08
37.286,39.274,6.5774,4.4477,0.60446,0.017858,-0.014366,0.1337,0.0154,291.47
37.333,39.434,6.5708,4.4124,0.57693,0.013887,-0.011182,0.1289,0.0119,373.95
37.365,39.639,6.6215,4.4282,0.62169,0.019516,-0.015706,0.1379,0.017,263.04
37.411,39.812,6.6293,4.4016,0.61513,0.018743,-0.015086,0.1373,0.0159,279.52
37.443,40.008,6.6804,4.4116,0.65297,0.02283,-0.018386,0.1451,0.0202,220.78
37.489,40.199,6.7075,4.4252,0.65144,0.018851,-0.015176,0.1447,0.0194,230.56
37.536,40.366,6.7136,4.4152,0.63733,0.015429,-0.012426,0.1421,0.0171,260.88
37.567,40.517,6.7641,4.3107,0.66218,0.028468,-0.022923,0.15,0.0214,203.8
37.614,40.7,6.81,4.3228,0.6877,0.028466,-0.022925,0.1554,0.024,182.38
37.645,40.893,6.8528,4.3472,0.70777,0.025702,-0.020702,0.1593,0.0257,171.38
37.692,41.062,6.8556,4.3575,0.6716,0.014877,-0.011984,0.1517,0.0205,215.07
37.723,41.151,6.8728,4.2067,0.64711,0.024709,-0.019903,0.1505,0.0188,226.39
37.77,41.331,6.896,4.2581,0.6455,0.014214,-0.011453,0.1492,0.0174,247.51
37.802,41.489,6.9095,4.2502,0.63517,0.011457,-0.0092383,0.1474,0.0157,273.72
37.848,41.644,6.9182,4.2347,0.61467,0.0084806,-0.00684,0.1434,0.0128,334.3
37.895,41.816,6.9435,4.2547,0.61427,0.0049548,-0.0039972,0.143,0.0121,355.28
37.926,41.952,6.9339,4.2009,0.56897,0.0038526,-0.0031089,0.1343,0.0066,642.31
37.973,42.132,6.9671,4.2545,0.58283,-0.00022022,0.0001775,0.1362,0.0073,588.26
38.004,42.292,6.9826,4.2131,0.57189,0.0019811,-0.0015986,0.1348,0.0064,664.33
38.051,42.4,6.9437,4.1285,0.48301,-0.00099054,0.0007993,0.1166,-0.0045,-923.7
38.082,42.553,6.9384,4.1224,0.44812,-0.0027504,0.0022205,0.1085,-0.0091,-455.68
38.129,42.755,6.8963,4.2211,0.46125,-0.002861,0.0023087,0.1091,-0.0085,-499.56
38.175,42.897,6.9328,4.2136,0.4059,-0.0013204,0.0010661,0.0961,-0.0156,-271.35
38.207,43.039,6.9196,4.1749,0.34214,0.00010967,-8.9302e-05,0.0818,-0.0232,-180.56
38.254,43.199,6.928,4.1674,0.31367,0.00066066,-0.0005325,0.0751,-0.0262,-159.51
38.285,43.359,6.9295,4.1622,0.28902,0.0011002,-0.0008886,0.0692,-0.0287,-145.37
38.331,43.551,6.9478,4.2902,0.28294,0.013217,-0.010665,0.0648,-0.0305,-140.97
38.363,43.608,6.8635,4.0613,0.13376,0.0033016,-0.0026657,0.0327,-0.0474,-85.728
38.409,43.659,6.7943,3.8185,-0.0032438,-0.025699,0.020766,0.0015,-0.0632,-60.42
38.441,43.835,6.7882,3.8957,-0.0030934,-0.0083577,0.0067492,0,-0.0627,-62.132
38.487,44.263,6.3517,2.3404,-3.6831,-0.057609,0.046526,-1.0068,-0.0307,-142.14
38.534,44.368,6.1926,2.2237,-3.8068,-0.22166,0.17906,-1.051,-0.0445,-99.071
38.566,44.473,6.0523,2.1382,-3.9148,-0.26607,0.21489,-1.0821,-0.0583,-76.512
38.612,44.564,5.9217,2.0777,-4.0238,-0.058251,0.047038,-1.0966,-0.0591,-76.625
38.644,44.646,5.7976,2.0329,-4.1121,0.14596,-0.11789,-1.1055,-0.0582,-78.817
38.69,44.735,5.65,2.0079,-4.2074,0.36768,-0.29701,-1.1104,-0.0532,-87.63
38.721,44.818,5.543,2.0269,-4.1556,0.4425,-0.35747,-1.0989,-0.0191,-242.07
38.768,44.908,5.4006,1.9778,-4.2724,0.61094,-0.4937,-1.1124,-0.0393,-119.8
38.815,44.996,5.2805,1.9756,-4.2565,0.6231,-0.50352,-1.1109,-0.0253,-185.48
38.846,45.083,5.1503,1.9778,-4.152,0.45894,-0.37089,-1.107,-0.0128,-359.3
38.893,45.172,5.0185,1.9438,-4.1503,0.44561,-0.36016,-1.1138,-0.0232,-197.54
38.924,45.242,4.9308,1.8861,-4.0201,0.23734,-0.19186,-1.1212,-0.0338,-131.38
38.971,45.318,4.8378,1.8049,-3.9172,0.085967,-0.069487,-1.1347,-0.0576,-74.878
39.003,45.38,4.7564,1.7415,-3.7193,-0.18258,0.14748,-1.1432,-0.0684,-60.041
39.049,45.423,4.6986,1.6831,-3.4414,-0.52705,0.42518,-1.1507,-0.0746,-51.352
39.096,45.486,4.6069,1.6331,-3.323,-0.63219,0.50944,-1.1595,-0.084,-44.079
39.127,45.566,4.4559,1.5985,-3.4616,-0.4196,0.33842,-1.167,-0.0898,-42.46
39.174,45.631,4.3498,1.5902,-3.321,-0.5521,0.44503,-1.1648,-0.079,-46.609
39.205,45.655,4.3682,1.4442,-2.9307,-0.91733,0.73295,-1.2059,-0.1377,-23.727
39.252,45.726,4.269,1.4408,-2.861,-0.89069,0.71269,-1.1967,-0.1081,-29.633
39.283,45.787,4.1448,1.3297,-3.1777,-0.80607,0.59582,-1.2562,-0.1948,-17.683
39.33,45.849,3.9974,1.3136,-3.1758,-0.81744,0.6192,-1.2567,-0.18869,-18.214
39.362,45.891,3.8946,1.3001,-3.1718,-0.82538,0.63552,-1.257,-0.18442,-18.588
39.408,45.95,3.749,1.2779,-3.1622,-0.83665,0.65869,-1.2575,-0.17836,-19.122
39.455,46.009,3.602,1.2515,-3.148,-0.84806,0.68215,-1.2579,-0.17223,-19.669
39.487,46.049,3.5016,1.2312,-3.1355,-0.8559,0.69826,-1.2583,-0.16802,-20.049
39.533,46.105,3.3578,1.1989,-3.1138,-0.86717,0.72144,-1.2587,-0.16196,-20.602
39.564,46.142,3.2594,1.1744,-3.0962,-0.87495,0.73741,-1.2591,-0.15778,-20.988
39.611,46.196,3.1168,1.1355,-3.0667,-0.88629,0.76073,-1.2595,-0.15168,-21.559
39.642,46.231,3.0206,1.1069,-3.044,-0.894,0.77659,-1.2598,-0.14754,-21.954
39.689,46.282,2.8795,1.0614,-3.0066,-0.90543,0.80008,-1.2603,-0.14139,-22.55
39.735,46.33,2.7404,1.0121,-2.9646,-0.91685,0.82356,-1.2608,-0.13525,-23.16
39.767,46.361,2.6481,0.97677,-2.9337,-0.92452,0.83933,-1.2611,-0.13113,-23.58
39.813,46.406,2.5118,0.92076,-2.8837,-0.93601,0.86294,-1.2616,-0.12496,-24.225
39.845,46.434,2.4211,0.88072,-2.8472,-0.94377,0.87889,-1.2619,-0.12079,-24.674
39.891,46.474,2.2906,0.81904,-2.7902,-0.95511,0.9022,-1.2624,-0.11469,-25.353
39.923,46.499,2.2034,0.77488,-2.7487,-0.96283,0.91808,-1.2627,-0.11054,-25.834
39.969,46.533,2.0771,0.70654,-2.6836,-0.97422,0.9415,-1.2632,-0.10442,-26.576
40.002,46.555,1.9903,0.65634,-2.6352,-0.98222,0.95793,-1.2635,-0.10012,-27.124
40.048,46.584,1.8719,0.58309,-2.5639,-0.99338,0.98088,-1.264,-0.094122,-27.935
40.094,46.609,1.754,0.50425,-2.4862,-1.0048,1.0044,-1.2644,-0.087973,-28.836
40.126,46.624,1.6767,0.44898,-2.4312,-1.0125,1.0202,-1.2648,-0.08383,-29.492
40.172,46.643,1.5658,0.36419,-2.3462,-1.0239,1.0436,-1.2652,-0.077713,-30.553
40.204,46.653,1.4926,0.30438,-2.2858,-1.0316,1.0596,-1.2656,-0.073554,-31.351
40.25,46.666,1.3882,0.21285,-2.1928,-1.0431,1.083,-1.266,-0.067412,-32.681
40.282,46.671,1.3202,0.14886,-2.1273,-1.0508,1.0989,-1.2664,-0.063263,-33.708
40.329,46.676,1.2227,0.050251,-2.0258,-1.0623,1.1226,-1.2668,-0.057079,-35.502
40.375,46.676,1.1316,-0.050455,-1.9214,-1.0736,1.1458,-1.2673,-0.051,-37.688
40.406,46.735,1.146,-0.16157,-1.7526,-1.1587,1.2934,-1.2487,-0.0351,-50.143
40.453,46.825,1.1396,-0.32795,-1.5702,-1.3173,1.5659,-1.2196,-0.0122,-131.48
40.484,46.829,1.0689,0.50084,-2.82,-1.0876,1.2406,-1.2248,-0.0145,-197.53
40.531,46.864,0.9233,0.85224,-3.0911,-0.74352,0.75324,-1.2327,-0.017945,-178.68
40.563,46.887,0.83686,0.47808,-2.1715,-0.50831,0.42011,-1.238,-0.0203,-109.53
40.609,46.892,0.55348,0.81457,-2.6067,0.37543,-0.29679,-1.2679,-0.0383,-71.307
40.656,46.941,0.62628,0.86793,-2.3314,0.20247,-0.15773,-1.2528,-0.028,-88.847
40.687,47.004,0.46051,1.0078,-2.4764,0.37691,-0.28645,-1.2462,-0.0217,-123.21
40.734,47.088,0.2602,1.2088,-2.6913,0.65227,-0.4823,-1.2365,-0.0137,-215.35
******-------------------------------------------------------------------------------------------------------------------****** 
TargetID: ID05
Target can not be processed due to lack of Data
******-------------------------------------------------------------------------------------------------------------------****** 
TargetID: ID06
Target can not be processed due to lack of Data
******-------------------------------------------------------------------------------------------------------------------****** 
TargetID: ID07
Target can not be processed due to lack of Data
******-------------------------------------------------------------------------------------------------------------------****** 
