******-------------------------------------------------------------------------------------------------------------------****** 
Duration of the scene is: 17.8003 seconds
Original Targets Numbers in the hole Scene: 4
Number of Targets in the hole Scene after preprocessing: 4
Number of static portions: 1
******-------------------------------------------------------------------------------------------------------------------****** 
TargetID: ID05
Target can not be processed due to lack of Data
******-------------------------------------------------------------------------------------------------------------------****** 
TargetID: ID07
Relevancy: 1
tj = 15.6316
Label: 1
Comment: Target is relevant and Turning, since the velocity ratio is highly changing at the end
DATA:
11.794,-0,0,10.118,-0.0045264,4.049,-0.42424,0,0.2344,43.165
11.84,0.3879,-0.036137,10.341,0.18113,4.0964,-0.42947,0.018,0.2571,40.227
11.872,0.71823,-0.13767,10.648,0.19859,4.4601,-0.46848,0.0191,0.2635,40.419
11.919,1.1341,-0.051562,10.745,0.51302,4.1349,-0.43491,0.0483,0.2855,37.677
11.95,1.5557,0.039237,10.839,0.73775,3.8728,-0.40833,0.068,0.2906,37.386
11.997,1.9677,0.17261,10.824,1.2159,3.4018,-0.35912,0.1125,0.3311,32.897
12.028,2.385,0.26922,10.94,1.483,3.19,-0.33954,0.1341,0.3391,32.556
12.075,2.79,0.42112,10.871,1.8583,2.8023,-0.29675,0.1699,0.3635,30.339
12.121,3.2167,0.49367,10.906,2.0646,2.5774,-0.2737,0.1877,0.3657,30.353
12.153,3.6262,0.65919,10.824,2.5382,2.2149,-0.23557,0.2309,0.4,27.795
12.199,4.0087,0.87572,10.69,3.0496,1.8528,-0.19739,0.2785,0.4371,25.432
12.231,4.4346,0.98338,10.712,3.2732,1.7057,-0.18209,0.2971,0.4393,25.498
12.277,4.8361,1.1478,10.639,3.5965,1.4823,-0.15857,0.3265,0.4534,24.77
12.309,5.2567,1.2854,10.643,3.8035,1.3592,-0.1457,0.3437,0.4528,24.961
12.356,5.6164,1.5632,10.42,4.3729,1.0631,-0.11423,0.3978,0.495,22.829
12.402,6.0055,1.8048,10.323,4.7914,0.90326,-0.097383,0.4342,0.5144,22.125
12.434,6.3685,2.0215,10.204,5.1487,0.74607,-0.081016,0.4676,0.5292,21.598
12.48,6.753,2.238,10.134,5.4152,0.65924,-0.071046,0.4905,0.5296,21.696
12.511,7.1267,2.5122,10.047,5.8088,0.54352,-0.059043,0.5242,0.542,21.412
12.56,7.5046,2.7535,9.9741,6.0681,0.45247,-0.049258,0.5468,0.5436,21.477
12.59,7.9247,2.9371,9.977,6.2038,0.38188,-0.041592,0.5565,0.5315,22.104
12.636,8.201,2.9676,10.039,6.1335,0.38799,-0.04215,0.5479,0.5023,23.422
12.668,8.5935,3.1988,9.9663,6.3338,0.30962,-0.033816,0.5661,0.5039,23.434
12.714,9.0222,3.3554,10.019,6.2962,0.31313,-0.034235,0.561,0.479,24.704
12.761,9.4383,3.5474,9.9909,6.4386,0.27173,-0.029794,0.5728,0.4725,25.155
12.792,9.7972,3.8896,9.8123,6.7667,0.16546,-0.018157,0.6039,0.4893,24.36
12.839,10.19,4.117,9.7448,6.9113,0.12413,-0.013589,0.6167,0.4841,24.678
12.87,10.598,4.3509,9.722,7.0286,0.098121,-0.01079,0.6261,0.4751,25.251
12.917,11.011,4.5569,9.6914,7.1005,0.078584,-0.0086518,0.6323,0.4642,25.882
12.948,11.403,4.7727,9.6035,7.1831,0.047796,-0.0052656,0.6422,0.4595,26.099
12.995,11.61,4.8851,9.5479,7.1372,0.040063,-0.004418,0.6419,0.4465,26.698
13.042,11.986,5.117,9.4531,7.2198,0.016868,-0.0018631,0.6522,0.4422,26.899
13.073,12.177,5.1077,9.44,6.9759,0.028818,-0.0031875,0.6363,0.4169,28.155
13.12,12.555,5.3226,9.3553,7.0193,0.015743,-0.0017461,0.6436,0.4105,28.492
13.151,12.938,5.471,9.339,6.9504,0.017992,-0.0019972,0.6397,0.3935,29.584
13.198,13.307,5.6955,9.2788,7.0001,0.010401,-0.0011573,0.6463,0.3861,30.104
13.229,13.697,5.9146,9.2355,7.0464,0.0053409,-0.00059523,0.6518,0.3784,30.699
13.276,14.084,6.1349,9.213,7.0905,0.0030921,-0.00034416,0.6559,0.3694,31.472
13.307,14.452,6.3456,9.156,7.129,-0.0030921,0.00034557,0.6616,0.3622,32.038
13.354,14.816,6.6108,9.1036,7.2111,-0.010962,0.001225,0.67,0.3575,32.486
13.401,15.202,6.7975,9.0922,7.2237,-0.011665,0.0013054,0.6714,0.347,33.466
13.432,15.572,7.0532,9.0786,7.2722,-0.01574,0.0017639,0.6754,0.3392,34.293
13.479,15.943,7.3139,9.0632,7.3524,-0.02375,0.0026653,0.6816,0.3331,35.036
13.51,16.299,7.5858,9.0428,7.4112,-0.030916,0.0034771,0.6867,0.3266,35.798
13.559,16.672,7.8395,9.0293,7.4885,-0.040752,0.0045866,0.6925,0.3208,36.567
13.588,17.04,8.1074,9.0376,7.5377,-0.047354,0.0053399,0.6953,0.313,37.599
13.635,17.416,8.3835,9.0324,7.6377,-0.061541,0.0069511,0.7022,0.3084,38.355
13.681,17.785,8.631,9.0497,7.6479,-0.063229,0.0071514,0.7019,0.2989,39.64
13.713,18.158,8.8775,9.0336,7.6971,-0.071094,0.0080564,0.706,0.293,40.505
13.759,18.524,9.1206,9.0253,7.7305,-0.076993,0.0087422,0.7086,0.2862,41.521
13.791,18.89,9.4203,9.0033,7.8326,-0.093277,0.010616,0.7163,0.2835,42.094
13.837,19.247,9.7681,8.9853,7.9756,-0.11647,0.013303,0.7264,0.2823,42.559
13.87,19.615,10.02,8.9848,7.9713,-0.11588,0.013228,0.7261,0.2741,43.82
13.916,19.976,10.355,8.9749,8.0834,-0.13427,0.015346,0.7337,0.2715,44.488
13.962,20.334,10.681,8.9533,8.1817,-0.14975,0.017181,0.741,0.269,45.088
13.993,20.695,10.957,8.9414,8.1806,-0.14803,0.016965,0.7416,0.2618,46.291
14.04,21.058,11.257,8.9171,8.2562,-0.16066,0.018434,0.7476,0.2586,46.993
14.072,20.652,10.82,8.8851,8.1234,-0.1286,0.014838,0.7418,0.2482,48.505
14.118,20.984,11.053,8.8145,8.0623,-0.11024,0.01274,0.7419,0.2421,49.341
14.15,21.402,11.466,8.7513,8.0135,-0.09352,0.01079,0.7422,0.2362,50.237
14.196,21.738,11.762,8.6468,8.0267,-0.0792,0.0091508,0.7489,0.2355,50.098
14.228,22.156,12.283,8.5397,7.8227,-0.039752,0.0045902,0.7419,0.2253,51.403
14.274,22.396,12.466,8.4331,7.7697,-0.018683,0.0021586,0.7446,0.222,51.652
14.321,22.53,12.601,8.306,7.7581,0.0046359,-0.00053611,0.7513,0.2216,51.289
14.352,22.861,12.775,8.1598,7.5909,0.042138,-0.0048937,0.7497,0.2158,51.643
14.399,23.169,13.063,8.0331,7.5659,0.066481,-0.0076859,0.7548,0.2142,51.518
14.431,23.38,13.284,7.9669,6.8295,0.061514,-0.0071747,0.7094,0.1776,59.085
14.477,23.69,13.541,7.8361,6.7996,0.07872,-0.0091323,0.7138,0.1763,58.848
14.508,23.991,13.684,7.6811,6.6378,0.088147,-0.01023,0.7116,0.1701,59.682
14.555,24.286,13.945,7.592,6.5945,0.095886,-0.011144,0.714,0.1669,60.253
14.602,24.58,14.152,7.475,6.4953,0.10321,-0.01199,0.7141,0.162,61.128
14.634,24.877,14.334,7.3443,6.3737,0.11166,-0.012977,0.7133,0.1566,62.097
14.68,25.156,14.593,7.218,6.3344,0.13292,-0.015447,0.7185,0.1563,61.441
14.711,25.441,14.784,7.0954,6.215,0.13912,-0.016188,0.7174,0.1505,62.674
14.758,25.715,15.001,6.9702,6.1355,0.15216,-0.017652,0.7196,0.1475,62.956
14.789,26,15.196,6.8967,5.9815,0.13363,-0.015602,0.7125,0.1369,66.685
14.836,26.267,15.377,6.7746,5.8502,0.13364,-0.015626,0.7102,0.1307,68.485
14.867,26.521,15.642,6.6557,5.8294,0.15986,-0.018679,0.7168,0.1322,66.926
14.914,26.792,15.76,6.5536,5.6196,0.13478,-0.01578,0.7066,0.1187,72.73
14.961,27.043,15.998,6.4277,5.5887,0.16115,-0.018852,0.7129,0.1205,70.685
14.992,27.304,16.212,6.3653,5.5116,0.15058,-0.017638,0.711,0.1146,73.472
15.039,27.555,16.401,6.289,5.3836,0.13211,-0.015514,0.7056,0.106,78.1
15.07,27.816,16.57,6.2319,5.2364,0.10154,-0.011974,0.6969,0.0946,86.044
15.117,28.075,16.721,6.1709,5.0876,0.070991,-0.0083999,0.6881,0.0835,95.781
15.148,28.312,16.874,6.0497,4.941,0.059455,-0.0070495,0.6837,0.0769,101.57
15.195,28.572,17.038,6.0375,4.8023,0.016153,-0.0019232,0.6716,0.0632,122.07
15.241,28.808,17.201,5.9327,4.6993,0.010674,-0.0012735,0.6697,0.0594,127.41
15.273,29.089,17.369,6.025,4.6336,-0.033268,0.0039854,0.6563,0.0446,170.42
15.319,29.308,17.483,5.8459,4.4334,-0.05724,0.0068638,0.6501,0.0383,191.56
15.351,30.151,17.229,7.8668,-0.44929,-2.1349,0.25594,-0.0532,0.0383,205.73
15.397,30.415,17.432,7.7275,-0.09792,-1.6988,0.20425,-0.0073,0.1002,77.127
15.429,30.717,17.514,7.7767,-0.088896,-1.2135,0.14605,-0.0077,0.157,49.536
15.476,30.724,17.922,6.7209,0.43699,-2.1047,0.25601,0.0805,0.1247,54.01
15.507,31.001,17.979,6.7614,0.80256,-1.1946,0.14547,0.1289,0.242,28.136
15.553,31.278,17.979,6.8808,0.33111,-1.0384,0.12576,0.0545,0.0195,353.27
15.601,31.58,17.995,7.0168,-0.015916,-0.5599,0.067731,0,-0.1294,-54.226
15.632,31.875,17.972,7.1818,-0.72695,0.0212,-0.002567,-0.1009,-0.3846,-18.769
15.678,32.187,17.916,7.3072,-1.3527,0.61975,-0.075095,-0.1819,-0.5593,-13.287
15.71,32.454,17.875,7.1735,-0.90514,0.030464,-0.003701,-0.1255,-0.3511,-20.594
15.756,32.784,17.813,7.3869,-1.559,0.88292,-0.10742,-0.2058,-0.5207,-14.499
15.788,33.093,17.74,7.4785,-1.9665,1.3088,-0.15946,-0.2523,-0.584,-13.241
15.834,33.235,17.69,6.9712,-1.8904,0.061488,-0.0075073,-0.2645,-0.5682,-12.712
15.881,33.36,17.595,6.4823,-2.3255,-0.5766,0.070449,-0.3492,-0.7181,-9.5903
15.912,33.55,17.452,6.2065,-2.8917,-0.5916,0.071663,-0.443,-0.8621,-7.9424
15.959,33.835,17.312,6.2165,-3.2258,-0.14646,0.017912,-0.4805,-0.8669,-8.079
15.991,34.294,17.244,6.3911,-3.6253,0.3933,-0.047995,-0.516,-0.8808,-8.3421
16.037,34.423,17.189,5.9966,-3.8409,0.17355,-0.021339,-0.5671,-0.9035,-7.8818
16.068,34.555,17.122,5.6594,-3.7765,-0.29814,0.036528,-0.5935,-0.8843,-7.6939
16.115,34.702,17.009,5.3854,-3.8055,-0.60932,0.074243,-0.627,-0.8817,-7.4791
16.162,34.993,16.789,5.3795,-4.3339,-0.013052,0.0016076,-0.6784,-0.9121,-7.5739
16.193,35.195,16.603,5.2147,-4.3592,-0.24831,0.030448,-0.7014,-0.8926,-7.6146
16.24,35.422,16.412,5.1533,-4.2916,-0.48421,0.059012,-0.7047,-0.8435,-7.9506
16.271,35.747,16.177,5.3331,-4.4107,-0.14813,0.018247,-0.6939,-0.7753,-8.9264
16.318,35.939,15.977,5.1909,-4.57,-0.14908,0.018364,-0.725,-0.7753,-8.9204
******-------------------------------------------------------------------------------------------------------------------****** 
TargetID: ID09
Target can not be processed due to lack of Data
******-------------------------------------------------------------------------------------------------------------------****** 
TargetID: ID10
Target can not be processed due to lack of Data
******-------------------------------------------------------------------------------------------------------------------****** 
