******-------------------------------------------------------------------------------------------------------------------****** 
Duration of the scene is: 30.5696 seconds
Original Targets Numbers in the hole Scene: 19
Number of Targets in the hole Scene after preprocessing: 49
Number of static portions: 1
******-------------------------------------------------------------------------------------------------------------------****** 
TargetID: ID21
Target can not be processed due to lack of Data
******-------------------------------------------------------------------------------------------------------------------****** 
TargetID: ID24
Target can not be processed due to lack of Data
******-------------------------------------------------------------------------------------------------------------------****** 
TargetID: ID25
Relevancy: 0
tj = Inf
Label: -1
Comment: Target is irrelevant as it is not crossing the estimated holding line
DATA:
22.487,0,0,5.1743,-0.014951,0.43191,0.066753,0,0.2151,24.055
22.527,0.2004,0.026131,4.9216,1.0012,0.39648,0.058035,0.011417,0.21715,23.128
22.567,0.40046,0.054624,5.1861,0.1092,0.36116,0.049343,0.0228,0.2192,23.664
22.607,0.5662,0.012238,5.1307,0.060755,0.2861,0.036384,0.0133,0.2074,24.74
22.647,0.77002,0.023793,5.1425,0.10449,0.28009,0.03293,0.0215,0.2074,24.8
22.687,0.97468,0.038365,5.1682,0.14953,0.29108,0.031395,0.0299,0.2074,24.93
22.727,1.1848,0.048885,5.1783,0.19395,0.28433,0.02779,0.0382,0.2074,24.985
22.767,1.314,-0.026915,5.0923,0.084819,0.1964,0.017151,0.0173,0.1899,26.819
22.807,1.4527,-0.08211,5.0496,0.018351,0.16992,0.013046,0.0042,0.1775,28.449
22.847,1.5252,-0.21705,4.9413,-0.15745,0.10598,0.0070083,-0.0314,0.1525,32.418
22.887,1.5862,-0.35781,4.596,-0.36659,-0.458,-0.02534,-0.083,0.1189,38.777
22.927,1.9011,-0.020291,4.9017,-0.010539,-0.050297,-0.0022398,-0.002,0.1633,30.017
22.967,2.0845,-0.040381,4.9043,-0.011971,-0.0048058,-0.00016269,-0.0025,0.1594,30.768
23.007,2.2284,-0.1227,4.8739,-0.096503,0.033933,0.00078406,-0.0197,0.1463,33.321
23.047,2.4211,-0.1276,4.8809,-0.072639,0.038888,0.00048633,-0.0149,0.1456,33.526
23.087,2.5986,-0.15871,4.8689,-0.075042,0.041578,7.4786e-05,-0.0154,0.1423,34.22
23.127,2.7537,-0.22127,4.8582,-0.13063,0.10168,-0.00089376,-0.0268,0.1333,36.459
23.167,2.9579,-0.21526,4.9043,-0.096057,0.18155,-0.0035217,-0.0196,0.1343,36.525
23.207,3.1774,-0.18863,4.9543,-0.051176,0.22108,-0.0065899,-0.0101,0.1362,36.377
23.247,3.3761,-0.19072,4.9643,-0.024614,0.21691,-0.0086598,-0.0046,0.1362,36.449
23.287,3.5667,-0.19416,4.9979,-0.011947,0.28858,-0.014357,-0.003,0.1342,37.242
23.327,3.7513,-0.23671,5.0263,-0.053074,0.36594,-0.021686,-0.0114,0.1272,39.517
23.367,3.9485,-0.23483,5.0425,-0.026159,0.35924,-0.024571,-0.0062,0.1272,39.643
23.407,4.163,-0.24356,5.0903,-0.013646,0.40429,-0.03121,-0.004,0.1257,40.496
23.447,4.358,-0.25383,5.1197,-7.9881e-05,0.44321,-0.037925,-0.0017,0.1244,41.155
23.487,4.5708,-0.22395,5.1589,0.050295,0.4463,-0.041845,0.0078,0.1265,40.784
23.527,4.7754,-0.21726,5.18,0.077839,0.4381,-0.044535,0.0129,0.1265,40.953
23.567,4.9792,-0.20729,5.2008,0.10534,0.4299,-0.047013,0.0179,0.1265,41.121
23.607,5.2137,-0.15684,5.2589,0.18957,0.4414,-0.051597,0.0333,0.1312,40.109
23.647,5.3844,-0.22871,5.248,0.10229,0.45811,-0.056885,0.0168,0.1212,43.309
23.687,5.5658,-0.30148,5.2616,0.031055,0.4943,-0.064948,0.0031,0.1126,46.729
23.727,5.8285,-0.21781,5.3598,0.16026,0.54511,-0.075483,0.0263,0.121,44.316
23.767,5.9851,-0.31107,5.3382,0.048779,0.54859,-0.079784,0.0058,0.1096,48.709
23.807,6.1833,-0.33324,5.3659,0.034788,0.56866,-0.08636,0.0029,0.1064,50.432
23.847,6.4426,-0.24443,5.4721,0.13861,0.59716,-0.094732,0.0253,0.1143,47.89
23.887,6.6257,-0.29793,5.4461,0.099842,0.55301,-0.09098,0.0145,0.1077,50.576
23.927,6.8959,-0.19486,5.5844,0.26162,0.63906,-0.10915,0.0418,0.1175,47.579
23.967,7.0708,-0.26127,5.557,0.17661,0.6262,-0.1104,0.027,0.1092,50.914
24.007,7.2418,-0.34815,5.5065,0.067264,0.54469,-0.099438,0.0083,0.0994,55.402
24.047,7.4115,-0.45779,5.4258,-0.069839,0.46518,-0.087441,-0.016,0.0875,62.014
24.087,7.602,-0.50765,5.4262,-0.11642,0.476,-0.091842,-0.0246,0.0824,65.867
24.127,7.8358,-0.52369,5.4777,-0.10698,0.51145,-0.10103,-0.023,0.0817,67.06
24.167,8.0016,-0.60478,5.4272,-0.20848,0.47561,-0.09586,-0.0414,0.0727,74.707
24.207,8.2033,-0.67616,5.4311,-0.25811,0.49496,-0.10151,-0.0505,0.0677,80.314
24.247,8.385,-0.77648,5.4076,-0.35917,0.50556,-0.10525,-0.0691,0.0589,92.013
24.288,8.5838,-0.83211,5.4087,-0.41606,0.5144,-0.10848,-0.0794,0.0537,101.02
24.327,8.7927,-0.89134,5.4226,-0.44552,0.53076,-0.11315,-0.0846,0.0507,107.32
24.367,8.9739,-0.97886,5.3833,-0.5422,0.5009,-0.10776,-0.1026,0.0426,127.01
24.408,9.1269,-1.1339,5.2964,-0.6977,0.46017,-0.099744,-0.1325,0.0297,179.87
24.448,9.3191,-1.251,5.2876,-0.81186,0.50533,-0.11026,-0.1536,0.0208,257.19
24.488,9.5308,-1.284,5.3101,-0.81042,0.50409,-0.11063,-0.1528,0.0208,258.25
24.528,9.7416,-1.3129,5.3326,-0.80918,0.50288,-0.11089,-0.1519,0.0208,259.31
24.568,9.934,-1.3774,5.4067,-0.84557,0.67059,-0.1484,-0.1568,0.0186,294.21
24.608,10.165,-1.4038,5.4996,-0.82792,0.76149,-0.16913,-0.1514,0.0206,269.98
24.648,10.284,-1.6151,5.4966,-1.1207,0.96436,-0.21474,-0.2018,0.0007,8013.9
24.688,10.548,-1.61,5.6287,-1.1687,1.1383,-0.25406,-0.2041,0,Inf
24.728,10.749,-1.7379,5.6288,-1.2872,1.1484,-0.25692,-0.2246,-0.008,-721.76
24.768,10.957,-1.914,5.6238,-1.4667,1.2035,-0.27003,-0.2537,-0.0192,-302.71
24.808,11.148,-2.0546,5.6492,-1.641,1.3242,-0.2979,-0.28,-0.0292,-201.46
24.848,11.341,-2.2276,5.6094,-1.7898,1.202,-0.27078,-0.3054,-0.0388,-151.75
24.888,11.402,-2.3066,5.5565,-1.9075,1.1438,-0.25861,-0.3261,-0.0468,-125.53
24.928,11.608,-2.4017,5.5667,-2.0028,1.1542,-0.26167,-0.3402,-0.0518,-114.21
24.968,11.818,-2.5461,5.5069,-2.1398,1.0424,-0.23689,-0.365,-0.0614,-96.222
25.008,12.036,-2.6507,5.5424,-2.2387,1.1177,-0.25474,-0.3775,-0.0653,-91.539
25.048,12.239,-2.7883,5.5774,-2.368,1.1286,-0.25675,-0.3945,-0.0711,-85.222
25.088,12.45,-2.9533,5.5959,-2.5337,1.219,-0.27788,-0.4168,-0.079,-77.757
25.128,12.573,-3.1418,5.3029,-2.6658,0.61422,-0.14036,-0.4603,-0.0978,-60.688
25.168,13.137,-3.6969,5.0749,-3.441,0.96188,-0.21965,-0.5881,-0.153,-40.075
25.208,13.303,-3.9017,5.0191,-3.5778,0.92051,-0.21074,-0.6114,-0.1604,-38.428
25.248,13.443,-4.1674,4.8874,-4.1681,1.3782,-0.31625,-0.6925,-0.195,-32.94
25.288,13.61,-4.3204,4.8975,-4.2209,1.4143,-0.32523,-0.6971,-0.1936,-33.396
25.328,13.79,-4.4868,4.9104,-4.2916,1.4465,-0.33346,-0.7035,-0.1927,-33.843
25.368,13.963,-4.7224,4.8345,-4.6255,1.643,-0.38035,-0.7457,-0.2106,-31.77
25.408,14.152,-4.9039,4.8392,-4.7102,1.6663,-0.38676,-0.7539,-0.2103,-32.111
25.448,14.339,-5.094,4.8328,-4.8093,1.6864,-0.39273,-0.7645,-0.2114,-32.252
25.488,14.514,-5.2614,4.8002,-4.8194,1.5949,-0.37244,-0.7695,-0.2101,-32.375
25.528,14.688,-5.4129,4.7715,-4.8197,1.5047,-0.35239,-0.7733,-0.2079,-32.622
25.568,14.87,-5.6182,4.768,-4.8966,1.5317,-0.3598,-0.7813,-0.2077,-32.905
25.608,15.063,-5.803,4.7636,-5.1071,1.773,-0.41794,-0.8006,-0.2146,-32.544
25.648,15.241,-5.9803,4.7611,-5.1675,1.7844,-0.42174,-0.807,-0.2131,-32.973
25.688,15.407,-6.1414,4.7121,-5.1607,1.6383,-0.38827,-0.8127,-0.2116,-33.026
25.728,15.635,-6.4,4.8716,-5.259,1.8319,-0.42385,-0.8236,-0.2126,-33.719
25.768,15.786,-6.5387,4.6847,-5.2239,1.5152,-0.36096,-0.823,-0.2065,-33.98
25.808,15.991,-6.761,4.7872,-5.2433,1.5686,-0.36542,-0.8308,-0.2061,-34.449
25.848,16.158,-6.9323,4.649,-5.3065,1.4301,-0.34218,-0.8354,-0.2035,-34.668
25.888,16.345,-7.1409,4.6316,-5.3694,1.4206,-0.34078,-0.8432,-0.2032,-34.897
******-------------------------------------------------------------------------------------------------------------------****** 
TargetID: ID26
Relevancy: 0
tj = Inf
Label: -1
Comment: Target is irrelevant as it is not crossing the estimated holding line
DATA:
16.845,0,0,4.0394,-0.055192,2.6009,1.7877,0,0.1844,21.908
16.885,0.16344,0.00093971,4.1306,-0.022832,2.5934,1.7838,0.0074,0.1844,22.4
16.925,0.33042,0.0051147,4.2215,0.010603,2.5858,1.7798,0.0147,0.1844,22.893
16.965,0.50091,0.0061917,4.3121,0.045861,2.5779,1.7754,0.0222,0.1844,23.386
17.005,0.66714,0.016718,4.017,0.47196,2.4171,1.6647,0.024496,0.17367,23.289
17.045,0.82274,0.043238,3.7641,0.84395,2.2561,1.5538,0.026797,0.16293,23.677
17.085,0.96895,0.083511,3.5542,1.1607,2.0952,1.443,0.029096,0.15219,24.568
17.125,1.1079,0.13547,3.3867,1.423,1.9339,1.3319,0.0314,0.14142,25.975
17.165,1.2407,0.19669,3.2624,1.6298,1.773,1.2211,0.033699,0.13069,27.905
17.205,1.3698,0.26531,3.1806,1.7821,1.6116,1.1099,0.036004,0.11992,30.403
17.245,1.4959,0.3386,3.1419,1.8789,1.4509,0.99925,0.0383,0.10919,33.527
17.285,1.6213,0.41467,3.1459,1.9209,1.2902,0.88857,0.040596,0.098468,37.433
17.325,1.7482,0.4916,3.1927,1.908,1.1289,0.77749,0.0429,0.087704,42.408
17.365,1.8774,0.56664,3.282,1.8403,0.96819,0.66681,0.045196,0.076979,48.88
17.405,2.0113,0.63804,3.4144,1.7174,0.80711,0.55587,0.047498,0.06623,57.708
17.445,2.1514,0.70342,3.5896,1.5396,0.64603,0.44494,0.049799,0.055481,70.4
17.485,2.2991,0.7605,3.8073,1.3071,0.48518,0.33415,0.052097,0.044746,89.961
17.525,2.4568,0.80732,4.0686,1.0187,0.32383,0.22303,0.054402,0.033978,123.44
17.565,2.6251,0.84134,4.3712,0.67708,0.16328,0.11246,0.056696,0.023265,190.13
17.605,2.8071,0.86068,4.7181,0.27874,0.0019752,0.0013706,0.059,0.0125,378.11
17.645,3.0745,0.90477,5.0604,0.45721,0.0085986,0.0059656,0.0901,0.0207,245.46
17.685,3.3248,0.94187,5.2428,0.565,0.016499,0.011448,0.1074,0.0304,173.46
17.725,3.5989,0.99419,5.4344,0.71826,0.027305,0.018946,0.1315,0.0512,107.06
17.765,3.8462,1.0282,5.5164,0.76078,0.034859,0.024187,0.1371,0.0561,99.262
17.805,4.0889,1.0796,5.5838,0.86592,0.057983,0.040231,0.154,0.0817,69.162
17.845,4.3121,1.1144,5.5829,0.88458,0.058099,0.040312,0.1573,0.0817,69.187
17.885,4.5304,1.1579,5.5702,0.9344,0.063328,0.043939,0.1663,0.0923,61.192
17.925,4.7489,1.1971,5.5562,0.95933,0.059493,0.041279,0.1711,0.0941,59.919
17.965,4.9382,1.2343,5.4826,0.96475,0.036136,0.025074,0.1743,0.0904,61.58
18.005,5.1455,1.2699,5.4619,0.96479,0.032186,0.022333,0.1749,0.0837,66.266
18.045,5.3382,1.3116,5.4142,0.99211,0.031721,0.02201,0.1813,0.0877,62.763
18.085,5.5457,1.3468,5.3976,0.98839,0.023122,0.016044,0.1812,0.0801,68.506
18.125,5.7586,1.3714,5.3865,0.93966,-0.011503,-0.0079817,0.1727,0.0582,93.95
18.165,5.9438,1.394,5.3218,0.88602,-0.082139,-0.056999,0.1648,0.0379,142.35
18.205,6.1413,1.4201,5.2869,0.85356,-0.11954,-0.082957,0.1598,0.0258,207.57
18.245,6.343,1.4431,5.2579,0.80865,-0.1624,-0.1127,0.1522,0.011,483.61
18.285,6.5206,1.4518,5.1773,0.72208,-0.27294,-0.18945,0.1379,-0.0144,-363.02
18.325,6.706,1.4769,5.1241,0.7075,-0.31555,-0.21903,0.1364,-0.017,-304.28
18.365,6.8944,1.4938,5.0754,0.66564,-0.37288,-0.25885,0.1294,-0.0272,-188.19
18.406,7.03,1.5373,4.9234,0.71779,-0.48857,-0.33921,0.1434,-0.0082,-606.76
18.446,7.0909,1.5774,4.6105,0.74552,-0.79177,-0.54992,0.1579,0.0077,606.54
18.485,7.1927,1.6104,4.4021,0.74991,-0.97996,-0.68082,0.1655,0.015,297.7
18.526,7.2411,1.6338,4.0528,0.71985,-1.3627,-0.94741,0.1706,0.0178,231.25
18.565,7.3251,1.6617,3.8182,0.70754,-1.5747,-1.0954,0.1766,0.0228,170.32
18.606,7.3801,1.6748,3.4974,0.66014,-1.9196,-1.3367,0.1769,0.0206,172.77
18.646,7.4698,1.6978,3.3083,0.64298,-2.0541,-1.4312,0.1805,0.0231,145.9
18.686,7.5467,1.6951,3.0683,0.57591,-2.2969,-1.6031,0.1703,0.0096,325.2
18.726,7.6322,1.7124,2.8939,0.55522,-2.4011,-1.6775,0.1717,0.0103,286.08
18.766,7.7267,1.7212,2.7504,0.52303,-2.4763,-1.7321,0.1673,0.0049,571.37
18.806,7.8116,1.7148,2.5822,0.47272,-2.5971,-1.8208,0.1557,-0.0077,-340.92
18.846,7.868,1.6825,2.3318,0.39269,-2.8367,-2.0008,0.1307,-0.0331,-71.439
18.886,7.9312,1.6141,2.0912,0.2913,-3.0798,-2.2009,0.084,-0.0784,-26.932
18.926,8.0706,1.6346,2.1419,0.28386,-2.8827,-2.0535,0.0833,-0.0761,-28.392
18.966,8.2433,1.6407,2.267,0.25408,-2.6305,-1.8671,0.0713,-0.0847,-26.933
19.006,8.4172,1.6637,2.3935,0.24586,-2.3716,-1.6762,0.0698,-0.0829,-29.024
19.046,8.5881,1.6639,2.4976,0.21128,-2.1662,-1.5281,0.0565,-0.0921,-27.215
19.086,8.7572,1.6837,2.5979,0.20897,-1.9557,-1.3757,0.057,-0.0885,-29.45
19.126,8.9282,1.6996,2.6952,0.20771,-1.761,-1.2359,0.0575,-0.0853,-31.691
19.167,9.0348,1.705,2.6323,0.19671,-1.7604,-1.2364,0.0541,-0.0853,-30.945
19.206,9.1388,1.7097,2.5692,0.18621,-1.7595,-1.2368,0.0508,-0.0853,-30.199
19.246,9.2403,1.7135,2.5061,0.1763,-1.7584,-1.2371,0.0474,-0.0853,-29.453
19.286,9.3394,1.7173,2.443,0.1668,-1.7572,-1.2374,0.044,-0.0853,-28.707
19.326,9.436,1.7215,2.3799,0.15781,-1.7558,-1.2378,0.0406,-0.0853,-27.962
19.366,9.53,1.7251,2.3167,0.14935,-1.7542,-1.2381,0.0372,-0.0853,-27.215
19.406,9.6216,1.7286,2.2534,0.14132,-1.7523,-1.2384,0.0337,-0.0853,-26.469
19.446,9.7105,1.7305,2.1901,0.1341,-1.7503,-1.2387,0.0304,-0.0853,-25.724
19.486,9.7968,1.7326,2.1269,0.12734,-1.7479,-1.2389,0.027,-0.0853,-24.979
******-------------------------------------------------------------------------------------------------------------------****** 
TargetID: ID27
Relevancy: 0
tj = Inf
Label: -1
Comment: Target is irrelevant as it is not crossing the estimated holding line
DATA:
20.646,0,0,5.6647,-0.0083142,0.47962,0.19346,0,0.0074,765.5
20.686,0.17467,0.030383,3.4071,1.319,-0.015141,-0.0063599,0.012626,0.014662,249.18
20.726,0.29926,0.088797,3.1542,1.3906,-0.51038,-0.20637,0.025264,0.021932,157.17
20.766,0.45386,0.12491,4.9084,0.20495,-1.0055,-0.40634,0.0379,0.0292,168.24
20.806,0.60106,0.1278,3.0358,-0.0042238,-1.0968,-0.44575,0.034596,0.026647,113.93
20.846,0.74476,0.12909,4.7483,0.1252,-1.1878,-0.48506,0.0313,0.0241,197.09
20.886,0.89267,0.14709,4.6874,0.12968,-1.1311,-0.46176,0.0325,0.024,195.38
20.926,1.0768,0.15332,4.6497,0.13278,-1.1306,-0.46161,0.0334,0.024,193.82
20.966,1.2592,0.15893,4.612,0.13599,-1.1301,-0.46146,0.0344,0.024,192.25
21.006,1.4397,0.16377,4.5742,0.13924,-1.1296,-0.46132,0.0355,0.024,190.68
21.046,1.6305,0.12967,4.5742,0.13924,NaN,NaN,0.039627,NaN,NaN
21.086,1.8219,0.095468,4.5742,0.13924,NaN,NaN,0.043767,NaN,NaN
21.126,2.0137,0.061198,4.5742,0.13924,NaN,NaN,0.047916,NaN,NaN
21.166,2.2047,0.027064,4.5742,0.13924,NaN,NaN,0.052047,NaN,NaN
21.206,2.3959,-0.0070941,4.5742,0.13924,NaN,NaN,0.056182,NaN,NaN
21.246,2.5876,-0.041362,4.5742,0.13924,NaN,NaN,0.06033,NaN,NaN
21.286,2.7785,-0.075473,4.5742,0.13924,NaN,NaN,0.064459,NaN,NaN
21.327,2.9704,-0.10975,4.5742,0.13924,NaN,NaN,0.068609,NaN,NaN
21.366,3.1615,-0.1439,4.5742,0.13924,NaN,NaN,0.072742,NaN,NaN
21.407,3.3529,-0.17811,4.5742,0.13924,NaN,NaN,0.076883,NaN,NaN
21.447,3.5448,-0.2124,4.5742,0.13924,NaN,NaN,0.081034,NaN,NaN
21.486,3.7352,-0.24641,4.5742,0.13924,NaN,NaN,0.085151,NaN,NaN
21.526,3.9265,-0.28059,4.5742,0.13924,NaN,NaN,0.089288,NaN,NaN
21.567,4.118,-0.31482,4.5742,0.13924,NaN,NaN,0.093431,NaN,NaN
21.607,4.3092,-0.34899,4.5742,0.13924,NaN,NaN,0.097568,NaN,NaN
21.647,4.5009,-0.38324,4.5742,0.13924,NaN,NaN,0.10171,NaN,NaN
21.687,4.6918,-0.41736,4.5742,0.13924,NaN,NaN,0.10584,NaN,NaN
21.727,4.8837,-0.45163,4.5742,0.13924,NaN,NaN,0.10999,NaN,NaN
21.767,5.0746,-0.48576,4.5742,0.13924,NaN,NaN,0.11412,NaN,NaN
21.807,5.2664,-0.52003,4.5742,0.13924,NaN,NaN,0.11827,NaN,NaN
21.847,5.4575,-0.55418,4.5742,0.13924,NaN,NaN,0.12241,NaN,NaN
21.887,5.6485,-0.5883,4.5742,0.13924,NaN,NaN,0.12654,NaN,NaN
21.927,5.8403,-0.62258,4.5742,0.13924,NaN,NaN,0.13069,NaN,NaN
21.967,6.0314,-0.65672,4.5742,0.13924,NaN,NaN,0.13482,NaN,NaN
22.007,6.2231,-0.69097,4.5742,0.13924,NaN,NaN,0.13896,NaN,NaN
22.047,6.4144,-0.72516,4.5742,0.13924,NaN,NaN,0.1431,NaN,NaN
22.087,6.6054,-0.75928,4.5742,0.13924,NaN,NaN,0.14723,NaN,NaN
22.127,6.7969,-0.79351,4.5742,0.13924,NaN,NaN,0.15138,NaN,NaN
22.167,6.988,-0.82765,4.5742,0.13924,NaN,NaN,0.15551,NaN,NaN
22.207,7.1795,-0.86188,4.5742,0.13924,NaN,NaN,0.15965,NaN,NaN
22.247,7.371,-0.8961,4.5742,0.13924,NaN,NaN,0.16379,NaN,NaN
22.287,7.5621,-0.93024,4.5742,0.13924,NaN,NaN,0.16793,NaN,NaN
22.327,7.7536,-0.96447,4.5742,0.13924,NaN,NaN,0.17207,NaN,NaN
22.367,7.9446,-0.99859,4.5742,0.13924,NaN,NaN,0.1762,NaN,NaN
22.407,8.1363,-1.0328,4.5742,0.13924,NaN,NaN,0.18035,NaN,NaN
22.447,8.3283,-1.0672,NaN,NaN,NaN,NaN,0.1845,NaN,NaN
22.487,8.0712,-2.2889,NaN,NaN,NaN,NaN,5.1887,NaN,NaN
22.527,8.2585,-2.2689,NaN,NaN,NaN,NaN,5.4431,NaN,NaN
22.567,8.3756,-2.4856,NaN,NaN,NaN,NaN,5.4635,NaN,NaN
22.607,8.5637,-2.5645,NaN,NaN,NaN,NaN,5.5488,NaN,NaN
******-------------------------------------------------------------------------------------------------------------------****** 
TargetID: ID03
Relevancy: 0
tj = Inf
Label: -1
Comment: Target is irrelevant as it is not crossing the estimated holding line
DATA:
13.605,0,0,3.1288,-0.039605,2.3547,0.47563,0,0.0565,55.382
13.644,0.066205,0.025244,3.0446,-0.038232,2.1581,0.43572,-0.0003,0.0561,54.274
13.685,0.0031632,-0.0084732,2.6835,-0.041227,1.5379,0.31022,-0.004,0.0544,49.334
13.725,0.12137,-0.012098,2.7538,-0.035931,1.5549,0.31337,-0.0022,0.0543,50.718
13.765,0.27559,0.086959,2.8837,0.01353,1.7151,0.34565,0.0147,0.0586,49.211
13.804,0.29203,0.10516,2.6944,0.010829,1.3982,0.28152,0.0134,0.0578,46.617
13.845,0.49793,0.16846,2.957,0.048987,1.7076,0.34373,0.0254,0.0607,48.722
13.885,0.45968,0.17836,2.6321,0.053853,1.192,0.23988,0.0281,0.0608,43.3
13.925,0.48151,0.17827,2.4693,0.059459,0.91254,0.18377,0.0307,0.0607,40.692
13.964,0.70696,0.24337,2.7793,0.10198,1.3155,0.26495,0.0436,0.0638,43.593
14.005,0.79588,0.2663,2.7553,0.1186,1.2238,0.2465,0.0493,0.0647,42.626
14.045,0.98835,0.3393,2.9743,0.17363,1.4894,0.30006,0.0642,0.0682,43.686
14.085,0.97864,0.40153,2.7392,0.22243,1.1345,0.22861,0.0856,0.073,37.647
14.124,0.89136,0.44534,2.317,0.21262,0.57828,0.11655,0.0945,0.0746,31.19
14.165,1.0314,0.43403,2.4394,0.22137,0.68244,0.13754,0.0937,0.0736,33.28
14.204,1.1305,0.44293,2.4638,0.23123,0.6809,0.13723,0.0966,0.0736,33.623
14.244,1.2087,0.47256,2.4537,0.27386,0.65924,0.13249,0.1136,0.0771,32.023
14.284,1.3283,0.47155,2.5333,0.2842,0.69275,0.13963,0.1141,0.0764,33.366
14.324,1.432,0.48418,2.5583,0.29521,0.69095,0.13919,0.1171,0.0764,33.708
14.365,1.5351,0.4952,2.5833,0.30652,0.68914,0.13883,0.1202,0.0764,34.05
14.405,1.8605,0.49383,3.0874,0.35679,1.1676,0.23591,0.1177,0.0749,41.495
14.445,1.9852,0.50886,3.1291,0.37154,1.1646,0.23523,0.1206,0.0749,42.07
14.485,2.3047,0.54857,3.527,0.43343,1.5547,0.31319,0.1247,0.0753,47.192
14.525,2.0588,0.67044,2.4863,0.43014,0.10093,0.020333,0.1714,0.0875,28.837
14.565,2.3187,0.74227,2.6571,0.50615,0.15375,0.030975,0.1883,0.0912,29.658
14.605,2.4666,0.77681,2.7073,0.53578,0.17274,0.034802,0.1954,0.0922,29.933
14.645,2.6472,0.82741,2.7969,0.58361,0.22126,0.044577,0.2057,0.094,30.395
14.684,2.8411,0.88587,2.9042,0.64054,0.28878,0.05818,0.2169,0.096,30.979
14.724,3.0351,0.94277,3.0125,0.69726,0.36087,0.072704,0.2272,0.0977,31.649
14.764,3.3364,1.0684,3.2708,0.83553,0.56981,0.1148,0.2494,0.1025,32.935
14.805,3.496,1.1137,3.3313,0.87246,0.60226,0.12134,0.2554,0.103,33.433
14.844,3.6466,1.161,3.3803,0.90787,0.62681,0.12628,0.2615,0.1036,33.784
14.885,3.7873,1.2002,3.4118,0.93305,0.63277,0.12749,0.266,0.1036,34.142
14.924,3.9397,1.2575,3.4631,0.97616,0.66051,0.13308,0.2737,0.1045,34.431
14.965,4.0832,1.3034,3.493,1.0034,0.66371,0.13372,0.2787,0.1048,34.678
15.005,4.2397,1.3635,3.5461,1.0481,0.69034,0.13909,0.2862,0.1056,35.017
15.044,4.3817,1.406,3.5716,1.0722,0.68674,0.13836,0.2904,0.1056,35.313
15.085,4.5724,1.4784,3.6836,1.1399,0.7687,0.15488,0.2987,0.1066,36.172
15.124,4.7207,1.5251,3.7123,1.1662,0.76455,0.15404,0.303,0.1066,36.503
15.164,4.9565,1.7557,3.8064,1.3674,0.82475,0.16682,0.343,0.1157,34.958
15.204,5.1524,1.8374,3.931,1.4469,0.88587,0.17852,0.3507,0.1165,35.956
15.244,5.2226,1.8678,3.8015,1.4156,0.7358,0.14827,0.3546,0.1164,34.85
15.285,5.3989,2.0024,3.9265,1.607,0.77449,0.15524,0.3863,0.1237,34.298
15.324,5.5198,2.0555,3.8645,1.6042,0.70925,0.14295,0.3914,0.1238,33.798
15.364,5.6872,2.205,3.9584,1.7984,0.72362,0.14486,0.4241,0.1314,33.088
15.404,5.8186,2.2751,3.9072,1.8082,0.67244,0.13556,0.4312,0.1319,32.641
15.444,5.8998,2.3237,3.7877,1.7826,0.54883,0.11063,0.4378,0.1323,31.642
******-------------------------------------------------------------------------------------------------------------------****** 
TargetID: ID28
Target can not be processed due to lack of Data
******-------------------------------------------------------------------------------------------------------------------****** 
TargetID: ID30
Target can not be processed due to lack of Data
******-------------------------------------------------------------------------------------------------------------------****** 
TargetID: ID04
Relevancy: 0
tj = Inf
Label: -1
Comment: Target is irrelevant as it is not crossing the estimated holding line
DATA:
4.0412,0,0,5.048,0.001904,-0.12952,-0.078262,0,-0.1396,-36.16
4.0812,0.19904,0.032984,4.9325,1.2462,-0.13796,-0.083727,0.0092587,-0.12849,-39.595
4.1212,0.39729,0.067741,5.0269,0.095261,-0.14638,-0.089182,0.0185,-0.1174,-42.826
4.1613,0.61659,0.07721,5.6831,0.30227,-0.17719,-0.10843,0.015392,-0.116,-49.063
4.2012,0.83452,0.086009,5.014,0.064759,-0.20785,-0.12759,0.0123,-0.1146,-43.756
4.2412,1.0465,0.095729,5.0247,0.060608,-0.1674,-0.10324,0.0116,-0.1117,-44.987
4.2812,1.2479,0.11273,5.0173,0.068271,-0.16862,-0.10449,0.0131,-0.1074,-46.721
4.3212,1.4196,0.11711,4.9949,0.04504,-0.20443,-0.12734,0.0096,-0.107,-46.683
4.3623,1.6201,0.13649,4.9792,0.070744,-0.20591,-0.12883,0.0136,-0.1013,-49.158
4.4014,1.8207,0.14981,4.971,0.07106,-0.2067,-0.12996,0.0137,-0.0985,-50.472
4.4413,2.0231,0.1565,5.1188,0.21269,-0.18592,-0.11747,0.011602,-0.097251,-52.68
4.4813,2.226,0.16272,4.9815,0.047288,-0.1651,-0.10496,0.0095,-0.096,-51.893
4.5213,2.4207,0.17739,4.9695,0.048948,-0.166,-0.10599,0.0093,-0.0935,-53.153
4.5614,2.6586,0.18763,5.1139,0.048846,0.22189,0.14225,0.0089,-0.0915,-55.892
4.6014,2.8444,0.19371,5.1087,0.036378,0.18592,0.11992,0.0077,-0.0901,-56.702
4.6413,3.0441,0.19767,5.0566,0.025353,0.040337,0.026159,0.0049,-0.0895,-56.499
4.6814,3.2315,0.19846,4.9972,0.007228,-0.11814,-0.076952,0.0018,-0.0891,-56.086
4.7214,3.4398,0.21891,5.0472,0.026803,0.029692,0.019453,0.0054,-0.0848,-59.52
4.7614,3.6603,0.22862,5.1902,0.043986,0.50371,0.33107,0.007,-0.0821,-63.22
4.8014,3.8556,0.24515,5.1741,0.047844,0.40559,0.26775,0.0092,-0.0787,-65.748
4.8414,4.0676,0.27678,5.2292,0.07354,0.54642,0.36181,0.0157,-0.0731,-71.542
4.8815,4.2756,0.2997,5.2885,0.098259,0.63308,0.42239,0.0204,-0.0688,-76.881
4.9214,4.4632,0.31661,5.2707,0.12742,0.60546,0.40523,0.0224,-0.0662,-79.641
4.9615,4.6611,0.34639,5.2427,0.14658,0.41856,0.2818,0.0292,-0.0609,-86.12
5.0015,4.8573,0.36637,5.2001,0.17284,0.28201,0.19062,0.0324,-0.0577,-90.173
5.0415,5.0703,0.39656,5.2164,0.19813,0.28288,0.19211,0.0388,-0.0529,-98.68
5.0815,5.2821,0.42324,5.2191,0.21008,0.27987,0.19046,0.0411,-0.0504,-103.64
5.1215,5.4976,0.4403,5.237,0.2218,0.28002,0.19152,0.0432,-0.0481,-108.97
5.1615,5.7138,0.45914,5.2479,0.22478,0.28197,0.19343,0.0436,-0.0468,-112.24
5.2015,5.9188,0.47822,5.2599,0.2309,0.28636,0.19704,0.0447,-0.0452,-116.48
5.2416,6.1342,0.50296,5.2712,0.24705,0.29088,0.2007,0.0477,-0.0426,-123.87
5.2816,6.3555,0.50893,5.2861,0.2208,0.29635,0.205,0.0426,-0.0443,-119.43
5.3216,6.5543,0.53889,5.2967,0.239,0.29924,0.20753,0.046,-0.0416,-127.45
5.3616,6.7738,0.55468,5.3082,0.24149,0.30185,0.20997,0.0463,-0.0405,-131.2
5.4016,6.994,0.57261,5.3206,0.24539,0.30539,0.21306,0.047,-0.0393,-135.53
5.4416,7.2009,0.60974,5.3289,0.28087,0.32393,0.22659,0.0517,-0.036,-148.23
5.4816,7.4441,0.63572,5.411,0.27695,0.38744,0.2726,0.0522,-0.0348,-155.69
5.5217,7.6485,0.67274,5.3891,0.30303,0.33048,0.23273,0.0571,-0.0315,-171.35
5.5617,7.87,0.69308,5.3909,0.31828,0.34147,0.24093,0.058,-0.0304,-177.64
5.6017,8.0899,0.70083,5.4154,0.29739,0.34157,0.24181,0.0558,-0.0309,-175.52
5.6417,8.2978,0.71632,5.4279,0.29247,0.34163,0.24247,0.0548,-0.0308,-176.49
5.6817,8.5051,0.73362,5.3868,0.29471,0.19357,0.13786,0.0552,-0.0299,-180.43
5.7217,8.7177,0.75798,5.3615,0.31154,0.11318,0.080882,0.0577,-0.0281,-191.12
5.7617,8.932,0.78339,5.3903,0.31723,0.18764,0.13449,0.0588,-0.027,-199.98
5.8019,9.1516,0.81005,5.4056,0.33208,0.22217,0.15982,0.0613,-0.0252,-214.91
5.8424,9.3624,0.83739,5.4182,0.3443,0.24,0.17328,0.0635,-0.0236,-230.05
5.8824,9.5877,0.8672,5.4728,0.3545,0.35965,0.26081,0.0657,-0.0221,-248.16
5.9224,9.8144,0.87918,5.5414,0.36358,0.48044,0.35118,0.0642,-0.0224,-247.92
5.9625,10.035,0.89907,5.5582,0.37691,0.48091,0.35257,0.0677,-0.0204,-273.09
6.0024,10.258,0.91759,5.5915,0.38487,0.52026,0.38326,0.0673,-0.0202,-277.46
6.0425,10.475,0.93411,5.5914,0.37106,0.516,0.37988,0.0676,-0.0197,-284.45
6.0824,10.701,0.94183,5.5838,0.31989,0.47696,0.35157,0.0585,-0.0233,-240.04
6.1226,10.915,0.95886,5.6208,0.30502,0.49474,0.36721,0.0556,-0.0242,-232.61
6.1625,11.144,0.96178,5.643,0.28994,0.50344,0.37521,0.0527,-0.0251,-225.12
6.2026,11.369,0.97439,5.6608,0.29065,0.50273,0.37617,0.0527,-0.0247,-229.48
6.2425,11.585,0.99828,5.6852,0.30218,0.52556,0.3948,0.0545,-0.0233,-244.34
6.2825,11.821,1.0177,5.7257,0.30235,0.5339,0.40392,0.0542,-0.023,-249.29
6.3225,12.049,1.0356,5.7271,0.30286,0.53433,0.40457,0.0543,-0.0225,-254.89
6.3627,12.253,1.0427,5.666,0.29101,0.36791,0.27948,0.0503,-0.0238,-238.38
******-------------------------------------------------------------------------------------------------------------------****** 
TargetID: ID32
Relevancy: 0
tj = Inf
Label: -1
Comment: Target is irrelevant as it is not crossing the estimated holding line
DATA:
7.7231,0,0,5.9771,-0.0027349,0.081408,0.11894,0,-0.1269,-47.101
7.7633,0.26501,-0.010901,6.0173,-0.056143,0.12468,0.18294,-0.0087,-0.1287,-46.756
7.8032,0.5005,-0.016888,6.037,-0.088115,0.14042,0.20698,-0.0139,-0.1288,-46.876
7.8431,0.71514,0.015358,5.9732,-0.057535,0.057605,0.085348,-0.0093,-0.1237,-48.29
7.8824,0.93409,0.11983,5.9148,0.081258,-0.019784,-0.029469,0.0136,-0.1089,-54.319
7.9231,1.0833,0.14019,2.0246,0.80125,-0.35088,-0.54475,0.016633,-0.10516,-20.705
7.9632,1.1476,0.17496,1.7769,0.81897,-0.67693,-1.0522,0.019619,-0.10148,-19.281
8.0032,1.2729,0.19668,5.076,0.15251,-1.0024,-1.5587,0.0226,-0.0978,-51.925
8.0432,1.2479,0.17584,4.9692,0.13936,-0.91779,-1.4348,0.0082,-0.1027,-48.404
8.0832,1.3506,0.19261,4.9389,0.16855,-0.96993,-1.5686,0.0081,-0.1002,-49.319
8.1232,1.5289,0.23525,4.8853,0.19339,-0.94778,-1.5384,0.0136,-0.0946,-51.682
8.1633,1.7206,0.22251,4.8701,0.15074,-0.86212,-1.3984,0.0071,-0.0958,-50.86
8.2024,1.9577,0.12103,4.9557,-0.0090478,-0.67323,-1.082,-0.02,-0.1086,-45.633
8.2423,2.1128,0.17939,4.7014,-0.041549,-0.77586,-1.1812,-0.0088,-0.0997,-47.158
8.2832,2.2717,0.2226,4.8047,0.087042,-0.68441,-1.1108,-0.0014,-0.0924,-52.008
8.3232,2.4583,0.20848,4.8104,0.045028,-0.57537,-0.92966,-0.007,-0.093,-51.727
8.3632,2.6441,0.18708,4.7975,0.0039154,-0.52539,-0.84875,-0.0143,-0.0947,-50.661
8.4032,2.8529,0.16854,4.7991,-0.0406,-0.49144,-0.7939,-0.0227,-0.0974,-49.274
8.4432,3.0459,0.14347,4.8243,-0.092888,-0.3763,-0.60419,-0.03,-0.099,-48.74
8.4833,3.2414,0.10203,4.7974,-0.1481,-0.42659,-0.6893,-0.0433,-0.1043,-46.018
8.5233,3.4495,0.060013,4.7685,-0.20547,-0.49825,-0.8118,-0.058,-0.1104,-43.233
8.5633,3.6626,0.0091191,4.8098,-0.28853,-0.38521,-0.62336,-0.0713,-0.1149,-41.936
8.6033,3.8461,-0.0068429,4.7872,-0.30854,-0.38419,-0.6229,-0.0758,-0.1149,-41.75
8.6433,4.0332,-0.022815,4.7645,-0.32899,-0.38329,-0.62221,-0.0805,-0.1149,-41.566
8.6833,4.2213,-0.039015,4.7418,-0.34883,-0.38252,-0.62159,-0.0852,-0.1149,-41.38
8.7232,4.409,-0.056855,4.7189,-0.36813,-0.38181,-0.62093,-0.0897,-0.1149,-41.195
8.7634,4.5893,-0.075589,4.696,-0.38787,-0.38123,-0.6202,-0.0944,-0.1149,-41.009
8.8034,4.7745,-0.094149,4.673,-0.40722,-0.38065,-0.61947,-0.099,-0.1149,-40.824
8.8475,4.9601,-0.11344,4.6498,-0.42623,-0.38013,-0.6187,-0.1036,-0.1149,-40.638
8.8832,5.1451,-0.13403,4.6267,-0.44476,-0.37967,-0.61789,-0.1082,-0.1149,-40.453
8.9233,5.3223,-0.15558,4.6035,-0.46373,-0.3794,-0.61697,-0.1128,-0.1149,-40.268
8.9635,5.5047,-0.17755,4.5802,-0.48189,-0.37926,-0.61613,-0.1174,-0.1149,-40.082
9.0033,5.6813,-0.20168,4.5568,-0.49989,-0.37925,-0.61521,-0.122,-0.1149,-39.897
******-------------------------------------------------------------------------------------------------------------------****** 
TargetID: ID33
Target can not be processed due to lack of Data
******-------------------------------------------------------------------------------------------------------------------****** 
TargetID: ID36
Relevancy: 0
tj = Inf
Label: -1
Comment: Target is irrelevant as it is not crossing the estimated holding line
DATA:
18.125,NaN,NaN,NaN,NaN,NaN,NaN,0,NaN,NaN
18.165,NaN,NaN,NaN,NaN,NaN,NaN,-0.1828,NaN,NaN
18.205,NaN,NaN,NaN,NaN,NaN,NaN,-0.3559,NaN,NaN
18.245,NaN,NaN,NaN,NaN,NaN,NaN,-0.3402,NaN,NaN
18.285,NaN,NaN,4.8138,-0.9249,0.19528,0.025873,-0.1844,0.0183,267.86
18.325,NaN,NaN,4.9019,-0.74064,0.31037,0.041068,-0.1424,0.0313,158.39
18.365,NaN,NaN,4.9136,-0.73551,0.30938,0.040945,-0.1411,0.0313,158.73
18.406,NaN,NaN,5.011,-0.7599,0.69696,0.091195,-0.1348,0.023,220.36
18.446,NaN,NaN,0.6904,0.86114,1.0771,0.14036,-0.11177,0.075373,14.644
18.485,NaN,NaN,5.2704,-0.61413,1.4563,0.18939,-0.0888,0.1276,41.584
18.526,NaN,NaN,5.1454,-0.76336,0.99253,0.12906,-0.1249,0.0835,62.296
18.565,NaN,NaN,5.1236,-0.6189,0.64188,0.084526,-0.1064,0.1168,44.186
18.606,NaN,NaN,5.1273,-0.51476,0.49262,0.065226,-0.0902,0.1423,36.213
18.646,NaN,NaN,5.09,-0.32571,0.15746,0.021049,-0.0668,0.1996,25.553
18.686,NaN,NaN,5.0792,-0.3398,0.11429,0.015262,-0.0647,0.1921,26.5
18.726,NaN,NaN,5.2403,-0.084387,0.36571,0.048857,-0.021,0.2525,20.756
18.766,NaN,NaN,5.0592,-0.38775,0.039395,0.0052671,-0.0757,0.1616,31.398
18.806,NaN,NaN,5.022,-0.4234,-0.031955,-0.0042787,-0.0848,0.1406,35.845
18.846,NaN,NaN,4.833,-0.57913,-0.39495,-0.053579,-0.1298,0.077,63.215
18.886,NaN,NaN,4.8068,-0.58998,-0.42237,-0.057393,-0.1337,0.0686,70.596
18.926,NaN,NaN,4.454,-0.92032,-1.0148,-0.14979,-0.2499,-0.0823,-55.263
18.966,NaN,NaN,4.4662,-0.90027,-0.92967,-0.1353,-0.2398,-0.0656,-69.451
19.006,NaN,NaN,4.4002,-0.91876,-1.0055,-0.14891,-0.2531,-0.0783,-57.409
19.046,NaN,NaN,4.0108,-1.3259,-1.611,-0.24313,-0.3193,-0.1493,-28.294
19.086,NaN,NaN,3.9088,-1.4605,-1.6079,-0.24739,-0.3576,-0.1857,-22.47
19.126,NaN,NaN,3.9998,-1.0908,-1.5489,-0.29889,-0.3883,-0.2115,-19.602
19.167,NaN,NaN,3.9565,-1.0992,-1.5473,-0.30531,-0.3981,-0.2129,-19.288
19.206,NaN,NaN,3.8931,-1.1586,-1.5564,-0.32648,-0.4287,-0.2361,-17.204
19.246,NaN,NaN,3.8564,-1.1525,-1.5375,-0.32506,-0.4317,-0.2278,-17.669
******-------------------------------------------------------------------------------------------------------------------****** 
TargetID: ID37
Relevancy: 0
tj = Inf
Label: -1
Comment: Target is irrelevant as it is not crossing the estimated holding line
DATA:
21.447,0,0,4.6361,0.0001076,0.82914,1.2975,0,-0.1318,-35.175
21.486,0.13789,0.0054966,2.52,0.24142,0.78698,1.1976,-0.00059765,-0.12722,-19.899
21.526,0.21919,0.016519,1.7753,0.2747,0.7446,1.0972,-0.0011982,-0.12261,-14.652
21.567,0.29853,0.024684,2.4176,0.097913,0.70217,0.99665,-0.0017995,-0.118,-20.504
21.607,0.43115,0.021572,4.4447,-0.28843,0.6598,0.89627,-0.0024,-0.1134,-39.277
21.647,0.61241,0.017713,4.6582,-0.033051,0.62754,0.96583,-0.0071,-0.1134,-41.078
21.687,0.66673,-0.00091875,4.4904,-0.32858,0.66039,0.89305,-0.0091,-0.1012,-44.49
21.727,0.86183,0.0044138,4.7535,-0.18031,0.68203,1.0479,-0.0379,-0.1454,-32.716
21.767,0.60602,0.012547,4.5839,-0.61141,0.73995,0.95956,-0.0438,-0.1502,-30.789
21.807,0.76462,-0.0028776,4.4397,-0.56556,0.70299,0.88561,-0.0394,-0.1317,-33.983
21.847,0.80363,-0.0017063,4.6379,-0.70224,0.73807,0.94628,-0.0572,-0.153,-30.658
21.887,0.97122,-0.016151,4.6372,-0.5149,0.64475,0.84154,-0.0288,-0.0988,-47.224
21.927,1.1338,-0.027655,4.6634,-0.47324,0.65654,0.85611,-0.0192,-0.0753,-62.249
21.967,1.2714,-0.043748,4.6426,-0.386,0.57507,0.75791,-0.0101,-0.0548,-85.011
22.007,1.3977,-0.061066,4.5679,-0.40984,0.70113,0.87901,-0.0014,-0.0355,-129.19
22.047,1.572,-0.065334,4.7512,-0.48488,0.73728,0.94506,-0.0136,-0.0484,-98.675
22.087,2.2099,-0.078289,4.7633,-0.45048,0.68674,0.9013,-0.0288,-0.0651,-73.495
22.127,2.3337,-0.093486,4.7449,-0.41242,0.6066,0.79848,-0.0272,-0.0585,-81.415
22.167,2.4869,-0.11011,4.7622,-0.52349,0.59577,0.77784,-0.0503,-0.0842,-56.899
22.207,2.6339,-0.12922,4.7794,-0.59047,0.59437,0.76917,-0.0636,-0.0956,-50.374
22.247,2.7623,-0.14341,4.7186,-0.41335,0.44427,0.5821,-0.0412,-0.0638,-74.242
22.287,2.9235,-0.1602,4.7329,-0.46707,0.4436,0.57521,-0.0522,-0.0731,-65.059
22.327,3.0893,-0.18946,4.7978,-0.67269,0.54506,0.6886,-0.0843,-0.1059,-45.748
22.367,3.2498,-0.22249,4.8445,-0.76431,0.63332,0.78157,-0.0941,-0.1111,-44.144
22.407,3.4323,-0.26981,4.9409,-0.99658,0.82826,0.98482,-0.1218,-0.1359,-37.089
22.447,3.5961,-0.29073,5.0917,-1.0721,0.78845,0.95254,-0.1365,-0.1454,-35.787
22.487,3.8082,-0.30665,5.1263,-1.2779,0.82176,0.97276,-0.1732,-0.1764,-29.95
22.527,4.0167,-0.32425,5.1911,-1.7077,0.94128,1.0781,-0.2416,-0.2365,-23.107
22.567,4.2347,-0.3851,5.2334,-1.8631,1.0048,1.1262,-0.2648,-0.2496,-22.256
22.607,4.3988,-0.44514,5.0633,-1.7692,0.9489,1.026,-0.2603,-0.2352,-22.804
22.647,4.6221,-0.51252,5.2382,-1.8572,0.96205,1.0488,-0.2692,-0.2347,-23.68
22.687,4.8047,-0.57188,5.2985,-2.0144,1.0801,1.1446,-0.2862,-0.2413,-23.491
22.727,5.0351,-0.64446,5.3173,-2.0607,1.0785,1.1244,-0.2952,-0.2406,-23.702
22.767,5.2166,-0.70128,5.3145,-2.0209,1.0706,1.0977,-0.2901,-0.2266,-25.092
22.807,5.4153,-0.76595,5.3175,-2.0159,1.0613,1.07,-0.2911,-0.2191,-25.955
22.847,5.5719,-0.81593,5.2665,-1.9235,0.95319,0.9498,-0.2848,-0.2054,-27.297
22.887,5.7675,-0.87763,5.258,-1.9347,0.91022,0.89174,-0.2905,-0.2033,-27.559
22.927,5.9777,-0.94838,5.2766,-1.9855,0.91934,0.88278,-0.2986,-0.2033,-27.732
22.967,6.182,-1.0208,5.295,-2.0364,0.92838,0.87373,-0.3067,-0.2033,-27.905
23.007,6.2078,-1.0066,4.915,-1.6241,0.31644,0.30481,-0.2938,-0.1862,-27.8
23.047,6.3728,-1.0694,4.8991,-1.4281,0.20939,0.21068,-0.3017,-0.187,-27.289
23.087,6.4288,-1.0935,4.5258,-1.3192,-0.20828,-0.20343,-0.3044,-0.1839,-25.634
23.127,6.5698,-1.1422,4.1833,-0.62921,-0.67004,-0.68277,-0.2321,-0.1128,-37.503
23.167,6.6356,-1.1604,3.9167,-0.41125,-0.88745,-0.93245,-0.2351,-0.1116,-35.289
******-------------------------------------------------------------------------------------------------------------------****** 
TargetID: ID05
Target can not be processed due to lack of Data
******-------------------------------------------------------------------------------------------------------------------****** 
TargetID: ID39
Target can not be processed due to lack of Data
******-------------------------------------------------------------------------------------------------------------------****** 
TargetID: ID40
Relevancy: 0
tj = Inf
Label: -1
Comment: Target is irrelevant as it is not crossing the estimated holding line
DATA:
16.445,0,0,5.8211,-0.0657,1.5437,0.25672,0,0.0137,424.92
16.485,0.19547,-0.034811,5.8094,-0.11266,1.4646,0.24352,-0.0081,0.0108,538
16.525,0.48899,0.0010351,5.9796,-0.052187,1.6252,0.27031,0.0024,0.0142,421.12
16.565,0.70109,-0.019103,5.9843,-0.078757,1.5569,0.25893,-0.0022,0.0124,482.64
16.605,0.9702,-0.021516,7.33,-0.047708,1.2971,0.21571,-0.040826,0.02933,249.92
16.645,1.2775,-0.023394,7.8564,-0.051842,1.0366,0.1724,-0.07954,0.046299,169.69
16.685,1.5879,-0.026128,7.5628,-0.090993,0.77748,0.1293,-0.11807,0.063185,119.7
16.725,1.8711,-0.031143,6.449,-0.16539,0.51749,0.086063,-0.15672,0.080126,80.512
16.765,2.0931,-0.039824,4.5184,-0.27476,0.25793,0.042895,-0.1953,0.097039,46.649
16.805,2.2217,-0.053624,1.761,-0.41964,-0.0023714,-0.00039516,-0.234,0.114,15.88
16.845,2.2918,-0.070496,1.7628,-0.41146,-0.0023714,-0.00039516,-0.2294,0.114,15.879
16.885,2.1299,0.15243,2.4208,-0.63315,0.75286,0.13862,-0.2494,0.0202,123.87
16.925,2.2238,0.13009,2.4426,-0.63657,0.75202,0.13816,-0.2487,0.0202,124.96
16.965,2.3634,0.090068,2.7057,-0.77238,2.6582,0.43484,-0.2606,0.0064,439.65
17.005,2.6184,0.04856,2.0453,-0.29549,-1.3176,-0.18929,-0.1549,0.0645,32.039
17.045,2.7062,0.035231,2.0028,-0.2834,-1.3162,-0.1884,-0.1523,0.0645,31.361
17.085,2.7918,0.021619,1.9603,-0.27139,-1.3147,-0.18747,-0.1497,0.0645,30.683
17.125,2.9533,0.070045,2.3513,-0.20779,-0.56826,-0.094808,-0.0914,0.0772,30.576
17.165,2.371,0.17065,2.5518,0.23422,-0.35673,-0.059558,0.0882,0.1638,15.644
17.205,2.4717,0.18187,2.5375,0.24911,-0.35689,-0.059564,0.0948,0.1638,15.566
17.245,2.6322,0.22145,2.5796,0.34698,-0.25332,-0.042209,0.1327,0.1705,15.266
17.285,2.7336,0.23683,2.5691,0.36304,-0.25402,-0.042326,0.1396,0.1705,15.217
17.325,2.969,0.33132,2.7205,0.58645,0.003208,0.00053445,0.2123,0.1886,14.756
17.365,3.0773,0.35835,2.7183,0.60735,0.00027858,4.6613e-05,0.2198,0.1886,14.769
17.405,3.1853,0.38588,2.7161,0.62835,-0.00265,-0.00044177,0.2274,0.1886,14.782
17.445,4.6283,0.95485,2.6504,0.82398,-0.065444,-0.010916,0.2988,0.2361,11.756
17.485,4.6296,1.1516,2.5241,0.96486,-0.16793,-0.02817,0.3553,0.2724,9.92
17.525,4.7266,1.2014,2.5059,0.99103,-0.1674,-0.028106,0.3662,0.2724,9.8925
17.565,4.667,1.3687,2.5641,0.94264,-0.1183,-0.019615,0.3593,0.2673,10.22
17.605,4.7532,1.4136,2.5796,0.94865,-0.08684,-0.014419,0.3574,0.2598,10.579
17.645,4.823,1.456,1.3433,1.1062,-0.013538,-0.0022242,0.33467,0.23776,7.3187
17.685,4.8954,1.497,2.7087,0.88065,0.059863,0.0099866,0.3119,0.2157,13.205
17.725,5.0384,1.5881,2.8539,0.93649,0.15305,0.025416,0.3232,0.2097,14.323
17.765,5.0943,1.6844,2.6884,0.8153,-0.0029294,-0.00048784,0.2946,0.1633,17.203
17.805,5.1993,1.7242,2.686,0.83335,-0.0068349,-0.0011394,0.3011,0.1633,17.222
17.845,5.3041,1.7646,2.6833,0.85131,-0.010741,-0.0017896,0.3077,0.1633,17.239
17.885,5.4091,1.8061,2.6806,0.86923,-0.014646,-0.0024403,0.3142,0.1633,17.257
17.925,5.3791,1.7261,2.6806,0.86923,NaN,NaN,0.22282,NaN,NaN
17.965,5.3493,1.6463,2.6806,0.86923,NaN,NaN,0.13172,NaN,NaN
18.005,5.3194,1.5664,2.6806,0.86923,NaN,NaN,0.040429,NaN,NaN
18.045,5.2895,1.4865,NaN,NaN,NaN,NaN,-0.0508,NaN,NaN
18.085,5.3556,1.6528,NaN,NaN,NaN,NaN,0.0228,NaN,NaN
18.125,5.8512,1.9205,NaN,NaN,NaN,NaN,0.3267,NaN,NaN
18.165,5.9944,1.9694,NaN,NaN,NaN,NaN,0.3266,NaN,NaN
******-------------------------------------------------------------------------------------------------------------------****** 
TargetID: ID06
Relevancy: 1
tj = 1.0003
Label: 0
Comment: Target is relevant and going straight, since the velocity ratio is almost not changing
DATA:
0.44015,-0,-0,4.9942,0.31044,-0.86383,-2.6094,0,-0.0167,-299.63
0.48018,0.19649,-0.016709,4.8387,-0.9424,-0.8384,-2.5352,-0.0066026,-0.021335,-231.06
0.52019,0.38841,-0.059175,4.7698,-0.9776,-0.81297,-2.4611,-0.013203,-0.025969,-187.49
0.56018,0.57922,-0.078709,4.7874,0.20334,-0.78755,-2.387,-0.0198,-0.0306,-156.59
0.60018,0.78657,-0.085459,4.765,0.17194,-0.74213,-2.2254,-0.0226,-0.0319,-149.47
0.64019,0.94311,-0.081498,3.4751,0.067858,-0.71383,-2.1667,-0.02185,-0.03055,-113.77
0.68021,1.0978,-0.076687,4.6726,0.21429,-0.68553,-2.108,-0.0211,-0.0292,-160.19
0.72025,1.2942,-0.084481,4.6247,0.19802,-0.66722,-2.0497,-0.0237,-0.0303,-152.77
0.76023,1.4941,-0.087717,4.599,0.18034,-0.63669,-1.9387,-0.0244,-0.03,-153.42
0.80024,1.689,-0.048874,4.7816,0.25645,-0.62418,-1.9705,-0.0057,-0.0157,-305
0.84026,1.8571,-0.079651,4.5135,0.19577,-0.60377,-1.829,-0.0188,-0.0245,-184.4
0.8803,2.0536,0.050758,4.6933,0.088213,-0.73427,-1.9574,0.0188,0.0015,3129.4
0.92029,2.237,0.042691,4.4274,0.34531,-0.60667,-1.8401,0.0138,-0.0019,-2337.3
0.96032,2.4184,0.060999,4.5848,0.37416,-0.59892,-1.9091,0.0196,0.0019,2421.1
1.0003,2.595,0.043209,4.5304,0.33665,-0.58494,-1.8675,0.012,-0.0031,-1465.4
1.0403,2.7693,0.038302,4.4772,0.32365,-0.57564,-1.8436,0.0093,-0.0048,-935.19
1.0803,2.9424,0.046037,4.4259,0.33555,-0.5712,-1.8386,0.0116,-0.0033,-1345
1.1204,3.1043,0.015034,4.1493,0.28999,-0.56792,-1.7588,-0.0004,-0.0105,-396.14
1.1604,3.2847,0.070036,4.3215,0.38025,-0.57484,-1.886,0.0191,0.0015,2892.1
1.2004,3.4592,0.12223,4.2778,0.45958,-0.57834,-1.9096,0.0367,0.0121,355.57
1.2404,3.6257,0.16753,4.2301,0.52414,-0.57818,-1.9185,0.0517,0.0206,206.91
1.2804,3.7874,0.19814,3.7378,0.52246,-0.581,-1.6988,0.0583,0.0237,159.25
1.3204,3.9437,0.19352,4.1205,0.5311,-0.56307,-1.889,0.054,0.0207,200.7
1.3604,4.1072,0.21941,4.073,0.5584,-0.55871,-1.8833,0.0609,0.0241,170.58
1.4004,4.2751,0.25063,4.0322,0.58898,-0.55199,-1.8615,0.0695,0.0284,143.48
1.4405,4.4293,0.27435,3.9826,0.60793,-0.54604,-1.8499,0.0748,0.0307,131.23
1.4805,4.6029,0.30503,3.5082,0.59282,-0.5511,-1.6118,0.0822,0.0342,104.03
1.5205,4.7501,0.31021,3.8903,0.62511,-0.53177,-1.8154,0.0808,0.0327,120.49
1.5605,4.8984,0.32417,3.8296,0.6445,-0.53817,-1.8804,0.0829,0.0333,116.62
1.6006,5.0444,0.33065,3.3426,0.57819,-0.53001,-1.5689,0.0799,0.0307,110.5
1.6405,5.1867,0.34236,3.284,0.5824,-0.5264,-1.5658,0.0811,0.0307,108.64
1.6805,5.3349,0.37537,3.6916,0.65887,-0.51355,-1.8169,0.09,0.0347,108.07
1.7206,5.4712,0.38778,3.6353,0.66738,-0.5109,-1.8375,0.0913,0.0347,106.51
1.7606,5.6143,0.44035,3.6041,0.37712,-0.73751,-2.0628,0.1042,0.0407,89.037
1.8006,5.7692,0.48715,3.5301,0.79229,-0.53018,-2.0194,0.118,0.0468,77.306
1.8406,5.8795,0.47559,3.4544,0.76507,-0.51725,-2.0322,0.1093,0.0415,85.256
1.8806,5.994,0.46106,3.384,0.73759,-0.50344,-2.0415,0.1001,0.0362,95.675
1.9206,6.0957,0.447,3.3007,0.72615,-0.49071,-2.1124,0.0913,0.0312,108.32
1.9606,6.2083,0.44793,3.2353,0.725,-0.47698,-2.133,0.0887,0.0294,112.77
2.0007,6.3212,0.45202,3.1736,0.72618,-0.46261,-2.1441,0.0873,0.0282,115.45
2.0407,6.3904,0.40086,3.0688,0.69251,-0.42788,-2.2494,0.0654,0.0173,181.85
2.0807,6.5135,0.42908,3.0258,0.7174,-0.41822,-2.2346,0.0739,0.021,148.08
2.1207,6.5943,0.41991,2.5403,0.72003,-0.39755,-2.0894,0.0672,0.0175,150.88
2.1608,6.7195,0.50621,2.9911,-0.32315,-1.3354,-2.6265,0.0872,0.0263,114.39
2.2007,6.8147,0.51129,2.4132,0.78574,-0.36312,-2.1222,0.0842,0.0243,104.44
2.2407,6.909,0.50844,2.7746,0.81369,-0.30697,-2.4523,0.0806,0.0223,129.66
2.2808,6.9961,0.50625,2.7139,0.80892,-0.2788,-2.4307,0.0775,0.0204,138.82
2.3208,7.0858,0.50689,2.6573,0.8104,-0.24994,-2.4218,0.0755,0.0192,144.7
2.3608,7.1637,0.50006,2.157,0.76178,-0.25448,-1.9724,0.0706,0.0166,137.81
2.4008,7.2338,0.48327,2.5359,0.78646,-0.18556,-2.3693,0.0623,0.0127,209.06
2.4408,7.311,0.46624,2.4827,0.76328,-0.16206,-2.3173,0.0537,0.0087,298.55
2.4808,7.3836,0.46015,2.429,0.75498,-0.13619,-2.2814,0.0494,0.0067,379.64
2.5208,7.4551,0.42418,2.3792,0.71194,-0.11847,-2.2082,0.0341,-0,-Inf
2.5608,7.534,0.4221,2.3352,0.69963,-0.10839,-2.1443,0.0321,-0.0009,-2708.6
2.6009,7.6088,0.4245,2.2913,0.7175,-0.071811,-2.169,0.0321,-0.0009,-2667.8
2.6409,7.6744,0.41004,2.2436,0.68717,-0.06737,-2.0759,0.0251,-0.0038,-617.49
2.6809,7.7787,0.41054,2.2358,0.055458,-0.59152,-1.87,0.0248,-0.0038,-588.55
2.7209,7.8518,0.41253,2.1831,0.6201,-0.10954,-1.8133,0.0246,-0.0039,-581.9
2.761,7.905,0.3839,2.1432,0.031234,-0.56327,-1.7915,0.0146,-0.008,-267.92
2.8009,7.9695,0.3789,1.2974,0.56463,-0.10289,-1.0427,0.0121,-0.0089,-158.99
2.8409,8.0384,0.37926,2.0614,0.57392,-0.082876,-1.6569,0.0113,-0.009,-237.76
2.881,8.0998,0.37714,2.023,0.56643,-0.073736,-1.6147,0.0096,-0.0096,-218.83
2.921,8.1577,0.35597,1.9852,0.53859,-0.068487,-1.5563,-0.0002,-0.0134,-153.5
2.961,8.2247,0.3526,1.9537,0.52277,-0.069063,-1.497,-0.0022,-0.014,-144.46
3.001,8.2923,0.35255,1.9227,0.5005,-0.077171,-1.4143,-0.003,-0.0141,-140.91
3.041,8.3984,0.47332,1.9615,0.29666,-0.15815,-0.87204,-0.0049,-0.0146,-135.87
3.081,8.4724,0.46552,1.6678,0.29289,-0.15442,-0.73666,-0.0069,-0.0151,-112.14
3.121,8.5394,0.47347,1.6494,0.29696,-0.15166,-0.72649,-0.0038,-0.0137,-122.33
3.161,8.6024,0.46084,1.633,0.27748,-0.14731,-0.69279,-0.0093,-0.0156,-106.18
3.2011,8.6704,0.47497,1.8844,0.29196,-0.14556,-0.81808,-0.0036,-0.0132,-144.46
3.2411,8.7495,0.49349,1.8744,0.30281,-0.14457,-0.80192,0.0049,-0.0097,-195.75
3.2811,8.8186,0.50699,1.8613,0.3213,-0.14142,-0.82082,0.0103,-0.0075,-251.85
3.3211,8.8877,0.50208,1.5716,0.30721,-0.13887,-0.67769,0.0074,-0.0085,-188.39
3.3611,8.9678,0.51807,1.8302,0.31538,-0.13684,-0.77748,0.0135,-0.006,-309.53
3.4011,9.0306,0.51727,1.8131,0.32079,-0.1327,-0.78786,0.0129,-0.0062,-296.97
3.4411,9.1056,0.51814,1.5312,0.31008,-0.1316,-0.65504,0.0113,-0.0066,-236.71
3.4812,9.1687,0.5136,1.7871,0.33309,-0.12323,-0.83023,0.0081,-0.0076,-239.19
3.5212,9.2235,0.51464,1.7798,0.39093,-0.10014,-0.97834,0.0078,-0.0076,-239.76
3.5612,9.3078,0.5262,1.769,0.39676,-0.097116,-0.97381,0.0111,-0.0062,-292.41
******-------------------------------------------------------------------------------------------------------------------****** 
TargetID: ID42
Target can not be processed due to lack of Data
******-------------------------------------------------------------------------------------------------------------------****** 
TargetID: ID44
Target can not be processed due to lack of Data
******-------------------------------------------------------------------------------------------------------------------****** 
TargetID: ID07
Target can not be processed due to lack of Data
******-------------------------------------------------------------------------------------------------------------------****** 
TargetID: ID47
Target can not be processed due to lack of Data
******-------------------------------------------------------------------------------------------------------------------****** 
TargetID: ID50
Relevancy: 0
tj = Inf
Label: -1
Comment: Target is irrelevant as it is not crossing the estimated holding line
DATA:
8.8034,NaN,NaN,NaN,NaN,NaN,NaN,0,NaN,NaN
8.8475,NaN,NaN,5.0863,0.0071422,0.0086376,0.017026,0.0014,0.0072,706.43
8.8832,NaN,NaN,5.6371,-0.44304,0.002689,0.0052967,-0.0783,-0.0161,-351.21
8.9233,NaN,NaN,6.344,-1.4533,0.040384,0.079169,-0.2235,-0.2111,-30.831
8.9635,NaN,NaN,6.6314,-1.5967,0.25529,0.49135,-0.2269,-0.1027,-66.416
9.0033,NaN,NaN,6.8328,-1.5645,0.37772,0.72015,-0.2121,0.0025,2803.8
9.0433,NaN,NaN,7.1961,-1.2433,0.52431,1.0279,-0.1711,0.1989,36.716
9.0833,NaN,NaN,7.3947,-1.1993,0.68412,1.3384,-0.1608,0.2158,34.714
9.1233,NaN,NaN,7.5478,-1.2127,0.77363,1.437,-0.1364,0.2772,27.578
9.1634,NaN,NaN,6.657,-0.72737,-0.35779,-0.71537,-0.1235,0.2395,27.961
9.2033,NaN,NaN,7.0935,-0.69763,0.02996,0.057779,-0.097,0.3026,23.555
9.2435,NaN,NaN,7.1649,-0.57011,0.07808,0.15119,-0.0821,0.3112,23.096
9.2834,NaN,NaN,6.855,-0.62045,-0.13748,-0.26613,-0.0953,0.2331,29.528
9.3234,NaN,NaN,6.7063,-0.57311,-0.24587,-0.47765,-0.0944,0.2077,32.406
9.3634,NaN,NaN,6.4009,-0.81523,-0.43939,-0.8043,-0.11,0.1459,44.226
9.4035,NaN,NaN,6.4733,-0.75951,-0.35638,-0.65467,-0.1041,0.1448,45.012
9.4434,NaN,NaN,6.4547,-0.71992,-0.35895,-0.65594,-0.0983,0.1448,44.853
9.4834,NaN,NaN,6.5112,-0.65876,-0.30389,-0.55561,-0.0908,0.1478,44.279
9.5235,NaN,NaN,6.4957,-0.61852,-0.30609,-0.55672,-0.0848,0.1478,44.148
9.5636,NaN,NaN,6.48,-0.57898,-0.30841,-0.55777,-0.0789,0.1478,44.018
9.6036,NaN,NaN,6.464,-0.53941,-0.31073,-0.55881,-0.073,0.1478,43.887
9.6435,NaN,NaN,6.4479,-0.50019,-0.31305,-0.55968,-0.0671,0.1478,43.757
9.6835,NaN,NaN,6.4315,-0.46078,-0.31531,-0.56059,-0.0612,0.1478,43.626
9.7236,NaN,NaN,6.4148,-0.4221,-0.31763,-0.56145,-0.0553,0.1478,43.496
9.7636,NaN,NaN,6.3979,-0.38342,-0.31989,-0.56218,-0.0494,0.1478,43.365
9.8036,NaN,NaN,6.3807,-0.3449,-0.32215,-0.56291,-0.0435,0.1478,43.234
9.8436,NaN,NaN,6.3634,-0.30595,-0.32429,-0.56354,-0.0375,0.1478,43.104
******-------------------------------------------------------------------------------------------------------------------****** 
TargetID: ID51
Target can not be processed due to lack of Data
******-------------------------------------------------------------------------------------------------------------------****** 
TargetID: ID52
Target can not be processed due to lack of Data
******-------------------------------------------------------------------------------------------------------------------****** 
TargetID: ID54
Target can not be processed due to lack of Data
******-------------------------------------------------------------------------------------------------------------------****** 
TargetID: ID55
Relevancy: 0
tj = Inf
Label: -1
Comment: Target is irrelevant as it is not crossing the estimated holding line
DATA:
0.68021,0,0,5.432,-0.00024316,0,0,0,0,Inf
0.72025,0.21715,0.00018349,5.4319,-0.00036357,0,0,-0.0001,0,Inf
0.76023,0.43804,0.00057473,5.6182,0.019853,0.0044119,0.012566,-0.034803,0.00017511,32084
0.80024,0.66648,0.0017656,5.7987,0.03958,0.0088282,0.025144,-0.06954,0.00035039,16549
0.84026,0.90204,0.0037356,5.9732,0.058797,0.013245,0.037723,-0.10428,0.00052569,11363
0.8803,1.1446,0.0064666,6.1418,0.077517,0.017664,0.05031,-0.13904,0.0007011,8760.9
0.92029,1.3935,0.0099312,6.3041,0.095697,0.022077,0.062879,-0.17375,0.00087625,7195.3
0.96032,1.649,0.014118,6.4607,0.11339,0.026495,0.075462,-0.2085,0.0010516,6144.6
1.0003,1.9105,0.019,6.6111,0.13056,0.030911,0.08804,-0.24324,0.0012269,5389.6
1.0403,2.1778,0.024556,6.7556,0.14722,0.035325,0.10061,-0.27796,0.0014021,4819.5
1.0803,2.451,0.030773,6.8941,0.16337,0.039742,0.11319,-0.3127,0.0015774,4371.9
1.1204,2.7295,0.037625,7.0266,0.17901,0.044158,0.12577,-0.34744,0.0017527,4010.4
1.1604,3.0132,0.045091,7.1531,0.19414,0.048574,0.13835,-0.38217,0.0019279,3711.6
1.2004,3.3018,0.053154,7.2736,0.20877,0.05299,0.15092,-0.41691,0.0021032,3459.8
1.2404,3.5952,0.061792,7.3881,0.22288,0.057407,0.1635,-0.45165,0.0022785,3244
1.2804,3.8932,0.07099,7.4967,0.23648,0.061825,0.17609,-0.4864,0.0024539,3056.6
1.3204,4.1952,0.080714,7.5992,0.24957,0.066241,0.18866,-0.52113,0.0026291,2892
1.3604,4.5011,0.09095,7.6957,0.26215,0.070655,0.20124,-0.55586,0.0028043,2745.8
1.4004,4.8108,0.10168,7.7862,0.27421,0.075071,0.21381,-0.59059,0.0029796,2614.8
1.4405,5.1243,0.11289,7.8708,0.28578,0.079489,0.2264,-0.62534,0.003155,2496.4
1.4805,5.4407,0.12455,7.9493,0.29682,0.083904,0.23897,-0.66007,0.0033302,2388.7
1.5205,5.7606,0.13665,8.022,0.30737,0.088325,0.25156,-0.69484,0.0035057,2290
1.5605,6.0827,0.14914,8.0885,0.31739,0.092738,0.26413,-0.72956,0.0036808,2199.2
1.6006,6.4077,0.16204,8.149,0.32691,0.097156,0.27671,-0.7643,0.0038561,2115
1.6405,6.7346,0.17529,8.2035,0.33591,0.10157,0.28928,-0.79901,0.0040313,2036.7
1.6805,7.0638,0.1889,8.2521,0.3444,0.10598,0.30186,-0.83374,0.0042065,1963.4
1.7206,7.3949,0.20284,8.2947,0.35239,0.1104,0.31444,-0.86848,0.0043818,1894.7
1.7606,7.7275,0.21709,8.3312,0.35986,0.11482,0.32701,-0.90322,0.0045571,1829.9
1.8006,8.0617,0.23164,8.3618,0.36683,0.11923,0.3396,-0.93797,0.0047325,1768.6
1.8406,8.3966,0.24644,8.3864,0.37327,0.12365,0.35217,-0.97268,0.0049076,1710.5
1.8806,8.7327,0.2615,8.405,0.37922,0.12807,0.36475,-1.0074,0.005083,1655.2
1.9206,9.0694,0.27679,8.4176,0.38465,0.13248,0.37733,-1.0422,0.0052583,1602.5
1.9606,9.4062,0.29228,8.4242,0.38957,0.1369,0.3899,-1.0769,0.0054335,1552.1
2.0007,9.7433,0.30795,8.4248,0.39398,0.14131,0.40248,-1.1116,0.0056088,1503.7
2.0407,10.08,0.32381,8.4194,0.39789,0.14573,0.41507,-1.1464,0.0057842,1457.2
2.0807,10.417,0.33979,8.408,0.40127,0.15015,0.42764,-1.1811,0.0059593,1412.5
2.1207,10.753,0.35591,8.3906,0.40415,0.15456,0.44022,-1.2158,0.0061346,1369.3
2.1608,11.089,0.37215,8.3672,0.40653,0.15898,0.45281,-1.2506,0.0063102,1327.6
2.2007,11.423,0.38844,8.3379,0.40838,0.1634,0.46537,-1.2853,0.0064852,1287.2
2.2407,11.755,0.4048,8.3025,0.40973,0.16781,0.47795,-1.32,0.0066604,1248.1
2.2808,12.087,0.42122,8.2611,0.41057,0.17223,0.49053,-1.3548,0.0068358,1210
2.3208,12.417,0.43765,8.2138,0.4109,0.17664,0.5031,-1.3895,0.007011,1173
2.3608,12.744,0.45409,8.1604,0.41071,0.18106,0.51568,-1.4243,0.0071863,1137
2.4008,13.07,0.47051,8.1011,0.41002,0.18548,0.52826,-1.459,0.0073616,1101.9
2.4408,13.392,0.48689,8.0357,0.40881,0.18989,0.54084,-1.4937,0.0075368,1067.6
2.4808,13.713,0.50322,7.9644,0.4071,0.19431,0.55342,-1.5285,0.0077121,1034.1
2.5208,14.03,0.51947,7.887,0.40487,0.19872,0.56599,-1.5632,0.0078874,1001.3
2.5608,14.344,0.53561,7.8037,0.40214,0.20314,0.57857,-1.5979,0.0080626,969.17
2.6009,14.655,0.55168,7.7142,0.39888,0.20757,0.59118,-1.6328,0.0082383,937.63
2.6409,14.961,0.56754,7.619,0.39513,0.21197,0.60373,-1.6674,0.0084133,906.81
2.6809,15.264,0.58326,7.5177,0.39087,0.21639,0.61631,-1.7022,0.0085886,876.5
2.7209,15.562,0.5988,7.4104,0.38609,0.2208,0.62888,-1.7369,0.0087638,846.72
2.761,15.857,0.61417,7.2969,0.38079,0.22523,0.64148,-1.7717,0.0089394,817.37
2.8009,16.146,0.62927,7.1778,0.375,0.22964,0.65404,-1.8064,0.0091144,788.6
2.8409,16.431,0.64415,7.0525,0.36869,0.23405,0.66662,-1.8411,0.0092896,760.21
2.881,16.711,0.65877,6.9212,0.36187,0.23847,0.6792,-1.8758,0.009465,732.24
2.921,16.985,0.67311,6.7838,0.35454,0.24289,0.69178,-1.9106,0.0096403,704.65
2.961,17.254,0.68715,6.6405,0.3467,0.24731,0.70436,-1.9453,0.0098156,677.44
3.001,17.516,0.70084,6.4913,0.33835,0.25172,0.71693,-1.98,0.0099908,650.61
3.041,17.773,0.71421,6.3361,0.32949,0.25613,0.72951,-2.0148,0.010166,624.1
3.081,18.023,0.7272,6.1748,0.32012,0.26055,0.74209,-2.0495,0.010341,597.9
3.121,18.267,0.73982,6.0075,0.31024,0.26497,0.75466,-2.0842,0.010517,572.01
3.161,18.504,0.75203,5.8342,0.29984,0.26938,0.76724,-2.119,0.010692,546.39
3.2011,18.734,0.76381,5.6549,0.28894,0.2738,0.77982,-2.1537,0.010867,521.05
3.2411,18.957,0.77515,5.4696,0.27751,0.27822,0.79241,-2.1885,0.011043,495.95
3.2811,19.172,0.78602,5.2782,0.26558,0.28264,0.80499,-2.2233,0.011218,471.11
3.3211,19.379,0.79639,5.0812,0.25316,0.28705,0.81755,-2.2579,0.011393,446.55
3.3611,19.578,0.80626,4.878,0.24022,0.29146,0.83013,-2.2927,0.011568,422.18
3.4011,19.769,0.81561,4.6687,0.22676,0.29588,0.84271,-2.3274,0.011744,398.02
3.4411,19.951,0.8244,4.4535,0.2128,0.3003,0.85528,-2.3621,0.011919,374.08
3.4812,20.125,0.83263,4.2322,0.19832,0.30471,0.86786,-2.3969,0.012094,350.33
3.5212,20.29,0.84027,4.005,0.18333,0.30913,0.88044,-2.4316,0.012269,326.77
3.5612,20.446,0.84729,3.7718,0.16783,0.31354,0.89302,-2.4664,0.012445,303.39
3.6012,20.592,0.85369,3.5326,0.15183,0.31796,0.9056,-2.5011,0.01262,280.18
3.6412,20.728,0.85944,3.2874,0.13531,0.32238,0.91817,-2.5358,0.012795,257.14
3.6812,20.855,0.86451,3.0362,0.11828,0.32679,0.93075,-2.5706,0.01297,234.27
3.7212,20.971,0.8689,2.779,0.10073,0.33121,0.94333,-2.6053,0.013146,211.53
3.7613,21.077,0.87257,2.5153,0.08265,0.33563,0.95593,-2.6401,0.013321,188.92
3.8127,21.198,0.87621,2.1686,0.058728,0.3413,0.97208,-2.6847,0.013546,160.15
3.8411,21.257,0.87768,1.9727,0.045146,0.34444,0.981,-2.7093,0.013671,144.34
3.8811,21.33,0.8791,1.6916,0.025565,0.34885,0.99358,-2.7441,0.013846,122.18
3.9211,21.392,0.87972,1.4044,0.0054762,0.35327,1.0062,-2.7788,0.014021,100.17
3.9611,21.442,0.87953,1.1112,-0.015132,0.35769,1.0187,-2.8136,0.014197,78.278
4.0012,21.481,0.8785,0.81157,-0.036277,0.36211,1.0313,-2.8484,0.014372,56.525
4.0412,21.507,0.87662,0.50669,-0.05788,0.36652,1.0439,-2.8831,0.014547,35.057
4.0812,21.521,0.87386,0.19544,-0.08002,0.37094,1.0565,-2.9178,0.014723,14.345
4.1212,21.523,0.87022,-0.1212,-0.10263,0.37535,1.069,-2.9525,0.014898,10.66
4.1613,21.511,0.86563,-0.44519,-0.12584,0.37978,1.0817,-2.9873,0.015073,30.692
4.2012,21.487,0.86014,-0.77359,-0.14946,0.38418,1.0942,-3.022,0.015248,51.671
4.2412,21.449,0.85368,-1.1085,-0.17361,0.3886,1.1068,-3.0567,0.015423,72.746
4.2812,21.398,0.84624,-1.4497,-0.19831,0.39301,1.1194,-3.0914,0.015599,93.802
4.3212,21.333,0.8378,-1.7968,-0.2235,0.39743,1.1319,-3.1262,0.015774,114.79
4.3623,21.252,0.82808,-2.1595,-0.2499,0.40196,1.1449,-3.1618,0.015954,136.26
4.4014,21.161,0.81783,-2.5099,-0.27549,0.40627,1.1571,-3.1957,0.016125,156.59
4.4413,21.053,0.80629,-2.8743,-0.30216,0.41068,1.1697,-3.2304,0.0163,177.31
4.4813,20.946,0.81315,-2.5527,0.50745,0.39966,1.1793,-3.2312,0.0157,165.77
4.5213,20.845,0.83591,-2.508,0.49239,0.38862,1.189,-3.232,0.0151,169.26
4.5614,20.741,0.84154,-2.7407,-0.3493,0.37758,1.1987,-3.2328,0.0145,190.55
4.6014,20.657,0.88227,-2.334,-0.35547,0.34262,1.0034,-3.2445,0.0096,245.93
4.6413,20.558,0.8747,-2.5936,-0.05683,0.34173,1.0803,-3.2393,0.011473,226.11
4.6814,20.451,0.87507,-2.7827,0.041826,0.34083,1.1574,-3.234,0.013349,208.48
4.7214,20.337,0.87537,-2.9009,-0.060044,0.33994,1.2345,-3.2287,0.015225,190.58
4.7614,20.219,0.86759,-2.9482,-0.36226,0.33904,1.3115,-3.2235,0.0171,173.71
4.8014,20.157,0.91149,-2.1659,-0.38975,0.29078,0.94059,-3.2386,0.0111,198.26
4.8414,20.066,0.94362,-2.4879,-0.37042,0.29115,1.1388,-3.2455,0.0083,303.05
4.8815,19.967,0.92285,-2.8513,-0.39479,0.29799,1.3837,-3.2347,0.0122,235.94
4.9214,19.877,0.92354,-2.8214,-0.43256,0.28139,1.4275,-3.232,0.013,219.57
4.9615,19.784,0.9465,-2.7874,-0.42342,0.26919,1.4085,-3.2363,0.0113,249.5
5.0015,19.695,0.9432,-2.7679,-0.5033,0.23705,1.5406,-3.2328,0.0124,226.88
5.0415,19.619,0.94972,-2.7401,-0.55212,0.20534,1.6143,-3.2318,0.0126,221.84
5.0815,19.511,0.93987,-2.7216,-0.61677,0.17356,1.6923,-3.224,0.0152,183.59
5.1215,19.434,0.93127,-2.7004,-0.70441,0.11798,1.8186,-3.2171,0.0175,159.47
5.1615,19.364,0.93708,-2.6682,-0.74358,0.075311,1.8695,-3.2169,0.0173,160.11
5.2015,19.281,0.93924,-2.64,-0.79033,0.025455,1.9329,-3.2158,0.0174,158.38
5.2416,19.207,0.94602,-2.6077,-0.81975,-0.013262,1.959,-3.215,0.0174,157.1
5.2816,19.141,0.95443,-2.5833,-0.86784,-0.073615,2.0306,-3.215,0.0172,158.44
5.3216,19.036,0.9343,-2.4832,0.16443,0.76782,1.9875,-3.2077,0.0195,127.62
5.3616,18.972,0.94198,-2.4523,0.16032,0.76711,2.0186,-3.2069,0.0195,126.03
5.4016,18.899,0.93718,-2.5016,-1.0009,-0.22639,2.1489,-3.201,0.0213,126.5
5.4416,18.832,0.95753,-2.4806,-1.0315,-0.30271,2.2146,-3.2081,0.0186,144.44
5.4816,18.768,0.96692,-2.4639,-1.0831,-0.3939,2.3009,-3.21,0.0177,152.06
5.5217,18.693,0.9514,-2.4449,-1.1665,-0.50713,2.4041,-3.202,0.0201,134.77
5.5617,18.64,0.95716,-2.4227,-1.2147,-0.59776,2.4654,-3.2012,0.0201,134.84
5.6017,18.584,0.96113,-2.4027,-1.266,-0.69807,2.5335,-3.2004,0.0201,135.12
5.6417,18.518,0.96057,-2.385,-1.3207,-0.80951,2.6091,-3.1996,0.0201,135.64
******-------------------------------------------------------------------------------------------------------------------****** 
TargetID: ID57
Relevancy: 1
tj = 23.8474
Label: 0
Comment: Target is relevant and going straight, since the velocity ratio is almost not changing
DATA:
22.607,0,0,4.2548,0.02261,-1.6697,-0.77535,0,0.0056,759.8
22.647,0.16669,0.002829,4.198,0.022939,-1.6671,-0.75491,0.0001,0.0056,749.65
22.687,0.32575,0.0063117,4.1411,0.023576,-1.6637,-0.73398,0.0003,0.0056,739.49
22.727,0.4942,0.0063354,4.0843,0.023985,-1.6597,-0.71241,0.0005,0.0056,729.35
22.767,0.65229,0.011811,4.0275,0.024131,-1.6551,-0.69028,0.0007,0.0056,719.21
22.807,0.80644,0.015176,3.9706,0.024539,-1.6495,-0.66768,0.0009,0.0056,709.05
22.847,0.97191,0.053889,3.9594,0.062248,-1.5683,-0.61662,0.0109,0.0123,321.94
22.887,1.1355,0.19026,3.9123,0.18877,-1.5053,-0.57195,0.0441,0.0324,120.89
22.927,1.2934,0.19577,3.8592,0.19097,-1.4968,-0.55047,0.0454,0.0324,119.26
22.967,1.4761,0.23995,3.871,0.21777,-1.4116,-0.50328,0.0526,0.0338,114.71
23.007,1.6308,0.23763,3.8365,0.19261,-1.3521,-0.46465,0.0468,0.0267,143.87
23.047,1.7755,0.24673,3.7889,0.19411,-1.344,-0.446,0.0479,0.0267,142.09
23.087,1.9349,0.35021,3.7718,0.28099,-1.252,-0.40043,0.0744,0.0446,84.804
23.127,2.0948,0.4086,3.756,0.32415,-1.1676,-0.35993,0.0861,0.0494,76.316
23.167,2.249,0.49936,3.7336,0.4093,-1.0925,-0.32427,0.1074,0.0618,60.776
23.207,2.3944,0.56629,3.7181,0.44548,-1.0219,-0.29182,0.1177,0.065,57.611
23.247,2.5531,0.69825,3.6914,0.58392,-0.93785,-0.25761,0.1559,0.0897,41.665
23.287,2.7008,0.81943,3.6746,0.67771,-0.85384,-0.22558,0.1818,0.1025,36.454
23.327,2.8477,0.89498,3.6516,0.72822,-0.80374,-0.2042,0.1964,0.1081,34.445
23.367,2.9889,0.92363,3.6187,0.73779,-0.79706,-0.1948,0.2008,0.1081,34.164
23.407,3.1483,1.0022,3.6282,0.77818,-0.70994,-0.16698,0.2111,0.1094,33.919
23.447,3.3011,1.0679,3.6313,0.81746,-0.6302,-0.14272,0.2214,0.1112,33.473
23.487,3.4603,1.1895,3.6598,0.91694,-0.49343,-0.10755,0.2456,0.1229,30.699
23.527,3.6039,1.2276,3.6383,0.93042,-0.49176,-0.10317,0.2506,0.1229,30.557
23.567,3.7443,1.2681,3.6167,0.94357,-0.49017,-0.098959,0.2555,0.1229,30.413
23.607,3.8861,1.3063,3.595,0.95682,-0.48852,-0.094871,0.2604,0.1229,30.27
23.647,4.0301,1.3468,3.5735,0.96954,-0.48685,-0.090814,0.2653,0.1229,30.127
23.687,4.1745,1.3806,3.5516,0.98261,-0.48511,-0.08693,0.2703,0.1229,29.984
23.727,4.3109,1.4229,3.5298,0.99522,-0.48319,-0.083102,0.2753,0.1229,29.841
23.767,4.4525,1.4634,3.5082,1.0074,-0.4815,-0.079446,0.2802,0.1229,29.698
23.807,4.6915,1.4883,3.8532,1.0065,0.067744,0.010738,0.2555,0.0989,40.268
23.847,4.9161,1.7487,3.9931,1.3715,0.30313,0.046152,0.3305,0.142,29.733
23.887,5.0716,1.8052,4.0049,1.4013,0.29234,0.042746,0.3362,0.142,29.88
23.927,5.244,1.7803,4.1093,1.2308,0.41136,0.057651,0.2906,0.1072,40.016
23.967,5.4196,1.882,4.1692,1.3381,0.48377,0.064863,0.31,0.1157,37.845
24.007,5.5973,1.9306,4.2291,1.3556,0.54047,0.069373,0.3102,0.1125,39.476
24.047,5.7813,2.0447,4.2846,1.4804,0.59159,0.072761,0.3319,0.1218,37.218
24.087,5.9478,2.1066,4.3114,1.5136,0.57817,0.068295,0.3369,0.1218,37.516
24.127,6.1173,2.0822,4.3263,1.3967,0.55371,0.062938,0.3116,0.1046,43.463
24.167,6.2482,2.1391,4.3297,1.4181,0.54313,0.059558,0.3172,0.1046,43.556
24.207,6.4309,2.1868,4.3546,1.447,0.53334,0.056648,0.3215,0.1046,43.869
24.247,6.6055,2.2439,4.3795,1.4758,0.52394,0.054059,0.3257,0.1046,44.182
24.288,6.7529,2.2536,4.3758,1.426,0.49947,0.050227,0.3157,0.0968,47.545
24.327,6.8558,1.9666,4.1869,0.98788,0.23306,0.022935,0.2319,0.0507,84.849
24.367,7.0169,1.9588,4.1941,0.9337,0.22959,0.022153,0.2193,0.0431,99.692
24.408,7.1898,1.9921,4.2048,0.94384,0.22709,0.021545,0.221,0.0431,99.987
24.448,7.3539,2.0326,4.2157,0.95396,0.22472,0.021003,0.2227,0.0431,100.28
24.488,7.5228,2.07,4.2264,0.9642,0.2225,0.020526,0.2245,0.0431,100.58
24.528,7.6892,2.1114,4.2371,0.97441,0.22026,0.020097,0.2262,0.0431,100.87
24.568,7.855,2.1528,4.2478,0.9847,0.21802,0.019717,0.228,0.0431,101.17
24.608,8.0264,2.1904,4.2585,0.99504,0.21593,0.019375,0.2297,0.0431,101.47
24.648,8.1941,2.2362,4.2692,1.005,0.21382,0.019057,0.2314,0.0431,101.76
24.688,8.5319,2.4206,4.7936,1.3925,0.92889,0.082237,0.2836,0.0681,73.3
24.728,8.7218,2.659,4.8769,1.6281,0.96522,0.084917,0.3233,0.084,61.209
24.768,8.9544,2.4839,5.0457,1.3497,1.166,0.10198,0.2614,0.0536,97.445
24.808,9.1603,2.5607,5.1702,1.4309,1.2913,0.11223,0.271,0.0569,94.281
24.848,9.3604,2.6257,5.2304,1.4603,1.2855,0.11108,0.2733,0.0569,95.437
24.888,9.58,2.675,5.2901,1.4905,1.2794,0.11004,0.2756,0.0569,96.592
24.928,9.8034,2.8506,5.372,1.6722,1.2973,0.11125,0.3007,0.067,83.973
24.968,10.052,3.0031,5.4412,1.8232,1.2576,0.10711,0.3222,0.0754,76.108
25.008,10.278,3.1116,5.506,1.8918,1.2363,0.10468,0.3298,0.0776,75.025
25.048,10.513,3.134,5.5575,1.8513,1.1938,0.10048,0.3205,0.0727,80.575
25.088,10.74,3.2069,5.615,1.8883,1.1864,0.099255,0.3234,0.0727,81.486
25.128,10.964,3.2824,5.6721,1.9263,1.1789,0.09816,0.3264,0.0727,82.396
25.168,11.197,3.2871,5.6567,1.8411,1.0329,0.085587,0.3138,0.0664,89.59
25.208,11.54,2.6895,5.6605,1.9118,0.9568,0.07892,0.3241,0.0683,87.476
25.248,11.76,2.8106,5.6481,1.966,0.85206,0.069852,0.3335,0.071,84.232
25.288,11.978,2.8804,5.6534,1.9158,0.77915,0.06355,0.3254,0.0653,91.411
25.328,12.139,2.9188,5.6655,1.8422,0.71842,0.058234,0.3129,0.0578,103.07
25.368,12.367,2.9605,5.6958,1.759,0.69332,0.055841,0.2982,0.0496,120.19
25.408,12.587,3.0633,5.7005,1.8148,0.64864,0.051983,0.3069,0.0523,114.39
25.448,12.809,3.0988,5.7171,1.7029,0.56794,0.044875,0.2895,0.0429,139.05
25.488,13.029,3.184,5.6995,1.7352,0.5216,0.041266,0.2945,0.0442,134.79
25.528,13.26,3.245,5.6936,1.7178,0.45039,0.035358,0.2922,0.0426,139.6
25.568,13.467,3.1994,5.7137,1.6063,0.42051,0.032755,0.2733,0.0331,179.31
25.608,13.699,3.2397,5.713,1.5728,0.36763,0.028449,0.268,0.0302,196.21
25.648,13.925,3.3184,5.705,1.5951,0.32238,0.024752,0.272,0.0314,188.66
25.688,13.525,3.1757,5.7747,1.2844,0.38686,0.02954,0.2174,0.004,1479
25.728,14.186,3.2458,5.8419,1.0238,0.4486,0.033935,0.1729,-0.0171,-346.84
25.768,14.269,3.0772,5.8548,0.48874,0.42082,0.031581,0.0832,-0.0591,-99.411
25.808,14.48,3.0289,5.9558,0.28668,0.61898,0.046208,0.0484,-0.0746,-79.928
25.848,14.704,3.0404,5.9416,0.23894,0.54017,0.040048,0.0405,-0.0772,-77.025
25.888,14.878,2.6353,6.1145,-1.2973,1.5458,0.11605,-0.2017,-0.1961,-31.875
25.928,15.131,2.5227,6.2048,-1.6599,1.9201,0.14429,-0.2512,-0.2171,-29.585
25.968,15.351,2.4605,6.2531,-1.7278,1.9252,0.14369,-0.2589,-0.2165,-29.965
26.008,15.628,2.4146,6.3591,-1.6973,2.0072,0.15127,-0.2608,-0.2127,-30.944
26.048,15.841,2.2981,6.4644,-2.2796,2.575,0.19116,-0.3229,-0.2416,-28.372
26.088,16.113,2.1983,6.5488,-2.4023,2.6881,0.19862,-0.3351,-0.2425,-28.765
26.128,16.397,2.0446,6.7632,-3.0131,3.6004,0.26563,-0.3962,-0.2713,-27.291
26.168,16.679,1.966,6.8661,-3.1718,3.769,0.27566,-0.4094,-0.2726,-27.745
26.208,16.854,1.8687,6.9722,-3.5602,4.1617,0.29613,-0.4422,-0.2863,-27.344
26.248,17.113,1.779,6.9607,-3.6189,3.9119,0.27516,-0.451,-0.2858,-27.45
26.288,17.364,1.7126,6.9857,-3.662,3.8116,0.26503,-0.4553,-0.2809,-28.079
26.328,17.596,1.6395,6.9568,-3.6844,3.5716,0.24494,-0.4609,-0.2779,-28.328
26.368,17.829,1.5768,6.9259,-3.7212,3.3504,0.22579,-0.4677,-0.2754,-28.548
26.408,18.109,1.4741,7.0504,-3.6241,3.2752,0.24007,-0.4748,-0.2718,-29.166
26.448,18.316,1.4201,6.9573,-3.8605,3.2905,0.21501,-0.4808,-0.2674,-29.755
26.488,18.534,1.3379,6.9294,-3.8292,3.0699,0.19719,-0.4797,-0.2574,-30.758
26.528,18.789,1.2611,6.9981,-3.689,2.894,0.20268,-0.4851,-0.2531,-31.256
26.568,19.044,1.168,7.0197,-3.7612,2.9161,0.20209,-0.4919,-0.2492,-31.958
26.608,19.319,1.0618,7.0387,-3.8016,2.8785,0.19685,-0.4952,-0.2425,-32.988
26.648,19.594,0.97969,7.0005,-3.7946,2.6527,0.17775,-0.4967,-0.2349,-33.899
26.688,19.873,0.88217,7.0361,-3.8148,2.6911,0.17792,-0.4968,-0.2249,-35.588
26.728,20.156,0.73376,7.2027,-3.7668,2.8214,0.20421,-0.505,-0.223,-36.449
26.768,20.449,0.62562,7.1256,-3.9325,2.7289,0.17512,-0.5043,-0.2138,-38.067
26.808,20.756,0.44931,7.2515,-3.9037,2.6553,0.18503,-0.5153,-0.217,-37.952
26.848,21.04,0.34294,7.1342,-4.0281,2.4809,0.15286,-0.514,-0.2077,-39.446
26.888,21.338,0.18322,7.1808,-4.1127,2.5019,0.15139,-0.5201,-0.2057,-40.229
26.928,21.647,0.03131,7.1535,-4.3142,2.5696,0.13706,-0.5228,-0.2001,-41.748
26.968,21.92,-0.043447,7.1939,-4.092,2.3669,0.13661,-0.5172,-0.187,-44.258
27.008,22.212,-0.20381,7.2821,-4.0246,2.303,0.14244,-0.5231,-0.1857,-44.805
27.048,22.457,-0.2617,7.1111,-3.8886,1.8228,0.10666,-0.5154,-0.1726,-46.958
27.088,22.734,-0.32574,7.0704,-3.7774,1.7092,0.096707,-0.5047,-0.1557,-51.485
27.128,23.015,-0.48737,7.0905,-3.8457,1.7113,0.094868,-0.511,-0.1557,-51.806
27.168,23.289,-0.64419,7.1102,-3.9141,1.7134,0.09302,-0.5172,-0.1557,-52.128
27.208,23.574,-0.81333,7.1291,-3.9833,1.7154,0.090983,-0.5234,-0.1557,-52.45
27.248,23.788,-0.84158,6.9029,-3.8621,1.3214,0.061784,-0.5101,-0.1372,-57.652
******-------------------------------------------------------------------------------------------------------------------****** 
TargetID: ID10
Target can not be processed due to lack of Data
******-------------------------------------------------------------------------------------------------------------------****** 
TargetID: ID11
Target can not be processed due to lack of Data
******-------------------------------------------------------------------------------------------------------------------****** 
TargetID: ID58
Target can not be processed due to lack of Data
******-------------------------------------------------------------------------------------------------------------------****** 
TargetID: ID59
Target can not be processed due to lack of Data
******-------------------------------------------------------------------------------------------------------------------****** 
TargetID: ID12
Relevancy: 0
tj = Inf
Label: -1
Comment: Target is irrelevant as it is not crossing the estimated holding line
DATA:
0,0,0,5.3139,0.0081018,-0.044319,-0.079387,0,-0.042,-126.52
0.040003,0.2705,-0.027486,5.5059,-0.16406,0.053369,0.095326,-0.0281,-0.0613,-89.858
0.080027,0.49048,-0.034596,5.5097,-0.17714,0.050593,0.090373,-0.0305,-0.0613,-89.927
0.12003,0.81993,-0.086583,5.9372,-0.46935,0.45698,0.80682,-0.0664,-0.0842,-70.734
0.16007,0.91164,-0.028739,5.6147,-0.47054,0.24424,0.43338,-0.0761,-0.1852,-30.423
0.20005,1.2696,-0.082632,5.9381,-0.53395,0.45108,0.79617,-0.0773,-0.1174,-50.784
0.24006,1.4359,-0.028684,5.6455,-0.36584,0.14462,0.25755,-0.0603,-0.0944,-59.93
0.28009,1.6807,-0.05418,5.797,-0.57492,0.34113,0.60351,-0.089,-0.1566,-37.2
0.32011,1.8538,-0.036349,5.4485,-0.30853,-0.078678,-0.14114,-0.0592,-0.0807,-67.624
0.36011,2.0445,-0.0060063,5.1876,-0.10559,-0.3527,-0.63879,-0.0332,-0.0201,-258.14
0.40012,2.3351,-0.031976,5.6243,-0.36639,0.11142,0.19862,-0.0616,-0.0726,-77.634
0.44015,2.5765,-0.043385,5.6932,-0.41022,0.17295,0.30771,-0.0667,-0.077,-74.129
0.48018,2.8036,-0.059828,5.7028,-0.42825,0.17211,0.30621,-0.0698,-0.077,-74.27
0.52019,3.0311,-0.077038,5.7122,-0.4463,0.17127,0.30471,-0.0728,-0.077,-74.411
0.56018,3.2566,-0.086916,5.7006,-0.44529,0.15109,0.26897,-0.0734,-0.0735,-77.795
0.60018,3.5348,-0.10966,5.8887,-0.55173,0.31038,0.5499,-0.0847,-0.0869,-68.061
0.64019,3.8226,-0.14006,6.0287,-0.58044,0.38938,0.68854,-0.0856,-0.0799,-75.802
0.68021,4.062,-0.16186,6.0504,-0.60148,0.38856,0.6871,-0.0888,-0.0799,-76.097
0.72025,4.3846,-0.18235,6.2932,-0.66469,0.55413,0.97621,-0.0917,-0.0782,-80.923
0.76023,3.6845,-0.11482,6.7249,-0.76942,0.83828,1.3782,-0.0603,-0.0242,-279.7
0.80024,3.9893,-0.1071,6.8914,0.0031842,0.72887,1.4797,-0.0546,-0.0144,-478.57
0.84026,4.3254,-0.12351,6.9609,-0.017099,0.70169,1.4121,-0.0539,-0.0148,-470.33
0.8803,4.6482,-0.13235,7.0499,-0.72336,0.89896,1.4827,-0.0499,-0.0093,-762.04
0.92029,4.8135,-0.14413,6.9188,-0.38999,0.70982,1.2863,-0.0563,-0.0179,-387.14
0.96032,5.0877,-0.1604,6.9613,-0.39704,0.70954,1.2855,-0.057,-0.0179,-389.53
1.0003,5.4369,-0.16785,7.1525,-0.034214,0.71268,1.4265,-0.054,-0.0145,-493.28
1.0403,5.8394,-0.20736,7.447,-0.88412,1.0834,1.7737,-0.0619,-0.0246,-304.85
1.0803,6.1006,-0.19987,7.4446,-0.04085,0.81283,1.6397,-0.0578,-0.0186,-400.25
1.1204,6.3855,-0.20458,7.4069,-0.70933,0.95054,1.5735,-0.0453,0.0004,18602
1.1604,6.7024,-0.18179,7.458,0.09181,0.75497,1.502,-0.035,0.0133,560.79
1.2004,7.0336,-0.19946,7.6268,0.099732,0.83521,1.6746,-0.0374,0.0087,876.72
1.2404,7.215,-0.21061,7.4494,-0.36054,0.77815,1.4092,-0.0484,-0.0058,-1285.9
1.2804,7.6139,-0.24098,7.9886,-0.056541,1.054,2.1706,-0.0675,-0.0314,-254.42
1.3204,7.9425,-0.24879,8.4282,-0.32539,1.0487,2.1538,-0.068382,-0.031836,-264.93
1.3604,8.2872,-0.26635,8.7971,-0.54427,1.0433,2.1369,-0.069263,-0.032273,-273.11
1.4004,8.6454,-0.29167,9.0955,-0.71323,1.038,2.12,-0.070145,-0.032709,-278.93
1.4405,9.0143,-0.32278,9.3233,-0.83227,1.0327,2.1032,-0.071027,-0.033145,-282.4
1.4805,9.3906,-0.35761,9.4803,-0.90124,1.0273,2.0863,-0.071909,-0.033582,-283.58
1.5205,9.7724,-0.39427,9.5668,-0.92026,1.022,2.0694,-0.072792,-0.034019,-282.52
1.5605,10.155,-0.43061,9.5824,-0.88928,1.0167,2.0526,-0.073673,-0.034455,-279.31
1.6006,10.538,-0.46475,9.5274,-0.80829,1.0113,2.0357,-0.074555,-0.034891,-274.04
1.6405,10.917,-0.49462,9.4019,-0.67743,1.006,2.0188,-0.075436,-0.035327,-266.83
1.6805,11.289,-0.51827,9.2056,-0.49657,1.0006,2.002,-0.076318,-0.035764,-257.78
1.7206,11.653,-0.53369,8.9386,-0.26567,0.99531,1.9851,-0.0772,-0.0362,-247.03
1.7606,12.001,-0.55764,8.953,-0.28851,0.94439,1.8704,-0.0768,-0.0336,-266.6
1.8006,12.362,-0.58188,9.0013,-0.30521,0.92498,1.8253,-0.0769,-0.0327,-275.43
1.8406,12.711,-0.61457,9.0275,-0.3393,0.89291,1.7542,-0.0787,-0.0332,-272.1
1.8806,13.058,-0.63765,9.0263,-0.36686,0.83563,1.6305,-0.0789,-0.0316,-285.88
1.9206,13.495,-0.66105,8.9742,-0.37998,0.72335,1.3995,-0.0772,-0.0273,-329.02
1.9606,13.842,-0.75036,9.0069,-0.39917,0.69858,1.3482,-0.0776,-0.0261,-345.43
2.0007,14.181,-0.79369,9.0018,-0.4413,0.64803,1.2433,-0.0798,-0.0258,-349.33
2.0407,14.496,-0.85064,8.9655,-0.50972,0.58357,1.1121,-0.0846,-0.0275,-326.54
2.0807,14.886,-0.8631,9.0571,-0.47901,0.62091,1.1865,-0.0819,-0.0243,-373.24
2.1207,15.264,-0.88516,9.1133,-0.47076,0.62217,1.1879,-0.0803,-0.0216,-422.47
2.1608,15.623,-0.90967,9.1209,-0.48958,0.58713,1.1164,-0.0806,-0.0211,-432.89
2.2007,15.978,-0.94594,9.1397,-0.5134,0.56843,1.0784,-0.0821,-0.0213,-429.77
2.2407,16.339,-0.98762,9.1842,-0.52926,0.57575,1.0925,-0.0836,-0.0212,-433.94
2.2808,16.7,-1.0219,9.2184,-0.54463,0.57551,1.0916,-0.0848,-0.0214,-431.52
2.3208,17.042,-1.0831,9.2453,-0.59084,0.57987,1.1003,-0.0897,-0.0245,-378.13
2.3608,17.427,-1.1056,9.3086,-0.57776,0.59582,1.1315,-0.0883,-0.0222,-420.11
2.4008,17.805,-1.1295,9.2858,-0.56778,0.60022,1.1321,-0.0875,-0.0205,-453.81
2.4408,18.186,-1.145,9.4162,-0.56226,0.6214,1.1814,-0.0864,-0.0195,-483.74
2.4808,18.547,-1.2038,9.453,-0.60102,0.62807,1.1946,-0.0904,-0.022,-430.55
2.5208,18.918,-1.2445,9.4949,-0.61861,0.6327,1.2034,-0.092,-0.0225,-422.89
2.5608,19.26,-1.7169,9.6202,-0.62786,0.6611,1.2667,-0.0928,-0.0223,-432.32
2.6009,19.626,-1.7764,9.6531,-0.66698,0.65661,1.257,-0.0962,-0.0241,-401.5
2.6409,20.009,-1.822,9.6945,-0.68821,0.65348,1.2499,-0.0977,-0.0245,-396.69
2.6809,20.389,-1.8562,9.6183,-0.67868,0.67904,1.2858,-0.0985,-0.0244,-395.17
2.7209,20.774,-1.895,9.662,-0.69351,0.67911,1.2853,-0.0995,-0.0244,-397
2.761,21.199,-1.888,9.8819,-0.66338,0.70195,1.3458,-0.0948,-0.0205,-483.13
2.8009,21.608,-1.88,9.9056,-0.63812,0.67162,1.2827,-0.0907,-0.0169,-587.34
******-------------------------------------------------------------------------------------------------------------------****** 
TargetID: ID61
Target can not be processed due to lack of Data
******-------------------------------------------------------------------------------------------------------------------****** 
TargetID: ID62
Target can not be processed due to lack of Data
******-------------------------------------------------------------------------------------------------------------------****** 
TargetID: ID63
Target can not be processed due to lack of Data
******-------------------------------------------------------------------------------------------------------------------****** 
TargetID: ID13
Target can not be processed due to lack of Data
******-------------------------------------------------------------------------------------------------------------------****** 
TargetID: ID65
Target can not be processed due to lack of Data
******-------------------------------------------------------------------------------------------------------------------****** 
TargetID: ID66
Relevancy: 0
tj = Inf
Label: -1
Comment: Target is irrelevant as it is not crossing the estimated holding line
DATA:
29.249,0,0,NaN,NaN,NaN,NaN,0,NaN,NaN
29.289,0.17442,-0.0025751,NaN,NaN,NaN,NaN,0,NaN,NaN
29.329,0.30166,0.64362,NaN,NaN,NaN,NaN,0.5456,NaN,NaN
29.369,0.46792,0.73876,NaN,NaN,NaN,NaN,0.5457,NaN,NaN
29.409,0.83643,-1.9789,NaN,NaN,NaN,NaN,5.236,NaN,NaN
29.449,1.026,-2.3057,NaN,NaN,NaN,NaN,5.2359,NaN,NaN
29.489,1.2156,-2.6331,NaN,NaN,NaN,NaN,5.2359,NaN,NaN
29.529,1.2587,-1.192,NaN,NaN,NaN,NaN,-0.5014,NaN,NaN
29.569,1.4395,-1.294,NaN,NaN,NaN,NaN,-0.5013,NaN,NaN
29.609,1.6201,-1.3907,NaN,NaN,NaN,NaN,-0.5014,NaN,NaN
29.649,1.8006,-1.4929,NaN,NaN,NaN,NaN,-0.5013,NaN,NaN
29.689,1.981,-1.5893,NaN,NaN,NaN,NaN,-0.5014,NaN,NaN
29.729,2.1616,-1.6917,NaN,NaN,NaN,NaN,-0.5013,NaN,NaN
29.769,NaN,NaN,NaN,NaN,NaN,NaN,-0.272,NaN,NaN
29.809,NaN,NaN,NaN,NaN,NaN,NaN,-0.2724,NaN,NaN
29.849,NaN,NaN,NaN,NaN,NaN,NaN,-0.2584,NaN,NaN
29.889,NaN,NaN,NaN,NaN,NaN,NaN,-0.2591,NaN,NaN
29.929,NaN,NaN,NaN,NaN,NaN,NaN,-0.2692,NaN,NaN
29.969,NaN,NaN,NaN,NaN,NaN,NaN,-0.3049,NaN,NaN
30.009,NaN,NaN,NaN,NaN,NaN,NaN,-0.3245,NaN,NaN
30.049,NaN,NaN,NaN,NaN,NaN,NaN,-0.341,NaN,NaN
30.09,NaN,NaN,NaN,NaN,NaN,NaN,-0.3576,NaN,NaN
30.129,3.5391,-1.7949,4.9242,-1.9164,0,0,-0.3711,0,Inf
30.17,1.5088,-1.6556,4.9656,-2.9752,0.034615,-0.0018962,-0.5386,-0.0026,-2226.4
30.209,1.552,-1.7308,5.1037,-2.5601,0.87453,-0.05286,-0.4403,0.1094,52.192
30.249,1.8953,-1.956,5.5774,-3.3727,2.3156,-0.13862,-0.4859,0.2484,26.24
30.289,2.1256,-2.0577,5.6728,-3.3351,2.3082,-0.13809,-0.476,0.2484,26.492
30.329,2.5584,-2.3646,6.1043,-3.9918,3.5715,-0.22493,-0.5051,0.362,20.148
30.369,2.8557,-2.4685,6.2036,-4.0434,3.458,-0.21854,-0.5078,0.3165,23.396
30.409,3.1957,-2.6874,6.2428,-4.2474,3.1635,-0.20348,-0.5329,0.2589,29.165
30.45,3.4336,-2.7818,6.2865,-3.9822,2.6898,-0.16918,-0.5106,0.2509,29.66
30.49,3.7421,-3.0627,6.5597,-4.0892,2.8888,-0.15055,-0.5574,0.1473,52.477
30.53,3.9914,-3.1376,6.3173,-4.2727,2.5088,-0.16302,-0.5436,0.1272,59.957
30.57,4.2448,-3.2719,6.4088,-3.808,1.8455,-0.10318,-0.5361,0.0971,76.775
******-------------------------------------------------------------------------------------------------------------------****** 
TargetID: ID14
Target can not be processed due to lack of Data
******-------------------------------------------------------------------------------------------------------------------****** 
TargetID: ID67
Target can not be processed due to lack of Data
******-------------------------------------------------------------------------------------------------------------------****** 
TargetID: ID68
Target can not be processed due to lack of Data
******-------------------------------------------------------------------------------------------------------------------****** 
TargetID: ID69
Target can not be processed due to lack of Data
******-------------------------------------------------------------------------------------------------------------------****** 
TargetID: ID70
Target can not be processed due to lack of Data
******-------------------------------------------------------------------------------------------------------------------****** 
TargetID: ID71
Relevancy: 1
tj = 25.848
Label: 0
Comment: Target is relevant and going straight, since target is crossing Ego X-axis in EFC
DATA:
24.848,0,0,NaN,NaN,NaN,NaN,0,NaN,NaN
24.888,0.16056,-0.20854,NaN,NaN,NaN,NaN,-0.1281,NaN,NaN
24.928,0.33025,-0.49987,NaN,NaN,NaN,NaN,-0.3458,NaN,NaN
24.968,0.52756,-0.70293,NaN,NaN,NaN,NaN,-0.4298,NaN,NaN
25.008,1.1519,0.13513,NaN,NaN,NaN,NaN,0.1502,NaN,NaN
25.048,1.3302,-0.070152,NaN,NaN,NaN,NaN,0.021,NaN,NaN
25.088,1.5986,-0.13358,NaN,NaN,NaN,NaN,-0.0062,NaN,NaN
25.128,1.7686,-0.37082,NaN,NaN,NaN,NaN,-0.1187,NaN,NaN
25.168,2.0255,-0.40066,NaN,NaN,NaN,NaN,-0.1187,NaN,NaN
25.208,NaN,NaN,NaN,NaN,NaN,NaN,-0.8409,NaN,NaN
25.248,NaN,NaN,NaN,NaN,NaN,NaN,-0.6252,NaN,NaN
25.288,NaN,NaN,NaN,NaN,NaN,NaN,-0.7607,NaN,NaN
25.328,NaN,NaN,NaN,NaN,NaN,NaN,-0.6657,NaN,NaN
25.368,NaN,NaN,NaN,NaN,NaN,NaN,-0.7335,NaN,NaN
25.408,NaN,NaN,NaN,NaN,NaN,NaN,-0.7334,NaN,NaN
25.448,NaN,NaN,NaN,NaN,NaN,NaN,-0.7476,NaN,NaN
25.488,NaN,NaN,NaN,NaN,NaN,NaN,-0.7475,NaN,NaN
25.528,3.0167,-2.6329,4.9111,-4.2828,-0.066405,0.025902,-0.7171,-0.0068,-958.27
25.568,3.2728,-2.6802,5.0074,-4.0338,0.014621,-0.0057134,-0.6781,-0.0001,-64300
25.608,3.2631,-2.8765,5.1986,-3.2532,0.03332,-0.013038,-0.5591,0.0064,958.22
25.648,3.4849,-2.9898,5.2127,-3.23,0.065045,-0.025495,-0.5547,0.0073,840.04
25.688,3.7951,-2.8433,5.4502,-2.7668,0.60084,-0.23587,-0.4693,0.0578,105.75
25.728,4.0155,-2.9566,5.478,-2.7651,0.60451,-0.23774,-0.467,0.0578,106.16
25.768,4.3739,-2.9009,5.6698,-2.5002,0.90107,-0.35496,-0.4151,0.0971,63.816
25.808,4.6154,-3.013,5.7007,-2.4894,0.83422,-0.32902,-0.4115,0.0999,62.268
25.848,4.872,-2.8411,5.9157,-1.8304,0.79069,-0.31224,-0.3005,0.2681,23.097
25.888,5.1804,-2.8905,6.0321,-1.7415,0.82761,-0.32738,-0.2816,0.2747,22.856
25.928,5.4657,-2.7894,6.1846,-1.3414,0.82658,-0.32753,-0.2145,0.3495,18.107
25.968,5.7133,-2.8373,6.2464,-1.2633,0.80921,-0.32111,-0.2005,0.3495,18.234
26.008,5.9975,-2.7977,6.3353,-0.96872,0.73918,-0.29373,-0.1528,0.3963,16.172
26.048,6.2667,-2.7754,6.3943,-0.71306,0.6406,-0.25499,-0.1122,0.4375,14.706
26.088,6.5418,-2.7914,6.4501,-0.54305,0.60543,-0.24126,-0.0851,0.446,14.513
26.128,6.7956,-2.7789,6.5029,-0.30435,0.5183,-0.20741,-0.0478,0.4773,13.639
26.168,7.0615,-2.8067,6.5259,-0.3216,0.51281,-0.2055,-0.0503,0.4471,14.614
26.208,7.3268,-2.8057,6.514,-0.11812,0.43338,-0.17316,-0.0191,0.4694,13.879
26.248,7.5849,-2.8594,6.5141,-0.11325,0.376,-0.15087,-0.0182,0.4523,14.404
26.288,7.836,-2.8623,6.5207,0.018315,0.31735,-0.1276,0.0021,0.4596,14.188
26.328,8.12,-2.8586,6.5416,0.033174,0.29967,-0.121,0.0044,0.4399,14.871
26.368,8.391,-2.8251,6.5559,0.21467,0.26678,-0.10776,0.0321,0.4518,14.518
26.408,8.6554,-2.8906,6.5226,0.11235,0.23483,-0.095051,0.0166,0.4174,15.629
26.448,8.9078,-2.8942,6.5337,0.20967,0.20658,-0.083931,0.0315,0.4166,15.692
26.488,9.1534,-3.0057,6.4765,0.063465,0.17846,-0.07257,0.0094,0.3797,17.058
26.528,9.4135,-3.0054,6.4895,0.14975,0.16464,-0.067106,0.0227,0.3784,17.154
26.568,9.6479,-3.1443,6.4043,-0.092627,0.12674,-0.051779,-0.0148,0.3293,19.45
26.608,9.9018,-3.1506,6.405,-0.016946,0.1089,-0.044592,-0.0029,0.3287,19.486
26.648,10.122,-3.2983,6.3125,-0.24394,0.068425,-0.028082,-0.0388,0.2852,22.15
26.688,10.375,-3.3221,6.3173,-0.19937,0.064606,-0.026593,-0.0317,0.2817,22.437
26.728,10.608,-3.4695,6.2493,-0.38346,0.049676,-0.020506,-0.0613,0.2464,25.41
26.768,10.853,-3.4822,6.2573,-0.34278,0.057237,-0.023687,-0.0549,0.2436,25.725
26.808,11.087,-3.5938,6.2051,-0.46539,0.040625,-0.016852,-0.0749,0.2188,28.439
26.848,11.347,-3.5714,6.2478,-0.3527,0.061888,-0.025766,-0.0564,0.2268,27.591
26.888,11.606,-3.5934,6.2735,-0.31322,0.084567,-0.035322,-0.0499,0.225,27.917
26.928,11.86,-3.5632,6.2904,-0.18708,0.07448,-0.031214,-0.0297,0.2336,26.94
26.968,12.027,-3.6606,6.2527,-0.33976,0.074442,-0.031301,-0.0543,0.2066,30.309
27.008,12.283,-3.686,6.2547,-0.29512,0.066849,-0.028198,-0.0473,0.2058,30.426
27.048,12.499,-3.763,6.2502,-0.3929,0.08712,-0.036894,-0.0626,0.1882,33.276
27.088,12.753,-3.7947,6.2755,-0.37517,0.11351,-0.048233,-0.0597,0.1849,34.001
27.128,13.01,-3.84,6.2821,-0.37547,0.11463,-0.048869,-0.06,0.1796,35.041
27.168,13.259,-3.8483,6.2934,-0.33066,0.11223,-0.048005,-0.0528,0.1796,35.089
27.208,13.516,-3.9208,6.2944,-0.35596,0.11516,-0.049434,-0.0568,0.1716,36.739
27.248,13.764,-3.9243,6.3054,-0.31315,0.11263,-0.04852,-0.0499,0.1716,36.79
27.288,13.948,-4.1024,6.2484,-0.58443,0.12658,-0.054682,-0.0936,0.1371,45.775
27.328,14.205,-4.1202,6.2874,-0.55094,0.14595,-0.063354,-0.0874,0.1376,45.869
27.368,14.429,-4.3364,6.2114,-0.73387,0.087524,-0.038115,-0.1176,0.1151,54.34
27.408,14.675,-4.3547,6.221,-0.70647,0.085915,-0.037558,-0.1131,0.1151,54.396
27.448,14.908,-4.4266,6.1887,-0.71257,0.044036,-0.019315,-0.1147,0.1112,56.021
27.489,15.115,-4.4754,6.071,-0.72113,-0.098749,0.043491,-0.118,0.106,57.676
27.529,15.375,-4.4675,6.0967,-0.62572,-0.083821,0.037019,-0.1021,0.1135,53.997
27.569,15.62,-4.4929,6.0942,-0.59731,-0.083255,0.036899,-0.0975,0.1135,53.951
27.609,15.881,-4.4883,6.1557,-0.53308,-0.015118,0.006724,-0.0863,0.1176,52.54
27.649,16.101,-4.632,6.1292,-0.65249,-0.010332,0.0046111,-0.1061,0.1036,59.496
27.689,16.425,-4.7033,6.0906,-0.66913,-0.050078,0.022428,-0.1093,0.0989,61.954
27.729,16.667,-4.7269,6.0902,-0.64498,-0.049789,0.022382,-0.1054,0.0989,61.923
27.769,16.916,-4.7464,6.0944,-0.62302,-0.047307,0.021348,-0.1018,0.099,61.881
27.809,17.16,-4.7683,6.0939,-0.59906,-0.047015,0.021307,-0.0979,0.099,61.851
27.849,17.436,-4.718,6.1479,-0.45452,-0.024586,0.011185,-0.0738,0.1108,55.638
27.889,17.702,-4.7195,6.1916,-0.4166,0.011963,-0.0054663,-0.0672,0.1123,55.259
27.929,17.971,-4.6989,6.2193,-0.35275,0.019152,-0.0087873,-0.0567,0.1159,53.747
27.969,18.231,-4.6948,6.215,-0.30167,-0.0028258,0.0013022,-0.0485,0.1182,52.642
28.009,18.502,-4.6656,6.2381,-0.22177,0.0020537,-0.00095005,-0.0355,0.1229,50.79
28.049,18.753,-4.6495,6.229,-0.17001,-0.01744,0.0081085,-0.0273,0.1249,49.891
28.089,18.996,-4.5861,6.159,-0.033012,-0.10133,0.047395,-0.0051,0.1345,45.793
28.129,19.236,-4.539,6.1599,0.084462,-0.10277,0.048298,0.014,0.1426,43.201
28.169,19.474,-4.5497,6.1487,0.088996,-0.10598,0.050133,0.0148,0.14,43.924
28.209,19.699,-4.5246,6.1221,0.17949,-0.1374,0.065408,0.0298,0.146,41.95
28.249,19.905,-4.5615,6.0891,0.13671,-0.13558,0.064942,0.0229,0.1386,43.944
28.289,20.134,-4.4879,6.0873,0.28974,-0.13183,0.063522,0.0481,0.15,40.628
28.329,20.363,-4.4123,6.0849,0.42643,-0.12339,0.059867,0.0705,0.1593,38.291
28.369,20.589,-4.3367,6.0798,0.55192,-0.11888,0.058139,0.0911,0.1675,36.447
28.409,20.812,-4.2787,6.0641,0.66051,-0.11652,0.05747,0.1092,0.1741,35.037
28.449,21.018,-4.2379,6.029,0.73955,-0.12785,0.063674,0.1229,0.1784,34.048
28.489,21.251,-4.1562,6.0156,0.87166,-0.11299,0.056623,0.1447,0.1866,32.574
28.529,21.46,-4.1062,5.9823,0.94284,-0.11687,0.059053,0.1573,0.1901,31.858
28.569,21.68,-4.057,5.9094,1.0298,-0.12996,0.06607,0.1737,0.196,30.604
28.609,21.9,-3.9942,5.8934,1.117,-0.10979,0.056019,0.1884,0.1998,30.022
28.649,22.12,-3.9224,5.8318,1.2311,-0.10718,0.055026,0.2092,0.2077,28.697
28.689,22.327,-3.8697,5.7481,1.3098,-0.10419,0.053723,0.2253,0.213,27.678
28.729,22.554,-3.795,5.6406,1.4033,-0.094309,0.048818,0.245,0.2203,26.385
28.769,22.291,-3.7862,5.571,1.582,-0.05446,0.028254,0.2781,0.2351,24.633
28.809,22.502,-3.7174,5.5159,1.6668,-0.030495,0.015829,0.2943,0.2392,24.09
28.849,22.676,-3.6496,5.4128,1.7129,-0.012301,0.0063801,0.3068,0.2407,23.587
28.889,22.888,-3.5688,5.3711,1.7897,0.0094197,-0.0048767,0.3214,0.2434,23.26
28.929,23.12,-3.4563,5.3568,1.9252,0.040102,-0.020727,0.3438,0.2507,22.705
28.969,23.341,-3.3474,5.3276,2.0204,0.061494,-0.031711,0.3605,0.2544,22.397
29.009,23.563,-3.2408,5.2921,2.1121,0.082909,-0.042702,0.3771,0.2581,22.077
29.049,23.882,-3.0147,5.3164,2.4733,0.1422,-0.072968,0.4309,0.2851,20.567
29.089,24.131,-2.8724,5.2916,2.6562,0.16822,-0.086181,0.4597,0.2964,19.976
29.129,24.314,-2.7522,5.1965,2.7464,0.20304,-0.10404,0.4793,0.301,19.527
29.169,24.561,-2.5713,5.2074,2.9715,0.20484,-0.10483,0.5117,0.3132,19.143
29.209,24.796,-2.4063,5.1891,3.1421,0.20246,-0.10352,0.5378,0.3222,18.828
29.249,25.054,-2.2233,5.2685,3.3669,0.14388,-0.07378,0.564,0.3306,18.912
29.289,25.263,-2.0839,5.2415,3.4387,0.13642,-0.069969,0.5761,0.3294,19.031
29.329,25.543,-1.9629,5.4402,3.5464,-0.019223,0.0099359,0.5771,0.3185,20.389
29.369,25.746,-1.7898,5.415,3.675,-0.045751,0.023614,0.5948,0.3213,20.368
******-------------------------------------------------------------------------------------------------------------------****** 
TargetID: ID72
Relevancy: 1
tj = 25.0478
Label: 0
Comment: Target is relevant and going straight, since the velocity ratio is almost not changing
DATA:
24.888,0,-0,NaN,NaN,NaN,NaN,0,NaN,NaN
24.928,0.67527,0.66554,NaN,NaN,NaN,NaN,0.3776,NaN,NaN
24.968,0.98246,0.77485,NaN,NaN,NaN,NaN,0.3776,NaN,NaN
25.008,1.2878,0.90772,NaN,NaN,NaN,NaN,0.3777,NaN,NaN
25.048,1.594,1.0348,NaN,NaN,NaN,NaN,0.3776,NaN,NaN
25.088,1.2835,0.24173,NaN,NaN,NaN,NaN,0.0461,NaN,NaN
25.128,1.5058,0.25222,NaN,NaN,NaN,NaN,0.0462,NaN,NaN
25.168,1.7296,0.26384,NaN,NaN,NaN,NaN,0.0462,NaN,NaN
25.208,1.6248,-0.22579,NaN,NaN,NaN,NaN,-0.1917,NaN,NaN
25.248,1.8132,-0.25741,NaN,NaN,NaN,NaN,-0.1918,NaN,NaN
25.288,1.9984,-0.29535,NaN,NaN,NaN,NaN,-0.1917,NaN,NaN
25.328,2.1864,-0.3304,NaN,NaN,NaN,NaN,-0.1917,NaN,NaN
25.368,2.2341,-0.64594,NaN,NaN,NaN,NaN,-0.3287,NaN,NaN
25.408,2.4123,-0.70846,NaN,NaN,NaN,NaN,-0.3286,NaN,NaN
25.448,2.592,-0.76865,NaN,NaN,NaN,NaN,-0.3287,NaN,NaN
25.488,2.7703,-0.82845,NaN,NaN,NaN,NaN,-0.3286,NaN,NaN
25.528,2.9497,-0.88413,NaN,NaN,NaN,NaN,-0.3287,NaN,NaN
25.568,3.1298,-0.95018,NaN,NaN,NaN,NaN,-0.3287,NaN,NaN
25.608,3.2149,-1.2174,NaN,NaN,NaN,NaN,-0.4021,NaN,NaN
25.648,3.5237,-1.2453,NaN,NaN,NaN,NaN,-0.3782,NaN,NaN
25.688,3.7065,-1.3113,NaN,NaN,NaN,NaN,-0.3782,NaN,NaN
25.728,3.8903,-1.3878,NaN,NaN,NaN,NaN,-0.3782,NaN,NaN
25.768,4.0742,-1.4611,NaN,NaN,NaN,NaN,-0.3782,NaN,NaN
25.808,4.2559,-1.5406,NaN,NaN,NaN,NaN,-0.3781,NaN,NaN
25.848,4.4388,-1.6042,NaN,NaN,NaN,NaN,-0.3782,NaN,NaN
25.888,4.6029,-1.7731,NaN,NaN,NaN,NaN,-0.4026,NaN,NaN
25.928,4.4111,-1.5522,4.4746,-2.3111,0,-0,-0.4768,0,Inf
25.968,4.5897,-1.6417,4.4746,-2.3111,0,-0,-0.4768,0,Inf
26.008,4.7688,-1.7485,4.4748,-2.3108,0,-0,-0.4767,0,Inf
26.048,4.9477,-1.8327,4.4746,-2.3112,0,-0,-0.4768,0,Inf
26.088,5.1029,-1.8635,4.7805,-2.3721,0.68479,-0.55588,-0.4597,-0.0049,-1089.1
26.128,5.2909,-2.0381,4.816,-2.4879,0.74329,-0.60419,-0.4777,-0.0085,-637.72
26.168,5.4732,-2.1495,4.8751,-2.554,0.8125,-0.66117,-0.4826,-0.0088,-625.41
26.208,5.6804,-2.2436,4.9208,-2.5642,0.78854,-0.64262,-0.4795,-0.008,-693.6
26.248,5.8663,-2.4541,4.8767,-2.7168,0.76694,-0.62569,-0.509,-0.0224,-249.21
26.288,6.0633,-2.5606,4.9023,-2.7546,0.75709,-0.61856,-0.5119,-0.0249,-225.83
26.328,6.2182,-2.7357,4.8569,-2.8988,0.76586,-0.62672,-0.5387,-0.0459,-123.23
26.368,6.3475,-3.0079,4.6794,-3.2213,0.79114,-0.64845,-0.6032,-0.1043,-54.467
26.408,5.8126,-2.1518,4.7536,-3.1884,0.75818,-0.62244,-0.5944,-0.073,-78.409
26.448,5.9976,-2.3242,4.7037,-3.3294,0.78054,-0.64179,-0.6187,-0.094,-61.307
26.488,6.1794,-2.5637,4.5569,-3.6161,0.84444,-0.69538,-0.6715,-0.1416,-41.083
26.528,6.3463,-2.7828,4.4709,-3.7479,0.79205,-0.6533,-0.6973,-0.1538,-37.932
26.568,6.5204,-2.989,4.3665,-3.9608,0.83728,-0.69173,-0.7349,-0.1847,-31.918
26.608,6.6737,-3.1901,4.2421,-4.1024,0.77514,-0.64146,-0.7659,-0.2122,-27.81
26.648,6.8309,-3.3987,4.1926,-4.2407,0.82258,-0.68199,-0.7874,-0.2199,-27.119
26.688,6.979,-3.547,4.1416,-4.3481,0.82242,-0.68288,-0.8055,-0.2368,-25.359
26.728,7.1475,-3.7491,4.1069,-4.4272,0.82543,-0.68692,-0.8182,-0.2383,-25.341
26.768,7.2967,-3.9358,4.0701,-4.5049,0.78281,-0.65247,-0.8312,-0.2411,-25.182
26.808,7.444,-4.1519,4.0074,-4.5685,0.70015,-0.58463,-0.846,-0.2462,-24.683
26.848,7.5906,-4.348,3.9626,-4.6531,0.70243,-0.58783,-0.8603,-0.2503,-24.418
26.888,7.7388,-4.5567,3.9329,-4.721,0.69577,-0.58355,-0.8709,-0.2484,-24.736
26.928,7.8948,-4.761,3.9623,-4.7353,0.70502,-0.59275,-0.8688,-0.2313,-26.694
26.968,8.0391,-4.9841,3.9212,-4.7397,0.5621,-0.47377,-0.8753,-0.2266,-27.147
27.008,8.1145,-5.2482,3.9452,-4.7809,0.63056,-0.53277,-0.8761,-0.2177,-28.473
27.048,8.2675,-5.4316,3.9313,-4.8174,0.62173,-0.52659,-0.8815,-0.2145,-28.988
27.088,8.4147,-5.65,3.8956,-4.9053,0.63868,-0.54224,-0.8944,-0.2168,-28.893
27.128,8.5742,-5.8647,3.8715,-4.9457,0.60202,-0.51236,-0.9016,-0.2147,-29.254
27.168,8.7297,-6.0286,3.8669,-4.9846,0.64445,-0.54978,-0.9056,-0.2118,-29.786
27.208,8.9131,-6.2401,3.8934,-4.9916,0.634,-0.54231,-0.9032,-0.1999,-31.668
27.248,9.0645,-6.433,3.87,-5.0457,0.63636,-0.54575,-0.9112,-0.1999,-31.811
27.288,9.2497,-6.5974,3.9008,-4.9747,0.55148,-0.47435,-0.9014,-0.1849,-34.19
27.328,9.4446,-6.7829,4.0357,-4.8874,0.59748,-0.5153,-0.8764,-0.1517,-41.782
27.368,9.603,-6.9848,4.023,-4.9331,0.59919,-0.51813,-0.8824,-0.1517,-41.961
27.408,9.7609,-7.1741,4.0092,-4.9792,0.60074,-0.52093,-0.8886,-0.1517,-42.14
27.448,9.9177,-7.3732,3.9957,-5.025,0.60244,-0.52377,-0.8946,-0.1517,-42.32
27.489,10.158,-7.4027,4.1105,-4.7169,0.43523,-0.37956,-0.8515,-0.114,-54.883
27.529,10.362,-7.5024,4.1452,-4.5186,0.26373,-0.23063,-0.8272,-0.0918,-66.796
27.569,10.527,-7.6866,4.1369,-4.5427,0.26429,-0.23172,-0.8308,-0.0918,-66.929
27.609,10.651,-7.9153,4.0191,-4.731,0.27042,-0.23766,-0.8649,-0.1177,-52.741
27.649,10.81,-8.1025,4.0041,-4.7597,0.27117,-0.23895,-0.8696,-0.1177,-52.846
27.689,10.968,-8.2987,3.9897,-4.7878,0.27195,-0.24021,-0.8743,-0.1177,-52.95
27.729,11.125,-8.4898,3.9745,-4.8162,0.27257,-0.24144,-0.879,-0.1177,-53.054
27.769,11.257,-8.7107,3.873,-4.9608,0.26865,-0.23867,-0.9058,-0.1358,-46.344
27.809,11.481,-8.871,4.0184,-4.9931,0.50157,-0.4469,-0.8931,-0.1216,-52.708
27.849,11.621,-9.137,3.9455,-5.149,0.5216,-0.46621,-0.9131,-0.1324,-48.994
27.889,11.77,-9.3397,3.9373,-5.191,0.54238,-0.48633,-0.9178,-0.1315,-49.546
27.929,11.933,-9.5056,3.9212,-5.1607,0.46672,-0.41986,-0.9175,-0.1284,-50.479
27.969,12.085,-9.6669,3.9048,-5.1201,0.41147,-0.37138,-0.9161,-0.1242,-51.845
28.009,12.242,-9.8394,3.8876,-5.1091,0.38134,-0.34537,-0.9174,-0.1222,-52.537
28.049,12.387,-10.009,3.8508,-5.0943,0.30993,-0.28167,-0.9211,-0.1219,-52.387
28.089,12.537,-10.194,3.7984,-5.0689,0.18349,-0.16745,-0.9262,-0.1232,-51.414
28.129,12.284,-9.89,3.7195,-5.2313,0.25636,-0.23493,-0.9493,-0.1379,-46.547
28.169,12.413,-10.072,3.6771,-5.2434,0.23032,-0.21201,-0.9561,-0.1389,-46.107
28.209,12.566,-10.279,3.6961,-5.2301,0.2297,-0.2123,-0.9587,-0.1361,-47.056
28.249,12.71,-10.506,3.5838,-5.4576,0.33804,-0.3141,-0.9848,-0.1526,-42.786
28.289,12.843,-10.704,3.5188,-5.4258,0.19856,-0.18551,-0.9924,-0.1549,-41.749
28.329,12.97,-10.929,3.4481,-5.4769,0.1285,-0.12071,-1.0069,-0.162,-39.95
28.369,13.099,-11.144,3.3867,-5.5091,0.077826,-0.073568,-1.0183,-0.1664,-38.863
28.409,13.229,-11.374,3.3571,-5.5144,0.058412,-0.055583,-1.023,-0.1649,-39.15
28.449,13.353,-11.598,3.3045,-5.5491,0.041778,-0.040019,-1.033,-0.1677,-38.512
28.489,13.467,-11.825,3.2268,-5.4644,-0.19135,0.18441,-1.0408,-0.1701,-37.308
28.529,13.591,-12.04,3.1882,-5.4789,-0.18892,0.18306,-1.0473,-0.1698,-37.332
28.569,13.712,-12.231,3.1572,-5.4057,-0.23491,0.22867,-1.0466,-0.1642,-38.125
28.609,13.827,-12.452,3.1007,-5.4143,-0.25892,0.2531,-1.0557,-0.1665,-37.473
28.649,13.959,-12.72,3.0559,-5.5694,-0.11333,0.11124,-1.069,-0.172,-36.935
28.689,14.065,-12.93,3.005,-5.4651,-0.26862,0.26447,-1.0736,-0.1711,-36.451
28.729,14.187,-13.189,2.96,-5.5491,-0.22144,0.21871,-1.0854,-0.1756,-35.816
28.769,14.298,-13.424,2.9174,-5.5601,-0.22181,0.21951,-1.0923,-0.1756,-35.758
28.809,14.425,-13.708,2.8851,-5.716,-0.081125,0.08038,-1.1051,-0.1807,-35.434
28.849,14.543,-13.958,2.8549,-5.7792,-0.023401,0.023191,-1.1125,-0.1808,-35.652
28.889,14.698,-14.319,2.8573,-6.1657,0.3749,-0.37132,-1.1293,-0.1892,-35.918
28.929,14.809,-14.574,2.8192,-6.1992,0.37419,-0.37049,-1.1363,-0.1888,-36.071
28.969,14.916,-14.826,2.7784,-6.236,0.37557,-0.3718,-1.1438,-0.1888,-36.159
29.009,15.082,-15.196,2.8129,-6.6069,0.77171,-0.7644,-1.1534,-0.1908,-37.635
29.049,15.295,-15.515,3.1566,-6.6804,0.98436,-0.96651,-1.1471,-0.178,-41.509
29.089,15.415,-15.796,2.893,-6.8738,1.0309,-1.0221,-1.154,-0.178,-41.898
******-------------------------------------------------------------------------------------------------------------------****** 
TargetID: ID17
Relevancy: 0
tj = Inf
Label: -1
Comment: Target is irrelevant as it is not crossing the estimated holding line
DATA:
27.048,0,-0,NaN,NaN,NaN,NaN,0,NaN,NaN
27.088,0.15989,0.0018199,NaN,NaN,NaN,NaN,0,NaN,NaN
27.128,0.31657,-0.0029041,NaN,NaN,NaN,NaN,-0.0001,NaN,NaN
27.168,-0.22999,-0.67287,0.63218,-6.1427,0,-0,-1.4682,0,Inf
27.208,-0.15308,-0.90364,0.81787,-6.3348,0.34788,-0.86828,-1.4424,0.1105,57.805
27.248,-0.11471,-1.139,0.96088,-6.421,0.534,-1.3386,-1.4213,0.1745,37.206
27.288,-0.096001,-1.4053,0.93454,-6.4598,0.48674,-1.2251,-1.4262,0.1452,44.952
27.328,-0.11243,-1.675,0.69401,-6.5267,0.36344,-0.91827,-1.4641,0.0464,141.45
27.368,-0.16546,-1.9849,0.29992,-6.7095,0.3733,-0.94699,-1.5252,-0.0724,-92.766
27.408,-0.23744,-2.2984,-0.11957,-6.9573,0.5196,-1.3243,-1.5866,-0.171,-40.692
27.448,-0.45429,-2.7921,-1.3627,-7.6193,1.2062,-3.097,-1.7442,-0.433,-17.876
27.489,-0.49445,-3.1218,-1.2203,-7.609,0.96337,-2.4631,-1.7327,-0.3547,-21.726
27.529,-0.71811,-3.8068,-1.0846,-7.6338,0.80959,-2.061,-1.7219,-0.2716,-28.389
27.569,-0.76663,-4.1013,-1.3187,-7.6199,0.78684,-2.0499,-1.7323,-0.2694,-28.705
27.609,-0.78722,-4.3831,-1.1981,-7.6105,0.62036,-1.6133,-1.7193,-0.1874,-41.111
27.649,-0.8342,-4.684,-1.264,-7.6509,0.61955,-1.6176,-1.7269,-0.1874,-41.38
27.689,-0.88149,-4.9832,-1.1029,-7.3071,0.57454,-1.4978,-1.7309,-0.18198,-40.609
27.729,-0.92282,-5.2698,-0.96328,-6.9974,0.52946,-1.3779,-1.7349,-0.17654,-40.009
27.769,-0.95895,-5.5442,-0.84562,-6.7226,0.48444,-1.2581,-1.7389,-0.17112,-39.596
27.809,-0.99073,-5.8078,-0.74986,-6.4829,0.43952,-1.1385,-1.7429,-0.16571,-39.384
27.849,-1.0192,-6.0628,-0.67562,-6.2773,0.39453,-1.0188,-1.7469,-0.16028,-39.39
27.889,-1.0451,-6.3106,-0.62305,-6.106,0.34951,-0.899,-1.7509,-0.15486,-39.635
27.929,-1.0693,-6.552,-0.59221,-5.9694,0.3045,-0.77923,-1.7549,-0.14943,-40.142
27.969,-1.0928,-6.7887,-0.58309,-5.8672,0.25949,-0.65946,-1.7589,-0.14401,-40.942
28.009,-1.1163,-7.022,-0.59567,-5.7995,0.2145,-0.53972,-1.763,-0.13859,-42.067
28.049,-1.1408,-7.2537,-0.63006,-5.7664,0.16939,-0.41969,-1.767,-0.13315,-43.564
28.089,-1.167,-7.4844,-0.68612,-5.7678,0.12438,-0.29991,-1.771,-0.12773,-45.475
28.129,-1.196,-7.7157,-0.76385,-5.8037,0.079392,-0.18019,-1.775,-0.12231,-47.861
28.169,-1.2284,-7.9489,-0.86314,-5.8741,0.034456,-0.060605,-1.779,-0.11689,-50.791
28.209,-1.2653,-8.1859,-0.98432,-5.979,-0.010562,0.059195,-1.783,-0.11147,-54.36
28.249,-1.3074,-8.4278,-1.1271,-6.1184,-0.055558,0.17893,-1.787,-0.10605,-58.666
28.289,-1.3558,-8.676,-1.2917,-6.2923,-0.10056,0.2987,-1.791,-0.10062,-63.838
28.329,-1.4111,-8.9318,-1.478,-6.5007,-0.14556,0.41845,-1.795,-0.0952,-70.028
28.369,-1.897,-9.6463,-1.2468,-7.0508,0.22653,-0.65324,-1.7491,-0.005,-1432
28.409,-1.9508,-9.9323,-1.2526,-7.0711,0.22241,-0.64839,-1.7494,-0.005,-1436.2
******-------------------------------------------------------------------------------------------------------------------****** 
TargetID: ID18
Target can not be processed due to lack of Data
******-------------------------------------------------------------------------------------------------------------------****** 
TargetID: ID19
Target can not be processed due to lack of Data
******-------------------------------------------------------------------------------------------------------------------****** 
TargetID: ID73
Target can not be processed due to lack of Data
******-------------------------------------------------------------------------------------------------------------------****** 
