******-------------------------------------------------------------------------------------------------------------------****** 
Duration of the scene is: 39.9319 seconds
Original Targets Numbers in the hole Scene: 5
Number of Targets in the hole Scene after preprocessing: 8
Number of static portions: 1
******-------------------------------------------------------------------------------------------------------------------****** 
TargetID: ID01
Relevancy: 0
tj = Inf
Label: -1
Comment: Target is irrelevant as it is not crossing the estimated holding line
DATA:
10.043,0,-0,NaN,NaN,NaN,NaN,0,NaN,NaN
10.083,0.26403,0.00089769,NaN,NaN,NaN,NaN,0,NaN,NaN
10.123,0.91585,-0.45722,6.9354,0.019599,0,-0,0.0028,0,Inf
10.163,1.1956,-0.45771,6.9354,0.019882,0,-0,0.0029,0,Inf
10.203,1.4894,-0.42453,7.0063,0.32158,0.44907,-0.0089374,0.0458,0.1684,41.649
10.243,1.7693,-0.41003,7.0208,0.36957,0.45444,-0.0090438,0.0525,0.1684,41.749
10.283,2.0934,-0.36673,7.1871,0.6779,0.85205,-0.016949,0.0939,0.3171,22.766
10.323,2.3806,-0.33677,7.2111,0.77261,0.8587,-0.017078,0.1065,0.3171,22.871
10.363,2.9593,-0.45294,7.714,0.68796,1.0339,-0.020566,0.0888,0.3356,23.077
10.403,3.2698,-0.42352,7.7428,0.79582,1.0425,-0.020735,0.1022,0.3356,23.193
10.443,3.3538,-0.24393,7.3934,1.1441,0.97198,-0.019314,0.1532,0.3586,20.863
10.483,3.6515,-0.19612,7.4122,1.2566,0.98274,-0.019521,0.1676,0.3586,20.965
10.523,3.5048,0.031381,6.6768,1.4774,0.54744,-0.010887,0.218,0.3452,19.81
10.563,3.7722,0.092854,6.67,1.5728,0.56963,-0.011328,0.2319,0.3452,19.852
10.603,3.6755,0.32956,6.1245,1.8099,0.32702,-0.0065048,0.2876,0.3692,17.298
10.643,3.9197,0.40448,6.1012,1.9013,0.35189,-0.0069994,0.3024,0.3692,17.309
10.683,4.1476,0.49268,6.0571,2.0043,0.36597,-0.0072893,0.3192,0.3704,17.225
10.723,4.3897,0.57503,6.0307,2.0954,0.391,-0.0077883,0.3341,0.3704,17.236
10.763,4.6299,0.66147,6.003,2.1863,0.41618,-0.00829,0.3489,0.3704,17.248
10.803,4.8679,0.75205,5.9739,2.2765,0.44165,-0.0087961,0.3637,0.3704,17.26
10.843,5.1051,0.84582,5.9434,2.3665,0.46711,-0.0093033,0.3785,0.3704,17.271
10.883,5.3427,0.94248,5.9116,2.4563,0.49272,-0.0098126,0.3933,0.3704,17.283
10.923,5.5797,1.0423,5.8783,2.5458,0.51847,-0.010325,0.4082,0.3704,17.295
10.963,5.8131,1.1467,5.8438,2.6345,0.54423,-0.010835,0.423,0.3704,17.306
11.003,6.0458,1.2543,5.8079,2.7228,0.56999,-0.011347,0.4378,0.3704,17.318
11.043,6.2753,1.3663,5.7708,2.8106,0.59589,-0.011859,0.4526,0.3704,17.329
11.083,6.5053,1.481,5.7322,2.898,0.62165,-0.012368,0.4674,0.3704,17.341
11.123,6.7321,1.5998,5.6924,2.9848,0.64742,-0.012876,0.4822,0.3704,17.353
11.163,6.9596,1.7209,5.6511,3.0713,0.67305,-0.013381,0.497,0.3704,17.364
******-------------------------------------------------------------------------------------------------------------------****** 
TargetID: ID06
Relevancy: 0
tj = Inf
Label: -1
Comment: Target is irrelevant as it is not crossing the estimated holding line
DATA:
15.045,0,-0,NaN,NaN,NaN,NaN,0,NaN,NaN
15.084,0.32957,0.11523,NaN,NaN,NaN,NaN,0.0378,NaN,NaN
15.125,0.71588,0.12629,NaN,NaN,NaN,NaN,0.0388,NaN,NaN
15.165,1.038,0.28921,NaN,NaN,NaN,NaN,0.0754,NaN,NaN
15.205,1.3114,-0.26711,9.2513,0.52504,0,-0,0.0567,0,Inf
15.244,1.644,-0.1169,9.1814,0.81625,0.00028603,-0.0003134,0.0887,0.0116,794.62
15.285,2.0464,-0.15358,9.2746,0.68448,-0.0094522,0.010329,0.0737,0.0208,447.11
15.325,2.388,-0.037188,9.2303,0.88258,0.01843,-0.020132,0.0953,0.0308,301.05
15.365,2.7933,-0.049341,9.3458,0.83338,0.010027,-0.010953,0.0889,0.0444,211.33
15.405,3.1784,-0.0050688,9.4164,0.9034,0.011652,-0.012725,0.0957,0.0617,153.32
15.445,3.5563,0.056714,9.4456,1.0274,0.01557,-0.017,0.1083,0.0747,127.19
15.485,3.9142,0.16841,9.451,1.2095,0.0065905,-0.0071964,0.1273,0.0934,102.01
15.525,4.3059,0.20477,9.5282,1.2131,-0.00057325,0.00062603,0.1266,0.0891,107.8
15.565,4.6664,0.34045,9.4878,1.4853,-0.014043,0.015329,0.1553,0.1189,80.768
15.605,5.0781,0.34717,9.6015,1.3693,-0.022259,0.024295,0.1417,0.0933,103.95
15.645,5.4389,0.47752,9.5781,1.6062,-0.040703,0.044418,0.1661,0.1213,80.064
15.685,5.8602,0.46373,9.7192,1.4265,-0.048725,0.053177,0.1458,0.0847,115.98
15.725,6.2516,0.43438,9.8311,1.1992,-0.028951,0.031592,0.1213,0.0504,196.51
15.765,6.7211,0.26241,10.073,0.62682,0.017675,-0.019288,0.0622,-0.0327,-308.63
15.805,7.1818,0.11661,10.258,0.20433,0.044904,-0.049003,0.02,-0.0809,-126.83
15.845,7.5612,0.22343,10.249,0.46866,-0.0076434,0.0083406,0.0457,-0.0389,-263.76
15.885,8.0067,0.18295,10.368,0.35911,-0.00019083,0.00020828,0.0346,-0.0479,-216.59
15.925,8.4792,0.050714,10.556,0.029354,0.036788,-0.040137,0.0028,-0.0802,-131.62
15.965,8.9093,0.050579,10.632,0.033641,0.027425,-0.029921,0.0032,-0.0734,-144.85
16.005,9.3147,0.12821,10.646,0.21553,-0.0012421,0.0013552,0.0202,-0.0483,-220.46
16.045,9.742,0.13958,10.714,0.19623,0.0081212,-0.0088625,0.0183,-0.0483,-221.87
16.085,10.209,0.076428,10.863,0.025044,0.023218,-0.025336,0.0023,-0.0633,-171.61
16.125,10.647,0.070101,10.945,-0.01509,0.022263,-0.024294,-0.0014,-0.0635,-172.37
16.165,11.092,0.06157,11.035,-0.047335,0.020638,-0.022521,-0.0043,-0.0626,-176.27
16.205,11.575,-0.016758,11.198,-0.23596,0.042515,-0.046402,-0.0211,-0.076,-147.38
16.245,12.025,-0.025519,11.278,-0.27177,0.052643,-0.057457,-0.0241,-0.076,-148.43
16.285,12.516,-0.14,11.454,-0.53333,0.086072,-0.093947,-0.0465,-0.0934,-122.77
16.325,12.996,-0.17537,11.568,-0.55941,0.081306,-0.088735,-0.0484,-0.0902,-128.4
16.365,13.465,-0.20125,11.661,-0.59032,0.080536,-0.0879,-0.0506,-0.0882,-132.38
16.405,13.933,-0.22572,11.747,-0.63624,0.09095,-0.099265,-0.0541,-0.0882,-133.38
16.445,14.357,-0.15814,11.742,-0.47676,0.05579,-0.060894,-0.0405,-0.0711,-165.28
16.485,14.828,-0.17784,11.825,-0.51398,0.064197,-0.07007,-0.0434,-0.0711,-166.47
16.525,15.301,-0.19119,11.9,-0.20724,0.061658,-0.067297,-0.043433,-0.068042,-174.91
16.565,15.781,-0.19855,11.985,-0.21123,0.059097,-0.0645,-0.043467,-0.064957,-184.53
16.605,16.26,-0.2122,12.079,-0.52563,0.056559,-0.061729,-0.0435,-0.0619,-195.32
16.645,16.764,-0.24765,12.198,-0.56531,0.055508,-0.060581,-0.0464,-0.0616,-198.24
16.685,17.239,-0.21506,12.247,-0.47173,0.034489,-0.037642,-0.0385,-0.0531,-230.82
16.725,17.718,-0.19859,12.303,-0.42363,0.022833,-0.024921,-0.0344,-0.0482,-255.4
16.765,18.174,-0.14322,12.304,-0.31105,0.0029621,-0.0032323,-0.0253,-0.0399,-308.46
16.805,18.643,-0.09235,12.323,-0.205,-0.014904,0.016266,-0.0166,-0.0322,-382.75
16.845,19.067,0.027315,12.243,0.022411,-0.045282,0.049427,0.0019,-0.0173,-707.72
16.885,19.52,0.079689,12.248,0.10572,-0.056273,0.061418,0.0086,-0.0111,-1103.4
16.925,19.967,0.16822,12.221,0.25731,-0.074426,0.081231,0.021,-0.0013,-9402.9
16.966,20.429,0.22317,12.227,0.34228,-0.084161,0.091868,0.0281,0.0042,2912.4
17.005,20.888,0.29023,12.218,0.45068,-0.094764,0.10344,0.0369,0.0105,1164.4
17.045,20.472,0.13993,12.012,0.83477,-0.12054,0.13175,0.0703,0.0368,327.21
17.085,20.952,0.16301,12.064,0.82953,-0.11978,0.13091,0.0695,0.0353,342.56
17.125,21.412,0.2301,12.059,0.91842,-0.12635,0.13802,0.077,0.0396,305.4
17.165,21.848,0.31769,12.017,1.0326,-0.12825,0.14016,0.0867,0.0457,263.93
17.205,21.378,0.30762,12.015,1.1146,-0.13343,0.14607,0.0945,0.0501,240.85
17.245,21.878,0.32881,12.103,1.0664,-0.13087,0.14325,0.0898,0.0449,270.6
17.285,22.369,-0.15526,12.194,1.0399,-0.13069,0.14311,0.0871,0.0413,296.32
17.325,22.831,-0.077164,12.183,1.1297,-0.13468,0.14751,0.0945,0.0453,270.1
17.365,23.492,0.015025,12.182,1.191,-0.13395,0.14667,0.0993,0.0471,259.88
17.405,24.004,0.035242,12.278,1.1241,-0.13081,0.14322,0.0931,0.0409,301.45
17.445,24.492,0.045681,12.359,1.0455,-0.12082,0.13224,0.086,0.034,364.8
17.485,24.958,0.10903,12.333,1.1067,-0.11284,0.12324,0.0895,0.0352,351.78
17.525,25.442,0.15219,12.374,1.075,-0.10711,0.1172,0.0881,0.0327,379.84
17.565,26.032,0.094581,12.489,1.0029,-0.09501,0.1036,0.0789,0.0231,542.39
17.605,26.619,0.03178,12.604,0.87688,-0.081498,0.088879,0.0684,0.0131,964.49
17.645,27.124,0.066659,12.639,0.88626,-0.081498,0.088879,0.069,0.0131,967.16
17.685,27.629,0.10265,12.673,0.89482,-0.081497,0.088878,0.0695,0.0131,969.84
17.725,28.137,0.13834,12.708,0.90398,-0.0814,0.088774,0.07,0.0131,972.51
17.765,28.645,0.1752,12.742,0.91255,-0.0814,0.088773,0.0705,0.0131,975.19
17.805,29.155,0.21209,12.777,0.92141,-0.081304,0.088669,0.071,0.0131,977.86
17.845,29.694,0.32598,12.887,0.81862,-0.083401,0.091179,0.0645,0.0084,1537.3
17.885,30.31,0.14581,13.148,0.29073,-0.045544,0.049749,0.0226,-0.0214,-614.56
17.925,30.775,0.14471,13.094,0.20429,-0.032373,0.035355,0.016,-0.0254,-515.57
17.965,31.279,0.39797,13.104,0.18254,-0.029319,0.032015,0.0143,-0.0263,-498.29
18.005,31.824,0.39044,13.189,0.10692,-0.027696,0.030242,0.0084,-0.0297,-444.08
18.045,32.356,0.35869,13.266,0.029726,-0.024736,0.027009,0.0025,-0.0335,-395.99
18.085,32.898,0.33922,13.297,0.006488,-0.023113,0.025235,0.0008,-0.0339,-392.24
18.125,33.444,0.32365,13.364,-0.048221,-0.02149,0.023463,-0.0034,-0.0361,-370.19
18.165,33.982,0.31319,13.403,-0.085319,-0.019866,0.02169,-0.0061,-0.0372,-360.31
18.205,34.513,0.25758,13.454,-0.13044,-0.018052,0.019709,-0.0095,-0.0388,-346.78
18.245,35.047,0.215,13.48,-0.15483,-0.017097,0.018665,-0.0113,-0.0391,-344.78
18.285,35.674,0.22864,13.581,-0.18131,-0.018721,0.020438,-0.0132,-0.0391,-347.36
18.325,36.256,0.18748,13.661,-0.17632,-0.021585,0.023567,-0.0127,-0.0372,-367.27
18.365,36.844,0.16485,13.77,-0.19695,-0.023018,0.025131,-0.0141,-0.037,-372.19
18.406,37.405,0.15723,13.833,-0.17773,-0.025692,0.028052,-0.0126,-0.0347,-398.68
18.445,37.95,0.12364,13.84,-0.14652,-0.027315,0.029824,-0.0103,-0.032,-432.51
18.485,38.512,0.13215,13.884,-0.13505,-0.028747,0.031389,-0.0094,-0.0303,-458.24
18.526,39.07,0.13615,13.852,-0.14627,-0.024177,0.026383,-0.0108,-0.0313,-442.58
18.566,39.605,0.13877,13.827,-0.12758,-0.02303,0.025132,-0.0095,-0.0297,-465.57
18.606,40.143,0.13585,13.817,-0.13696,-0.020927,0.022837,-0.0101,-0.0298,-463.67
18.646,40.655,0.14459,13.759,-0.12231,-0.018346,0.020022,-0.0091,-0.0286,-481.12
18.686,41.135,0.11184,13.657,-0.12756,-0.013946,0.015224,-0.0092,-0.0282,-484.32
18.726,41.68,0.11185,13.687,-0.13692,-0.013855,0.01512,-0.0102,-0.0283,-483.66
18.766,42.213,0.1207,13.667,-0.12533,-0.013282,0.014495,-0.0093,-0.0268,-510
18.806,42.922,0.093875,13.985,-0.15716,-0.021597,0.023567,-0.0115,-0.0272,-514.19
******-------------------------------------------------------------------------------------------------------------------****** 
TargetID: ID07
Relevancy: 0
tj = Inf
Label: -1
Comment: Target is irrelevant as it is not crossing the estimated holding line
DATA:
29.289,-0,0,NaN,NaN,NaN,NaN,0,NaN,NaN
29.329,0.52692,0.00084999,NaN,NaN,NaN,NaN,0,NaN,NaN
29.369,1.0542,0.0028987,NaN,NaN,NaN,NaN,0,NaN,NaN
29.409,1.5808,0.0023504,NaN,NaN,NaN,NaN,0,NaN,NaN
29.449,1.9592,-0.87931,NaN,NaN,NaN,NaN,-0.1521,NaN,NaN
29.489,2.4776,-0.9584,NaN,NaN,NaN,NaN,-0.1521,NaN,NaN
29.529,2.9358,-1.5688,NaN,NaN,NaN,NaN,-0.2341,NaN,NaN
29.569,3.4483,-1.6892,NaN,NaN,NaN,NaN,-0.2341,NaN,NaN
29.609,4.0234,-1.1786,NaN,NaN,NaN,NaN,-0.142,NaN,NaN
29.649,4.5424,-1.2522,NaN,NaN,NaN,NaN,-0.142,NaN,NaN
29.689,5.0017,-0.5632,13.043,-1.4115,-0,0,-0.1078,0,Inf
29.729,5.5235,-0.62021,13.043,-1.4114,-0,0,-0.1078,0,Inf
29.769,5.9968,-0.89801,12.953,-1.7601,-0.023125,0.023474,-0.1351,-0.0001,-1.3072e+05
29.809,6.5144,-0.96988,12.949,-1.7592,-0.02372,0.024078,-0.135,-0.0001,-1.3068e+05
29.849,7.082,-0.69023,13.011,-1.2082,0.00099202,-0.0010073,-0.0926,0.0054,2419.7
29.889,7.602,-0.73953,13.004,-1.2045,0.00049642,-0.00050425,-0.0924,0.0054,2418.5
29.929,8.08,-1.0473,12.943,-1.6131,-0.041088,0.041709,-0.124,-0.004,-3260.7
29.969,8.5978,-1.1114,12.936,-1.6146,-0.043073,0.043723,-0.1241,-0.004,-3259.2
30.009,9.1658,-0.85122,12.988,-1.1093,-0.030071,0.030526,-0.0852,0.0143,911.53
30.049,9.6848,-0.89757,12.981,-1.1008,-0.031461,0.031937,-0.0846,0.0143,911.02
30.089,10.265,-0.73019,13.039,-0.76609,-0.043271,0.043926,-0.0587,0.0319,409.46
30.129,10.787,-0.75973,13.035,-0.74928,-0.045652,0.046344,-0.0574,0.0319,409.29
30.169,11.341,-0.68871,13.068,-0.5777,-0.058852,0.059741,-0.0441,0.0421,310.7
30.209,11.864,-0.71168,13.065,-0.5555,-0.062127,0.063067,-0.0425,0.0421,310.6
30.249,12.412,-0.65547,13.098,-0.41172,-0.06957,0.070623,-0.0314,0.0503,260.53
30.289,13.03,-0.59353,13.172,-0.30669,-0.072845,0.073947,-0.0232,0.0622,211.82
30.329,13.556,-0.73305,13.134,-0.52124,-0.077807,0.078984,-0.0396,0.0471,279.07
30.369,14.081,-0.75428,13.133,-0.49616,-0.081975,0.083215,-0.0377,0.0471,279.03
30.409,14.595,-0.85735,13.081,-0.62667,-0.081975,0.083215,-0.0478,0.0373,351.1
30.449,15.107,-1.0265,13.006,-0.92081,-0.084357,0.085633,-0.0706,0.0145,899.18
30.489,15.629,-1.1186,12.965,-1.0549,-0.077609,0.078783,-0.0811,0.0044,2956.4
30.529,16.167,-1.1304,12.966,-1.0054,-0.066196,0.067197,-0.0773,0.0098,1327
30.569,16.697,-1.2205,12.935,-1.1265,-0.065005,0.065988,-0.0868,0.0016,8115.3
30.609,17.218,-1.3153,12.901,-1.2525,-0.063418,0.064376,-0.0967,-0.0075,-1728.2
30.649,17.729,-1.4405,12.852,-1.4385,-0.063418,0.064376,-0.1114,-0.0215,-601.49
30.689,18.238,-1.5371,12.82,-1.5371,-0.058654,0.05954,-0.1193,-0.0284,-454.65
30.729,18.749,-1.642,12.777,-1.6621,-0.058555,0.059439,-0.1293,-0.0368,-350.12
30.769,19.269,-1.6948,12.765,-1.6607,-0.053493,0.054302,-0.1293,-0.0348,-369.91
30.809,19.772,-1.8095,12.727,-1.7819,-0.054386,0.055209,-0.1391,-0.0428,-300.26
30.849,20.295,-1.8489,12.727,-1.7454,-0.049523,0.050273,-0.1363,-0.0378,-339.83
30.889,20.764,-2.1923,12.589,-2.3713,-0.063418,0.064376,-0.1862,-0.0824,-155.47
30.929,21.308,-2.1305,12.654,-2.0789,-0.045554,0.046244,-0.1628,-0.0572,-224.18
30.969,21.802,-2.2865,12.599,-2.2697,-0.050218,0.050978,-0.1782,-0.0688,-186.07
31.009,22.306,-2.3782,12.579,-2.3018,-0.051012,0.051783,-0.181,-0.0688,-185.87
31.049,22.787,-2.7163,12.485,-2.8545,-0.042477,0.04312,-0.2248,-0.1027,-124.7
31.089,23.332,-2.5899,12.556,-2.4331,-0.03831,0.038889,-0.1914,-0.0713,-179.38
31.129,23.852,-2.4868,12.585,-2.0522,-0.040791,0.041407,-0.1617,-0.0454,-280.86
31.169,24.348,-2.647,12.555,-2.233,-0.044462,0.045134,-0.176,-0.0554,-230.17
31.209,24.855,-2.7126,12.552,-2.2138,-0.043669,0.04433,-0.1746,-0.0525,-242.78
31.249,25.4,-2.5496,12.598,-1.7751,-0.039997,0.040602,-0.14,-0.0236,-539.08
31.289,25.894,-2.6833,12.577,-1.9029,-0.043172,0.043824,-0.1501,-0.0309,-411.65
31.329,26.408,-2.7182,12.58,-1.8438,-0.042675,0.043322,-0.1455,-0.0263,-483.44
31.369,26.903,-2.8519,12.563,-1.9647,-0.041486,0.042111,-0.1552,-0.0328,-387.68
31.409,27.423,-2.8578,12.581,-1.8564,-0.03682,0.037377,-0.1465,-0.0251,-506.67
31.449,27.952,-2.7836,12.617,-1.6075,-0.030271,0.030728,-0.1267,-0.0099,-1284.7
31.489,28.463,-2.843,12.619,-1.6124,-0.029278,0.02972,-0.1271,-0.0097,-1311.5
31.529,28.972,-2.8411,12.63,-1.4927,-0.0264,0.026799,-0.1177,-0.0032,-3974.3
31.569,29.49,-2.8452,12.639,-1.4036,-0.025507,0.025892,-0.1106,0.0021,6055.6
31.609,29.997,-2.8942,12.633,-1.389,-0.0265,0.0269,-0.1095,0.0028,4539
31.649,30.505,-3.0467,12.605,-1.5865,-0.030667,0.03113,-0.1252,-0.007,-1815
31.689,31.027,-2.9803,12.639,-1.3652,-0.02372,0.024078,-0.1076,0.0048,2648.4
31.729,31.551,-3.0448,12.633,-1.4156,-0.025903,0.026294,-0.1116,0.0033,3852.2
31.769,32.057,-3.0757,12.624,-1.3674,-0.026896,0.027302,-0.1079,0.0056,2267.5
31.809,32.558,-3.1032,12.604,-1.3127,-0.030072,0.030527,-0.1038,0.008,1584
31.849,33.067,-3.133,12.59,-1.2776,-0.031759,0.032238,-0.1011,0.0098,1291.3
31.889,33.555,-3.2526,12.545,-1.377,-0.038112,0.038687,-0.1093,0.0042,3004.9
31.93,34.046,-3.3283,12.506,-1.4001,-0.043372,0.044026,-0.1115,0.0026,4839.9
31.97,34.534,-3.4408,12.46,-1.4924,-0.049524,0.050272,-0.1192,-0.0022,-5704.2
32.01,35.026,-3.5023,12.424,-1.4893,-0.053989,0.054806,-0.1193,-0.0022,-5687.7
32.05,35.506,-3.6252,12.367,-1.5892,-0.062525,0.063469,-0.1278,-0.0075,-1662.4
32.09,36.005,-3.604,12.335,-1.4536,-0.0662,0.067198,-0.1173,-0.0008,-15525
32.13,36.495,-3.6663,12.302,-1.4557,-0.068583,0.069615,-0.1178,-0.0011,-11262
32.17,36.989,-3.674,12.281,-1.3671,-0.067094,0.068104,-0.1109,0.003,4118.8
32.21,36.5,-3.0566,12.233,-1.5101,-0.073314,0.074429,-0.1223,-0.0037,-3331.3
32.25,36.971,-3.1207,12.181,-1.4938,-0.078272,0.079463,-0.1215,-0.0037,-3316.8
32.29,37.456,-3.1929,12.145,-1.516,-0.080751,0.08198,-0.1236,-0.0048,-2549.9
32.33,37.93,-3.2612,12.109,-1.5122,-0.081445,0.082684,-0.1237,-0.0052,-2346.8
32.372,38.418,-3.3267,12.079,-1.5281,-0.083131,0.084396,-0.1253,-0.0058,-2099.1
32.41,38.897,-3.3799,12.041,-1.5121,-0.085511,0.086812,-0.1243,-0.0052,-2333.8
32.45,39.378,-3.4147,12.006,-1.4661,-0.087195,0.088523,-0.1209,-0.003,-4031.6
32.49,39.833,-3.5263,11.941,-1.5356,-0.097602,0.099128,-0.1272,-0.0071,-1695.7
32.53,39.901,-3.5623,11.884,-1.5821,-0.10353,0.10513,-0.1314,-0.0095,-1262
32.57,40.368,-3.5895,11.847,-1.504,-0.10254,0.10412,-0.1253,-0.0061,-1957.7
32.61,40.832,-3.6188,11.802,-1.4276,-0.10441,0.10608,-0.1194,-0.0029,-4099.4
32.65,41.301,-3.6471,11.756,-1.3699,-0.10392,0.10553,-0.115,-0.0003,-39451
32.69,41.768,-3.724,11.711,-1.4101,-0.10996,0.11172,-0.1187,-0.0023,-5128.6
32.73,42.213,-3.8147,11.649,-1.4389,-0.11234,0.11408,-0.1218,-0.005,-2347.5
32.77,42.678,-3.9086,11.603,-1.5146,-0.11967,0.12158,-0.1286,-0.0086,-1360.7
32.81,43.174,-3.7057,11.564,-1.4575,-0.117,0.11879,-0.1242,-0.0052,-2241.5
32.85,43.614,-3.8495,11.487,-1.5969,-0.13442,0.13659,-0.1368,-0.0127,-913.18
32.89,44.059,-3.9768,11.418,-1.7024,-0.14512,0.14747,-0.1465,-0.0184,-627.4
32.93,44.518,-4.047,11.365,-1.7145,-0.15135,0.15381,-0.1482,-0.0185,-621.28
32.97,44.968,-4.1208,11.315,-1.7202,-0.15403,0.15653,-0.1493,-0.0189,-605.53
33.01,45.42,-4.1983,11.25,-1.7454,-0.16392,0.1666,-0.1522,-0.0198,-574.97
33.05,45.88,-4.2546,11.212,-1.7329,-0.16372,0.1664,-0.1517,-0.0185,-613.24
33.09,46.311,-4.3777,11.12,-1.83,-0.18213,0.18513,-0.1612,-0.024,-469.58
33.13,46.746,-4.4721,11.048,-1.8684,-0.19232,0.1955,-0.1655,-0.0262,-427.66
33.17,47.206,-4.4929,11.008,-1.782,-0.19172,0.19489,-0.1585,-0.0203,-549.33
33.21,47.599,-4.6482,10.895,-1.9384,-0.22342,0.22747,-0.1737,-0.03,-368.88
33.25,48.033,-4.67,10.818,-1.7997,-0.22033,0.22373,-0.1624,-0.0211,-519.73
33.29,48.474,-4.661,10.791,-1.638,-0.20557,0.20875,-0.1483,-0.0107,-1020
33.33,48.874,-4.7783,10.717,-1.7307,-0.22694,0.23113,-0.1576,-0.0167,-650.02
33.37,49.279,-3.7673,11.679,1.22,0.15966,-0.16183,0.1021,-0.0075,-1565.6
33.41,49.775,-3.9364,11.254,0.34946,0.039621,-0.040204,0.0305,-0.0132,-852.97
33.45,50.473,-4.0759,11.06,-0.1469,-0.013992,0.014204,-0.0131,-0.0597,-185.27
33.49,50.981,-4.1774,10.989,-0.33079,-0.03403,0.034551,-0.0297,-0.0831,-132.3
33.53,51.526,-4.1236,11.029,-0.26972,-0.081514,0.082812,-0.0236,-0.0774,-142.54
33.57,51.935,-4.135,10.998,-0.37899,-0.096275,0.097782,-0.0334,-0.0957,-114.99
33.61,52.276,-4.2129,10.853,-0.36638,-0.10231,0.10392,-0.0326,-0.0646,-168.11
33.65,52.648,-4.2127,10.831,-0.25549,-0.092504,0.093956,-0.0225,-0.0267,-405.77
33.69,53.085,-4.2345,10.818,-0.16696,-0.081308,0.082581,-0.0145,0.0016,6761.9
33.73,53.466,-4.2557,10.789,-0.086799,-0.067534,0.068588,-0.0073,0.0248,435.05
33.77,53.851,-4.3147,10.635,-0.29147,-0.080414,0.081674,-0.0264,-0.0263,-404.53
33.81,54.253,-4.3516,10.515,-0.35868,-0.085862,0.087211,-0.0331,-0.0339,-310.36
33.85,54.764,-4.3569,10.498,-0.33392,-0.081308,0.08258,-0.0309,-0.0249,-421.82
33.89,55.192,-4.3882,10.413,-0.37651,-0.092996,0.094459,-0.0351,-0.0294,-354.41
33.93,55.639,-4.4085,10.373,-0.40746,-0.098148,0.09969,-0.0381,-0.0334,-310.81
33.97,56.119,-4.4102,10.419,-0.29101,-0.084182,0.085499,-0.027,-0.0077,-1353.7
34.01,56.524,-4.4179,10.361,-0.29785,-0.080714,0.081974,-0.0278,-0.007,-1480.8
34.05,56.91,-4.469,10.112,-0.64201,-0.11399,0.11579,-0.0621,-0.0687,-147.49
34.09,57.292,-4.5075,10.063,-0.66209,-0.11359,0.11538,-0.0643,-0.0668,-150.97
34.13,57.726,-4.5013,10.126,-0.50106,-0.083386,0.084689,-0.0484,-0.0358,-283.21
34.17,58.117,-4.5041,10.187,-0.33001,-0.054054,0.054891,-0.0317,-0.0054,-1887.5
34.21,58.535,-4.5371,10.182,-0.27775,-0.04543,0.046131,-0.0267,0.0034,2995.8
34.25,58.929,-4.5503,10.176,-0.21832,-0.03601,0.036564,-0.021,0.0124,820.86
34.29,59.21,-4.53,10.251,-0.053663,-0.017166,0.017427,-0.005,0.0356,287.96
34.33,59.555,-4.5762,10.048,-0.24345,-0.03343,0.033945,-0.0237,0.0084,1196.5
34.37,59.936,-4.6124,9.976,-0.29415,-0.037791,0.038377,-0.0289,0.0013,7677.2
34.41,60.329,-4.6269,9.9365,-0.29783,-0.036601,0.037168,-0.0294,0.0012,8284.2
34.45,60.721,-4.6469,9.9014,-0.31009,-0.036304,0.036866,-0.0307,-0,-Inf
34.49,61.06,-4.6894,9.6942,-0.43646,-0.056718,0.057608,-0.044,-0.0165,-588.12
34.53,61.447,-4.7215,9.6408,-0.46004,-0.058798,0.059723,-0.0467,-0.0187,-516.14
34.57,61.818,-4.7502,9.5621,-0.45044,-0.063189,0.064058,-0.0482,-0.0186,-514.66
34.61,62.19,-4.793,9.4672,-0.47682,-0.070452,0.071408,-0.0516,-0.021,-451.39
34.65,62.555,-4.8374,9.3891,-0.52412,-0.078712,0.079765,-0.0572,-0.0264,-356.2
34.69,62.917,-4.8598,9.3019,-0.51765,-0.081999,0.083087,-0.0571,-0.024,-388.18
34.73,63.268,-4.9012,9.2077,-0.54214,-0.08887,0.090034,-0.0605,-0.0262,-352.05
34.77,63.508,-4.9432,8.8729,-0.61065,-0.11617,0.11808,-0.0664,-0.031,-286.9
34.81,63.872,-4.9801,8.8184,-0.57984,-0.11848,0.11993,-0.0681,-0.031,-285.08
34.85,64.223,-5.017,8.7481,-0.59463,-0.12227,0.12375,-0.0704,-0.0318,-275.73
34.89,64.551,-5.058,8.6649,-0.60739,-0.12377,0.12526,-0.0726,-0.0327,-265.63
34.93,64.888,-5.0873,8.6107,-0.59604,-0.11849,0.11993,-0.0716,-0.0299,-288.67
34.97,64.982,-5.1143,8.0583,-0.60186,-0.15015,0.15275,-0.0709,-0.0264,-306.09
35.01,65.414,-5.1257,8.1812,-0.58904,-0.13053,0.13275,-0.0687,-0.0233,-352.03
35.051,65.683,-5.1446,7.9669,-0.5619,-0.13633,0.13867,-0.067,-0.0197,-405.41
******-------------------------------------------------------------------------------------------------------------------****** 
TargetID: ID02
Relevancy: 0
tj = Inf
Label: -1
Comment: Target is irrelevant as it is not crossing the estimated holding line
DATA:
12.204,0,-0,NaN,NaN,NaN,NaN,0,NaN,NaN
12.244,0.38883,-0.13053,NaN,NaN,NaN,NaN,-0.0316,NaN,NaN
12.284,0.70561,-0.022614,NaN,NaN,NaN,NaN,0.0061,NaN,NaN
12.324,1.089,-0.0088931,NaN,NaN,NaN,NaN,0.0155,NaN,NaN
12.364,1.4195,-0.0014119,NaN,NaN,NaN,NaN,0.0155,NaN,NaN
12.404,1.6121,-0.40069,8.3178,0.35261,0,-0,0.0424,0,Inf
12.444,1.9792,-0.41382,8.4654,0.36268,-0.055603,0.067245,0.0429,0.0373,227.16
12.484,2.3194,-0.31423,8.5974,0.62017,-0.14749,0.17843,0.0723,0.0889,96.96
12.524,2.7342,-0.42656,8.8783,0.47646,-0.20487,0.24787,0.0539,0.1203,73.908
12.564,3.1208,-0.44179,9.0319,0.51625,-0.20902,0.25288,0.0574,0.1366,66.227
12.604,3.4402,-0.24463,9.0317,0.90926,-0.26706,0.32298,0.1003,0.1614,56.241
12.644,3.8675,-0.37283,9.2246,0.6659,-0.22613,0.2736,0.0724,0.133,69.538
12.684,4.2441,-0.32885,9.2955,0.75501,-0.21992,0.26608,0.0814,0.1324,70.439
12.724,4.6371,-0.35195,9.4002,0.68604,-0.18876,0.22835,0.0731,0.1136,82.968
12.764,4.9922,-0.22715,9.3895,0.93671,-0.20262,0.24515,0.0997,0.133,70.948
12.804,5.3557,-0.16807,9.4082,1.0486,-0.20217,0.2446,0.1113,0.1413,66.995
12.844,5.6749,0.070499,9.2733,1.6085,-0.25746,0.31119,0.1714,0.2158,43.614
12.884,6.1124,-0.033165,9.4174,1.3633,-0.24979,0.30216,0.1441,0.1707,55.744
12.924,6.5411,-0.084253,9.5356,1.1979,-0.22298,0.26979,0.1253,0.1317,72.973
12.964,6.8943,0.05337,9.4904,1.4742,-0.23505,0.2844,0.1544,0.1619,59.322
13.004,7.3113,-0.026911,9.6035,1.1807,-0.19199,0.23221,0.1226,0.1118,86.546
13.044,7.7325,-0.085319,9.7188,0.91444,-0.15228,0.1842,0.094,0.0637,153.25
13.084,8.1109,-0.032845,9.7526,0.94439,-0.14731,0.17809,0.0963,0.062,158.04
13.124,8.5112,-0.038241,9.8219,0.81028,-0.12696,0.15354,0.0825,0.0393,250.77
13.164,8.8996,-0.00052927,9.8626,0.81197,-0.12194,0.14746,0.0821,0.0355,278.76
13.204,9.3062,-0.062648,9.9642,0.55158,-0.095371,0.11531,0.0552,0.0024,4158.1
13.244,9.6518,0.052425,9.9313,0.72277,-0.10276,0.12425,0.0725,0.0245,406.43
13.284,10.056,0.043841,9.9923,0.60868,-0.090746,0.10974,0.061,0.0096,1042.8
13.324,10.512,-0.096584,10.152,0.18466,-0.057407,0.069419,0.0183,-0.0399,-254.47
13.364,10.873,0.034808,10.113,0.4461,-0.078331,0.094709,0.044,-0.0098,-1033
13.404,11.301,-0.083642,10.246,0.10147,-0.053179,0.0643,0.0098,-0.0431,-237.74
13.444,11.782,-0.26411,10.431,-0.32847,-0.017304,0.020925,-0.0315,-0.0849,-122.92
13.484,12.206,-0.28732,10.503,-0.35242,-0.02145,0.025937,-0.0335,-0.0821,-128
13.524,12.648,-0.36516,10.604,-0.53709,-0.0028844,0.0034871,-0.0506,-0.0956,-111.06
13.564,13.073,-0.3884,10.667,-0.58084,0.005498,-0.0066474,-0.0544,-0.0956,-111.75
13.604,13.53,-0.47675,10.791,-0.71994,0.016583,-0.020053,-0.0666,-0.1019,-106.13
13.644,13.944,-0.46703,10.826,-0.69755,0.011175,-0.013514,-0.0643,-0.0956,-113.48
13.684,14.437,-0.71204,11.034,-1.1821,0.076243,-0.092195,-0.1067,-0.1267,-87.585
13.724,14.89,-0.80691,11.146,-1.3139,0.093275,-0.11279,-0.1173,-0.1285,-87.336
13.764,15.355,-0.88881,11.258,-1.3953,0.10366,-0.12533,-0.1234,-0.1279,-88.692
13.804,15.843,-1.0335,11.404,-1.6086,0.13887,-0.16793,-0.14,-0.1363,-84.5
13.844,16.27,-1.0055,11.428,-1.4724,0.11033,-0.13339,-0.1282,-0.1214,-94.913
13.884,16.781,-1.2064,11.631,-1.7927,0.16928,-0.20468,-0.1531,-0.1346,-87.432
13.924,17.249,-1.2803,11.716,-1.8701,0.18244,-0.22059,-0.1584,-0.1346,-88.143
13.964,17.714,-1.334,11.791,-1.8922,0.18078,-0.2186,-0.159,-0.1303,-91.647
14.004,18.177,-1.3308,11.825,-1.7799,0.15414,-0.18635,-0.1495,-0.1207,-99.071
14.044,18.628,-1.3535,11.861,-1.766,0.14554,-0.17599,-0.1477,-0.1157,-103.65
14.084,19.152,-1.57,12.049,-2.1213,0.20885,-0.25253,-0.1744,-0.1313,-93.18
14.124,19.059,-1.8227,11.977,-1.8885,0.15567,-0.18804,-0.157,-0.1157,-104.8
14.164,19.501,-1.8045,11.947,-1.7762,0.12941,-0.15634,-0.1481,-0.1075,-112.35
14.204,18.856,-1.6057,11.825,-1.4947,0.081576,-0.098499,-0.1267,-0.0895,-133.18
14.244,19.298,-1.6348,11.812,-1.4873,0.075253,-0.090872,-0.1262,-0.0873,-136.37
14.284,19.709,-1.6118,11.74,-1.3587,0.05584,-0.067447,-0.1159,-0.0777,-152.1
14.324,20.156,-1.6259,11.741,-1.3204,0.049341,-0.059603,-0.1126,-0.0736,-160.53
14.364,20.579,-1.5892,11.667,-1.1737,0.032285,-0.03901,-0.1007,-0.0642,-182.65
14.404,20.989,-1.5699,11.581,-1.0389,0.019386,-0.023428,-0.0897,-0.0554,-209.88
14.444,21.385,-1.5069,11.466,-0.85322,0.0060396,-0.0073008,-0.0744,-0.0437,-263.11
14.484,21.757,-1.8844,11.37,-0.68151,-0.004237,0.0051212,-0.0598,-0.0321,-354.84
14.524,22.026,-1.8591,11.326,-0.61152,-0.0078424,0.0094795,-0.0538,-0.0276,-410.95
14.564,22.42,-1.8009,11.229,-0.48406,-0.010638,0.012856,-0.0429,-0.0192,-585.39
14.604,22.788,-1.7373,11.082,-0.33926,-0.0078448,0.009478,-0.0305,-0.0097,-1143
14.644,23.216,-1.4647,11.036,-0.29878,-0.0051396,0.0062098,-0.027,-0.0078,-1415.4
14.684,23.61,-1.435,10.948,-0.20962,-0.00081229,0.00098004,-0.0191,-0.0023,-4760.8
14.724,24.185,-1.2907,10.893,-0.12672,0.00054153,-0.00065336,-0.0116,0.0027,4034.9
14.764,24.585,-1.2323,10.778,0.027081,0.0055935,-0.0067522,0.0024,0.0122,883.46
14.805,25.007,-1.165,10.74,0.097047,0.0060459,-0.0072963,0.0089,0.0161,667.08
14.844,25.403,-1.1833,10.764,0.076513,0.0032492,-0.0039202,0.0071,0.0138,780.04
14.884,25.82,-1.3691,10.827,-0.049715,0.0052351,-0.0063145,-0.0047,0.004,2706.7
14.924,26.259,-1.3844,10.854,-0.080351,0.00307,-0.0037014,-0.0075,0.0017,6385.2
14.964,26.708,-1.4017,10.857,-0.1308,0.0069537,-0.0083811,-0.0122,-0.002,-5428.7
15.004,27.159,-1.4437,10.888,-0.17584,0.005239,-0.0063114,-0.0162,-0.0046,-2367.2
15.045,27.594,-1.4401,10.89,-0.17858,0.0056902,-0.0068562,-0.0165,-0.0046,-2367.7
15.084,27.943,-1.3839,10.764,-0.096865,0.015356,-0.018497,-0.009,0.0016,6727.7
15.125,28.368,-1.4185,10.739,-0.13698,0.020238,-0.024368,-0.0128,-0.0011,-9763.1
15.165,28.828,-1.4056,10.756,-0.12704,0.019509,-0.023496,-0.0115,-0.0012,-8963.8
15.205,29.117,-1.2774,10.534,0.099633,0.037534,-0.045145,0.0088,0.0129,816.66
15.244,29.53,-1.2307,10.531,0.13809,0.031881,-0.038388,0.0137,0.0163,646.1
15.285,30.022,-1.2745,10.585,0.097225,0.030441,-0.036646,0.0097,0.0116,912.52
15.325,30.447,-1.2692,10.576,0.10267,0.0309,-0.037183,0.0103,0.0116,911.76
15.365,30.869,-1.2641,10.567,0.10671,0.031351,-0.037727,0.0107,0.0116,911
15.405,31.292,-1.2528,10.558,0.11139,0.031806,-0.038266,0.0111,0.0116,910.24
15.445,31.776,-1.2413,10.663,-0.079127,0.027779,-0.033374,-0.0079,-0.0028,-3808.3
15.485,32.202,-1.2397,10.655,-0.080915,0.028232,-0.033917,-0.0081,-0.0028,-3805.5
15.525,32.705,-1.3449,10.756,-0.32052,0.026424,-0.031741,-0.0302,-0.019,-566.37
15.565,33.17,-1.3908,10.817,-0.38414,0.020813,-0.025,-0.0358,-0.0223,-485.35
15.605,33.726,-1.4703,11,-0.50709,0.011038,-0.013262,-0.0462,-0.029,-379.7
15.645,34.199,-1.5371,11.107,-0.65667,0.0090481,-0.01087,-0.0592,-0.0377,-295.12
15.685,34.664,-1.6611,11.16,-0.69407,0.0075099,-0.0090218,-0.0622,-0.0386,-289.68
15.725,35.112,-1.7048,11.184,-0.69361,0.0067853,-0.0081527,-0.062,-0.0374,-299.6
15.765,35.579,-1.7533,11.242,-0.74636,0.0062425,-0.0075,-0.0664,-0.0395,-285.24
15.805,36.051,-1.7897,11.29,-0.78176,0.0058812,-0.0070657,-0.0692,-0.0403,-280.83
15.845,36.611,-1.8712,11.501,-0.86271,0.0025326,-0.0030439,-0.0749,-0.0424,-272.02
15.885,37.114,-1.8268,11.558,-0.86233,0.00090508,-0.0010872,-0.0745,-0.0411,-282
15.925,37.668,-1.8835,11.749,-0.92674,-9.034e-05,0.00010857,-0.0787,-0.0424,-277.96
15.965,38.18,-1.9334,11.854,-0.96222,0,-0,-0.081,-0.0425,-279.83
16.005,38.708,-1.9877,11.982,-0.9563,-0.0032563,0.0039127,-0.0796,-0.0393,-305.85
16.045,39.262,-2.043,12.121,-0.98622,-0.003528,0.0042397,-0.0811,-0.0388,-313.43
16.085,39.798,-2.0815,12.248,-0.9602,-0.0085032,0.010218,-0.0781,-0.0345,-356.1
16.125,40.345,-2.1284,12.411,-0.99638,-0.0085032,0.010218,-0.08,-0.0347,-358.81
16.165,40.877,-2.1593,12.535,-0.98955,-0.011668,0.014023,-0.0786,-0.0322,-390.49
16.205,41.409,-2.1847,12.624,-0.97676,-0.014741,0.017721,-0.077,-0.0296,-427.76
16.245,41.922,-2.2067,12.639,-0.94395,-0.016467,0.019787,-0.0748,-0.0271,-467.69
16.285,42.448,-2.2417,12.694,-0.96115,-0.014928,0.017939,-0.0758,-0.028,-454.65
16.325,42.95,-2.2576,12.686,-0.93437,-0.016014,0.019243,-0.0737,-0.0258,-493.05
16.365,43.471,-2.2865,12.752,-0.9346,-0.016647,0.020004,-0.0734,-0.0248,-515.59
16.405,43.948,-2.2972,12.726,-0.89374,-0.019171,0.023048,-0.0699,-0.021,-607.51
16.445,44.473,-2.3256,12.8,-0.88492,-0.020358,0.024462,-0.0693,-0.0198,-648.01
16.485,44.998,-2.3647,12.885,-0.90297,-0.020177,0.024245,-0.0702,-0.0201,-642.6
16.525,45.499,-2.3714,12.91,-0.86349,-0.023798,0.028593,-0.0671,-0.0165,-784.16
******-------------------------------------------------------------------------------------------------------------------****** 
TargetID: ID03
Relevancy: 0
tj = Inf
Label: -1
Comment: Target is irrelevant as it is not crossing the estimated holding line
DATA:
16.805,-0,0,NaN,NaN,NaN,NaN,0,NaN,NaN
16.845,0.5414,0.00011072,NaN,NaN,NaN,NaN,0,NaN,NaN
16.885,1.0984,0.27808,NaN,NaN,NaN,NaN,0.0581,NaN,NaN
16.925,1.6421,0.30965,NaN,NaN,NaN,NaN,0.0581,NaN,NaN
16.966,2.1856,0.33911,NaN,NaN,NaN,NaN,0.0581,NaN,NaN
17.005,2.7285,0.36533,NaN,NaN,NaN,NaN,0.0582,NaN,NaN
17.045,3.2683,0.085788,NaN,NaN,NaN,NaN,0.0095,NaN,NaN
17.085,3.8097,0.093809,NaN,NaN,NaN,NaN,0.0094,NaN,NaN
17.125,4.2777,-0.9476,NaN,NaN,NaN,NaN,-0.1375,NaN,NaN
17.165,4.8102,-1.0195,NaN,NaN,NaN,NaN,-0.1376,NaN,NaN
17.205,5.3422,-1.0955,NaN,NaN,NaN,NaN,-0.1375,NaN,NaN
17.245,5.8749,-1.1666,NaN,NaN,NaN,NaN,-0.1376,NaN,NaN
17.285,6.4069,-1.2417,NaN,NaN,NaN,NaN,-0.1376,NaN,NaN
17.325,6.9391,-1.3135,NaN,NaN,NaN,NaN,-0.1376,NaN,NaN
17.365,7.3655,-0.60153,13.287,-1.4715,-0,0,-0.1103,0,Inf
17.405,7.8967,-0.66222,13.288,-1.4711,-0,0,-0.1103,0,Inf
17.445,8.4356,-0.51789,13.207,-1.2017,-0.059106,0.053345,-0.0907,-0.0003,-44207
17.485,8.9636,-0.56663,13.191,-1.2001,-0.058896,0.053156,-0.0907,-0.0003,-44151
17.525,9.4904,-0.61803,13.174,-1.1981,-0.058582,0.052871,-0.0907,-0.0003,-44095
17.565,10.017,-0.66847,13.158,-1.1961,-0.058371,0.052682,-0.0906,-0.0003,-44039
17.605,10.572,-0.80999,13.082,-1.3402,-0.11433,0.10318,-0.102,-0.0025,-5260.3
17.645,11.095,-0.86521,13.057,-1.3385,-0.11454,0.10337,-0.1021,-0.0025,-5250
17.685,11.617,-0.80806,12.991,-1.2019,-0.1199,0.10821,-0.0923,0.0018,7247.8
17.725,12.136,-0.85667,12.96,-1.1979,-0.11968,0.10802,-0.0922,0.0018,7230.6
17.765,12.696,-0.62866,12.967,-0.82376,-0.097319,0.087835,-0.0634,0.0234,555.27
17.805,13.214,-0.65997,12.937,-0.80997,-0.096689,0.087267,-0.0625,0.0234,553.96
17.845,13.737,-0.6558,12.911,-0.73499,-0.10541,0.095133,-0.0569,0.028,461.86
17.885,14.253,-0.68343,12.881,-0.71921,-0.10541,0.095133,-0.0558,0.028,460.76
17.925,14.765,-0.75398,12.859,-0.79183,-0.11318,0.10214,-0.0616,0.0196,657.31
17.965,15.278,-0.78704,12.83,-0.77948,-0.11381,0.10271,-0.0607,0.0196,655.8
18.005,15.766,-0.80283,12.797,-0.73183,-0.11035,0.099587,-0.0572,0.0202,634.53
18.045,16.278,-0.83113,12.768,-0.71996,-0.11108,0.10025,-0.0564,0.0202,633.09
18.085,16.814,-0.68432,12.803,-0.37683,-0.084091,0.075897,-0.0294,0.0465,275.44
18.125,17.354,-0.6031,12.827,-0.21171,-0.075903,0.068506,-0.0165,0.0564,227.46
18.165,17.866,-0.65729,12.815,-0.32771,-0.082415,0.074378,-0.0256,0.0425,301.63
18.205,18.379,-0.66947,12.795,-0.30553,-0.083359,0.075231,-0.0239,0.0425,301.14
18.245,18.896,-0.58378,12.806,-0.091798,-0.071079,0.064148,-0.0072,0.0559,229.1
18.285,19.373,-0.95737,12.706,-0.85446,-0.10877,0.09816,-0.0672,-0.0067,-1900.7
18.325,19.905,-0.82633,12.749,-0.49435,-0.075168,0.067843,-0.0387,0.0214,596.21
18.365,20.415,-0.84658,12.731,-0.48257,-0.076113,0.068696,-0.0378,0.0214,595.34
18.406,20.957,-0.70287,12.774,-0.13479,-0.055222,0.04984,-0.0105,0.0464,275.32
18.445,21.478,-0.72282,12.776,-0.16851,-0.055537,0.050123,-0.0132,0.0421,303.49
18.485,21.991,-0.7786,12.765,-0.2698,-0.057006,0.051449,-0.0211,0.0332,384.57
18.526,22.517,-0.8356,12.756,-0.37041,-0.057741,0.052112,-0.029,0.026,490.81
18.566,23.032,-0.84187,12.751,-0.343,-0.053332,0.048133,-0.0269,0.0271,470.67
18.606,23.552,-0.864,12.747,-0.3613,-0.050813,0.045859,-0.0283,0.0254,502.05
18.646,24.064,-0.87451,12.734,-0.33774,-0.048818,0.044058,-0.0265,0.0263,484.34
18.686,24.572,-0.97265,12.701,-0.50564,-0.053543,0.048322,-0.0398,0.0149,853.11
18.726,25.065,-1.1153,12.65,-0.74313,-0.060366,0.054481,-0.0586,-0.0009,-14079
18.766,25.581,-1.1292,12.648,-0.71906,-0.053962,0.048701,-0.0568,0.001,12668
18.806,26.08,-1.182,12.617,-0.76147,-0.054907,0.049554,-0.0603,-0.0019,-6652.8
18.846,26.596,-1.1924,12.612,-0.73519,-0.051443,0.046427,-0.0582,0.0002,63167
18.886,27.118,-1.1547,12.621,-0.621,-0.045459,0.041028,-0.0491,0.0076,1662.6
18.926,27.625,-1.2201,12.602,-0.69923,-0.047243,0.042638,-0.0554,0.0029,4352.2
18.966,28.125,-1.2501,12.579,-0.69877,-0.048923,0.044154,-0.0555,0.0028,4499.3
19.006,28.638,-1.1843,12.573,-0.52761,-0.045249,0.040838,-0.0419,0.0126,998.72
19.046,29.141,-1.2211,12.555,-0.54971,-0.046614,0.042069,-0.0438,0.011,1142.5
19.086,29.649,-1.2683,12.542,-0.60527,-0.047768,0.043111,-0.0482,0.008,1569.6
19.126,30.141,-1.3161,12.519,-0.62955,-0.04861,0.043869,-0.0503,0.006,2089.1
19.166,30.614,-1.5599,12.462,-0.98707,-0.058269,0.052586,-0.0791,-0.0141,-886.59
19.206,31.071,-1.6143,12.414,-0.95412,-0.060054,0.054199,-0.0767,-0.0139,-895.72
19.246,31.556,-1.6797,12.391,-0.98872,-0.058899,0.053155,-0.0797,-0.0158,-786.71
19.286,32.052,-1.7199,12.374,-0.99973,-0.058478,0.052777,-0.0806,-0.016,-775.87
19.326,32.545,-1.7516,12.358,-0.98711,-0.057531,0.051924,-0.0797,-0.0151,-820.99
19.366,33.049,-1.7099,12.363,-0.85453,-0.051232,0.046239,-0.069,-0.0079,-1568.7
19.406,33.546,-1.761,12.352,-0.88998,-0.050392,0.04548,-0.0719,-0.0095,-1303.6
19.446,34.047,-1.7085,12.351,-0.74452,-0.0463,0.041786,-0.0602,-0.0022,-5624.5
19.486,34.559,-1.625,12.363,-0.57043,-0.039896,0.036005,-0.0461,0.0067,1847.1
19.526,35.053,-1.661,12.351,-0.58994,-0.04042,0.036479,-0.0477,0.0055,2248.1
19.566,35.559,-1.6635,12.354,-0.56521,-0.03811,0.034394,-0.0457,0.0069,1792.3
19.606,36.056,-1.6921,12.348,-0.57278,-0.037061,0.033447,-0.0464,0.0064,1931.5
19.646,36.552,-1.7489,12.333,-0.63018,-0.039159,0.035342,-0.051,0.0038,3249.7
19.686,37.047,-1.7512,12.325,-0.59014,-0.037691,0.034015,-0.0478,0.0055,2243.5
19.726,37.569,-1.7192,12.344,-0.52954,-0.03328,0.030036,-0.0429,0.009,1372.8
19.766,38.061,-1.7398,12.325,-0.52365,-0.034961,0.031552,-0.0425,0.0091,1355.7
19.806,38.585,-1.7158,12.34,-0.4879,-0.032546,0.029372,-0.0395,0.0115,1073.8
19.846,39.043,-1.8362,12.29,-0.59859,-0.037901,0.034204,-0.0487,0.0052,2366.3
19.886,39.524,-1.9079,12.26,-0.66275,-0.041155,0.037142,-0.054,0.002,6139.1
19.926,40.013,-1.9324,12.249,-0.65337,-0.040106,0.036195,-0.0533,0.0023,5333
19.966,40.506,-1.9206,12.241,-0.59394,-0.038529,0.034774,-0.0485,0.0049,2501.1
20.006,41,-1.911,12.234,-0.54311,-0.037061,0.033447,-0.0444,0.007,1749.4
20.046,41.489,-1.9438,12.22,-0.55759,-0.03727,0.033636,-0.0456,0.0062,1973
20.086,41.973,-1.9842,12.195,-0.57849,-0.039791,0.03591,-0.0474,0.0051,2394
20.126,42.464,-1.99,12.182,-0.55542,-0.039791,0.03591,-0.0456,0.0061,1999.1
20.166,42.958,-1.9527,12.182,-0.46637,-0.036221,0.032689,-0.0383,0.0099,1231.4
20.206,43.46,-1.9207,12.181,-0.40427,-0.03475,0.031363,-0.0332,0.0129,944.75
20.246,43.975,-1.735,12.203,-0.11238,-0.025511,0.023025,-0.0092,0.0256,476.7
20.286,44.463,-1.7358,12.186,-0.092247,-0.026562,0.023972,-0.0076,0.026,468.69
20.326,44.943,-1.8331,12.159,-0.2178,-0.031076,0.028046,-0.0179,0.02,608.04
20.366,45.435,-1.832,12.154,-0.19795,-0.029816,0.026909,-0.0163,0.0205,592.93
20.406,45.913,-1.8939,12.126,-0.26203,-0.032546,0.029372,-0.0216,0.0172,705.14
20.446,46.388,-1.9385,12.094,-0.29676,-0.035485,0.032025,-0.0245,0.0151,801.15
20.486,46.899,-1.7232,12.125,0.033308,-0.023622,0.021318,0.0027,0.0295,411.03
20.526,47.374,-1.7953,12.1,-0.053998,-0.026563,0.023972,-0.0045,0.0248,487.89
20.566,47.882,-1.655,12.116,0.15394,-0.020052,0.018097,0.0127,0.0339,357.42
20.606,48.368,-1.6339,12.091,0.18901,-0.020787,0.018761,0.0156,0.0351,344.51
20.646,48.815,-1.7109,12.024,0.10726,-0.026457,0.023877,0.0089,0.0298,403.52
20.686,49.304,-1.7008,11.999,0.11635,-0.027611,0.024919,0.0097,0.0302,397.33
20.726,49.783,-1.6776,11.966,0.15836,-0.027507,0.024824,0.0132,0.0317,377.51
20.766,50.252,-1.1208,11.922,0.12389,-0.030656,0.027664,0.0104,0.0293,406.93
20.806,50.729,-1.1487,11.888,0.082475,-0.03328,0.030032,0.007,0.027,440.31
20.846,51.202,-1.1494,11.845,0.088322,-0.034857,0.031453,0.0074,0.0269,440.36
20.886,51.145,-1.0617,11.804,0.037566,-0.03821,0.034482,0.0033,0.0241,489.79
20.926,51.627,-1.0315,11.775,0.080683,-0.03737,0.033725,0.007,0.0262,449.46
20.966,52.086,-1.1044,11.697,-0.027607,-0.047551,0.042912,-0.0022,0.0208,562.36
21.006,52.542,-1.1104,11.647,-0.018326,-0.04881,0.044048,-0.0014,0.0205,568.14
21.046,53.008,-1.1006,11.612,0.008574,-0.047656,0.043006,0.0009,0.0215,540.11
21.086,53.343,-1.1349,11.57,-0.039973,-0.051012,0.046037,-0.0032,0.0185,625.43
21.126,53.813,-1.0914,11.558,0.038574,-0.045135,0.040734,0.0036,0.0221,522.98
21.166,54.278,-1.0698,11.533,0.079857,-0.042511,0.038366,0.0071,0.0238,484.57
21.206,53.864,-1.0931,11.487,0.029598,-0.046697,0.042154,0.0031,0.0209,549.6
21.246,54.308,-1.1331,11.421,-0.033776,-0.05278,0.047647,-0.0024,0.017,671.84
21.286,54.765,-1.1151,11.387,0.010515,-0.050682,0.045753,0.0015,0.019,599.3
21.326,55.214,-1.1539,11.334,-0.066972,-0.05666,0.05115,-0.0053,0.0141,803.87
21.367,55.658,-1.411,11.284,-0.11542,-0.061064,0.055132,-0.0095,0.011,1025.9
21.406,56.026,-1.4432,11.234,-0.16116,-0.064942,0.058637,-0.0136,0.0082,1370.2
21.446,56.669,-1.4817,11.188,-0.2084,-0.068618,0.06195,-0.0179,0.0053,2111.2
21.486,57.106,-1.6072,11.13,-0.25048,-0.073545,0.066405,-0.0217,0.0031,3591.3
21.526,57.972,-1.7025,11.054,-0.2982,-0.081007,0.07313,-0.0264,0.0001,1.1058e+05
21.566,58.434,-1.719,11.031,-0.30619,-0.079854,0.072088,-0.0272,-0.0001,-1.1035e+05
21.606,58.875,-1.7452,10.967,-0.35735,-0.086357,0.077958,-0.0319,-0.0029,-3783.6
21.646,59.305,-1.7668,10.901,-0.34072,-0.09118,0.082314,-0.0306,-0.0013,-8389.7
21.686,59.799,-1.68,10.948,-0.19322,-0.074713,0.067462,-0.0171,0.0081,1351.8
21.726,60.242,-1.7166,10.91,-0.24319,-0.077755,0.070193,-0.0217,0.0053,2058.9
21.766,60.677,-1.7494,10.864,-0.25114,-0.080273,0.072466,-0.0225,0.005,2173.5
21.806,61.122,-1.764,10.849,-0.20928,-0.075972,0.068584,-0.0187,0.0083,1307.4
21.847,61.578,-1.7364,10.868,-0.088176,-0.064223,0.057976,-0.0076,0.017,639.32
21.886,62.027,-1.7348,10.854,-0.075657,-0.060971,0.05505,-0.0065,0.0178,609.77
21.927,62.4,-1.7677,10.81,-0.1216,-0.064116,0.057882,-0.0107,0.0139,777.73
21.966,62.887,-1.7695,10.795,-0.10841,-0.061915,0.055893,-0.0096,0.0147,734.42
22.007,63.334,-1.7632,10.79,-0.03211,-0.056774,0.051252,-0.0025,0.0206,523.79
22.046,63.858,-1.7583,10.758,0.024707,-0.053944,0.048695,0.0027,0.0255,421.89
22.087,64.256,-1.7961,10.588,-0.066057,-0.072092,0.06508,-0.0057,0.0186,569.27
22.127,64.735,-1.7875,10.583,0.018091,-0.060868,0.054945,0.0021,0.0252,419.95
22.167,65.108,-1.8204,10.452,-0.05093,-0.072301,0.065268,-0.0043,0.0193,541.54
22.207,65.499,-1.862,10.305,-0.089297,-0.082685,0.074644,-0.0081,0.0165,624.55
22.247,65.524,-1.8743,10.268,-0.095088,-0.081825,0.073886,-0.0084,0.0161,637.77
22.287,65.934,-1.8918,10.187,-0.09781,-0.084865,0.076632,-0.0087,0.0158,644.8
22.327,65.939,-1.8504,10.227,-0.073107,-0.073106,0.066024,-0.0061,0.0178,574.56
22.367,66.574,-1.8589,10.207,-0.050587,-0.067874,0.061289,-0.0041,0.0198,515.51
22.407,66.997,-1.9139,10.251,-0.11334,-0.060411,0.054471,-0.0119,0.0096,1067.9
22.447,67.628,-1.9588,10.331,-0.16105,-0.045382,0.040927,-0.0163,0.003,3444.2
22.487,67.883,-2.0177,9.994,-0.22826,-0.0783,0.070573,-0.0241,-0.0031,-3224.7
22.527,68.395,-2.0598,9.8533,-0.27967,-0.092498,0.083358,-0.0297,-0.0096,-1026.8
22.567,67.762,-2.004,9.5854,-0.13717,-0.075144,0.067729,-0.0155,-0.0084,-1141.2
22.607,68.348,-2.1053,9.8107,-0.066348,-0.06904,0.062237,-0.0078,-0.0069,-1421.9
22.647,68.948,-2.1167,10.224,-0.15381,-0.074504,0.067163,-0.0161,-0.0628,-162.82
22.687,69.405,-2.1233,10.313,-0.14878,-0.071875,0.064796,-0.0154,-0.057,-180.96
22.727,69.812,-2.163,10.337,-0.19376,-0.067036,0.060439,-0.0197,-0.0802,-128.92
22.767,70.244,-2.1784,10.342,-0.17416,-0.064408,0.058072,-0.0177,-0.0658,-157.19
22.807,70.793,-2.1632,10.6,-0.21657,-0.049792,0.044905,-0.0211,-0.0732,-144.83
22.847,71.196,-2.1743,9.5737,-0.33223,-0.061176,0.05521,-0.0218,-0.066029,-145.08
22.887,71.563,-2.1893,8.8182,-0.41144,-0.072567,0.065522,-0.0225,-0.058853,-150
22.927,71.905,-2.2067,8.3343,-0.4541,-0.083946,0.075823,-0.0232,-0.051685,-161.49
22.967,72.233,-2.2252,8.1208,-0.46028,-0.095341,0.086138,-0.023901,-0.044507,-182.76
23.007,72.558,-2.2431,8.1783,-0.43002,-0.10671,0.096428,-0.0246,-0.037346,-219.29
23.047,72.891,-2.2591,8.5072,-0.3631,-0.11811,0.10675,-0.025301,-0.030162,-282.31
23.087,73.242,-2.2716,9.1057,-0.25993,-0.12948,0.11704,-0.026,-0.023,-396.06
23.127,73.576,-2.2547,9.026,-0.15169,-0.10636,0.096126,-0.0147,0.0008,11284
23.167,73.91,-2.2482,8.9348,-0.078197,-0.10192,0.091775,-0.0108,0.0074,1207.4
23.207,74.243,-2.3339,8.8426,-0.10911,-0.11162,0.10049,-0.0146,-0.0035,-2526.6
23.247,74.589,-2.3403,8.7572,-0.12188,-0.11542,0.1039,-0.0163,-0.0075,-1167.7
23.287,74.923,-2.3377,8.6644,-0.12039,-0.11711,0.10541,-0.0164,-0.0083,-1044
23.327,75.271,-2.2036,8.6062,-0.12676,-0.11638,0.10473,-0.0173,-0.0095,-906.01
23.367,75.604,-2.2638,8.5212,-0.1234,-0.11691,0.10521,-0.0171,-0.0092,-926.32
23.407,75.957,-2.2533,8.51,-0.11068,-0.107,0.096312,-0.0154,-0.0059,-1442.5
23.447,76.339,-2.297,8.5836,-0.16821,-0.10214,0.09196,-0.0218,-0.0121,-709.53
23.487,76.704,-2.3031,8.6312,-0.19278,-0.093078,0.083819,-0.0243,-0.0153,-564.27
23.527,77.079,-2.3494,8.6628,-0.26308,-0.094548,0.085146,-0.0324,-0.0239,-362.63
23.567,77.413,-2.3496,8.6028,-0.2525,-0.094656,0.085239,-0.0314,-0.0215,-400.3
23.607,77.761,-2.3457,8.5742,-0.24859,-0.092023,0.082872,-0.031,-0.0203,-422.55
23.647,78.097,-2.3349,8.5277,-0.2326,-0.090024,0.081072,-0.0292,-0.0183,-466.17
23.687,78.432,-2.3227,8.4822,-0.21784,-0.08813,0.079367,-0.0276,-0.0162,-523.76
23.727,78.818,-2.4281,8.5152,-0.36927,-0.10351,0.093194,-0.0456,-0.0347,-245.63
23.767,79.156,-2.4444,8.4845,-0.37574,-0.10256,0.092391,-0.0465,-0.0336,-252.76
23.807,79.494,-2.4315,8.4427,-0.35337,-0.099189,0.089311,-0.044,-0.0302,-279.8
23.847,79.816,-2.3798,8.3796,-0.26683,-0.08929,0.080408,-0.0338,-0.0189,-443.59
23.887,80.155,-2.3942,8.3723,-0.27552,-0.085392,0.076943,-0.0348,-0.0192,-436.29
23.927,80.497,-2.2954,8.3264,-0.14917,-0.070233,0.063269,-0.0195,-0.0039,-2135.3
23.967,80.811,-2.2606,8.2597,-0.095794,-0.065813,0.059292,-0.0132,0.0022,3754.7
24.007,81.146,-2.2606,8.2283,-0.093635,-0.064867,0.058439,-0.0129,0.0021,3918.5
******-------------------------------------------------------------------------------------------------------------------****** 
TargetID: ID08
Relevancy: 1
tj = 32.0496
Label: 0
Comment: Target is relevant and going straight, since target is crossing Ego X-axis in EFC
DATA:
31.849,-0,0,NaN,NaN,NaN,NaN,0,NaN,NaN
31.889,0.53641,-0.0028382,NaN,NaN,NaN,NaN,0.0001,NaN,NaN
31.93,1.0549,0.69335,NaN,NaN,NaN,NaN,0.1359,NaN,NaN
31.97,1.5863,0.7706,NaN,NaN,NaN,NaN,0.1358,NaN,NaN
32.01,2.1364,0.97081,NaN,NaN,NaN,NaN,0.1581,NaN,NaN
32.05,2.6667,1.0583,NaN,NaN,NaN,NaN,0.1581,NaN,NaN
32.09,3.189,0.77202,NaN,NaN,NaN,NaN,0.1006,NaN,NaN
32.13,3.7188,0.82475,NaN,NaN,NaN,NaN,0.1006,NaN,NaN
32.17,4.2148,1.2955,NaN,NaN,NaN,NaN,0.1629,NaN,NaN
32.21,4.7436,1.3805,NaN,NaN,NaN,NaN,0.1629,NaN,NaN
32.25,5.2563,1.691,NaN,NaN,NaN,NaN,0.1933,NaN,NaN
32.29,5.7838,1.7965,NaN,NaN,NaN,NaN,0.1932,NaN,NaN
32.33,6.1601,2.0813,13.212,2.0659,-0,0,0.1551,0,Inf
32.372,6.6887,2.166,13.212,2.0655,-0,0,0.1551,0,Inf
32.41,7.2404,1.8331,13.167,1.4022,-0.031383,0.02125,0.1061,0.0029,4565.9
32.45,7.7667,1.8887,13.159,1.403,-0.033256,0.022519,0.1062,0.0029,4563.1
32.49,8.281,2.1972,13.117,1.7657,0.012764,-0.0086423,0.1338,0.0071,1864.1
32.53,8.8054,2.2681,13.104,1.7677,0.010305,-0.0069773,0.1341,0.0071,1862.3
32.57,9.3197,2.3321,13.051,1.7839,-0.041689,0.028228,0.1358,0.0098,1344.1
32.61,9.8416,2.4023,13.033,1.7869,-0.045905,0.031082,0.1362,0.0098,1342.3
32.65,10.362,2.4726,13.015,1.7898,-0.050121,0.033936,0.1366,0.0098,1340.6
32.69,10.882,2.5452,12.997,1.7924,-0.054219,0.036712,0.137,0.0098,1338.8
32.73,11.404,2.5546,12.98,1.7013,-0.092508,0.062639,0.1304,0.0058,2257
32.77,11.923,2.6243,12.962,1.7016,-0.097894,0.066285,0.1306,0.0058,2254
32.81,12.44,2.6108,12.947,1.5892,-0.10539,0.07136,0.1222,-0.0005,-26088
32.85,12.957,2.6758,12.929,1.5865,-0.11089,0.075086,0.1221,-0.0005,-26052
32.89,13.532,2.4239,12.974,1.0178,-0.12272,0.083095,0.0783,-0.0349,-372.89
32.93,14.05,2.459,12.959,0.9996,-0.12822,0.086821,0.077,-0.0349,-372.43
32.97,14.59,2.6427,12.964,1.1841,-0.083843,0.056771,0.0911,-0.0197,-660.82
33.01,15.108,2.6917,12.95,1.1721,-0.087122,0.058991,0.0903,-0.0197,-660.04
33.05,15.633,2.6679,12.943,1.0385,-0.084316,0.057088,0.08,-0.0283,-458.83
33.09,16.15,2.7077,12.929,1.023,-0.087244,0.05907,0.0789,-0.0283,-458.29
33.13,16.667,2.7727,12.907,1.0461,-0.079513,0.053839,0.0809,-0.0255,-507.81
33.17,17.183,2.8159,12.892,1.0313,-0.081855,0.055425,0.0798,-0.0255,-507.19
33.21,17.679,3.0506,12.849,1.4046,-0.064643,0.04377,0.1089,0.0022,5875.2
33.25,18.193,3.1056,12.833,1.4043,-0.066282,0.044879,0.109,0.0022,5867.9
33.29,18.714,3.0966,12.839,1.2591,-0.081035,0.054868,0.0978,-0.0084,-1535.8
33.33,19.227,3.1468,12.825,1.2533,-0.083259,0.056374,0.0974,-0.0084,-1534
33.37,19.738,3.0418,12.79,0.94459,-0.1007,0.068189,0.0738,-0.0299,-428.93
33.41,20.249,3.0774,12.774,0.92844,-0.10316,0.069854,0.0726,-0.0299,-428.34
33.45,20.783,3.2678,12.776,1.1593,-0.076349,0.051699,0.0905,-0.0113,-1135.2
33.49,21.293,3.3113,12.76,1.1526,-0.077872,0.05273,0.0901,-0.0113,-1133.8
33.53,21.787,3.2447,12.726,0.97261,-0.086307,0.058436,0.0762,-0.0239,-534.01
33.57,22.296,3.2876,12.709,0.95808,-0.087947,0.059545,0.0752,-0.0239,-533.27
33.61,22.815,2.9517,12.681,0.2563,-0.11465,0.077624,0.0202,-0.0684,-185.43
33.65,23.322,2.9612,12.662,0.22128,-0.11687,0.07913,0.0174,-0.0684,-185.15
33.69,23.826,2.6531,12.608,-0.36181,-0.12097,0.081905,-0.0287,-0.1031,-122.34
33.73,24.33,2.6365,12.587,-0.41296,-0.12319,0.083411,-0.0328,-0.1031,-122.15
33.77,24.83,2.8765,12.579,-0.022691,-0.09204,0.062324,-0.0018,-0.0766,-164.22
33.81,25.341,3.0937,12.561,0.27407,-0.082204,0.055663,0.0218,-0.0562,-223.56
33.85,25.851,2.903,12.544,-0.080552,-0.10001,0.067713,-0.0064,-0.0751,-167.04
33.89,26.353,2.8979,12.523,-0.11772,-0.10118,0.068506,-0.0094,-0.0751,-166.76
33.93,26.853,2.8941,12.504,-0.15439,-0.10176,0.068905,-0.0123,-0.075,-166.73
33.97,27.358,2.7836,12.492,-0.35804,-0.10293,0.069695,-0.0286,-0.0844,-148.07
34.01,27.855,2.9354,12.463,-0.14235,-0.10106,0.068429,-0.0114,-0.0698,-178.57
34.05,28.353,2.9277,12.442,-0.1765,-0.10211,0.069143,-0.0142,-0.0698,-178.27
34.09,28.843,3.1258,12.393,0.11779,-0.1034,0.070015,0.0095,-0.0517,-239.71
34.13,29.341,3.1921,12.369,0.18298,-0.10609,0.071839,0.0148,-0.0465,-266.03
34.17,29.839,3.1973,12.353,0.14927,-0.10972,0.074297,0.0121,-0.0469,-263.42
34.21,30.325,3.3666,12.311,0.38828,-0.10328,0.069936,0.0316,-0.0328,-375.52
34.25,30.819,3.4128,12.288,0.41673,-0.10515,0.071205,0.034,-0.0303,-405.78
34.29,31.318,3.4361,12.268,0.3928,-0.11019,0.074611,0.0321,-0.0303,-405.08
34.33,31.805,3.6344,12.231,0.66007,-0.095904,0.064941,0.054,-0.0153,-800.61
34.37,32.279,3.769,12.193,0.83519,-0.087127,0.058993,0.0683,-0.0063,-1940
34.41,32.775,3.7171,12.191,0.68416,-0.095084,0.064383,0.0561,-0.0138,-884.77
34.45,33.269,3.6009,12.183,0.45876,-0.10645,0.072073,0.0376,-0.025,-487.67
34.49,33.754,3.7222,12.165,0.6063,-0.093682,0.063434,0.0498,-0.0169,-720.72
34.53,34.244,3.8411,12.144,0.73142,-0.086067,0.058281,0.0602,-0.0098,-1241.4
34.57,34.728,3.8781,12.12,0.74049,-0.086187,0.058357,0.061,-0.0091,-1334.4
34.61,35.217,3.9067,12.108,0.72394,-0.085131,0.057643,0.0598,-0.0095,-1276.8
34.65,35.7,3.9833,12.083,0.78691,-0.08256,0.055901,0.065,-0.0061,-1985.1
34.69,36.161,4.3302,12.025,1.2718,-0.057616,0.039011,0.1053,0.0173,698.97
34.73,36.64,4.3881,12,1.2906,-0.059139,0.040041,0.1071,0.0179,674.26
34.77,37.12,4.3174,11.982,1.1247,-0.070732,0.04789,0.0936,0.0095,1266.8
34.81,37.592,4.2083,11.952,0.9278,-0.084199,0.057009,0.0774,-0.0005,-23977
34.85,38.074,4.2071,11.933,0.86016,-0.087238,0.059071,0.072,-0.0034,-3518.7
34.89,38.559,4.17,11.915,0.74652,-0.092391,0.062559,0.0626,-0.0084,-1421.3
34.93,39.038,4.1715,11.899,0.69587,-0.091922,0.062242,0.0585,-0.0104,-1146.1
34.97,39.518,4.2149,11.89,0.70734,-0.085722,0.058042,0.0594,-0.0096,-1240.8
35.01,39.994,4.2228,11.878,0.67665,-0.082789,0.056057,0.0569,-0.0108,-1101.6
35.051,40.475,4.1856,11.87,0.58144,-0.082443,0.05582,0.0489,-0.0149,-797.63
35.09,40.951,4.2724,11.858,0.66568,-0.075648,0.051223,0.0561,-0.0107,-1109.9
35.13,41.406,4.4929,11.818,0.95724,-0.063354,0.042896,0.0808,0.0022,5389.4
35.17,41.884,4.4614,11.816,0.8515,-0.06464,0.043768,0.0719,-0.0026,-4556.4
35.211,42.361,4.5003,11.814,0.85238,-0.060189,0.040755,0.0721,-0.0025,-4737.7
35.251,42.837,4.5614,11.812,0.88334,-0.054452,0.036869,0.0746,-0.001,-11845
35.291,43.315,4.6279,11.807,0.91711,-0.051056,0.034571,0.0775,0.0007,16918
35.331,43.794,4.4687,11.807,0.64137,-0.057614,0.03901,0.0543,-0.0116,-1019.3
35.371,44.278,4.5523,11.812,0.70093,-0.050822,0.034413,0.0593,-0.0083,-1425.7
35.411,44.75,4.6469,11.806,0.79209,-0.045201,0.030607,0.067,-0.0041,-2886.1
35.451,45.222,4.678,11.795,0.7896,-0.045318,0.030686,0.0669,-0.0041,-2883.2
35.491,45.701,4.7291,11.8,0.80475,-0.0404,0.027356,0.0681,-0.0033,-3583.9
35.531,46.144,5.3005,11.813,0.87445,-0.032086,0.021723,0.0739,0.0003,39484
35.571,46.628,5.3273,11.819,0.84751,-0.031617,0.021408,0.0716,-0.0005,-23698
35.611,47.103,5.3706,11.819,0.85897,-0.028573,0.019345,0.0725,-0,-Inf
35.651,47.583,5.3663,11.819,0.79643,-0.029861,0.020219,0.0673,-0.0024,-4935.9
35.691,48.05,5.3764,11.804,0.77268,-0.032906,0.022283,0.0654,-0.0035,-3379.9
35.731,47.877,5.8111,11.805,0.81659,-0.02857,0.019343,0.0692,-0.0011,-10758
35.771,48.34,5.8157,11.788,0.78973,-0.029507,0.019978,0.067,-0.0025,-4725.9
35.811,48.813,5.8288,11.782,0.76545,-0.029273,0.01982,0.065,-0.0036,-3279.6
35.851,49.27,5.9421,11.768,0.88368,-0.02775,0.018789,0.0751,0.0015,7867.6
35.891,49.734,6.0461,11.76,0.9803,-0.025643,0.017362,0.0833,0.0057,2070.4
35.931,50.193,6.0839,11.735,0.98803,-0.029156,0.01974,0.0841,0.0058,2030.4
35.971,50.665,6.1689,11.729,1.0454,-0.028219,0.019106,0.089,0.0085,1385.4
36.011,51.127,6.2656,11.708,1.1255,-0.029507,0.019978,0.096,0.012,980.13
36.051,51.593,6.3713,11.687,1.209,-0.03056,0.020692,0.1032,0.0159,738.97
36.091,52.042,6.4216,11.649,1.2372,-0.033956,0.02299,0.106,0.0166,705.69
36.131,52.465,6.4256,11.588,1.2355,-0.038999,0.026397,0.1061,0.0148,787.41
36.171,52.924,6.4602,11.568,1.2216,-0.039926,0.027032,0.1054,0.014,830.88
36.211,53.396,6.5155,11.553,1.2244,-0.042737,0.028942,0.1058,0.0144,806.79
36.251,53.856,6.5154,11.515,1.1541,-0.051633,0.034968,0.1001,0.0114,1015.2
36.291,54.315,6.592,11.477,1.1908,-0.05409,0.03662,0.1036,0.0134,861.06
36.331,53.934,6.5071,11.439,1.1096,-0.06145,0.041613,0.0973,0.0095,1209.7
36.371,54.373,6.5557,11.382,1.1301,-0.066246,0.044862,0.0996,0.0102,1121.4
36.411,54.816,6.5286,11.327,1.0227,-0.080988,0.054874,0.0908,0.0054,2106.1
36.451,55.267,6.5166,11.28,0.93248,-0.092568,0.062724,0.0833,0.0015,7545.7
36.491,55.725,6.544,11.24,0.89287,-0.097242,0.065854,0.0802,-0,-Inf
36.531,56.171,6.5922,11.192,0.90622,-0.1011,0.068466,0.0817,0.001,11229
36.571,56.617,6.7354,11.133,1.0615,-0.09888,0.067008,0.096,0.0093,1202.6
36.611,57.061,6.7485,11.071,1.0087,-0.11092,0.075176,0.0919,0.0074,1502.3
36.651,57.491,6.7635,10.995,0.97286,-0.12296,0.083345,0.0895,0.006,1839.6
36.691,57.918,6.7292,10.917,0.85791,-0.14271,0.096746,0.0798,0.0006,18252
36.731,58.348,6.7482,10.846,0.82808,-0.15346,0.10404,0.0777,-0.0004,-27193
36.771,58.78,6.7517,10.773,0.76819,-0.1683,0.11411,0.0729,-0.0026,-4154
36.811,59.217,6.7849,10.712,0.75604,-0.17507,0.11871,0.0722,-0.0023,-4669.1
36.851,59.651,6.8123,10.649,0.73296,-0.18348,0.12442,0.0706,-0.0025,-4269.8
36.891,60.086,6.6992,10.565,0.78607,-0.18393,0.1246,0.0762,0.0013,8149.5
36.931,61.069,6.7759,10.491,0.85313,-0.18215,0.12333,0.0824,0.0056,1879.5
36.971,61.51,6.7543,10.417,1.0066,-0.16543,0.11204,0.0975,0.0152,688.54
37.011,61.931,6.8829,10.364,1.1842,-0.13725,0.092952,0.1148,0.0258,404.31
37.051,62.339,6.9624,10.3,1.239,-0.12872,0.087232,0.1207,0.0285,364
37.091,62.66,7.0405,10.223,1.338,-0.11245,0.076162,0.131,0.0344,299.72
37.131,63.121,7.1661,10.155,1.456,-0.095024,0.064357,0.1432,0.0415,247.21
37.171,63.533,7.2655,10.067,1.5784,-0.074319,0.050334,0.1561,0.0491,207.53
37.211,63.993,7.3392,10.008,1.5782,-0.072098,0.048828,0.157,0.0482,210.2
37.251,64.403,7.395,9.9499,1.5628,-0.0728,0.049303,0.1564,0.0462,218.01
37.291,64.817,7.4611,9.9065,1.6022,-0.06309,0.042728,0.1608,0.0478,209.94
37.331,65.16,7.5253,9.8652,1.5617,-0.065662,0.044472,0.1576,0.0427,233.91
37.371,64.982,7.5693,9.7919,1.5316,-0.068451,0.046376,0.1561,0.0405,244.72
37.411,65.546,7.684,9.7385,1.5548,-0.062374,0.042254,0.1591,0.0417,236.49
37.451,65.944,7.771,9.6818,1.5733,-0.057345,0.038846,0.1618,0.0429,228.64
37.491,66.371,7.8889,9.6828,1.64,-0.043074,0.029175,0.1683,0.0463,212.11
37.531,66.765,7.9736,9.6134,1.6771,-0.035819,0.02426,0.1732,0.0494,197.54
37.571,67.167,8.0569,9.5773,1.7046,-0.0295,0.01998,0.1765,0.0506,192.25
37.611,67.551,8.1271,9.5087,1.7151,-0.026223,0.01776,0.1788,0.0511,189.08
37.651,67.9,8.1777,9.4239,1.6717,-0.031723,0.021486,0.176,0.0472,202.78
37.691,68.31,8.2551,9.3602,1.6898,-0.026925,0.018235,0.179,0.0483,196.93
37.731,68.689,8.3247,9.298,1.6871,-0.025754,0.017443,0.1798,0.0476,198.53
37.771,69.086,8.4009,9.2487,1.7135,-0.019201,0.013003,0.1835,0.0491,191.57
37.811,69.466,8.4727,9.204,1.7162,-0.01721,0.011655,0.1846,0.0484,193.44
37.851,69.663,8.5048,9.1371,1.7021,-0.017561,0.011893,0.1844,0.0467,199.02
37.891,70.072,8.5747,9.1004,1.6951,-0.017678,0.011972,0.1844,0.045,205.71
37.931,70.416,8.638,9.0427,1.6872,-0.016508,0.011179,0.1847,0.0438,210.02
37.971,70.761,8.6854,8.9898,1.6389,-0.023178,0.015699,0.1807,0.0388,235.52
38.011,71.086,8.7177,8.8911,1.5529,-0.035814,0.02426,0.1735,0.0314,287.44
38.051,71.325,8.7443,8.8184,1.5087,-0.04131,0.027986,0.1702,0.0277,322.98
38.091,71.714,8.8086,8.7612,1.4972,-0.041193,0.027907,0.17,0.0267,332.89
38.131,72.039,8.8523,8.6708,1.46,-0.046104,0.031236,0.1677,0.024,366.37
38.171,72.364,8.9,8.5946,1.4356,-0.048092,0.032583,0.1664,0.0223,390.75
38.211,72.667,8.9317,8.4281,1.389,-0.054987,0.03726,0.1644,0.0203,420.78
38.251,72.95,8.9731,8.376,1.3784,-0.0544,0.036864,0.1642,0.0195,435.32
38.291,73.28,9.0253,8.3168,1.3611,-0.055451,0.037577,0.1634,0.0182,463.05
38.331,73.623,9.0664,8.3056,1.3576,-0.057669,0.038985,0.1608,0.0147,572.51
38.371,73.957,9.1134,8.279,1.3423,-0.05849,0.039539,0.1595,0.0132,635.39
38.411,74.277,9.1184,8.2339,1.2772,-0.0687,0.046428,0.1524,0.0057,1461.8
38.451,74.579,9.1455,8.1502,1.2457,-0.07328,0.049515,0.1501,0.0034,2425
38.492,74.889,9.1622,8.1023,1.2033,-0.079151,0.053473,0.1457,-0.0008,-10239
38.532,75.194,9.1936,7.9971,1.1692,-0.088078,0.059487,0.1432,-0.0027,-2993.4
38.572,75.516,9.2413,7.9623,1.1721,-0.084557,0.057112,0.1442,-0.0015,-5365.4
38.611,75.688,9.2483,7.624,1.0597,-0.10843,0.073547,0.1408,-0.0039,-1973.7
38.651,75.981,9.2958,7.5059,1.0965,-0.11043,0.074505,0.1422,-0.0018,-4214.2
38.692,76.288,9.3364,7.4533,1.0843,-0.11056,0.074583,0.1416,-0.0021,-3586.6
38.732,76.676,9.4042,7.5579,1.1008,-0.098557,0.066519,0.1421,-0.0019,-4019.8
38.772,77.073,9.4777,7.6776,1.1242,-0.085508,0.057741,0.1433,-0.001,-7759.4
38.812,77.381,9.5162,7.6201,1.1092,-0.086803,0.05861,0.1424,-0.0014,-5500.3
38.852,77.64,9.5441,7.4768,1.0531,-0.091624,0.06214,0.1423,-0.0011,-6864.2
******-------------------------------------------------------------------------------------------------------------------****** 
TargetID: ID04
Relevancy: 0
tj = Inf
Label: -1
Comment: Target is irrelevant as it is not crossing the estimated holding line
DATA:
20.886,-0,0,NaN,NaN,NaN,NaN,0,NaN,NaN
20.926,0.47823,0.0015229,NaN,NaN,NaN,NaN,0,NaN,NaN
20.966,0.98525,0.17521,NaN,NaN,NaN,NaN,0.0351,NaN,NaN
21.006,1.4655,0.19174,NaN,NaN,NaN,NaN,0.0351,NaN,NaN
21.046,1.9779,0.61931,NaN,NaN,NaN,NaN,0.1094,NaN,NaN
21.086,2.4608,0.67215,NaN,NaN,NaN,NaN,0.1094,NaN,NaN
21.126,2.7628,0.58227,11.947,0.060037,-0,0,0.005,0,Inf
21.166,3.2404,0.58354,11.947,0.060337,-0,0,0.005,0,Inf
21.206,3.6903,0.053839,11.81,-0.91731,-0.0068782,0.0058828,-0.0775,-0.0019,-6234.5
21.246,4.1632,0.020455,11.809,-0.91883,-0.0081683,0.0069855,-0.0777,-0.0019,-6233.8
21.286,4.6701,0.050376,11.859,-0.80655,0.08201,-0.070129,-0.068,-0.0001,-1.1886e+05
21.326,5.1444,0.024498,11.827,-0.80234,0.052771,-0.04513,-0.0677,0.0001,1.1855e+05
21.367,5.6099,-0.13869,11.823,-1.0096,0.051375,-0.043936,-0.0852,-0.0058,-2045.8
21.406,6.0827,-0.18043,11.823,-1.0121,0.050408,-0.043109,-0.0854,-0.0058,-2045.9
21.446,6.5674,-0.47029,11.823,-1.4724,0.075023,-0.064157,-0.1239,-0.0274,-434.82
21.486,7.0696,-0.47258,11.843,-1.4196,0.077387,-0.066177,-0.1193,-0.0233,-511.92
21.526,7.5544,-0.41203,11.83,-1.2437,0.049871,-0.042648,-0.1048,-0.0145,-820.34
21.566,8.0432,-0.31287,11.821,-0.97735,0.022463,-0.01921,-0.0825,0.0048,2471.1
21.606,8.5298,-0.1851,11.81,-0.63806,-0.0021497,0.0018382,-0.054,0.0327,361.68
21.646,9.002,-0.21144,11.803,-0.62189,-0.0017193,0.0014709,-0.0526,0.0327,361.46
21.686,9.4753,-0.25389,11.796,-0.64277,-0.026332,0.022519,-0.0545,0.0295,400.45
21.726,9.9541,-0.21403,11.796,-0.49781,-0.03536,0.03024,-0.0422,0.0421,280.45
21.766,10.426,-0.21579,11.791,-0.43972,-0.043637,0.037318,-0.0373,0.0456,258.76
21.806,10.898,-0.23367,11.785,-0.41773,-0.044926,0.03842,-0.0354,0.0456,258.6
21.847,11.378,-0.12179,11.783,-0.098478,-0.047398,0.040535,-0.0083,0.0743,158.59
21.886,11.856,-0.20109,11.774,-0.26005,-0.058682,0.050185,-0.022,0.0567,207.71
21.927,12.333,-0.10151,11.778,0.015992,-0.053524,0.045774,0.0014,0.08,147.23
21.966,12.81,-0.078917,11.777,0.094937,-0.055135,0.047152,0.0081,0.0843,139.71
22.007,13.279,-0.15683,11.759,-0.064461,-0.061371,0.052482,-0.0055,0.0664,177.09
22.046,13.736,-0.44103,11.684,-0.69799,-0.082218,0.070313,-0.0596,0.007,1672.2
22.087,14.233,-0.29765,11.721,-0.34115,-0.05535,0.047337,-0.0291,0.0399,293.89
22.127,14.698,-0.37328,11.692,-0.46867,-0.057822,0.049449,-0.04,0.0273,428.62
22.167,15.191,-0.30847,11.709,-0.3042,-0.04729,0.040443,-0.0259,0.0423,276.91
22.207,15.644,-0.46924,11.658,-0.62258,-0.05836,0.049908,-0.0533,0.0136,858.42
22.247,16.118,-0.42855,11.662,-0.47876,-0.048258,0.04127,-0.041,0.0251,465.02
22.287,16.585,-0.44619,11.652,-0.46696,-0.048473,0.041454,-0.0401,0.0251,464.58
22.327,17.07,-0.25764,11.665,-0.016303,-0.035146,0.030057,-0.0014,0.0604,193.14
22.367,17.534,-0.26094,11.65,0.0065648,-0.039874,0.0341,0.0006,0.0599,194.49
22.407,18.007,-0.20481,11.649,0.14251,-0.037617,0.03217,0.0122,0.0682,170.82
22.447,18.471,-0.20424,11.629,0.16675,-0.040413,0.034559,0.0143,0.0679,171.29
22.487,18.919,-0.12238,11.607,0.38313,-0.035469,0.030331,0.033,0.0797,145.71
22.527,19.383,-0.14424,11.594,0.33491,-0.038478,0.032905,0.0289,0.0737,157.38
22.567,19.848,-0.12241,11.588,0.37647,-0.037187,0.031803,0.0325,0.0742,156.25
22.607,20.308,-0.14831,11.574,0.33054,-0.038155,0.032629,0.0286,0.0685,169.03
22.647,20.771,-0.17854,11.563,0.27351,-0.038263,0.032721,0.0236,0.0624,185.36
22.687,21.224,-0.25751,11.539,0.1329,-0.040841,0.034926,0.0115,0.0508,227.15
22.727,21.682,-0.29565,11.519,0.074063,-0.040627,0.034743,0.0064,0.0454,253.72
22.767,22.149,-0.30575,11.514,0.057755,-0.037617,0.032169,0.005,0.0434,265.3
22.807,22.589,-0.39015,11.478,-0.05781,-0.040091,0.034284,-0.0051,0.0337,340.59
22.847,23.058,-0.37469,11.486,-0.016106,-0.033963,0.029045,-0.0014,0.0358,320.83
22.887,23.519,-0.37135,11.476,0.0043452,-0.032136,0.027482,0.0004,0.0361,317.9
22.927,24.002,-0.18228,11.501,0.35738,-0.021388,0.018291,0.0311,0.0572,201.16
22.967,24.455,-0.22958,11.482,0.2723,-0.02429,0.020773,0.0237,0.0503,228.33
23.007,24.914,-0.21893,11.472,0.29547,-0.024183,0.02068,0.0257,0.0503,228.14
23.047,25.372,-0.18965,11.462,0.35078,-0.023,0.019669,0.0306,0.0521,220.1
23.087,25.81,-0.35122,11.404,0.076142,-0.033963,0.029045,0.0067,0.0348,327.7
23.127,26.264,-0.37825,11.382,0.041,-0.034716,0.029687,0.0036,0.0319,356.81
23.167,26.707,-0.43165,11.34,-0.038365,-0.039551,0.033824,-0.0034,0.0265,427.93
23.207,27.16,-0.41007,11.325,0.016707,-0.037294,0.031895,0.0015,0.0288,393.22
23.247,27.606,-0.4939,11.288,-0.11487,-0.043206,0.036949,-0.0101,0.0208,542.72
23.287,28.055,-0.49163,11.265,-0.092661,-0.043099,0.036858,-0.0082,0.0214,526.43
23.327,28.494,-0.55459,11.218,-0.17715,-0.049978,0.042739,-0.0158,0.0161,696.88
23.367,28.936,-0.60883,11.18,-0.24847,-0.055458,0.047426,-0.0222,0.0118,947.68
23.407,29.376,-0.65206,11.146,-0.29377,-0.058682,0.050184,-0.0263,0.0089,1252.8
23.447,29.815,-0.7093,11.106,-0.36138,-0.064597,0.05524,-0.0326,0.0049,2267.7
23.487,30.247,-0.6587,11.071,-0.24236,-0.062663,0.053585,-0.0219,0.0106,1044.7
23.527,30.683,-0.69861,11.032,-0.27823,-0.067177,0.057445,-0.0253,0.0083,1329.6
23.567,31.122,-0.85116,10.984,-0.51378,-0.081573,0.069761,-0.0467,-0.0042,-2618.1
23.607,31.554,-0.76443,10.953,-0.33512,-0.076421,0.06535,-0.0306,0.0049,2236.3
23.647,32.003,-0.73959,10.932,-0.28296,-0.07491,0.064066,-0.0258,0.0081,1350.1
23.687,32.427,-0.86659,10.883,-0.45154,-0.086199,0.073713,-0.0415,-0.0015,-7261.8
23.727,32.862,-0.83935,10.853,-0.38206,-0.08469,0.07243,-0.0351,0.0022,4936.5
23.767,33.297,-0.85481,10.82,-0.38119,-0.086525,0.073989,-0.0353,0.0022,4921.3
23.807,33.716,-0.91821,10.764,-0.44696,-0.096091,0.082169,-0.0416,-0.0017,-6337.4
23.847,34.146,-0.90146,10.737,-0.39196,-0.093072,0.0796,-0.0364,0.0012,8953.1
23.887,34.604,-0.62764,10.742,0.036027,-0.062663,0.053585,0.0033,0.0244,440.25
23.927,35.038,-0.59076,10.714,0.098089,-0.059331,0.050736,0.0091,0.0273,392.46
23.967,35.469,-0.54936,10.689,0.16538,-0.054492,0.046599,0.0155,0.0303,352.81
24.007,35.897,-0.54149,10.658,0.17734,-0.053632,0.045864,0.0166,0.0303,351.81
24.047,36.311,-0.63365,10.611,0.046123,-0.065562,0.056067,0.0043,0.0225,471.58
24.087,36.72,-0.72718,10.559,-0.076248,-0.076422,0.065349,-0.0073,0.0151,699.28
24.127,37.147,-0.71824,10.539,-0.05549,-0.07319,0.062595,-0.0052,0.016,658.69
24.167,37.562,-0.76509,10.493,-0.11487,-0.079315,0.067831,-0.0109,0.0125,839.46
24.207,37.979,-0.77242,10.464,-0.11072,-0.077919,0.066639,-0.0105,0.0122,857.76
24.247,38.402,-0.14213,10.433,-0.088462,-0.075447,0.064498,-0.0084,0.0135,772.85
24.287,38.824,-0.13085,10.404,-0.066677,-0.074265,0.063488,-0.0064,0.0146,712.61
24.327,39.215,-0.16247,10.352,-0.088043,-0.077918,0.066637,-0.0084,0.0122,848.57
24.367,39.619,-0.073101,10.335,0.058284,-0.063845,0.054578,0.0056,0.0194,532.74
24.407,40.018,-0.030447,10.295,0.13162,-0.059224,0.050628,0.0127,0.0226,455.56
24.447,40.427,-0.10847,10.245,0.016422,-0.069213,0.05917,0.0017,0.0157,652.57
24.487,40.843,-0.059427,10.237,0.091133,-0.060723,0.051914,0.009,0.0196,522.34
24.527,41.255,-0.010093,10.226,0.16859,-0.052985,0.0453,0.0165,0.0235,435.21
24.567,41.663,-0.031429,10.193,0.1372,-0.055137,0.047137,0.0135,0.0211,483.13
24.607,42.072,-0.026638,10.17,0.14272,-0.053845,0.046034,0.0141,0.0209,486.63
24.647,40.858,0.0086048,10.14,0.11729,-0.054669,0.046769,0.0124,0.0193,525.41
24.687,41.283,0.087442,10.157,0.25359,-0.042002,0.035929,0.0256,0.0272,373.52
24.727,41.692,0.086256,10.128,0.22878,-0.043719,0.037399,0.0232,0.0251,403.62
24.767,42.098,0.09215,10.101,0.22411,-0.044363,0.03795,0.0228,0.0242,417.49
24.807,42.496,0.087053,10.062,0.21125,-0.046295,0.039603,0.0217,0.0229,439.48
24.847,42.893,0.075116,10.027,0.18278,-0.048442,0.04144,0.019,0.0205,489.23
24.887,43.5,0.076055,9.9842,0.18465,-0.049734,0.042542,0.0191,0.0199,501.8
24.927,43.866,0.069057,9.9445,0.17003,-0.051666,0.044195,0.0178,0.0186,534.73
24.967,44.232,-0.11235,9.8751,0.090773,-0.063901,0.05467,0.0101,0.0142,695.46
25.007,44.612,-0.096857,9.8413,0.15168,-0.061217,0.052374,0.0163,0.0178,552.95
25.047,44.985,-0.09746,9.7818,0.16467,-0.063898,0.054671,0.0178,0.0188,520.38
25.087,45.322,-0.18586,9.63,0.07767,-0.084173,0.072062,0.0093,0.0146,659.61
25.127,45.678,-0.2076,9.5355,0.073908,-0.089104,0.076251,0.0091,0.0145,657.64
25.168,46.049,-0.19352,9.4862,0.075013,-0.089209,0.076342,0.0093,0.0141,672.8
25.207,46.446,-0.13918,9.4511,0.096987,-0.086742,0.074232,0.0116,0.0161,587.06
25.247,46.836,-0.13718,9.4272,0.099766,-0.082453,0.070559,0.0119,0.0154,612.19
25.288,47.213,-0.11565,9.3835,0.099556,-0.082022,0.070193,0.0119,0.0152,617.37
25.327,47.591,-0.10251,9.3938,0.10027,-0.073657,0.06303,0.0118,0.013,722.64
25.368,47.97,-0.073889,9.3454,0.1109,-0.074836,0.064038,0.013,0.014,667.58
25.408,48.338,-0.053175,9.342,0.16352,-0.066038,0.056507,0.0186,0.0184,507.79
25.448,48.713,-0.022246,9.2815,0.17543,-0.068933,0.058987,0.02,0.0195,476.06
25.488,49.097,-0.0035134,9.2497,0.20382,-0.066573,0.056967,0.0231,0.0218,424.4
25.528,49.468,0.0039528,9.1924,0.21224,-0.068288,0.058437,0.0242,0.0225,408.66
25.568,49.856,0.027454,9.1973,0.26012,-0.059598,0.050996,0.0293,0.0261,352.53
25.608,50.227,0.021804,9.1475,0.23591,-0.063138,0.054028,0.0269,0.0238,384.48
25.648,50.606,0.024453,9.1408,0.22342,-0.060777,0.052006,0.0255,0.0218,419.43
25.688,51.002,0.1153,9.1248,0.24298,-0.057237,0.048973,0.0276,0.023,396.87
25.728,51.428,0.071025,9.1295,0.29352,-0.050477,0.043188,0.033,0.0271,337.06
25.768,51.818,0.086654,9.1162,0.31217,-0.047151,0.040339,0.035,0.028,325.77
25.808,52.222,0.11304,9.1228,0.3669,-0.04071,0.034828,0.0409,0.0324,281.8
25.848,52.584,0.12762,9.1174,0.38065,-0.037274,0.031888,0.0423,0.0327,279.06
25.888,52.951,0.14883,9.1175,0.40167,-0.033194,0.028397,0.0446,0.0338,270.01
25.928,53.305,0.17217,9.1422,0.44282,-0.027073,0.023159,0.0489,0.0365,250.76
25.968,53.593,0.18067,9.1202,0.44005,-0.025999,0.02224,0.0487,0.0354,257.93
26.008,53.942,0.18942,9.076,0.44917,-0.026237,0.022422,0.049,0.0347,261.88
26.048,54.266,0.16069,9.0469,0.40694,-0.028388,0.024261,0.0444,0.0293,309.08
26.088,54.62,0.14549,9.096,0.36538,-0.025268,0.021596,0.0397,0.0235,387.37
26.128,54.976,0.10535,9.1152,0.30501,-0.022364,0.019115,0.033,0.016,570.02
26.168,55.29,0.037518,9.0542,0.2078,-0.025913,0.022148,0.0225,0.0054,1677.1
26.208,55.627,0.028942,9.0366,0.19117,-0.025268,0.021596,0.0207,0.0034,2658.4
26.248,55.994,0.037294,9.0753,0.21193,-0.020522,0.017554,0.0237,0.0062,1464.2
26.288,56.366,0.051918,9.1073,0.2365,-0.016869,0.01443,0.0263,0.0084,1084.6
26.328,56.649,0.020655,9.0239,0.22329,-0.015804,0.01351,0.0244,0.0066,1367.7
26.368,56.916,-0.017825,8.8574,0.17806,-0.025268,0.021596,0.0196,0.0021,4218.7
26.408,57.122,-0.031112,8.5902,0.16988,-0.040917,0.03501,0.0207,0.0034,2527
26.448,57.545,0.0053666,8.7388,0.20942,-0.027852,0.023801,0.0234,0.0051,1714
26.488,57.847,0.0021501,8.6185,0.1992,-0.035015,0.029958,0.0239,0.006,1436.8
26.528,58.182,0.0056194,8.6034,0.2053,-0.032868,0.028121,0.0246,0.0065,1324
26.568,58.525,0.015632,8.5148,0.28943,-0.032115,0.027476,0.026521,0.0080033,1064.5
26.608,58.864,0.028415,8.4472,0.34582,-0.031364,0.026834,0.028435,0.009501,889.83
26.648,59.201,0.04291,8.4004,0.37485,-0.030613,0.026191,0.030349,0.010999,764.48
26.688,59.536,0.058021,8.3742,0.37648,-0.029862,0.025549,0.032264,0.012498,670.73
26.728,59.872,0.072692,8.3688,0.35057,-0.029108,0.024904,0.034185,0.014001,598.25
26.768,60.207,0.085737,8.3843,0.29729,-0.028357,0.024261,0.0361,0.0155,541.26
26.808,60.469,0.08713,8.1392,0.27346,-0.043486,0.037215,0.0347,0.0132,616.95
26.848,60.748,0.10696,8.0057,0.31982,-0.041768,0.035745,0.041,0.0194,413
26.888,61.043,0.12044,7.9119,0.32286,-0.042839,0.036663,0.0419,0.0196,404
26.928,61.337,0.13813,7.8248,0.34676,-0.043359,0.037026,0.0431,0.0196,399.61
26.968,61.623,0.15798,7.7212,0.35496,-0.043684,0.037302,0.0447,0.02,386.47
******-------------------------------------------------------------------------------------------------------------------****** 
TargetID: ID09
Relevancy: 0
tj = Inf
Label: -1
Comment: Target is irrelevant as it is not crossing the estimated holding line
DATA:
38.171,-0,0,NaN,NaN,NaN,NaN,0,NaN,NaN
38.211,0.55022,0.00059578,NaN,NaN,NaN,NaN,0,NaN,NaN
38.251,1.0976,-0.25513,NaN,NaN,NaN,NaN,-0.049,NaN,NaN
38.291,1.6392,-0.2827,NaN,NaN,NaN,NaN,-0.049,NaN,NaN
38.331,1.958,-0.91122,NaN,NaN,NaN,NaN,-0.1586,NaN,NaN
38.371,2.4782,-0.99353,NaN,NaN,NaN,NaN,-0.1586,NaN,NaN
38.411,3.091,-0.92613,NaN,NaN,NaN,NaN,-0.1324,NaN,NaN
38.451,3.6156,-0.99751,NaN,NaN,NaN,NaN,-0.1323,NaN,NaN
38.492,4.0958,-1.2528,NaN,NaN,NaN,NaN,-0.1604,NaN,NaN
38.532,4.6161,-1.3352,NaN,NaN,NaN,NaN,-0.1604,NaN,NaN
38.572,4.9572,-1.408,12.622,-2.9837,-0,0,-0.2321,0,Inf
38.611,5.4628,-1.5261,12.622,-2.984,-0,0,-0.2321,0,Inf
38.651,5.9666,-1.6481,12.622,-2.9834,-0,0,-0.2321,0,Inf
38.692,6.4719,-1.7666,12.622,-2.9836,-0,0,-0.2321,0,Inf
38.732,6.8254,-2.4344,12.291,-3.8426,-0.025252,0.037895,-0.303,-0.006,-2146.2
38.772,7.3175,-2.5867,12.289,-3.8457,-0.028467,0.04272,-0.3033,-0.006,-2146.2
38.812,7.7998,-2.7897,12.192,-3.9458,-0.0076069,0.011415,-0.313,-0.0097,-1321.1
38.852,8.2864,-2.9494,12.183,-3.9478,-0.010117,0.015181,-0.3134,-0.0097,-1320.3
38.892,8.7239,-3.2705,12.064,-4.187,-0.015606,0.023419,-0.3341,-0.0182,-701.63
38.932,9.2062,-3.4386,12.052,-4.1929,-0.017802,0.026715,-0.3348,-0.0182,-701.14
38.972,9.6515,-3.7211,11.946,-4.3832,-0.024546,0.036836,-0.3517,-0.0303,-419.94
39.012,10.129,-3.8961,11.93,-4.3942,-0.02635,0.039542,-0.3529,-0.0303,-419.59
39.052,10.668,-3.9712,11.966,-4.2805,-0.027212,0.040837,-0.3435,-0.0235,-540.79
39.092,11.146,-4.1434,11.951,-4.2875,-0.028467,0.04272,-0.3444,-0.0235,-540.28
39.132,11.62,-4.3409,11.888,-4.3613,-0.041171,0.061783,-0.3516,-0.0313,-404.55
39.172,12.096,-4.5139,11.868,-4.3715,-0.042426,0.063667,-0.3529,-0.0313,-404.09
39.212,12.56,-4.801,11.772,-4.6243,-0.048542,0.072846,-0.3743,-0.0511,-247.51
39.252,13.031,-4.9846,11.749,-4.6436,-0.049798,0.074729,-0.3763,-0.0511,-247.24
39.292,13.431,-5.4196,11.533,-5.163,-0.051679,0.077553,-0.4209,-0.093,-135.87
39.332,13.892,-5.6264,11.502,-5.2006,-0.052855,0.079319,-0.4246,-0.093,-135.73
39.372,14.552,-5.3139,11.811,-4.2947,-0.034584,0.0519,-0.3488,-0.0198,-634.7
39.412,15.024,-5.4855,11.791,-4.2982,-0.034427,0.051664,-0.3495,-0.0198,-633.82
39.452,15.494,-5.5762,11.798,-4.114,-0.04627,0.069436,-0.3355,-0.007,-1785
39.492,15.965,-5.7416,11.779,-4.1107,-0.046349,0.069553,-0.3358,-0.007,-1782.2
39.532,16.313,-6.0798,11.614,-4.3605,-0.068546,0.10286,-0.3592,-0.0305,-406.73
39.572,16.777,-6.2558,11.589,-4.3671,-0.069251,0.10392,-0.3604,-0.0305,-406.05
39.612,17.273,-6.3413,11.646,-4.1957,-0.058819,0.088266,-0.3458,-0.0156,-793.51
39.652,17.738,-6.5097,11.625,-4.1962,-0.059212,0.088854,-0.3464,-0.0156,-792.26
39.692,18.154,-6.8209,11.512,-4.4746,-0.0665,0.099794,-0.3707,-0.0362,-341.2
39.732,18.613,-7.0033,11.489,-4.4838,-0.067206,0.10085,-0.372,-0.0362,-340.69
39.772,19.1,-7.2441,11.475,-4.6336,-0.057639,0.086499,-0.3837,-0.0424,-291.87
39.812,19.558,-7.4299,11.452,-4.647,-0.058188,0.087323,-0.3854,-0.0424,-291.49
39.852,20.006,-7.7199,11.387,-4.8564,-0.051993,0.078024,-0.4031,-0.0542,-228.41
39.892,20.461,-7.9636,11.348,-4.9713,-0.045955,0.068963,-0.4129,-0.0594,-208.57
39.932,20.971,-8.024,11.419,-4.7525,-0.041799,0.062726,-0.3944,-0.0428,-288.98
******-------------------------------------------------------------------------------------------------------------------****** 
