******-------------------------------------------------------------------------------------------------------------------****** 
Duration of the scene is: 10.5615 seconds
Original Targets Numbers in the hole Scene: 2
Number of Targets in the hole Scene after preprocessing: 2
Number of static portions: 1
******-------------------------------------------------------------------------------------------------------------------****** 
TargetID: ID01
Relevancy: 1
tj = 6.5209
Label: 0
Comment: Target is relevant and going straight, since target is crossing Ego X-axis in EFC
DATA:
3.0004,0,-0,NaN,NaN,NaN,NaN,0,NaN,NaN
3.0404,0.58466,0.0015603,NaN,NaN,NaN,NaN,-0.0001,NaN,NaN
3.0805,1.0328,-0.13315,NaN,NaN,NaN,NaN,-0.0463,NaN,NaN
3.1204,1.4782,-0.53715,NaN,NaN,NaN,NaN,-0.1162,NaN,NaN
3.1604,2.2008,-0.24134,NaN,NaN,NaN,NaN,-0.0437,NaN,NaN
3.2005,2.7937,-0.15814,NaN,NaN,NaN,NaN,-0.0284,NaN,NaN
3.2405,3.3705,-0.17452,NaN,NaN,NaN,NaN,-0.0284,NaN,NaN
3.2805,3.6937,-0.58772,NaN,NaN,NaN,NaN,-0.1023,NaN,NaN
3.3205,4.3373,-0.47788,NaN,NaN,NaN,NaN,-0.0743,NaN,NaN
3.3605,4.9006,-0.52015,NaN,NaN,NaN,NaN,-0.0742,NaN,NaN
3.4005,5.3539,-0.94832,NaN,NaN,NaN,NaN,-0.1267,NaN,NaN
3.4405,5.7947,-1.3527,NaN,NaN,NaN,NaN,-0.1694,NaN,NaN
3.4805,6.2926,-1.5618,NaN,NaN,NaN,NaN,-0.1838,NaN,NaN
3.5205,6.661,-2.1352,NaN,NaN,NaN,NaN,-0.244,NaN,NaN
3.5605,7.1908,-2.2647,NaN,NaN,NaN,NaN,-0.244,NaN,NaN
3.6006,7.7197,-2.3963,NaN,NaN,NaN,NaN,-0.244,NaN,NaN
3.6405,8.3039,-2.3669,NaN,NaN,NaN,NaN,-0.2242,NaN,NaN
3.6805,8.8365,-2.5119,NaN,NaN,NaN,NaN,-0.2254,NaN,NaN
3.7206,9.3769,-2.0372,13.292,-2.915,0,-0,-0.2159,0,Inf
3.7605,9.9394,-2.0972,13.316,-2.8151,-0.0022862,0.0035742,-0.2083,0.0007,19443
3.8006,10.49,-2.1974,13.317,-2.7763,-0.0086114,0.013462,-0.2055,0.0021,6477.6
3.8405,11.001,-2.2709,13.251,-2.711,-0.017909,0.027996,-0.2018,0.0047,2877.8
3.8806,11.531,-2.3779,13.241,-2.7068,-0.018748,0.029306,-0.2017,0.0047,2875.5
3.9206,11.474,-2.1492,13.089,-2.9857,-0.042894,0.067061,-0.224,-0.0036,-3729.4
3.9606,11.963,-2.2949,12.992,-3.0077,-0.059269,0.092664,-0.2272,-0.0028,-4762.6
4.0006,12.406,-2.5541,12.821,-3.135,-0.075938,0.11869,-0.2402,-0.0043,-3069.4
4.0406,12.915,-2.6609,12.78,-3.1194,-0.08614,0.13472,-0.2389,-0.0038,-3461.8
4.0806,13.407,-2.8227,12.742,-3.1779,-0.10204,0.15966,-0.2439,-0.0061,-2152.8
4.1206,14.034,-2.7814,12.912,-2.9326,-0.089709,0.14036,-0.2228,0.0051,2596.2
4.1606,14.551,-2.9004,12.894,-2.9295,-0.088339,0.13821,-0.2229,0.005,2644.6
4.2006,15.105,-2.9858,12.975,-2.8758,-0.081572,0.12758,-0.2177,0.0082,1620.7
4.2406,15.581,-3.1325,12.816,-2.9,-0.13103,0.205,-0.2218,0.0058,2265.6
4.2806,16.109,-3.2783,12.815,-2.9263,-0.13383,0.20948,-0.2237,0.0046,2857.6
4.3206,16.623,-3.4417,12.77,-2.9794,-0.13702,0.21448,-0.2284,0.001,13113
4.3606,17.146,-3.509,12.739,-2.8732,-0.13177,0.20626,-0.2211,0.0076,1718.3
4.4006,17.635,-3.6707,12.642,-2.9427,-0.14016,0.21929,-0.2279,0.0011,11800
4.4407,17.865,-3.7974,12.623,-3.0249,-0.11192,0.17504,-0.2343,-0.0023,-5643.5
4.4806,18.335,-3.9501,12.523,-3.091,-0.11563,0.18093,-0.2411,-0.0086,-1499.9
4.5207,18.733,-3.9166,12.5,-3.1825,-0.088935,0.13908,-0.2485,-0.0141,-914.77
4.5607,19.26,-3.9451,12.347,-3.4998,-0.092807,0.1452,-0.2754,-0.0397,-323.27
4.6007,19.772,-4.0581,12.352,-3.4573,-0.08864,0.13858,-0.2721,-0.0354,-362.34
4.6407,20.32,-4.1093,12.41,-3.3004,-0.077364,0.12087,-0.2599,-0.0232,-553.53
4.6807,20.774,-4.316,12.316,-3.46,-0.095904,0.15015,-0.273,-0.0339,-377.37
4.7207,21.264,-4.4307,12.245,-3.4151,-0.092519,0.14465,-0.2711,-0.0312,-407.46
4.7607,21.748,-4.6016,12.219,-3.4981,-0.099346,0.15544,-0.2779,-0.0361,-352.08
4.8007,22.244,-4.7087,12.22,-3.4451,-0.089744,0.1405,-0.274,-0.0314,-404.35
4.8407,22.749,-4.8007,12.242,-3.3597,-0.080025,0.12519,-0.2671,-0.0243,-522.42
4.8807,23.227,-4.9456,12.209,-3.3991,-0.083204,0.13025,-0.2708,-0.0266,-476.45
4.9207,23.745,-5.0165,12.274,-3.2662,-0.073937,0.11566,-0.2594,-0.0158,-803.85
4.9607,24.268,-5.1151,12.344,-3.1985,-0.079718,0.12471,-0.2528,-0.0095,-1342.2
5.0008,24.761,-5.2358,12.34,-3.1855,-0.080997,0.12679,-0.2519,-0.0084,-1517.2
5.0407,25.257,-5.3373,12.313,-3.12,-0.080111,0.12525,-0.2474,-0.0044,-2886.8
5.0808,25.766,-5.3997,12.355,-2.9895,-0.07614,0.11911,-0.2367,0.0046,2763.4
5.1207,26.287,-5.4901,12.41,-2.9109,-0.075378,0.11792,-0.2297,0.0103,1237.5
5.1607,26.777,-5.661,12.43,-3.0423,-0.084646,0.13251,-0.2393,0.0022,5816.7
5.2008,27.286,-5.7495,12.427,-2.9528,-0.078346,0.12257,-0.2325,0.0075,1703.1
5.2408,27.791,-5.8291,12.426,-2.8624,-0.072726,0.11371,-0.2257,0.0127,1004
5.2808,28.367,-5.8426,12.634,-2.6229,-0.066788,0.10443,-0.2041,0.0292,441.89
5.3207,28.881,-5.9006,12.648,-2.5036,-0.0677,0.10585,-0.1948,0.0355,363.21
5.3608,29.389,-5.9901,12.633,-2.4558,-0.068147,0.10661,-0.1914,0.037,347.81
5.4008,29.85,-6.1508,12.525,-2.548,-0.063431,0.099226,-0.2001,0.0293,436.22
5.4408,30.341,-6.2847,12.491,-2.5998,-0.059094,0.092436,-0.2046,0.0252,506.28
5.4808,30.864,-6.3464,12.546,-2.5001,-0.049585,0.077525,-0.1962,0.0306,418.08
5.5208,31.418,-6.3783,12.703,-2.3495,-0.042504,0.066454,-0.1825,0.0395,327.06
5.5608,31.91,-6.4619,12.643,-2.3047,-0.027198,0.042521,-0.18,0.0401,320.49
5.6008,32.402,-6.543,12.586,-2.2565,-0.01181,0.018464,-0.1773,0.0409,312.63
5.6408,32.896,-6.6805,12.59,-2.3324,-0.0083816,0.013104,-0.1831,0.0358,357.66
5.6808,33.425,-6.7513,12.665,-2.2731,-0.0023621,0.0036927,-0.1776,0.0386,333.36
5.7208,33.917,-6.8441,12.615,-2.2535,0.0064024,-0.010008,-0.1768,0.038,337.22
5.7608,34.396,-6.8804,12.472,-2.1188,0.0202,-0.031571,-0.1685,0.0426,296.96
5.8008,34.995,-6.9112,12.753,-2.0124,0.0025909,-0.0040499,-0.1565,0.0492,262.41
5.8408,35.454,-6.9388,12.556,-1.8763,0.025538,-0.039917,-0.1486,0.0531,239.08
5.8808,35.969,-7.0556,12.604,-1.93,0.016922,-0.026451,-0.1521,0.0495,257.59
5.9208,36.463,-7.0794,12.543,-1.8054,0.026224,-0.04099,-0.1432,0.0539,235.1
5.9609,36.957,-7.183,12.517,-1.8309,0.024318,-0.038011,-0.1455,0.0511,247.57
6.0009,37.422,-7.3195,12.409,-1.909,0.026682,-0.041706,-0.1529,0.0452,277.76
6.0409,37.906,-7.4555,12.371,-1.9871,0.022793,-0.035627,-0.1595,0.04,313.24
6.0809,38.401,-7.6306,12.38,-2.133,0.013567,-0.021208,-0.1708,0.032,392.58
6.1209,38.817,-7.7796,12.12,-2.2012,0.021192,-0.033125,-0.1799,0.0255,483.08
6.1609,39.263,-7.9248,11.98,-2.2687,0.020048,-0.031337,-0.1874,0.0202,603.61
6.2009,39.887,-8.0451,12.439,-2.3514,0.00099033,-0.0015491,-0.1868,0.0201,629.84
6.2409,40.36,-8.131,12.353,-2.3191,0.0051065,-0.0079827,-0.1856,0.0203,619.17
6.2809,40.856,-8.1712,12.323,-2.2124,0.0086123,-0.013462,-0.1777,0.0247,506.87
6.3209,41.264,-8.3053,12.044,-2.2521,0.017913,-0.028,-0.1851,0.0195,628.33
6.3609,41.801,-8.426,12.212,-2.3079,0.0099078,-0.015488,-0.1869,0.0178,698.21
6.4009,42.388,-8.5293,12.526,-2.3456,-0.0024384,0.0038125,-0.1851,0.0185,688.85
6.4409,42.872,-8.6932,12.516,-2.465,-0.0015247,0.0023824,-0.1945,0.0121,1054.2
6.4809,43.404,-8.8331,12.63,-2.5461,-0.0023621,0.0036927,-0.1989,0.009,1431.6
6.5209,44.01,-8.9386,12.978,-2.5809,-0.010973,0.017153,-0.1962,0.0105,1260.2
6.5609,44.562,-9.013,13.122,-2.5368,-0.016687,0.026086,-0.1908,0.0137,975.57
6.6009,45.024,-9.1419,12.972,-2.5767,-0.0068582,0.010721,-0.196,0.01,1322.6
6.6409,45.6,-9.2301,13.191,-2.5619,-0.013791,0.021561,-0.1917,0.0125,1075
6.681,46.095,-9.2395,13.133,-2.3742,-0.016535,0.025848,-0.1787,0.0208,641.63
6.721,46.374,-9.3883,12.349,-2.4121,0.016998,-0.02657,-0.1931,0.0104,1209.8
6.761,46.783,-9.5297,12.041,-2.464,0.019438,-0.030384,-0.2021,0.0041,2997.6
6.801,47.414,-9.8487,12.573,-2.9339,0.0088407,-0.01382,-0.2293,-0.0141,-915.63
6.841,47.917,-9.9757,12.56,-2.9598,0.0080025,-0.01251,-0.2315,-0.0152,-848.95
6.881,48.522,-10.132,12.907,-3.0767,0.015168,-0.023708,-0.2341,-0.0165,-804.18
6.921,49.144,-10.301,13.308,-3.1953,0.025232,-0.039434,-0.2358,-0.0164,-834.54
6.961,49.708,-10.464,13.458,-3.2869,0.033464,-0.052309,-0.2398,-0.0184,-752.89
7.001,50.143,-10.604,13.089,-3.2676,0.019132,-0.029903,-0.2448,-0.0211,-639.35
7.041,50.047,-10.595,11.952,-3.0258,-0.035573,0.055618,-0.2475,-0.0223,-552.87
7.081,50.378,-10.701,11.268,-2.907,-0.075589,0.11821,-0.2514,-0.0242,-480.86
7.121,49.922,-10.594,10.401,-2.7246,-0.12418,0.19448,-0.2531,-0.0245,-438.87
7.161,50.453,-10.739,10.707,-2.7957,-0.099023,0.15464,-0.2554,-0.0253,-437.39
7.201,50.507,-10.82,9.0112,-2.4476,-0.2367,0.36883,-0.2652,-0.0313,-298.33
7.241,51.182,-11.009,10.05,-2.7585,-0.14876,0.23216,-0.2679,-0.0321,-324.66
7.2811,51.313,-11.048,8.7545,-2.4924,-0.24627,0.38683,-0.2689,-0.0316,-288.05
7.321,51.509,-11.109,7.8478,-2.2891,-0.31172,0.49097,-0.2705,-0.0317,-257.88
7.361,51.671,-11.154,6.8735,-2.0597,-0.37055,0.58608,-0.2705,-0.0305,-235.26
7.4011,51.446,-11.098,7.0638,-1.9716,-0.34624,0.5372,-0.2722,-0.0308,-238.11
7.4411,51.986,-11.254,7.7306,-2.2498,-0.26642,0.41788,-0.2747,-0.0318,-253.19
7.4811,52.229,-11.301,7.0234,-2.0409,-0.29622,0.46535,-0.271,-0.0279,-262.15
7.5211,53.08,-11.501,9.0291,-2.4728,-0.096442,0.15056,-0.2673,-0.0246,-380.55
7.5611,53.79,-11.708,10.287,-2.8493,0.011278,-0.017633,-0.2702,-0.0261,-408.99
7.6011,54.406,-11.892,11.085,-3.1063,0.077945,-0.12193,-0.2732,-0.0275,-418.61
7.6411,54.837,-11.964,11.122,-3.0432,0.059129,-0.09248,-0.2671,-0.0221,-521.75
7.6811,55.353,-12.06,11.48,-3.0791,0.068423,-0.10702,-0.2621,-0.0178,-667.73
7.7211,55.902,-12.17,11.995,-3.1619,0.084803,-0.13266,-0.2577,-0.0142,-873.58
7.7611,56.487,-12.31,12.585,-3.3065,0.11071,-0.1732,-0.2569,-0.0136,-956.75
7.8011,57.121,-12.468,13.18,-3.4528,0.13425,-0.21004,-0.2562,-0.0124,-1098.8
7.8411,58.15,-12.737,15.197,-4.0266,0.24461,-0.38365,-0.2569,-0.0129,-1218.7
7.8811,58.786,-12.911,16.564,-4.6456,0.31356,-0.49199,-0.26591,-0.019038,-903.62
7.9211,59.472,-13.107,17.619,-5.1576,0.38261,-0.60048,-0.27493,-0.025185,-728.94
7.9611,60.192,-13.322,18.359,-5.5617,0.45161,-0.70889,-0.28394,-0.031327,-612.34
8.0012,60.936,-13.551,18.785,-5.8582,0.52063,-0.81734,-0.29296,-0.037471,-525.13
8.0412,61.691,-13.79,18.897,-6.047,0.58965,-0.92578,-0.30197,-0.043615,-454.91
8.0812,62.444,-14.034,18.695,-6.1281,0.65867,-1.0342,-0.31099,-0.04976,-395.37
8.1212,63.183,-14.278,18.179,-6.1016,0.72765,-1.1426,-0.32,-0.0559,-343.03
8.1612,63.796,-14.536,18.114,-6.2176,0.71834,-1.1278,-0.3269,-0.0596,-321.33
8.2012,64.329,-14.731,17.748,-6.1488,0.63311,-0.9936,-0.33,-0.0603,-311.5
8.2412,64.767,-14.908,17.087,-5.9911,0.5097,-0.79947,-0.3343,-0.0617,-293.47
8.2812,65.525,-15.142,17.473,-6.1267,0.54152,-0.84796,-0.3342,-0.0598,-309.63
8.3212,65.84,-15.243,16.448,-5.7743,0.34426,-0.53948,-0.3354,-0.059,-295.46
8.3612,66.107,-15.31,15.305,-5.3501,0.13945,-0.21824,-0.3353,-0.0573,-282.96
8.4012,66.439,-15.453,14.468,-5.1106,0.00038096,-0.00059549,-0.3396,-0.0589,-260.5
8.4412,66.675,-15.535,13.367,-4.7263,-0.18526,0.28904,-0.3416,-0.0588,-241.12
8.4812,67.175,-15.689,13.165,-4.6561,-0.21068,0.32897,-0.342,-0.0574,-243.27
8.5212,67.589,-15.844,12.722,-4.528,-0.27955,0.43632,-0.3448,-0.0578,-233.63
8.5612,67.865,-15.926,11.829,-4.1927,-0.42801,0.6663,-0.3457,-0.0569,-220.56
8.6012,68.176,-16.002,11.095,-3.8981,-0.532,0.82513,-0.3451,-0.0549,-214.2
8.6413,68.46,-16.086,10.349,-3.6129,-0.63965,0.98919,-0.3458,-0.0539,-203.37
8.6812,68.759,-16.207,9.7654,-3.4149,-0.72831,1.127,-0.349,-0.0547,-189.13
8.7212,69.113,-16.352,9.3988,-3.3057,-0.76636,1.1845,-0.3524,-0.0555,-179.52
8.7612,69.767,-16.578,20.115,-6.9418,-0.40598,0.62787,-0.35315,-0.05405,-393.7
8.8012,70.467,-16.824,11.691,-4.3119,-0.045597,0.071257,-0.3539,-0.0526,-236.91
8.8413,70.894,-16.929,11.699,-4.2762,-0.0066303,0.010365,-0.3505,-0.0488,-255.25
8.8813,71.378,-17.04,11.788,-4.2528,0.020952,-0.032759,-0.346,-0.0445,-281.61
8.9213,71.843,-17.033,11.857,-4.0832,0.04524,-0.070755,-0.3311,-0.0288,-435.44
8.9613,72.344,-17.055,11.991,-3.9471,0.056808,-0.088858,-0.3173,-0.0143,-882.81
9.0013,72.861,-17.233,12.129,-4.0116,0.079478,-0.12435,-0.3185,-0.0146,-875.04
9.0413,73.324,-17.39,12.132,-4.0238,0.080171,-0.12539,-0.3193,-0.0147,-869.48
9.0813,73.783,-17.502,12.088,-3.9733,0.064189,-0.10041,-0.3168,-0.0126,-1009.9
9.1213,74.236,-17.635,12.045,-3.9464,0.054377,-0.085036,-0.316,-0.0116,-1092.7
9.1613,74.699,-17.768,12.075,-3.9449,0.061982,-0.096956,-0.315,-0.0105,-1209.9
9.2013,75.154,-17.922,12.042,-3.9417,0.054986,-0.085988,-0.3157,-0.0105,-1206.7
******-------------------------------------------------------------------------------------------------------------------****** 
TargetID: ID02
Target can not be processed due to lack of Data
******-------------------------------------------------------------------------------------------------------------------****** 
