******-------------------------------------------------------------------------------------------------------------------****** 
Duration of the scene is: 24.8871 seconds
Original Targets Numbers in the hole Scene: 1
Number of Targets in the hole Scene after preprocessing: 2
Number of static portions: 1
******-------------------------------------------------------------------------------------------------------------------****** 
TargetID: ID01
Target can not be processed due to lack of Data
******-------------------------------------------------------------------------------------------------------------------****** 
TargetID: ID02
Relevancy: 1
tj = 23.5667
Label: 0
Comment: Target is relevant and going straight, since the velocity ratio is almost not changing
DATA:
17.765,0,-0,NaN,NaN,NaN,NaN,0,NaN,NaN
17.805,0.079201,0.26155,NaN,NaN,NaN,NaN,0.3688,NaN,NaN
17.845,0.36699,1.058,NaN,NaN,NaN,NaN,0.9495,NaN,NaN
17.885,0.53028,1.2865,NaN,NaN,NaN,NaN,0.9495,NaN,NaN
17.925,0.69985,0.19097,NaN,NaN,NaN,NaN,0.063,NaN,NaN
17.965,0.80639,-0.0521,NaN,NaN,NaN,NaN,-0.1728,NaN,NaN
18.005,0.99855,-0.30186,NaN,NaN,NaN,NaN,-0.346,NaN,NaN
18.045,1.0847,-0.68035,NaN,NaN,NaN,NaN,-0.5563,NaN,NaN
18.085,1.2563,-0.42685,NaN,NaN,NaN,NaN,-0.3439,NaN,NaN
18.125,1.3998,-0.51963,NaN,NaN,NaN,NaN,-0.3663,NaN,NaN
18.165,1.5855,-0.028994,NaN,NaN,NaN,NaN,-0.0226,NaN,NaN
18.205,1.752,-0.11725,NaN,NaN,NaN,NaN,-0.0735,NaN,NaN
18.245,1.9322,0.015425,NaN,NaN,NaN,NaN,0.0073,NaN,NaN
18.285,2.1174,-0.19374,NaN,NaN,NaN,NaN,-0.1018,NaN,NaN
18.325,2.3006,-0.15595,NaN,NaN,NaN,NaN,-0.0729,NaN,NaN
18.365,2.4705,-0.14086,NaN,NaN,NaN,NaN,-0.0593,NaN,NaN
18.405,2.6196,-0.092545,NaN,NaN,NaN,NaN,-0.0348,NaN,NaN
18.445,2.774,-0.20056,NaN,NaN,NaN,NaN,-0.0827,NaN,NaN
18.485,2.9226,-0.33216,NaN,NaN,NaN,NaN,-0.1369,NaN,NaN
18.525,2.946,-0.75046,4.0514,-0.41256,0,-0,-0.1015,0,Inf
18.565,3.1082,-0.76801,4.0515,-0.41246,0,-0,-0.1014,0,Inf
18.605,3.276,-0.87296,4.0604,-0.55722,0.010185,-0.010999,-0.1364,-0.0008,-5123.1
18.645,3.4093,-0.76509,3.8409,-0.34903,-0.015564,0.016811,-0.0905,-0.0065,-593.34
18.685,3.5365,-0.66097,3.6084,-0.15836,0.0060537,-0.006537,-0.0439,-0.003,-1204
18.725,3.6796,-0.66827,3.5469,-0.1559,0.0071109,-0.0076782,-0.0439,-0.003,-1183.5
18.765,3.8305,-0.75205,3.5158,-0.25003,-0.049601,0.053535,-0.0714,-0.0101,-348.98
18.805,3.9979,-0.79871,3.6116,-0.30005,-0.044215,0.047727,-0.0832,-0.0118,-307.12
18.845,4.1595,-0.89577,3.6689,-0.4243,-0.048989,0.052911,-0.1148,-0.0216,-170.99
18.885,4.3209,-0.91039,3.7222,-0.41172,-0.022865,0.024697,-0.11,-0.0144,-260.06
18.925,4.4771,-0.87876,3.7615,-0.33807,-9.6108e-05,0.00010375,-0.0896,0.0008,4720.8
18.965,4.6481,-0.87757,3.806,-0.3062,0.0095136,-0.010273,-0.0804,0.0057,669.88
19.005,4.8003,-0.89015,3.7966,-0.30449,0.011244,-0.01214,-0.0801,0.0057,668.2
19.045,4.9518,-0.9018,3.7871,-0.30288,0.012876,-0.013904,-0.0799,0.0057,666.53
19.085,5.1116,-0.82847,3.8288,-0.16843,0.020563,-0.022205,-0.044,0.0359,106.75
19.126,4.7845,-1.3473,3.9035,-0.10257,0.012498,-0.013482,-0.0268,0.0396,98.608
19.165,4.9704,-1.2165,3.9028,0.15096,0.0038443,-0.0041499,0.0385,0.0909,42.968
19.206,5.1266,-1.2094,3.9052,0.16547,0.0044209,-0.0047723,0.0421,0.0909,43
19.245,5.2967,-1.2223,3.9442,0.13386,-0.0066283,0.0071604,0.0342,0.078,50.596
19.286,5.4404,-1.2777,3.9499,-0.0085469,-0.0054761,0.0059145,-0.0019,0.0456,86.621
19.325,5.5985,-1.2772,3.9555,-0.0013568,-0.0054761,0.0059145,-0.0001,0.0456,86.743
19.366,5.7831,-1.2286,3.9816,0.12022,-0.01306,0.014121,0.0307,0.0705,56.502
19.405,5.9569,-1.2386,4.0054,0.1072,-0.014595,0.015773,0.0274,0.063,63.601
19.446,6.11,-1.2738,4.0192,0.047841,-0.013933,0.015055,0.0119,0.0464,86.626
19.486,6.3017,-1.2815,4.0532,0.06339,-0.01546,0.016718,0.0163,0.0451,89.882
19.526,6.4639,-1.2784,4.0617,0.070815,-0.015843,0.017133,0.0181,0.0451,90.074
19.566,6.6392,-1.3052,4.0737,0.018099,-0.010181,0.010999,0.0048,0.0299,136.24
19.606,6.7905,-1.3615,4.0768,-0.11419,-0.0031705,0.0034246,-0.0279,-0.0011,-3707.7
19.646,6.9502,-1.4385,4.0825,-0.27537,0.0064392,-0.006951,-0.0676,-0.0382,-107.11
19.686,7.101,-1.4249,4.0661,-0.2403,0.009805,-0.01058,-0.0594,-0.0283,-143.93
19.726,7.2675,-1.4312,4.0737,-0.23084,0.012113,-0.013069,-0.057,-0.0255,-160.01
19.766,7.4342,-1.4574,4.1192,-0.27277,0.017307,-0.018668,-0.0667,-0.0326,-126.63
19.806,7.5992,-1.44,4.1164,-0.21403,0.01519,-0.016386,-0.0525,-0.0189,-218.09
19.846,7.7584,-1.45,4.1064,-0.22035,0.014517,-0.015661,-0.0541,-0.0195,-210.89
19.886,7.9206,-1.415,4.0864,-0.12669,0.010574,-0.01141,-0.0314,0.0006,6814
19.926,8.0969,-1.3486,4.0741,0.035841,0.0049015,-0.0052911,0.0086,0.0333,122.35
19.966,8.2471,-1.3544,4.0596,0.012684,0.0040365,-0.0043584,0.003,0.0289,140.47
20.006,8.394,-1.3236,4.0471,0.087119,0.0043248,-0.0046706,0.0214,0.0425,95.248
20.046,8.5516,-1.3686,4.0642,-0.011777,0.00048054,-0.00051873,-0.0029,0.0219,185.58
20.086,8.6884,-1.3919,3.9641,-0.040994,0.005382,-0.0058098,-0.0106,0.0158,250.91
20.126,8.8193,-1.3912,3.845,-0.042427,0.012306,-0.013282,-0.0115,0.0147,261.58
20.166,8.9782,-1.4143,3.8499,-0.086856,0.0074973,-0.0080943,-0.0229,0.0061,631.29
20.206,9.1378,-1.4285,3.8576,-0.10369,0.0049976,-0.0053948,-0.0271,0.0026,1484.2
20.246,9.2741,-1.4796,3.859,-0.21487,-0.0034588,0.0037358,-0.0555,-0.0168,-230.06
20.286,9.4095,-1.515,3.8538,-0.28909,-0.00634,0.0068502,-0.0746,-0.0285,-135.6
20.326,9.5659,-1.5404,3.8656,-0.31684,-0.0043228,0.0046705,-0.0816,-0.0324,-119.71
20.366,9.7605,-1.4807,3.9615,-0.16079,0.0052859,-0.0057061,-0.0408,-0.0033,-1201.4
20.406,9.9193,-1.488,3.9632,-0.16124,0.005382,-0.0058098,-0.0409,-0.0033,-1201.9
20.446,10.058,-1.4902,3.9513,-0.17722,0.0046132,-0.0049798,-0.045,-0.0046,-859.83
20.486,10.224,-1.4723,3.9706,-0.11921,0.0046131,-0.0049808,-0.0302,0.0045,882.76
20.526,10.4,-1.4268,3.9905,-0.0043298,0.0086506,-0.0093392,-0.0014,0.0222,179.75
20.566,10.56,-1.4262,3.9946,-0.00083631,0.0089399,-0.0096505,-0.0006,0.0222,179.94
20.606,10.706,-1.4679,4.0059,-0.079534,0.005382,-0.0058098,-0.0201,0.0103,389
20.646,10.863,-1.491,4.0151,-0.11384,0.0032677,-0.0035274,-0.0285,0.005,803.33
20.686,11.008,-1.5397,4.0195,-0.1967,0.0037482,-0.0040461,-0.049,-0.0069,-583.24
20.726,11.165,-1.5442,4.0202,-0.19605,0.0028832,-0.0031124,-0.0488,-0.0063,-638.88
20.766,11.309,-1.4938,4.0088,-0.10968,0.00076886,-0.00082997,-0.0274,0.007,572.91
20.806,11.45,-1.4473,3.9937,-0.039934,-0.0010572,0.0011412,-0.01,0.0177,225.64
20.846,11.607,-1.5572,4.0193,-0.17645,0.00067275,-0.00072623,-0.0439,-0.0025,-1609.3
20.886,11.762,-1.5736,4.0201,-0.19703,0.0010572,-0.0011412,-0.049,-0.0051,-789.21
20.926,11.957,-1.5878,4.0413,-0.18199,0.0070149,-0.0075725,-0.045,-0.0047,-860.72
20.966,12.134,-1.5819,4.0233,-0.16405,0.0080741,-0.0087137,-0.0411,-0.004,-1006.7
21.006,12.299,-1.6125,4.0134,-0.20121,0.007978,-0.00861,-0.0504,-0.0098,-410.04
21.046,12.456,-1.646,4.0184,-0.23903,0.0060548,-0.006536,-0.0596,-0.0144,-279.55
21.086,12.629,-1.6601,4.0232,-0.23867,0.0044209,-0.0047723,-0.0594,-0.0147,-274.17
21.126,12.8,-1.6897,4.0187,-0.26894,0.0049015,-0.0052911,-0.067,-0.0192,-209.77
21.166,12.951,-1.7059,4.0068,-0.28602,0.0047093,-0.0050836,-0.0714,-0.0208,-193.12
21.206,13.117,-1.7074,4.0038,-0.27432,0.0032677,-0.0035274,-0.0685,-0.0191,-210.12
21.246,13.277,-1.7194,4.0006,-0.277,0.0032677,-0.0035274,-0.0693,-0.0191,-209.96
21.286,13.436,-1.7502,4.0037,-0.3081,0.00096108,-0.0010375,-0.0768,-0.0225,-178.47
21.326,13.6,-1.7723,4.0093,-0.31996,0.0052859,-0.0057061,-0.0798,-0.0237,-169.71
21.366,13.747,-1.7418,3.9829,-0.2716,0.002691,-0.0029049,-0.0682,-0.0168,-237.63
21.406,13.903,-1.7899,3.9907,-0.32449,0.00048054,-0.00051873,-0.0811,-0.0227,-176.38
21.446,14.052,-1.7835,3.9751,-0.30801,-0.0010572,0.0011412,-0.0773,-0.02,-199.35
21.486,14.198,-1.801,3.9165,-0.30953,-0.0072039,0.0077848,-0.0786,-0.0201,-195.46
21.526,14.371,-1.8136,3.9603,-0.29821,0.00038443,-0.00041499,-0.0752,-0.0184,-215.84
21.566,14.517,-1.797,3.8787,-0.23588,-0.0011533,0.001245,-0.0607,-0.011,-353.26
21.606,14.672,-1.8065,3.8681,-0.23697,-0.0011533,0.001245,-0.0611,-0.011,-352.31
21.646,14.826,-1.8155,3.8576,-0.23817,-0.0011533,0.001245,-0.0616,-0.011,-351.36
21.686,14.98,-1.8248,3.847,-0.23927,-0.0011533,0.001245,-0.0621,-0.011,-350.41
21.726,15.134,-1.834,3.8366,-0.24047,-0.0011533,0.001245,-0.0625,-0.011,-349.46
21.766,15.287,-1.8432,3.826,-0.24156,-0.0011533,0.001245,-0.063,-0.011,-348.51
21.806,15.445,-1.8583,4.0657,-0.47733,-0.0019198,0.0020731,-0.06566,-0.011997,-341.21
21.846,15.609,-1.8784,4.0818,-0.48895,-0.0026922,0.0029076,-0.06834,-0.013002,-316.17
21.886,15.769,-1.8944,3.8741,-0.2762,-0.0034588,0.0037358,-0.071,-0.014,-277.42
21.926,15.948,-1.9286,3.9218,-0.30159,-0.0024978,0.0026984,-0.0767,-0.0166,-236.95
21.966,16.094,-1.9283,3.9197,-0.29587,-0.0016338,0.0017637,-0.0753,-0.0154,-255.25
22.006,16.275,-1.923,3.9575,-0.27695,0,-0,-0.0699,-0.0131,-302.84
22.046,16.433,-1.9336,3.9587,-0.2793,0,-0,-0.0704,-0.0131,-302.94
22.086,16.591,-1.9451,3.9598,-0.28134,9.6108e-05,-0.00010375,-0.0709,-0.0131,-303.04
22.126,16.75,-1.9581,3.9609,-0.28319,9.6108e-05,-0.00010375,-0.0714,-0.0131,-303.13
22.166,16.928,-1.9547,4.6934,0.27247,0.0012031,-0.0012987,-0.065691,-0.010696,-439.53
22.206,17.107,-1.9506,4.0311,-0.2417,0.0023066,-0.0024899,-0.06,-0.0083,-486.55
22.246,17.268,-1.9607,4.0362,-0.24329,0.0023066,-0.0024899,-0.0603,-0.0083,-487.17
22.286,17.447,-1.9325,4.0362,-0.24329,NaN,NaN,-0.053649,NaN,NaN
22.326,17.625,-1.9044,4.0362,-0.24329,NaN,NaN,-0.046997,NaN,NaN
22.366,17.803,-1.8763,4.0362,-0.24329,NaN,NaN,-0.040361,NaN,NaN
22.406,17.982,-1.848,4.0362,-0.24329,NaN,NaN,-0.033693,NaN,NaN
22.446,18.16,-1.8199,4.0362,-0.24329,NaN,NaN,-0.027063,NaN,NaN
22.487,18.34,-1.7916,4.0362,-0.24329,NaN,NaN,-0.020373,NaN,NaN
22.526,18.517,-1.7636,4.0362,-0.24329,NaN,NaN,-0.013757,NaN,NaN
22.566,18.696,-1.7354,4.0362,-0.24329,NaN,NaN,-0.0070974,NaN,NaN
22.606,18.874,-1.7072,4.0362,-0.24329,NaN,NaN,-0.00045709,NaN,NaN
22.646,19.052,-1.6791,4.0362,-0.24329,NaN,NaN,0.006197,NaN,NaN
22.686,19.231,-1.6509,4.0362,-0.24329,NaN,NaN,0.012846,NaN,NaN
22.726,19.409,-1.6227,4.0362,-0.24329,NaN,NaN,0.019499,NaN,NaN
22.766,19.587,-1.5946,4.0362,-0.24329,NaN,NaN,0.026137,NaN,NaN
22.806,19.766,-1.5664,4.0362,-0.24329,NaN,NaN,0.032796,NaN,NaN
22.847,19.944,-1.5382,4.0362,-0.24329,NaN,NaN,0.039451,NaN,NaN
22.887,20.123,-1.51,4.0362,-0.24329,NaN,NaN,0.046103,NaN,NaN
22.927,20.301,-1.4819,4.0362,-0.24329,NaN,NaN,0.052744,NaN,NaN
22.967,20.48,-1.4536,4.0362,-0.24329,NaN,NaN,0.059416,NaN,NaN
23.006,20.658,-1.4256,4.0362,-0.24329,NaN,NaN,0.06604,NaN,NaN
23.047,20.837,-1.3973,4.0362,-0.24329,NaN,NaN,0.07271,NaN,NaN
23.086,21.014,-1.3693,4.0362,-0.24329,NaN,NaN,0.079332,NaN,NaN
23.127,21.194,-1.341,4.0362,-0.24329,NaN,NaN,0.086012,NaN,NaN
23.167,21.371,-1.3129,4.0362,-0.24329,NaN,NaN,0.092637,NaN,NaN
23.207,21.55,-1.2847,4.0362,-0.24329,NaN,NaN,0.09931,NaN,NaN
23.247,21.728,-1.2566,4.0362,-0.24329,NaN,NaN,0.10594,NaN,NaN
23.287,21.907,-1.2283,4.0362,-0.24329,NaN,NaN,0.11261,NaN,NaN
23.327,22.085,-1.2002,4.0362,-0.24329,NaN,NaN,0.11924,NaN,NaN
23.367,22.264,-1.172,4.0362,-0.24329,NaN,NaN,0.1259,NaN,NaN
23.407,22.442,-1.1439,4.0362,-0.24329,NaN,NaN,0.13255,NaN,NaN
23.447,22.621,-1.1157,4.0362,-0.24329,NaN,NaN,0.13921,NaN,NaN
23.487,22.799,-1.0876,4.0362,-0.24329,NaN,NaN,0.14584,NaN,NaN
23.527,22.977,-1.0594,NaN,NaN,NaN,NaN,0.1525,NaN,NaN
23.567,23.464,-1.9803,NaN,NaN,NaN,NaN,-0.8773,NaN,NaN
23.607,23.706,-1.509,NaN,NaN,NaN,NaN,-0.4614,NaN,NaN
23.647,23.811,-1.4714,NaN,NaN,NaN,NaN,-0.3462,NaN,NaN
23.687,23.777,-1.1539,NaN,NaN,NaN,NaN,0.0452,NaN,NaN
23.727,23.932,-1.1468,NaN,NaN,NaN,NaN,0.0452,NaN,NaN
23.767,24.086,-1.1398,NaN,NaN,NaN,NaN,0.0452,NaN,NaN
23.807,24.141,-1.0649,NaN,NaN,NaN,NaN,0.1101,NaN,NaN
23.847,24.247,-1.7776,3.9135,-0.11754,0,-0,-0.03,0,Inf
23.887,24.414,-1.7792,3.9652,-0.10362,0.0071109,-0.0076782,-0.0261,0.0028,1416.6
23.927,24.57,-1.7648,3.9441,-0.061728,0.016525,-0.017846,-0.0155,0.0022,1793
23.967,24.703,-1.7098,3.9084,0.074662,0.018446,-0.019922,0.0192,0.0075,521.22
24.007,24.859,-1.7068,3.9121,0.075979,0.019983,-0.021582,0.0196,0.0075,521.71
24.047,24.99,-1.6933,3.775,0.1004,0.046909,-0.050638,0.0262,0.0057,662.52
24.087,25.177,-1.7309,3.8261,-0.00079787,0.034986,-0.037776,-0.0005,-0.0096,-398.56
24.127,25.336,-1.7736,3.8449,-0.10388,0.033254,-0.035907,-0.0273,-0.028,-137.37
24.167,25.468,-1.7307,3.7147,-0.0055535,0.052272,-0.056437,-0.0015,-0.0089,-417.38
24.207,25.68,-1.7687,3.8146,-0.10974,0.039888,-0.043069,-0.029,-0.0394,-96.858
24.247,25.735,-1.2041,3.5946,0.66233,0.15916,-0.17253,0.1807,0.321,11.387
24.287,25.996,-1.3062,3.7664,0.37729,0.073196,-0.079185,0.0992,0.2114,17.906
24.327,26.108,-1.2782,3.6705,0.43853,0.098932,-0.1071,0.1181,0.2249,16.437
24.367,26.333,-1.3381,3.76,0.25124,0.061637,-0.066665,0.0662,0.1457,25.864
24.407,26.506,-1.3714,3.7828,0.15016,0.050279,-0.054365,0.0393,0.104,36.402
24.447,26.606,-1.3506,3.7078,0.21881,0.064619,-0.069899,0.0584,0.1281,28.995
24.487,26.837,-1.4223,3.8027,-0.012041,0.038927,-0.042079,-0.0035,0.0365,104.18
24.527,26.999,-1.4191,3.8124,0.004094,0.044119,-0.047697,0.0007,0.0396,96.273
24.567,27.16,-1.4416,3.7729,-0.07246,0.041137,-0.044471,-0.0195,0.0078,483.8
24.607,27.283,-1.4426,3.7313,-0.054004,0.041138,-0.044473,-0.0148,0.0165,226.16
24.647,27.492,-1.5055,3.8002,-0.23307,0.029407,-0.031779,-0.0615,-0.0438,-86.926
24.687,27.551,-1.4348,3.6551,-0.0010137,0.047102,-0.05093,-0.0006,0.035,104.43
24.727,27.628,-2.3921,4.2475,-0.76726,-0.051045,0.055239,-0.1773,0.035,123.32
24.767,27.719,-2.5095,4.2178,-0.76109,-0.054664,0.059098,-0.1785,0.0149,287.64
24.807,27.9,-2.52,4.2605,-0.89031,-0.058524,0.063337,-0.2044,0.0103,422.58
24.847,27.902,-2.5032,4.1535,-0.57752,-0.027543,0.029793,-0.1369,0.0506,82.874
24.887,27.996,-2.4729,4.1826,-0.44506,0.039853,-0.042931,-0.1078,0.093,45.229
******-------------------------------------------------------------------------------------------------------------------****** 
