******-------------------------------------------------------------------------------------------------------------------****** 
Duration of the scene is: 24.9357 seconds
Original Targets Numbers in the hole Scene: 11
Number of Targets in the hole Scene after preprocessing: 29
Number of static portions: 1
******-------------------------------------------------------------------------------------------------------------------****** 
TargetID: ID01
Target can not be processed due to lack of Data
******-------------------------------------------------------------------------------------------------------------------****** 
TargetID: ID13
Target can not be processed due to lack of Data
******-------------------------------------------------------------------------------------------------------------------****** 
TargetID: ID14
Relevancy: 1
tj = 24.811
Label: 0
Comment: Target is relevant and going straight, since the velocity ratio is almost not changing
DATA:
22.533,-0,-0,7.6827,0.00025359,0.069882,0.71223,0,-0.067,-114.67
22.564,0.33169,-0.10848,7.7035,-0.1912,0.070716,0.74636,-0.028,-0.0708,-108.84
22.611,0.63138,-0.17756,7.8367,-0.46744,0.11493,1.1275,-0.055,-0.1121,-70.033
22.642,0.95379,-0.22654,7.7709,-0.48047,0.09976,1.0208,-0.0618,-0.1009,-77.163
22.689,1.2516,-0.40731,7.7192,-0.86136,0.065846,0.69875,-0.114,-0.1741,-44.613
22.735,1.5364,-0.46352,7.7803,-1.3444,0.067458,0.67114,-0.1684,-0.2599,-30.379
22.767,1.8263,-0.68404,7.5748,-1.8439,0.049864,0.52826,-0.2409,-0.3651,-21.353
22.814,2.1827,-0.8043,7.6034,-2.0123,0.046655,0.47047,-0.2568,-0.3517,-22.363
22.845,2.4761,-0.85398,7.6465,-1.9575,0.047208,0.47596,-0.2487,-0.3069,-25.719
22.892,2.7845,-0.88125,7.6244,-1.9056,0.038405,0.39077,-0.2433,-0.2808,-27.988
22.923,3.0005,-0.9696,7.4198,-2.0426,-0.0069747,-0.071933,-0.269,-0.318,-24.201
22.97,3.273,-0.97856,7.4628,-1.7692,-0.011242,-0.11601,-0.2334,-0.2195,-34.941
23.016,3.5987,-1.064,7.5174,-1.8239,0.0040626,0.041662,-0.2378,-0.2049,-37.752
23.048,3.9064,-1.2103,7.5007,-2.0408,0.0085968,0.087963,-0.2652,-0.2304,-33.739
23.094,4.2189,-1.3325,7.4904,-2.2573,0.014792,0.151,-0.292,-0.2564,-30.511
23.126,4.5003,-1.3173,7.5217,-1.942,0.0075046,0.076846,-0.2523,-0.1816,-42.777
23.173,4.7803,-1.5083,7.477,-2.3136,0.013766,0.14059,-0.2995,-0.2367,-33.066
23.204,5.0863,-1.5656,7.5254,-2.2786,0.019394,0.19757,-0.2931,-0.2125,-37.001
23.25,5.3917,-1.6768,7.534,-2.3831,0.022516,0.22908,-0.3053,-0.2169,-36.431
23.282,5.7041,-1.7168,7.5378,-2.2754,0.01999,0.20446,-0.2922,-0.189,-41.66
23.329,6.0211,-1.7908,7.5841,-2.2623,0.022548,0.22937,-0.2889,-0.175,-45.224
23.375,6.3157,-1.8171,7.601,-2.0889,0.018479,0.18829,-0.2673,-0.1397,-56.427
23.407,6.6266,-1.8664,7.6078,-2.0287,0.016644,0.16972,-0.2598,-0.1242,-63.395
23.453,6.9338,-1.8698,7.6397,-1.8986,0.019054,0.19406,-0.2427,-0.0987,-79.758
23.485,7.2374,-1.9572,7.6393,-1.9544,0.018663,0.19012,-0.2496,-0.1025,-76.93
23.531,7.5365,-2.0032,7.6256,-1.9102,0.015425,0.15778,-0.2447,-0.0932,-84.348
23.563,7.8398,-2.1084,7.647,-2.0342,0.018857,0.19209,-0.2591,-0.1049,-75.434
23.61,8.1491,-2.2138,7.6464,-2.1118,0.018381,0.1873,-0.2686,-0.1109,-71.53
23.656,8.4057,-2.3504,7.6521,-2.3431,0.021389,0.21646,-0.296,-0.1352,-59.192
23.688,8.7109,-2.4408,7.6273,-2.3723,0.019512,0.19855,-0.3006,-0.1343,-59.477
23.734,9.0085,-2.5976,7.608,-2.5455,0.017392,0.17648,-0.322,-0.1499,-53.519
23.766,9.31,-2.7519,7.5788,-2.6605,0.015673,0.16042,-0.3376,-0.1586,-50.645
23.812,9.5998,-2.8911,7.5382,-2.8199,0.014326,0.1457,-0.3573,-0.1714,-46.956
23.844,9.9184,-2.9358,7.5388,-2.6997,0.011827,0.12089,-0.3433,-0.1526,-52.475
23.89,10.222,-3.0605,7.5209,-2.7737,0.0097388,0.099641,-0.3529,-0.1563,-51.286
23.922,10.502,-3.0992,7.5106,-2.6934,0.005782,0.059253,-0.344,-0.1434,-55.641
23.969,10.8,-3.2605,7.4932,-2.8281,0.0058479,0.059996,-0.3609,-0.1532,-52.279
24.015,11.074,-3.4288,7.4663,-2.9874,0.0074447,0.076344,-0.3806,-0.1645,-48.886
24.047,11.325,-3.6269,7.404,-3.3622,0.01084,0.11043,-0.4257,-0.1983,-41.007
24.093,11.622,-3.6796,7.3815,-3.2591,0.0062093,0.063614,-0.4154,-0.1836,-43.948
24.124,11.881,-3.8555,7.3284,-3.5464,0.0087931,0.08971,-0.4502,-0.2071,-39.311
24.171,12.142,-4.0672,7.2606,-3.8594,0.011371,0.11577,-0.488,-0.2315,-35.519
24.203,12.415,-4.249,7.2236,-4.0668,0.014325,0.1455,-0.512,-0.2438,-34.002
24.249,12.689,-4.4357,7.189,-4.2658,0.017149,0.17382,-0.5346,-0.2541,-32.898
24.296,12.967,-4.6212,7.1591,-4.409,0.018444,0.18678,-0.551,-0.2591,-32.45
24.327,13.261,-4.7907,7.1397,-4.514,0.019794,0.2003,-0.5627,-0.2603,-32.451
24.374,13.55,-4.9389,7.1116,-4.5241,0.017633,0.17873,-0.5656,-0.2546,-33.106
24.405,13.828,-5.0702,7.0674,-4.5065,0.014374,0.14604,-0.5669,-0.2478,-33.825
24.452,14.108,-5.2768,7.039,-4.6619,0.015928,0.16168,-0.5841,-0.2537,-33.279
24.483,14.374,-5.3927,7.0288,-4.6572,0.015261,0.1549,-0.5843,-0.2465,-34.206
24.53,14.674,-5.54,7.0668,-4.6898,0.018626,0.18858,-0.5848,-0.2395,-35.413
24.577,14.954,-5.6862,7.0707,-4.7291,0.01993,0.20154,-0.5883,-0.2351,-36.182
24.608,15.246,-5.8603,7.0964,-4.8392,0.023472,0.23675,-0.5971,-0.2349,-36.566
24.655,15.49,-5.9951,6.9952,-4.8049,0.017787,0.18119,-0.6008,-0.2307,-36.786
24.686,15.684,-6.0951,6.9483,-4.8068,0.014005,0.14206,-0.6041,-0.2273,-37.171
24.733,15.948,-6.2567,6.916,-4.8326,0.012631,0.12826,-0.6089,-0.2245,-37.582
24.764,16.205,-6.4263,6.9271,-4.953,0.015531,0.15725,-0.6195,-0.2259,-37.697
24.811,16.465,-6.5811,6.8848,-4.9534,0.013324,0.13515,-0.6226,-0.2219,-38.223
24.842,16.564,-6.6349,6.8592,-4.9736,0.01234,0.12499,-0.626,-0.2183,-38.812
24.889,16.827,-6.7981,6.8264,-4.9801,0.010907,0.11063,-0.629,-0.2145,-39.393
24.936,16.952,-6.8075,6.7656,-4.8282,0.0059811,0.060942,-0.619,-0.2012,-41.311
******-------------------------------------------------------------------------------------------------------------------****** 
TargetID: ID02
Relevancy: 1
tj = 17.2896
Label: 0
Comment: Target is relevant and going straight, since target is crossing Ego X-axis in EFC
DATA:
10.923,-0,0,NaN,NaN,NaN,NaN,0,NaN,NaN
10.97,0.35266,-0.001937,NaN,NaN,NaN,NaN,0,NaN,NaN
11.001,0.73826,0.35894,NaN,NaN,NaN,NaN,0.161,NaN,NaN
11.048,1.0931,0.41678,NaN,NaN,NaN,NaN,0.161,NaN,NaN
11.079,1.4432,0.48036,NaN,NaN,NaN,NaN,0.1491,NaN,NaN
11.126,1.7989,0.53538,NaN,NaN,NaN,NaN,0.1491,NaN,NaN
11.173,2.1938,0.2553,NaN,NaN,NaN,NaN,0.0139,NaN,NaN
11.204,2.5509,0.26235,NaN,NaN,NaN,NaN,0.0139,NaN,NaN
11.251,2.8957,-0.23128,NaN,NaN,NaN,NaN,-0.1447,NaN,NaN
11.282,3.2532,-0.2808,NaN,NaN,NaN,NaN,-0.1448,NaN,NaN
11.329,3.6367,-0.15221,NaN,NaN,NaN,NaN,-0.092,NaN,NaN
11.36,3.9965,-0.18877,NaN,NaN,NaN,NaN,-0.092,NaN,NaN
11.407,4.3815,0.084944,NaN,NaN,NaN,NaN,-0.0173,NaN,NaN
11.438,4.7442,0.080081,NaN,NaN,NaN,NaN,-0.0174,NaN,NaN
11.485,5.1405,0.32107,NaN,NaN,NaN,NaN,0.0335,NaN,NaN
11.532,5.5066,0.33284,NaN,NaN,NaN,NaN,0.0335,NaN,NaN
11.563,5.8987,0.2935,NaN,NaN,NaN,NaN,0.0205,NaN,NaN
11.61,6.2675,0.2981,NaN,NaN,NaN,NaN,0.0205,NaN,NaN
11.641,6.6558,0.21802,NaN,NaN,NaN,NaN,0.0042,NaN,NaN
11.688,7.0273,0.22136,NaN,NaN,NaN,NaN,0.0042,NaN,NaN
11.719,7.412,0.23413,NaN,NaN,NaN,NaN,0.0056,NaN,NaN
11.766,7.7859,0.23598,NaN,NaN,NaN,NaN,0.0056,NaN,NaN
11.812,7.8427,0.81782,9.4239,0.2458,-0,0,0.0261,0,Inf
11.844,8.22,0.83143,9.4239,0.24522,-0,0,0.026,0,Inf
11.89,8.5768,0.76586,9.5488,0.16397,0.38617,-0.10878,0.0173,-0.0135,-707.42
11.922,8.9592,0.77141,9.5745,0.15933,0.38331,-0.10798,0.0168,-0.0135,-709.32
11.969,9.3587,0.71074,9.7306,0.059491,0.69903,-0.19694,0.0059,-0.0229,-424.93
12,9.7487,0.71065,9.7755,0.051146,0.694,-0.19552,0.005,-0.0229,-426.88
12.047,10.154,1.0073,9.8599,0.45133,0.7062,-0.19892,0.0457,-0.0003,-32901
12.078,10.55,1.0256,9.9091,0.45343,0.6994,-0.197,0.0457,-0.0003,-33065
12.125,10.949,1.1176,9.9335,0.59327,0.59363,-0.16721,0.0596,0.0163,610.51
12.171,11.347,1.1438,9.9798,0.60221,0.58301,-0.16422,0.0603,0.0163,613.37
12.203,11.735,1.222,9.9717,0.77957,0.47082,-0.13263,0.0782,0.0423,236.46
12.249,12.134,1.2537,10.013,0.79991,0.45735,-0.12884,0.0799,0.0423,237.46
12.281,12.536,1.2818,10.054,0.8211,0.44373,-0.125,0.0816,0.0423,238.47
12.327,12.939,1.3171,10.095,0.84135,0.43012,-0.12117,0.0833,0.0423,239.48
12.359,13.323,1.2222,10.052,0.73834,0.33037,-0.093075,0.0733,0.041,245.83
12.405,13.725,1.2557,10.086,0.75684,0.31703,-0.089317,0.0749,0.041,246.69
12.452,14.119,1.1698,10.07,0.56699,0.29036,-0.081799,0.0561,0.022,458.46
12.484,14.522,1.1922,10.101,0.57761,0.27906,-0.078616,0.057,0.022,459.87
12.53,14.914,1.0236,10.06,0.16841,0.26667,-0.075125,0.0167,-0.0217,-463.68
12.562,15.317,1.031,10.086,0.15992,0.25905,-0.072978,0.0158,-0.0217,-464.85
12.608,15.732,1.2954,10.101,0.58779,0.26912,-0.075808,0.058,0.0216,468.42
12.64,16.136,1.3177,10.124,0.59814,0.26327,-0.074159,0.0589,0.0216,469.53
12.686,16.534,1.0459,10.076,0.030962,0.21739,-0.061242,0.003,-0.0308,-327.13
12.733,16.937,1.0449,10.094,0.018836,0.21344,-0.06013,0.0018,-0.0308,-327.73
12.764,17.309,0.58802,9.9321,-1.0218,0.18867,-0.05315,-0.1025,-0.1334,-74.846
12.811,17.707,0.54881,9.9382,-1.0766,0.18812,-0.052997,-0.1079,-0.1334,-74.935
12.842,18.153,0.78235,9.998,-0.77528,0.2099,-0.059131,-0.0774,-0.1017,-98.604
12.889,18.553,0.74995,10.005,-0.81673,0.21127,-0.059514,-0.0815,-0.1017,-98.705
12.921,18.953,0.71874,10.012,-0.85872,0.21263,-0.059898,-0.0856,-0.1017,-98.808
12.967,19.354,0.68426,10.019,-0.90058,0.21399,-0.060281,-0.0897,-0.1017,-98.91
12.999,19.746,0.9353,9.9594,-0.59407,0.07514,-0.021167,-0.0596,-0.0774,-128.9
13.045,20.144,0.91221,9.9599,-0.6253,0.076229,-0.021474,-0.0627,-0.0774,-128.93
13.092,20.524,0.65017,9.909,-1.0263,0.053496,-0.015071,-0.1032,-0.1076,-92.583
13.123,20.921,0.60712,9.9059,-1.0689,0.054313,-0.015301,-0.1075,-0.1076,-92.597
13.17,21.309,0.5071,9.876,-1.2154,0.039204,-0.011044,-0.1224,-0.1167,-85.266
13.201,21.704,0.45853,9.8706,-1.2618,0.04002,-0.011274,-0.1271,-0.1167,-85.269
13.248,22.106,0.54816,9.8635,-1.1094,0.0010889,-0.00030648,-0.112,-0.1021,-97.215
13.28,22.5,0.50314,9.8571,-1.1494,0.0019053,-0.00053631,-0.1161,-0.1021,-97.197
13.326,22.893,0.51025,9.8429,-1.106,-0.025047,0.0070555,-0.1119,-0.0963,-102.85
13.373,23.287,0.46334,9.8355,-1.1433,-0.024366,0.0068639,-0.1157,-0.0963,-102.82
13.404,23.707,0.82921,9.8488,-0.54025,-0.056763,0.015991,-0.0548,-0.0495,-199.26
13.451,24.094,0.87947,9.8346,-0.44175,-0.079088,0.02228,-0.0449,-0.0416,-236.65
13.482,24.488,0.86174,9.8286,-0.45797,-0.078952,0.022241,-0.0466,-0.0416,-236.52
13.529,24.881,0.84272,9.8225,-0.47397,-0.07868,0.022165,-0.0482,-0.0416,-236.39
13.56,25.292,0.97534,9.8639,-0.30584,-0.022188,0.0062509,-0.031,-0.0288,-342.66
13.607,25.695,0.91597,9.896,-0.41754,0.018649,-0.0052539,-0.0422,-0.0355,-279.01
13.638,26.09,0.89524,9.8968,-0.43098,0.018512,-0.0052154,-0.0435,-0.0355,-279.05
13.685,26.514,1.0548,9.9362,-0.41835,0.059486,-0.016758,-0.0421,-0.0319,-311.76
13.732,26.932,1.2032,9.967,-0.20568,0.091611,-0.025806,-0.0207,-0.0172,-579.6
13.763,27.339,1.0901,9.975,-0.34935,0.090114,-0.025387,-0.035,-0.0253,-394.51
13.81,27.738,1.0731,9.9801,-0.35909,0.090114,-0.025387,-0.036,-0.0253,-394.72
13.841,28.147,0.88,10.005,-0.59357,0.13095,-0.036893,-0.0593,-0.0385,-260.33
13.888,28.548,0.85695,10.012,-0.60965,0.13109,-0.036931,-0.0608,-0.0385,-260.52
13.919,28.958,0.84002,10.038,-0.56965,0.15368,-0.043291,-0.0567,-0.0343,-293.13
13.966,29.359,0.70683,10.042,-0.73741,0.16484,-0.046441,-0.0733,-0.0436,-230.95
14.013,29.763,0.61749,10.055,-0.77748,0.17234,-0.048534,-0.0771,-0.0444,-227.13
14.044,30.179,0.58552,10.081,-0.80688,0.19779,-0.055695,-0.0799,-0.0445,-227.26
14.091,30.588,0.64503,10.128,-0.61883,0.22189,-0.062477,-0.0611,-0.0317,-320.08
14.122,30.998,0.60453,10.151,-0.66217,0.24352,-0.068595,-0.0651,-0.0332,-306.4
14.169,31.407,0.66581,10.17,-0.51158,0.2261,-0.063703,-0.0503,-0.0234,-435.17
14.2,31.806,0.61993,10.17,-0.56476,0.21697,-0.06114,-0.0555,-0.0259,-393.28
14.247,32.216,0.64431,10.177,-0.51547,0.20254,-0.057075,-0.0506,-0.0225,-452.9
14.293,32.617,0.64166,10.194,-0.51685,0.20908,-0.058944,-0.0507,-0.0221,-461.84
14.325,33.036,0.7353,10.213,-0.35712,0.2035,-0.057363,-0.035,-0.0124,-824.15
14.372,33.445,0.70849,10.223,-0.38497,0.2009,-0.056654,-0.0376,-0.0135,-757.83
14.403,33.858,0.80055,10.233,-0.25078,0.17871,-0.050434,-0.0245,-0.0055,-1861
14.45,34.271,0.86252,10.232,-0.15097,0.15597,-0.044035,-0.0147,0.0001,1.0233e+05
14.481,34.682,0.89741,10.248,-0.11328,0.15787,-0.044615,-0.0111,0.0023,4456
14.528,35.097,0.90114,10.244,-0.086859,0.13609,-0.038466,-0.0084,0.0038,2695.9
14.559,35.503,0.93006,10.239,-0.090749,0.10982,-0.03107,-0.0088,0.0035,2925.5
14.606,35.95,0.81863,10.256,-0.26598,0.10505,-0.029728,-0.0259,-0.0044,-2331.7
14.652,36.333,0.89479,10.263,-0.12517,0.092391,-0.026165,-0.0122,0.0036,2851.1
14.684,36.744,0.93935,10.258,-0.080711,0.07211,-0.020446,-0.0078,0.006,1709.7
14.731,37.159,0.94067,10.26,-0.088885,0.065712,-0.018646,-0.0086,0.0054,1900
14.762,37.576,1.0256,10.264,0.018258,0.05741,-0.016304,0.0018,0.0111,924.73
14.809,37.983,1.0845,10.26,0.076141,0.043122,-0.01226,0.0074,0.0139,738.15
14.84,38.401,1.1604,10.269,0.17582,0.050734,-0.014446,0.0171,0.0188,546.32
14.887,38.806,1.249,10.277,0.32969,0.055898,-0.015933,0.032,0.0265,388.02
14.933,39.221,1.3619,10.289,0.4631,0.065004,-0.018552,0.045,0.0329,313.06
14.965,39.64,1.399,10.299,0.48489,0.068261,-0.01951,0.047,0.0334,308.69
15.011,40.06,1.4809,10.319,0.54025,0.084836,-0.024296,0.0523,0.0357,289.45
15.043,40.476,1.493,10.34,0.52857,0.10413,-0.029868,0.0511,0.0342,302.74
15.089,40.886,1.579,10.356,0.63226,0.12219,-0.035104,0.061,0.0384,270.19
15.121,41.302,1.6223,10.368,0.66921,0.12436,-0.035791,0.0644,0.0396,262.37
15.167,41.712,1.704,10.381,0.75336,0.13194,-0.038048,0.0725,0.043,242.04
15.199,42.132,1.7762,10.399,0.81887,0.13872,-0.040077,0.0786,0.0456,228.75
15.246,42.539,1.7578,10.408,0.76139,0.14318,-0.041459,0.0731,0.0414,252.06
15.292,42.969,1.6358,10.412,0.73368,0.14017,-0.040643,0.0703,0.0389,268.33
15.324,43.387,1.7122,10.428,0.79481,0.15169,-0.044081,0.076,0.0408,256.34
15.37,43.801,1.8128,10.451,0.90448,0.16036,-0.046717,0.0863,0.0456,230.05
15.402,44.206,1.8488,10.449,0.91922,0.15639,-0.045647,0.0877,0.0449,233.62
15.448,44.628,1.8971,10.464,0.92903,0.15243,-0.044606,0.0885,0.0447,235
15.48,45.046,1.9305,10.474,0.93243,0.1543,-0.045255,0.0887,0.0437,240.62
15.526,45.45,2.1064,10.476,1.0043,0.14695,-0.043181,0.0955,0.0463,227.3
15.573,45.869,2.1542,10.472,1.0285,0.12317,-0.036291,0.0979,0.0469,224.35
15.605,46.294,2.2079,10.493,1.0626,0.13169,-0.03892,0.1009,0.0475,222.03
15.651,46.702,2.2412,10.491,1.0524,0.12502,-0.037047,0.0999,0.0458,230.2
15.683,47.12,2.3201,10.472,1.1311,0.0873,-0.025955,0.1076,0.0493,213.65
15.729,47.514,2.4221,10.465,1.2052,0.082122,-0.024511,0.1147,0.0512,205.75
15.761,47.857,2.4262,10.464,1.1847,0.078445,-0.023488,0.1127,0.049,214.91
15.807,48.273,2.4621,10.464,1.1799,0.075577,-0.022712,0.1122,0.0476,221.22
15.854,48.705,2.4978,10.465,1.1581,0.073528,-0.02216,0.1102,0.0454,231.91
15.885,49.12,2.5664,10.46,1.199,0.060785,-0.018373,0.1141,0.0465,226.43
15.932,49.516,2.7494,10.425,1.1873,0.014887,-0.0045126,0.1134,0.0455,230.61
15.963,49.918,2.7574,10.397,1.1583,-0.013801,0.0041964,0.111,0.0432,242.17
16.01,50.328,2.8329,10.377,1.1947,-0.037336,0.011384,0.1146,0.0446,234.2
16.041,50.735,2.8732,10.351,1.1958,-0.063694,0.019487,0.1151,0.0439,237.35
16.088,51.156,2.8544,10.344,1.1955,-0.060835,0.018679,0.1151,0.043,242.17
16.12,51.562,2.9086,10.326,1.2022,-0.074602,0.022987,0.1159,0.0426,244.04
16.166,51.877,2.9468,10.285,1.2054,-0.11092,0.03429,0.1168,0.0422,245.39
16.213,52.294,2.9961,10.281,1.2108,-0.10346,0.032096,0.1172,0.0416,248.85
16.244,52.69,3.0142,10.253,1.1765,-0.11896,0.037022,0.1144,0.0385,268.07
16.291,53.095,3.0339,10.238,1.1343,-0.11717,0.036592,0.1103,0.0352,292.63
16.322,53.498,3.0724,10.229,1.1328,-0.1205,0.037804,0.1104,0.0344,299.16
16.369,53.914,3.1516,10.233,1.1773,-0.099405,0.03131,0.1147,0.0361,285.34
16.401,54.339,3.1838,10.217,1.1629,-0.10408,0.032952,0.1134,0.0342,300.66
16.447,54.749,3.219,10.2,1.1703,-0.11872,0.037796,0.1144,0.0345,297.59
16.494,55.149,3.2769,10.192,1.2121,-0.10977,0.035093,0.1185,0.0364,281.97
16.526,55.54,3.2956,10.156,1.2045,-0.13921,0.044767,0.1182,0.0354,288.91
16.572,55.956,3.3682,10.148,1.2548,-0.1378,0.044509,0.1232,0.0382,267.68
16.603,56.365,3.4196,10.141,1.269,-0.13141,0.04265,0.1246,0.0382,267.54
16.65,56.784,3.4985,10.148,1.3164,-0.11562,0.037704,0.1291,0.0404,253.28
16.681,57.199,3.5903,10.148,1.3837,-0.10563,0.034596,0.1356,0.0437,234.37
16.728,57.61,3.6549,10.145,1.4085,-0.1045,0.034424,0.1381,0.0443,231.2
16.775,58.024,3.7755,10.161,1.5562,-0.081896,0.027088,0.1521,0.053,193.96
16.806,58.437,3.8623,10.168,1.5995,-0.070182,0.023331,0.1561,0.0544,189.2
16.853,58.836,3.9168,10.151,1.6064,-0.076586,0.025593,0.157,0.0537,191.39
16.884,59.254,3.9785,10.146,1.6207,-0.079094,0.026564,0.1585,0.0535,192.05
16.931,59.659,4.0413,10.128,1.6302,-0.087623,0.029594,0.1597,0.0531,193.19
16.962,60.076,4.1494,10.12,1.7182,-0.090647,0.030788,0.1683,0.058,176.98
17.009,60.361,4.2395,10.094,1.8123,-0.10517,0.035943,0.1778,0.0634,161.76
17.04,60.73,4.3691,10.083,1.9663,-0.10657,0.036648,0.1928,0.0727,141.3
17.087,61.135,4.5056,10.058,2.1148,-0.11091,0.038376,0.2075,0.0813,126.42
17.133,61.53,4.6027,9.9982,2.1721,-0.14448,0.050388,0.2142,0.0844,121.23
17.165,61.929,4.7451,9.962,2.269,-0.14249,0.049986,0.2243,0.0891,114.67
17.212,61.789,4.7495,9.9282,2.3579,-0.1434,0.050698,0.234,0.0937,108.9
17.243,62.18,4.8619,9.8837,2.4189,-0.1474,0.052512,0.2408,0.096,105.99
17.29,62.565,4.969,9.8685,2.5045,-0.1333,0.047867,0.2493,0.0996,102.22
17.321,62.961,5.0814,9.8345,2.6023,-0.12919,0.046783,0.2594,0.1048,97.07
17.368,63.349,5.2056,9.8051,2.7037,-0.12069,0.044079,0.2698,0.1098,92.632
17.414,63.787,5.3519,9.7866,2.8331,-0.10492,0.038662,0.2824,0.1164,87.529
17.446,64.168,5.4735,9.7614,2.9044,-0.095669,0.035568,0.2898,0.1189,85.654
17.492,64.531,5.5638,9.7105,2.9327,-0.097148,0.036451,0.2939,0.1187,85.457
17.524,64.936,5.7003,9.6639,2.9934,-0.094262,0.035691,0.301,0.121,83.611
17.571,65.196,5.7591,9.6024,2.9795,-0.098362,0.037619,0.3016,0.1183,84.987
17.602,65.54,5.8602,9.544,3.0028,-0.10021,0.038708,0.3056,0.1184,84.504
17.649,65.838,5.8804,9.4394,2.8796,-0.12048,0.047056,0.297,0.1089,90.623
17.68,66.059,5.9412,9.3689,2.8739,-0.12265,0.048381,0.2987,0.1074,91.246
17.727,65.982,5.9527,9.3363,2.987,-0.10698,0.042647,0.311,0.1148,85.388
17.773,66.318,6.0499,9.2689,2.9736,-0.10734,0.043233,0.3119,0.1122,86.757
17.805,66.658,6.1566,9.2138,2.9756,-0.10366,0.042161,0.3138,0.1105,87.623
17.851,67.01,6.2665,9.1711,2.9881,-0.096849,0.039796,0.3163,0.1093,88.249
17.883,67.368,6.384,9.1407,3.0227,-0.085746,0.035603,0.3206,0.1096,87.842
17.929,67.709,6.5068,9.0777,3.044,-0.078317,0.032866,0.3247,0.1097,87.279
17.961,68.067,6.6289,9.0388,3.0805,-0.068436,0.029032,0.3295,0.1105,86.419
18.008,68.446,6.7585,8.9896,3.1016,-0.059359,0.025473,0.3331,0.1104,86.138
18.054,68.841,6.9058,8.9999,3.1873,-0.041626,0.018067,0.341,0.1137,83.972
18.086,69.19,7.0369,8.9875,3.2421,-0.028739,0.012619,0.3466,0.1149,83.154
18.132,69.538,7.1515,8.9328,3.239,-0.022869,0.010163,0.3482,0.1128,84.236
18.164,69.959,7.2971,9.0353,3.3059,-0.0129,0.0057973,0.3506,0.1107,86.911
18.21,70.383,7.3864,9.224,3.318,-0.0084961,0.0038646,0.3452,0.1002,97.83
18.242,70.737,7.4785,9.2279,3.3109,-0.0068091,0.0031344,0.3444,0.0959,102.23
18.288,71.075,7.5661,9.1568,3.2866,-0.0061534,0.0028668,0.3445,0.0929,104.72
18.335,71.411,7.6545,9.1281,3.2672,-0.0049896,0.0023514,0.3436,0.0886,109.43
18.366,71.738,7.7667,9.0436,3.2603,-0.0026807,0.0012789,0.346,0.088,109.24
18.413,72.089,7.8927,9.0033,3.2738,0.00050933,-0.00024595,0.3488,0.0874,109.61
18.444,72.43,8.0214,8.9595,3.2957,0.0043207,-0.00211,0.3526,0.0881,108.36
18.491,72.763,8.133,8.9061,3.2949,0.0079874,-0.0039476,0.3545,0.0865,109.78
18.523,73.076,8.229,8.8142,3.2888,0.014799,-0.0073962,0.3574,0.0864,108.89
18.569,73.565,8.4378,9.038,3.4086,0.0036611,-0.0018478,0.3607,0.0852,113.37
18.601,73.864,8.5212,8.8849,3.3472,0.014992,-0.0076416,0.3606,0.0818,116.07
18.647,74.15,8.6147,8.7333,3.3112,0.026534,-0.01364,0.3629,0.0811,115.17
18.694,74.52,8.7761,8.7513,3.3987,0.027244,-0.014116,0.3709,0.0861,109.04
18.726,74.801,8.8917,9.0445,3.8905,0.033817,-0.017644,0.37634,0.088273,111.54
18.772,75.227,9.0833,9.2295,4.2805,0.043491,-0.022837,0.38435,0.091471,111.22
18.803,75.516,9.2185,9.1888,4.3191,0.050008,-0.026335,0.38974,0.093626,108.44
18.85,75.94,9.4155,8.8803,4.0411,0.059733,-0.031555,0.39779,0.096841,100.75
18.882,76.213,9.5363,8.5067,3.6288,0.066265,-0.035062,0.4032,0.099,93.418
18.928,76.503,9.6606,8.25,3.5573,0.11827,-0.062401,0.4046,0.097,92.621
18.975,76.823,9.7906,8.1498,3.5672,0.13249,-0.069823,0.4097,0.0986,90.227
19.006,77.129,9.9648,8.0966,3.5998,0.14559,-0.077363,0.4216,0.1072,82.656
19.053,77.45,10.106,8.0392,3.6209,0.1517,-0.080601,0.4266,0.1085,81.263
19.084,77.739,10.241,7.9169,3.6188,0.17127,-0.091002,0.4327,0.1109,78.492
19.131,77.988,10.402,7.7574,3.6271,0.20756,-0.11073,0.4424,0.1158,73.951
19.162,78.233,10.576,7.6075,3.6504,0.24097,-0.12895,0.4534,0.1215,69.449
19.209,78.516,10.73,7.5447,3.6811,0.24555,-0.13143,0.4602,0.1232,68.14
19.24,78.762,10.915,7.4336,3.7355,0.26526,-0.14209,0.4726,0.1295,64.242
19.287,79.037,11.07,7.3439,3.7469,0.28073,-0.15048,0.4793,0.1312,62.839
19.334,79.295,11.235,7.2336,3.7653,0.30457,-0.16353,0.4883,0.1348,60.496
19.365,79.437,11.441,6.8974,3.7298,0.40104,-0.21559,0.5078,0.1455,53.892
19.412,79.713,11.618,6.9202,3.8033,0.38373,-0.20791,0.514,0.1457,54.197
19.443,79.975,11.777,6.8404,3.8048,0.39768,-0.21611,0.5198,0.1456,53.759
19.49,80.276,11.974,6.9093,3.9407,0.32262,-0.17464,0.5279,0.1477,53.853
19.521,80.47,12.186,6.8984,4.0899,0.23655,-0.1275,0.5421,0.154,52.076
19.568,80.731,12.366,6.843,4.1162,0.24282,-0.13103,0.5488,0.1546,51.653
19.615,80.994,12.542,6.7912,4.1352,0.24797,-0.13398,0.5544,0.154,51.631
19.646,81.265,12.707,6.7536,4.1612,0.24442,-0.13226,0.5596,0.1533,51.746
19.693,81.564,12.877,6.7907,4.2106,0.19288,-0.10423,0.5608,0.1485,53.805
19.724,81.809,13.119,6.7309,4.3031,0.17281,-0.093173,0.574,0.1534,52.078
19.771,82.119,13.324,6.8373,4.4442,0.07082,-0.038143,0.5784,0.1516,53.791
19.802,82.356,13.57,6.7692,4.5379,0.065027,-0.035048,0.5925,0.1574,51.775
19.849,82.676,13.756,6.838,4.6171,-0.0014944,0.0008045,0.5939,0.1536,53.716
19.896,82.941,13.981,6.8374,4.7252,-0.051698,0.027812,0.6033,0.1556,53.414
19.927,83.226,14.198,6.8631,4.8164,-0.10906,0.058591,0.6089,0.1544,54.304
19.974,83.488,14.415,6.8257,4.8813,-0.098306,0.053041,0.6181,0.1564,53.654
20.005,83.741,14.638,6.7963,4.9609,-0.12612,0.068085,0.627,0.1583,53.154
******-------------------------------------------------------------------------------------------------------------------****** 
TargetID: ID03
Target can not be processed due to lack of Data
******-------------------------------------------------------------------------------------------------------------------****** 
TargetID: ID15
Target can not be processed due to lack of Data
******-------------------------------------------------------------------------------------------------------------------****** 
TargetID: ID17
Target can not be processed due to lack of Data
******-------------------------------------------------------------------------------------------------------------------****** 
TargetID: ID18
Target can not be processed due to lack of Data
******-------------------------------------------------------------------------------------------------------------------****** 
TargetID: ID19
Target can not be processed due to lack of Data
******-------------------------------------------------------------------------------------------------------------------****** 
TargetID: ID20
Target can not be processed due to lack of Data
******-------------------------------------------------------------------------------------------------------------------****** 
TargetID: ID21
Target can not be processed due to lack of Data
******-------------------------------------------------------------------------------------------------------------------****** 
TargetID: ID22
Relevancy: 0
tj = Inf
Label: -1
Comment: Target is irrelevant as it is not crossing the estimated holding line
DATA:
19.084,-0,-0,NaN,NaN,NaN,NaN,0,NaN,NaN
19.131,NaN,NaN,NaN,NaN,NaN,NaN,-0.1091,NaN,NaN
19.162,NaN,NaN,NaN,NaN,NaN,NaN,0.6927,NaN,NaN
19.209,NaN,NaN,NaN,NaN,NaN,NaN,0.6927,NaN,NaN
19.24,NaN,NaN,NaN,NaN,NaN,NaN,0.339,NaN,NaN
19.287,NaN,NaN,NaN,NaN,NaN,NaN,0.0769,NaN,NaN
19.334,NaN,NaN,NaN,NaN,NaN,NaN,0.1708,NaN,NaN
19.365,NaN,NaN,NaN,NaN,NaN,NaN,-0.25,NaN,NaN
19.412,NaN,NaN,NaN,NaN,NaN,NaN,-0.2149,NaN,NaN
19.443,NaN,NaN,NaN,NaN,NaN,NaN,-0.2148,NaN,NaN
19.49,NaN,NaN,NaN,NaN,NaN,NaN,-0.4171,NaN,NaN
19.521,NaN,NaN,NaN,NaN,NaN,NaN,-0.4171,NaN,NaN
19.568,NaN,NaN,NaN,NaN,NaN,NaN,-0.4171,NaN,NaN
19.615,NaN,NaN,NaN,NaN,NaN,NaN,-0.2401,NaN,NaN
19.646,NaN,NaN,NaN,NaN,NaN,NaN,-0.2402,NaN,NaN
19.693,NaN,NaN,NaN,NaN,NaN,NaN,-0.2538,NaN,NaN
19.724,NaN,NaN,NaN,NaN,NaN,NaN,-0.1166,NaN,NaN
19.771,NaN,NaN,NaN,NaN,NaN,NaN,-0.1167,NaN,NaN
19.802,NaN,NaN,NaN,NaN,NaN,NaN,-0.1205,NaN,NaN
19.849,NaN,NaN,NaN,NaN,NaN,NaN,-0.1205,NaN,NaN
19.896,NaN,NaN,NaN,NaN,NaN,NaN,-0.1205,NaN,NaN
19.927,NaN,NaN,NaN,NaN,NaN,NaN,-0.1205,NaN,NaN
19.974,NaN,NaN,NaN,NaN,NaN,NaN,-0.1206,NaN,NaN
20.005,NaN,NaN,NaN,NaN,NaN,NaN,-0.1205,NaN,NaN
20.052,NaN,NaN,NaN,NaN,NaN,NaN,-0.1206,NaN,NaN
20.083,NaN,NaN,NaN,NaN,NaN,NaN,-0.1206,NaN,NaN
20.13,NaN,NaN,NaN,NaN,NaN,NaN,-0.1206,NaN,NaN
20.161,NaN,NaN,NaN,NaN,NaN,NaN,-0.1206,NaN,NaN
20.208,NaN,NaN,NaN,NaN,NaN,NaN,-0.1206,NaN,NaN
20.254,NaN,NaN,NaN,NaN,NaN,NaN,-0.1206,NaN,NaN
20.286,7.5317,-1.7271,6.552,-1.2211,-0,-0,-0.1843,0,Inf
20.332,7.8118,-1.9233,6.5123,-1.3667,0.012429,-0.13352,-0.2072,-0.01,-665.42
20.364,8.1027,-1.9083,6.5002,-1.2635,0.021573,-0.2363,-0.1925,-0.0108,-613.13
20.41,8.3597,-1.9523,6.4709,-1.2571,0.027345,-0.30605,-0.1926,-0.0134,-491.93
20.442,6.989,-1.6825,6.4594,-0.66294,0.053782,-0.50272,-0.1234,0.122,53.224
20.489,7.3435,-1.7639,6.4102,-0.60461,0.079647,-0.70165,-0.1241,0.1043,61.732
20.535,7.5436,-2.1139,6.3085,-0.56891,0.091848,-0.78318,-0.1246,0.0918,68.999
20.567,7.8241,-2.1713,6.2707,-0.67471,0.091662,-0.79249,-0.1424,0.043,146.67
20.613,8.1074,-2.3433,6.2396,-0.61118,0.089478,-0.78376,-0.133,0.055,113.99
20.645,8.3623,-2.3712,6.2019,-0.58752,0.089693,-0.79368,-0.1307,0.055,113.27
20.691,8.6167,-2.3609,6.1734,-0.44039,0.090072,-0.8031,-0.1086,0.0867,71.385
20.723,8.9128,-2.3842,6.1804,-0.38027,0.081857,-0.75673,-0.0967,0.0943,65.663
20.769,9.1096,-2.4749,6.1467,-0.77376,0.047599,-0.65901,-0.1252,0.0465,133.23
20.801,9.3591,-2.5037,6.1163,-0.75806,0.047207,-0.66553,-0.1233,0.0465,132.54
20.848,9.6065,-2.5299,6.0858,-0.74297,0.046825,-0.67149,-0.1215,0.0465,131.85
20.894,9.8528,-2.5586,6.0554,-0.72732,0.046553,-0.67729,-0.1195,0.0465,131.16
20.926,10.097,-2.5873,6.025,-0.71214,0.046322,-0.68281,-0.1177,0.0465,130.47
20.972,10.347,-2.6063,5.9945,-0.69722,0.046179,-0.68776,-0.1158,0.0465,129.78
21.004,10.595,-2.6257,5.9641,-0.68237,0.04622,-0.69242,-0.1139,0.0465,129.1
21.05,10.84,-2.6483,5.9336,-0.66705,0.0465,-0.6965,-0.112,0.0465,128.41
21.082,11.082,-2.67,5.9031,-0.65234,0.046893,-0.70015,-0.1101,0.0465,127.72
21.128,11.323,-2.6901,5.8726,-0.63827,0.04726,-0.70339,-0.1083,0.0465,127.04
21.175,11.562,-2.7102,5.8421,-0.62424,0.047555,-0.70663,-0.1064,0.0465,126.35
21.206,11.8,-2.7311,5.8115,-0.60996,0.047708,-0.70987,-0.1046,0.0465,125.67
21.253,12.037,-2.7512,5.7808,-0.59608,0.047706,-0.71298,-0.1027,0.0465,124.98
21.285,12.319,-2.8169,5.7808,-0.59608,NaN,NaN,-0.083878,NaN,NaN
21.331,12.739,-2.9146,5.7808,-0.59608,NaN,NaN,-0.055938,NaN,NaN
21.363,13.02,-2.98,5.7808,-0.59608,NaN,NaN,-0.037205,NaN,NaN
21.409,13.439,-3.0776,5.7808,-0.59608,NaN,NaN,-0.0092747,NaN,NaN
21.456,13.859,-3.1753,5.7808,-0.59608,NaN,NaN,0.01868,NaN,NaN
21.487,14.141,-3.241,5.7808,-0.59608,NaN,NaN,0.037488,NaN,NaN
21.534,14.56,-3.3383,5.7808,-0.59608,NaN,NaN,0.065341,NaN,NaN
21.565,14.843,-3.4042,5.7808,-0.59608,NaN,NaN,0.084198,NaN,NaN
21.612,15.263,-3.502,5.7808,-0.59608,NaN,NaN,0.11219,NaN,NaN
21.643,15.543,-3.5673,5.7808,-0.59608,NaN,NaN,0.13086,NaN,NaN
21.69,15.962,-3.6647,5.7808,-0.59608,NaN,NaN,0.15873,NaN,NaN
21.721,16.244,-3.7304,5.7808,-0.59608,NaN,NaN,0.17753,NaN,NaN
21.768,16.665,-3.8284,5.7808,-0.59608,NaN,NaN,0.20558,NaN,NaN
21.815,17.083,-3.9256,NaN,NaN,NaN,NaN,0.2334,NaN,NaN
21.846,17.288,-3.8792,NaN,NaN,NaN,NaN,0.2336,NaN,NaN
21.893,16.192,-1.3916,1.7392,16.504,-0,-0,-4.8174,0,Inf
21.924,16.739,-2.3445,2.4207,8.2793,0.00096095,-0.014676,-4.9968,-0.0259,-333.05
21.971,17.938,-4.4586,6.2925,-3.2851,0.00021301,-0.0032455,-0.4812,-0.0259,-274.07
22.003,18.156,-4.7459,6.2752,-3.4338,0.002358,-0.035566,-0.5016,-0.0803,-89.082
22.049,17.902,-4.9371,6.3844,-3.2326,-0.0057048,0.090327,-0.4664,0.0941,76.048
22.096,18.156,-5.0687,6.3511,-3.2196,-0.0018911,0.029213,-0.4684,0.0651,109.38
22.127,18.549,-4.7554,6.3511,-3.2196,NaN,NaN,-0.46037,NaN,NaN
22.174,19.132,-4.2907,6.3511,-3.2196,NaN,NaN,-0.44846,NaN,NaN
22.205,19.527,-3.976,NaN,NaN,NaN,NaN,-0.4404,NaN,NaN
******-------------------------------------------------------------------------------------------------------------------****** 
TargetID: ID04
Relevancy: 0
tj = Inf
Label: -1
Comment: Target is irrelevant as it is not crossing the estimated holding line
DATA:
11.969,NaN,NaN,NaN,NaN,NaN,NaN,0,NaN,NaN
12,NaN,NaN,NaN,NaN,NaN,NaN,-0.0653,NaN,NaN
12.047,NaN,NaN,NaN,NaN,NaN,NaN,-0.0711,NaN,NaN
12.078,NaN,NaN,NaN,NaN,NaN,NaN,-0.1108,NaN,NaN
12.125,NaN,NaN,NaN,NaN,NaN,NaN,-0.1532,NaN,NaN
12.171,NaN,NaN,NaN,NaN,NaN,NaN,-0.1532,NaN,NaN
12.203,NaN,NaN,NaN,NaN,NaN,NaN,-0.1805,NaN,NaN
12.249,NaN,NaN,NaN,NaN,NaN,NaN,-0.1882,NaN,NaN
12.281,NaN,NaN,NaN,NaN,NaN,NaN,-0.2047,NaN,NaN
12.327,NaN,NaN,NaN,NaN,NaN,NaN,-0.2047,NaN,NaN
12.359,NaN,NaN,3.9388,-0.81325,-0,-0,-0.2036,0,Inf
12.405,NaN,NaN,3.8701,-0.5014,-0.00011744,0.00040749,-0.1288,0.0002,19512
12.452,NaN,NaN,3.7121,0.034276,-0.0037939,0.013168,0.0094,0.0312,118.98
12.484,NaN,NaN,3.5856,0.35081,-0.014653,0.050867,0.0983,0.0692,52.062
12.53,NaN,NaN,3.6713,0.40861,-0.33009,1.1644,0.1301,0.1218,30.328
12.562,NaN,NaN,3.75,0.41308,-0.31934,1.1241,0.1275,0.1165,32.384
12.608,NaN,NaN,3.7723,0.66075,-0.37422,1.1697,0.1553,0.1529,25.048
12.64,NaN,NaN,4.2053,0.62312,-0.35236,1.3018,0.1634,0.1531,27.768
12.686,NaN,NaN,3.8992,0.62559,-0.31839,1.011,0.1444,0.1253,31.517
12.733,NaN,NaN,3.9382,0.64962,-0.29955,1.0517,0.1749,0.1694,23.562
12.764,NaN,NaN,3.983,0.65033,-0.27365,0.92244,0.1618,0.1453,27.775
12.811,NaN,NaN,4.5856,0.61789,-0.2761,1.0175,0.1416,0.1024,45.186
12.842,NaN,NaN,4.0983,0.56141,-0.24454,0.80221,0.1289,0.0814,50.817
12.889,NaN,NaN,4.1341,0.58143,-0.23573,0.81655,0.1467,0.1061,39.348
12.921,NaN,NaN,4.1498,0.59848,-0.22384,0.74048,0.1371,0.0881,47.59
12.967,NaN,NaN,4.4103,0.58677,-0.21974,0.77932,0.1379,0.0849,52.405
12.999,NaN,NaN,4.1896,0.71839,-0.21341,0.71167,0.1642,0.122,34.842
13.045,NaN,NaN,4.2208,0.73701,-0.20767,0.7245,0.179,0.1367,31.344
13.092,NaN,NaN,4.2631,0.71478,-0.20373,0.68021,0.1606,0.1046,41.326
13.123,NaN,NaN,4.2785,0.79335,-0.20072,0.70207,0.1894,0.1385,31.418
13.17,NaN,NaN,4.5049,0.76485,-0.19535,0.69183,0.1734,0.111,41.166
13.201,NaN,NaN,4.3487,0.79286,-0.19313,0.67532,0.1861,0.122,36.233
13.248,NaN,NaN,4.3303,0.96698,-0.19663,0.66128,0.2137,0.1511,29.365
13.28,NaN,NaN,4.3667,0.95883,-0.191,0.67189,0.222,0.1539,29.049
13.326,NaN,NaN,4.7107,1.1382,-0.208,0.71322,0.2319,0.1585,30.576
13.373,NaN,NaN,4.405,1.0389,-0.18949,0.66912,0.2377,0.1579,28.663
13.404,NaN,NaN,4.4407,1.0381,-0.19044,0.6423,0.2239,0.1355,33.656
13.451,NaN,NaN,4.496,0.93718,-0.17939,0.6302,0.2111,0.1156,39.729
13.482,NaN,NaN,4.7909,1.0789,-0.1907,0.65509,0.2165,0.1156,42.482
13.529,NaN,NaN,4.8517,0.83255,-0.16999,0.60809,0.1747,0.0674,73.036
13.56,NaN,NaN,4.5888,0.82922,-0.16755,0.58643,0.184,0.0742,62.845
13.607,NaN,NaN,4.6129,0.88866,-0.173,0.60681,0.1958,0.083,56.6
13.638,NaN,NaN,4.978,0.7472,-0.17301,0.62054,0.1539,0.0391,128.74
13.685,NaN,NaN,5.0403,0.59519,-0.17063,0.61354,0.1224,0.0079,642.44
13.732,NaN,NaN,5.1043,0.44834,-0.17001,0.61263,0.0925,-0.0202,-253.66
13.763,NaN,NaN,4.875,0.52694,-0.18436,0.64085,0.1132,0,Inf
13.81,NaN,NaN,4.9422,0.52864,-0.19721,0.68526,0.1123,-0.001,-4970.4
13.841,NaN,NaN,5.0057,0.63124,-0.21896,0.76283,0.1316,0.0165,305.78
13.888,NaN,NaN,5.3184,0.55754,-0.19719,0.68502,0.0995,-0.0116,-461
13.919,NaN,NaN,5.0675,0.56203,-0.19198,0.66778,0.1159,0.0025,2039.4
13.966,NaN,NaN,5.4442,0.44439,-0.19409,0.6998,0.0863,-0.0221,-247.16
14.013,NaN,NaN,5.1966,0.51702,-0.20024,0.69514,0.1045,-0.0061,-856.1
14.044,NaN,NaN,5.2227,0.62143,-0.19339,0.67292,0.1236,0.009,584.39
14.091,NaN,NaN,5.2507,0.71044,-0.19571,0.6822,0.1397,0.0217,244.17
14.122,NaN,NaN,5.6238,0.61445,-0.19836,0.71257,0.1136,0.0013,4351.7
14.169,NaN,NaN,5.5315,0.60913,-0.19945,0.70517,0.1146,0.0021,2650
14.2,NaN,NaN,5.7386,0.59732,-0.20423,0.73401,0.1084,-0.0026,-2219.1
14.247,NaN,NaN,5.5027,0.57951,-0.20658,0.71845,0.11,-0.0013,-4256.2
14.293,NaN,NaN,5.5639,0.64832,-0.2192,0.76339,0.1212,0.0064,875.24
14.325,NaN,NaN,5.9552,0.65716,-0.23064,0.82972,0.1147,0.0018,3328.5
14.372,NaN,NaN,5.666,0.60709,-0.22574,0.78542,0.1118,-0.0005,-11397
14.403,NaN,NaN,5.8785,0.63926,-0.22886,0.81052,0.1131,0.0007,8447.4
14.45,NaN,NaN,5.7682,0.68602,-0.23035,0.80319,0.1233,0.0072,806.79
14.481,NaN,NaN,5.8275,0.69926,-0.23378,0.81568,0.1242,0.0077,762.25
14.528,NaN,NaN,5.8436,0.67853,-0.21932,0.76497,0.12,0.0046,1278.9
14.559,NaN,NaN,5.9029,0.68305,-0.22165,0.74981,0.111,-0.0009,-6602.5
14.606,NaN,NaN,6.2168,0.71036,-0.21608,0.75375,0.11,-0.0018,-3476.3
14.652,NaN,NaN,5.9888,0.62141,-0.20685,0.70197,0.0996,-0.0078,-771.91
14.684,NaN,NaN,6.0462,0.5029,-0.20066,0.69998,0.0867,-0.0155,-391.43
14.731,NaN,NaN,6.0806,0.55074,-0.20033,0.6998,0.094,-0.0107,-570.61
14.762,NaN,NaN,6.3357,0.69887,-0.20155,0.70546,0.1064,-0.0036,-1770.6
14.809,NaN,NaN,6.1244,0.64223,-0.19281,0.67571,0.108,-0.0024,-2565.8
14.84,NaN,NaN,6.1621,0.63598,-0.1948,0.68365,0.1064,-0.0035,-1769.9
14.887,NaN,NaN,6.1983,0.65852,-0.19504,0.68544,0.1094,-0.0016,-3895.8
14.933,NaN,NaN,6.2408,0.65769,-0.1956,0.68815,0.1085,-0.0021,-2988.3
14.965,NaN,NaN,6.281,0.67595,-0.19775,0.6969,0.1107,-0.0007,-9024.7
15.011,NaN,NaN,6.5924,0.64014,-0.20162,0.72966,0.1001,-0.0065,-1019
15.043,NaN,NaN,6.5186,0.62082,-0.204,0.73018,0.0983,-0.0074,-884.87
15.089,NaN,NaN,6.4443,0.6176,-0.20897,0.7393,0.099,-0.0069,-938.24
15.121,NaN,NaN,6.5013,0.6362,-0.21708,0.7696,0.1011,-0.0055,-1187.7
15.167,NaN,NaN,6.567,0.64316,-0.22648,0.80451,0.1012,-0.0052,-1268.9
15.199,NaN,NaN,6.7883,0.65514,-0.23932,0.86381,0.0998,-0.0059,-1155.9
15.246,NaN,NaN,6.725,0.64952,-0.25074,0.89442,0.1001,-0.0056,-1206.5
15.292,NaN,NaN,6.9666,0.66587,-0.26449,0.95946,0.0991,-0.0061,-1147.3
15.324,NaN,NaN,6.9088,0.67423,-0.28015,1.0036,0.1013,-0.0047,-1476.9
15.37,NaN,NaN,6.9993,0.8134,-0.30576,1.1019,0.1205,0.0054,1304.9
15.402,NaN,NaN,7.1099,0.81685,-0.3211,1.1599,0.1192,0.0047,1522.7
15.448,NaN,NaN,7.3974,0.83582,-0.33445,1.2292,0.1173,0.0035,2127
15.48,NaN,NaN,7.3256,0.84103,-0.34799,1.263,0.1192,0.0045,1638.6
15.526,NaN,NaN,7.4847,0.98231,-0.38741,1.4151,0.1362,0.013,580.68
15.573,NaN,NaN,7.5882,0.99441,-0.39561,1.4491,0.136,0.0127,602.61
15.605,NaN,NaN,7.6846,1.1225,-0.41394,1.5264,0.1514,0.0202,384.46
15.651,NaN,NaN,7.7379,1.1225,-0.40656,1.5033,0.1502,0.0191,409.37
15.683,NaN,NaN,8.3312,1.0954,-0.42598,1.6213,0.1365,0.012,700.25
15.729,NaN,NaN,8.4513,1.0262,-0.42701,1.6316,0.1264,0.0069,1233.8
15.761,NaN,NaN,7.1061,0.85952,-0.077867,0.29059,0.1218,0.004,1789.5
15.807,NaN,NaN,6.9418,0.85563,-0.035148,0.13027,0.1226,0.0045,1554.3
15.854,NaN,NaN,6.8782,0.88345,-0.004362,0.016254,0.1278,0.007,990.67
15.885,NaN,NaN,6.7943,0.88949,0.025797,-0.096074,0.1296,0.0076,901.61
15.932,NaN,NaN,6.7957,0.94119,0.054118,-0.20427,0.1387,0.0122,562.34
15.963,NaN,NaN,6.7682,1.0329,0.058928,-0.22038,0.1493,0.0174,393.48
16.01,NaN,NaN,6.7585,1.0674,0.060404,-0.22852,0.1566,0.0207,330.54
16.041,NaN,NaN,6.7009,1.1095,0.10094,-0.38376,0.1641,0.0242,280.67
16.088,NaN,NaN,6.5278,1.0704,0.10981,-0.40866,0.1582,0.0206,321.12
16.12,NaN,NaN,6.5556,1.093,0.11886,-0.44552,0.1605,0.0214,310.56
16.166,NaN,NaN,6.6185,1.079,0.11743,-0.4523,0.1616,0.0216,310.46
16.213,NaN,NaN,6.5924,1.1369,0.1194,-0.45307,0.1661,0.0234,285.88
16.244,NaN,NaN,6.5652,1.1599,0.12695,-0.49247,0.1749,0.0275,242.43
16.291,NaN,NaN,6.5178,1.2347,0.14095,-0.51589,0.1715,0.0252,263.24
16.322,NaN,NaN,6.3225,1.1523,0.13812,-0.50204,0.164,0.0208,308.97
16.369,NaN,NaN,6.4819,1.158,0.14024,-0.51795,0.1608,0.0187,352.12
16.401,NaN,NaN,6.4853,0.93801,0.12427,-0.52876,0.16,0.018,364.04
16.447,NaN,NaN,6.4406,0.82722,0.12474,-0.53609,0.1447,0.0098,662.61
16.494,NaN,NaN,6.2405,0.96944,0.12082,-0.45239,0.1398,0.0068,928.72
16.526,NaN,NaN,6.3936,0.96943,0.11616,-0.44405,0.1371,0.0054,1197.5
16.572,NaN,NaN,6.3838,1.0018,0.10431,-0.38476,0.132,0.0027,2393.3
16.603,NaN,NaN,6.276,0.94639,0.080395,-0.30046,0.1301,0.0014,4533.6
16.65,NaN,NaN,6.2768,0.92112,0.073579,-0.27772,0.1271,-0.0005,-12688
16.681,NaN,NaN,6.3861,0.92214,0.05581,-0.2171,0.1293,0.0007,9217.7
16.728,NaN,NaN,6.3531,0.92923,0.040582,-0.16075,0.1347,0.0038,1689.7
16.775,NaN,NaN,6.3458,0.80579,0.032104,-0.1288,0.1178,-0.0059,-1084.2
16.806,NaN,NaN,6.3781,0.79138,0.020434,-0.083724,0.118,-0.0054,-1190.2
16.853,NaN,NaN,6.386,0.85132,0.015912,-0.066005,0.1282,0.0005,12885
16.884,NaN,NaN,6.3812,0.83975,0.0097598,-0.04101,0.1282,0.0004,16091
16.931,NaN,NaN,6.3927,0.85921,0.0086774,-0.036798,0.1312,0.0019,3394.9
16.962,NaN,NaN,6.3808,0.90947,0.010344,-0.044126,0.1387,0.0063,1023.1
17.009,NaN,NaN,6.3941,0.86367,0.0058011,-0.025099,0.1326,0.0025,2580.8
17.04,NaN,NaN,6.369,0.86689,0.0094285,-0.04094,0.1326,0.0028,2295.6
17.087,NaN,NaN,6.3611,0.83868,0.017617,-0.076407,0.126,-0.0012,-5346.8
17.133,NaN,NaN,6.3634,0.86326,0.011653,-0.051396,0.1314,0.0021,3057.9
17.165,NaN,NaN,6.358,0.86279,0.013943,-0.06194,0.1308,0.0015,4277.5
17.212,NaN,NaN,6.3556,0.84018,0.0098569,-0.04447,0.1285,0,Inf
17.243,NaN,NaN,6.3616,0.80189,0.015183,-0.068797,0.1207,-0.0049,-1308.6
17.29,NaN,NaN,6.3598,0.80671,0.015969,-0.073134,0.1213,-0.0043,-1490.9
17.321,NaN,NaN,6.3447,0.81665,0.022195,-0.10206,0.1212,-0.0043,-1487.7
17.368,NaN,NaN,6.3072,0.87349,0.018434,-0.08612,0.1318,0.0021,3032.1
17.414,NaN,NaN,6.3254,0.93268,0.021424,-0.10119,0.1396,0.0069,926.64
17.446,NaN,NaN,6.3232,0.9127,0.021339,-0.10223,0.1365,0.005,1277.7
17.492,NaN,NaN,6.2843,0.86385,0.021572,-0.10459,0.1295,-0.0002,-31717
17.524,NaN,NaN,6.3089,0.87529,0.027937,-0.13639,0.1286,-0.0006,-10616
17.571,NaN,NaN,6.2966,0.89995,0.028641,-0.14192,0.1324,0.0015,4240.4
17.602,NaN,NaN,6.2643,0.96062,0.037489,-0.18605,0.1395,0.0065,975
17.649,NaN,NaN,6.1983,0.89017,0.036367,-0.18323,0.13,0.0002,31309
17.68,NaN,NaN,6.2554,0.93023,0.034791,-0.17958,0.1355,0.0041,1542.5
17.727,NaN,NaN,6.2309,0.86525,0.021432,-0.1152,0.1302,0.0001,62907
17.773,NaN,NaN,6.2511,0.83076,0.014804,-0.082224,0.1266,-0.0023,-2741.8
17.805,NaN,NaN,6.2613,0.77832,0.012511,-0.071187,0.1189,-0.0072,-876.32
17.851,NaN,NaN,6.2857,0.78848,0.0081444,-0.047827,0.1216,-0.0052,-1218.3
17.883,NaN,NaN,6.2901,0.86092,0.0066743,-0.040229,0.1334,0.0024,2645.3
17.929,NaN,NaN,6.2824,0.84833,0.0053877,-0.033337,0.132,0.0011,5763.1
17.961,NaN,NaN,6.2742,0.78512,0.0082897,-0.052164,0.121,-0.0064,-987.99
18.008,NaN,NaN,6.2685,0.76916,0.0094427,-0.060832,0.118,-0.0083,-760.91
18.054,NaN,NaN,6.2955,0.84021,0.0092342,-0.061221,0.1286,-0.0012,-5292.7
18.086,NaN,NaN,6.2685,0.83959,0.011527,-0.078073,0.128,-0.0015,-4216.3
18.132,NaN,NaN,6.2528,0.78971,0.011445,-0.0799,0.1203,-0.0064,-984.76
18.164,NaN,NaN,6.2602,0.79789,0.0093324,-0.067679,0.1222,-0.0051,-1237.4
18.21,NaN,NaN,6.268,0.72016,0.0055659,-0.042295,0.1116,-0.0122,-517.15
18.242,NaN,NaN,6.2831,0.68438,0.0023746,-0.018934,0.1072,-0.0143,-441.97
18.288,NaN,NaN,6.2895,0.65126,0.0035162,-0.028945,0.1013,-0.0176,-359.27
18.335,NaN,NaN,6.3055,0.65714,-0.0011722,0.01026,0.1045,-0.0152,-417.08
18.366,NaN,NaN,6.3134,0.69594,-0.0047361,0.044098,0.1127,-0.0096,-661.63
18.413,NaN,NaN,6.3474,0.6796,-0.0090394,0.090631,0.1125,-0.0095,-671.97
18.444,NaN,NaN,6.3492,0.69701,-0.01231,0.13345,0.118,-0.0056,-1140.6
18.491,NaN,NaN,6.3632,0.72619,-0.013916,0.16235,0.1241,-0.0016,-4002.8
18.523,NaN,NaN,6.4505,0.63991,-0.015524,0.19464,0.1111,-0.0098,-661.44
18.569,NaN,NaN,6.3992,0.64799,-0.016114,0.21882,0.1148,-0.0069,-932.16
18.601,NaN,NaN,6.3958,0.65827,-0.013663,0.19079,0.1147,-0.0067,-959.65
18.647,NaN,NaN,6.4139,0.6673,-0.013839,0.20526,0.1167,-0.0057,-1131.3
18.694,NaN,NaN,6.5214,0.59294,-0.015218,0.24305,0.1056,-0.0121,-541.18
18.726,NaN,NaN,6.4377,0.59515,-0.011935,0.19105,0.1043,-0.0125,-517.21
18.772,NaN,NaN,6.493,0.5607,-0.0096686,0.15367,0.0957,-0.0175,-372.41
18.803,NaN,NaN,6.4453,0.54835,-0.0054996,0.084401,0.0902,-0.0204,-317.09
18.85,NaN,NaN,6.459,0.4906,-0.0047292,0.073111,0.0804,-0.0258,-251.07
18.882,NaN,NaN,6.4153,0.49415,0.0034963,-0.04873,0.0737,-0.0288,-223.41
18.928,NaN,NaN,6.3853,0.49491,0.0075575,-0.10083,0.0708,-0.03,-213.48
18.975,NaN,NaN,6.383,0.51212,0.015073,-0.18648,0.068,-0.0312,-205.24
19.006,NaN,NaN,6.2935,0.47685,0.01834,-0.21881,0.0611,-0.0343,-184.01
19.053,NaN,NaN,6.3351,0.53738,0.032449,-0.35102,0.0616,-0.0331,-192.08
19.084,NaN,NaN,6.3059,0.60472,0.04328,-0.43944,0.0665,-0.0292,-216.95
19.131,NaN,NaN,6.1839,0.52766,0.034738,-0.3675,0.0598,-0.0326,-190.38
19.162,NaN,NaN,6.1657,0.44233,0.035291,-0.37229,0.0457,-0.0398,-155.31
19.209,NaN,NaN,6.2449,0.41802,0.028079,-0.31235,0.0457,-0.0389,-160.9
19.24,NaN,NaN,6.2944,0.34178,0.021708,-0.25337,0.0373,-0.0429,-146.94
19.287,NaN,NaN,6.2539,0.22337,0.0099042,-0.14303,0.0357,-0.0427,-146.55
19.334,NaN,NaN,6.3243,0.21564,0.0014232,-0.020174,0.0327,-0.0435,-145.47
19.365,NaN,NaN,6.3487,0.22058,-0.003506,0.05368,0.0383,-0.0394,-161.23
19.412,NaN,NaN,6.3956,0.16493,-0.0084785,0.1441,0.0351,-0.0401,-159.55
19.443,NaN,NaN,6.453,0.066196,-0.014295,0.29195,0.0288,-0.0425,-151.84
19.49,NaN,NaN,6.505,0.072489,-0.013744,0.27878,0.0286,-0.0415,-156.76
19.521,NaN,NaN,6.574,0.34704,-0.034039,0.37927,0.0295,-0.0404,-162.95
19.568,NaN,NaN,6.6032,0.36682,-0.039055,0.42429,0.0297,-0.039,-169.57
19.615,NaN,NaN,6.6442,0.22998,-0.029447,0.44665,0.0346,-0.0357,-186.22
19.646,NaN,NaN,6.6696,0.25834,-0.029324,0.4485,0.0387,-0.0329,-202.88
19.693,NaN,NaN,6.6892,0.25497,-0.027975,0.43378,0.0381,-0.0327,-204.71
19.724,NaN,NaN,6.7069,0.24728,-0.027564,0.43349,0.0368,-0.0327,-205.24
19.771,NaN,NaN,6.5339,0.31615,-0.020621,0.3273,0.0483,-0.0258,-253.55
19.802,NaN,NaN,6.5478,0.31012,-0.020319,0.32719,0.0473,-0.0258,-254.07
19.849,NaN,NaN,6.5616,0.30379,-0.020025,0.32722,0.0463,-0.0258,-254.6
19.896,NaN,NaN,6.5755,0.29758,-0.019723,0.32711,0.0452,-0.0258,-255.13
19.927,NaN,NaN,6.5894,0.29175,-0.019429,0.32714,0.0443,-0.0258,-255.65
19.974,NaN,NaN,6.6033,0.28485,-0.019036,0.32717,0.0431,-0.0258,-256.18
20.005,NaN,NaN,6.5223,0.093104,-0.0028088,0.052454,0.0175,-0.0377,-173.02
20.052,NaN,NaN,6.5246,0.083161,-0.0027302,0.052458,0.016,-0.0377,-173.08
20.083,NaN,NaN,6.4703,0.097286,0.0059189,-0.098686,0.0088,-0.0404,-160.17
20.13,NaN,NaN,6.3354,-2.5987,0.0026851,-0.049005,-0.3917,-0.0404,-169.5
20.161,NaN,NaN,6.2849,-2.4967,-0.00090193,0.018079,-0.3772,-0.0427,-158.38
20.208,NaN,NaN,6.2876,-2.4351,-0.0024276,0.052267,-0.3667,-0.0388,-173.78
20.254,NaN,NaN,6.3199,-2.5393,-0.0043701,0.1037,-0.3766,-0.0603,-112.95
20.286,NaN,NaN,6.2345,-2.7159,-0.0022924,0.05326,-0.4081,-0.1727,-39.377
20.332,NaN,NaN,6.2835,-2.5903,-0.0030968,0.077995,-0.387,-0.0881,-77.145
20.364,NaN,NaN,6.3281,-2.5659,-0.0049187,0.14387,-0.3778,-0.0532,-128.36
20.41,NaN,NaN,6.28,-2.3576,0.00082029,-0.020207,-0.3602,0.001,6708
20.442,NaN,NaN,6.2919,-2.4922,-0.0021267,0.06233,-0.3738,-0.0393,-172.2
20.489,NaN,NaN,6.3042,-2.769,-0.0045961,0.17087,-0.4052,-0.1194,-57.667
20.535,NaN,NaN,6.2515,-2.9499,-0.0043073,0.17013,-0.4325,-0.1777,-38.9
20.567,NaN,NaN,6.2299,-2.765,-0.0029803,0.11101,-0.412,-0.1161,-58.707
20.613,NaN,NaN,6.2367,-2.8786,-0.002943,0.12791,-0.426,-0.1367,-50.248
20.645,NaN,NaN,6.2279,-3.1446,-0.0033582,0.17621,-0.4591,-0.192,-36.337
20.691,NaN,NaN,6.235,-3.1542,-0.003857,0.16258,-0.4683,-0.1948,-35.87
20.723,NaN,NaN,6.2277,-3.2118,-0.0033651,0.15363,-0.4761,-0.1948,-35.971
20.769,NaN,NaN,6.2201,-3.2691,-0.0029457,0.14454,-0.4839,-0.1948,-36.072
20.801,NaN,NaN,6.212,-3.3265,-0.0025923,0.13531,-0.4916,-0.1948,-36.173
20.848,NaN,NaN,6.203,-3.3844,-0.0022694,0.1258,-0.4995,-0.1948,-36.274
20.894,NaN,NaN,6.194,-3.4416,-0.0019903,0.11629,-0.5072,-0.1948,-36.375
20.926,NaN,NaN,6.1842,-3.4994,-0.0017365,0.1065,-0.5149,-0.1948,-36.476
20.972,NaN,NaN,6.1738,-3.5572,-0.0015168,0.09671,-0.5227,-0.1948,-36.578
21.004,NaN,NaN,6.1629,-3.6151,-0.0013323,0.086643,-0.5305,-0.1948,-36.678
21.05,NaN,NaN,6.1518,-3.6724,-0.0011796,0.076295,-0.5382,-0.1948,-36.779
21.082,NaN,NaN,6.14,-3.7303,-0.001036,0.06581,-0.5459,-0.1948,-36.88
21.128,NaN,NaN,6.1271,-3.7887,-0.00088493,0.055186,-0.5538,-0.1948,-36.981
21.175,NaN,NaN,6.114,-3.8471,-0.00072607,0.044709,-0.5616,-0.1948,-37.082
******-------------------------------------------------------------------------------------------------------------------****** 
TargetID: ID05
Target can not be processed due to lack of Data
******-------------------------------------------------------------------------------------------------------------------****** 
TargetID: ID25
Target can not be processed due to lack of Data
******-------------------------------------------------------------------------------------------------------------------****** 
TargetID: ID26
Target can not be processed due to lack of Data
******-------------------------------------------------------------------------------------------------------------------****** 
TargetID: ID28
Target can not be processed due to lack of Data
******-------------------------------------------------------------------------------------------------------------------****** 
TargetID: ID30
Target can not be processed due to lack of Data
******-------------------------------------------------------------------------------------------------------------------****** 
TargetID: ID06
Relevancy: 1
tj = 19.0529
Label: 0
Comment: Target is relevant and going straight, since target is crossing Ego X-axis in EFC
DATA:
13.888,-0,0,NaN,NaN,NaN,NaN,0,NaN,NaN
13.919,0.40013,0.0017944,NaN,NaN,NaN,NaN,0,NaN,NaN
13.966,0.80014,0.005374,NaN,NaN,NaN,NaN,-0.0001,NaN,NaN
14.013,1.2,0.0016825,NaN,NaN,NaN,NaN,0,NaN,NaN
14.044,1.5332,0.18429,NaN,NaN,NaN,NaN,0.0622,NaN,NaN
14.091,1.9241,0.22432,NaN,NaN,NaN,NaN,0.0622,NaN,NaN
14.122,2.3646,0.052635,NaN,NaN,NaN,NaN,-0.0021,NaN,NaN
14.169,2.7657,0.046514,NaN,NaN,NaN,NaN,-0.002,NaN,NaN
14.2,3.1648,0.055257,NaN,NaN,NaN,NaN,-0.0021,NaN,NaN
14.247,3.5659,0.053092,NaN,NaN,NaN,NaN,-0.0021,NaN,NaN
14.293,3.9949,0.40388,NaN,NaN,NaN,NaN,0.0776,NaN,NaN
14.325,4.4002,0.43041,NaN,NaN,NaN,NaN,0.0776,NaN,NaN
14.372,4.8035,0.46406,NaN,NaN,NaN,NaN,0.0776,NaN,NaN
14.403,5.2016,0.50691,NaN,NaN,NaN,NaN,0.0775,NaN,NaN
14.45,5.6263,0.092081,NaN,NaN,NaN,NaN,-0.006,NaN,NaN
14.481,6.0282,0.097415,NaN,NaN,NaN,NaN,-0.006,NaN,NaN
14.528,6.4884,0.30982,NaN,NaN,NaN,NaN,0.0314,NaN,NaN
14.559,6.8897,0.33808,NaN,NaN,NaN,NaN,0.0313,NaN,NaN
14.606,7.3426,0.72167,NaN,NaN,NaN,NaN,0.0891,NaN,NaN
14.652,7.7496,0.76203,NaN,NaN,NaN,NaN,0.0891,NaN,NaN
14.684,7.8508,1.0711,10.255,0.65122,-0,0,0.0634,0,Inf
14.731,8.2629,1.0933,10.255,0.65157,-0,0,0.0635,0,Inf
14.762,8.7193,1.1953,10.331,0.73967,0.12747,-0.033541,0.0714,-0.0027,-3836.2
14.809,9.1294,1.2281,10.341,0.73961,0.12582,-0.033147,0.0714,-0.0027,-3839.6
14.84,9.5547,1.2138,10.363,0.66799,0.12512,-0.033016,0.0643,-0.0043,-2415.1
14.887,9.9664,1.2451,10.374,0.66719,0.12128,-0.032042,0.0642,-0.0043,-2417.6
14.933,10.381,1.2687,10.385,0.6664,0.11758,-0.031102,0.064,-0.0043,-2420.1
14.965,10.797,1.2944,10.396,0.66536,0.11374,-0.030135,0.0639,-0.0043,-2422.6
15.011,11.211,1.3302,10.407,0.66327,0.1099,-0.029176,0.0636,-0.0043,-2425.1
15.043,11.626,1.358,10.417,0.66239,0.10606,-0.028202,0.0635,-0.0043,-2427.5
15.089,12.069,1.4419,10.526,0.73946,0.22344,-0.059508,0.0701,-0.0022,-4796.3
15.121,12.49,1.476,10.545,0.73935,0.21808,-0.058198,0.0699,-0.0022,-4805
15.167,12.955,1.6556,10.634,0.93197,0.26956,-0.072084,0.0873,0.0106,1007
15.199,13.381,1.6915,10.657,0.93901,0.26338,-0.070571,0.0878,0.0106,1009.2
15.246,13.816,1.7352,10.678,0.9459,0.24326,-0.065336,0.0883,0.0127,844.05
15.292,14.244,1.7684,10.7,0.95423,0.23667,-0.063694,0.0889,0.0127,845.85
15.324,14.72,2.2606,10.719,1.7851,0.2212,-0.059666,0.1649,0.0872,124.61
15.37,15.149,2.5741,10.708,2.2497,0.20491,-0.055409,0.2072,0.1246,87.812
15.402,15.577,2.6691,10.725,2.3089,0.19354,-0.052461,0.2121,0.1246,88.045
15.448,16.006,2.7657,10.741,2.3684,0.18232,-0.049537,0.2171,0.1246,88.276
15.48,16.438,2.857,10.757,2.4285,0.17083,-0.046525,0.2221,0.1246,88.508
15.526,16.87,2.8253,10.822,2.1339,0.19878,-0.054266,0.1946,0.0883,124.92
15.573,17.303,2.9137,10.842,2.1772,0.18933,-0.051828,0.1981,0.0883,125.24
15.605,17.751,3.053,10.893,2.2699,0.21194,-0.058167,0.2054,0.0883,126.02
15.651,18.18,3.1588,10.916,2.3146,0.20194,-0.055597,0.2089,0.0883,126.37
15.683,18.641,2.91,10.94,1.7302,0.19166,-0.052961,0.1568,0.0406,272.8
15.729,19.109,2.8247,10.985,1.4669,0.22254,-0.061734,0.1327,0.0211,525.24
15.761,19.546,2.5932,10.959,0.98327,0.21227,-0.059089,0.0894,-0.0163,-675.01
15.807,19.985,2.6358,10.98,0.97736,0.20853,-0.058274,0.0887,-0.0163,-676.26
15.854,20.424,2.6752,11.001,0.97223,0.20481,-0.05741,0.0881,-0.0163,-677.51
15.885,20.794,2.6844,12.364,-0.23223,0.22907,-0.064436,0.082817,-0.020176,-612.92
15.932,21.38,2.6637,12.401,-0.31733,0.26501,-0.074845,0.074989,-0.02592,-478.6
15.963,21.752,2.6685,11.085,0.77389,0.2893,-0.081878,0.0697,-0.0298,-372.89
16.01,22.197,2.5157,11.102,0.44242,0.33455,-0.09497,0.0397,-0.0527,-210.83
16.041,22.627,2.3012,11.087,0.039096,0.36969,-0.1053,0.0034,-0.0808,-137.22
16.088,23.077,2.1062,11.103,-0.29042,0.43335,-0.12391,-0.0262,-0.1009,-110.08
16.12,23.518,2.1022,11.127,-0.33619,0.43513,-0.12489,-0.0303,-0.1009,-110.33
16.166,23.973,2.0681,11.176,-0.38175,0.48162,-0.13875,-0.0342,-0.0998,-112.05
16.213,24.413,2.0414,11.201,-0.42111,0.49722,-0.14378,-0.0375,-0.0995,-112.65
16.244,24.869,2.0312,11.249,-0.45088,0.52375,-0.15191,-0.0402,-0.0979,-114.99
16.291,25.315,2.0249,11.276,-0.49762,0.5263,-0.15327,-0.0442,-0.0979,-115.29
16.322,25.756,1.9826,11.287,-0.57215,0.5006,-0.14639,-0.0507,-0.0998,-113.24
16.369,26.223,1.8259,11.292,-0.8115,0.49621,-0.14581,-0.0718,-0.1109,-102.08
16.401,26.673,1.7405,11.287,-0.91108,0.46331,-0.13685,-0.0805,-0.1137,-99.595
16.447,27.114,1.6511,11.237,-1.1188,0.37918,-0.11261,-0.0992,-0.1255,-89.982
16.494,27.558,1.7121,11.234,-1.0106,0.31046,-0.092675,-0.0898,-0.116,-97.236
16.526,28.015,1.5721,11.215,-1.1765,0.26495,-0.079524,-0.1046,-0.1223,-92.206
16.572,28.47,1.6172,11.224,-1.0735,0.22773,-0.068701,-0.0954,-0.1123,-100.4
16.603,28.923,1.5722,11.243,-0.81856,0.18203,-0.055195,-0.0727,-0.0922,-122.27
16.65,29.393,1.5405,11.262,-0.83061,0.18696,-0.056972,-0.0737,-0.0891,-126.74
16.681,29.859,1.6187,11.275,-0.6894,0.17133,-0.052468,-0.0611,-0.0778,-145.2
16.728,30.321,1.7243,11.258,-0.50522,0.095018,-0.029255,-0.0449,-0.0644,-174.98
16.775,30.783,1.7214,11.247,-0.47309,0.048771,-0.015092,-0.0421,-0.06,-187.62
16.806,31.197,2.2738,11.239,-0.4799,0.016745,-0.0052095,-0.0427,-0.0577,-194.95
16.853,31.645,2.2094,11.217,-0.5499,-0.02389,0.0074717,-0.049,-0.0601,-186.86
16.884,31.012,2.1336,11.183,-0.72497,-0.074333,0.023372,-0.0646,-0.0691,-162.18
16.931,31.458,2.0336,11.165,-0.80112,-0.094517,0.029892,-0.0714,-0.0711,-157.43
16.962,31.922,2.0904,11.158,-0.64602,-0.11885,0.037824,-0.0575,-0.0594,-188.16
17.009,32.385,2.0588,11.149,-0.65452,-0.14032,0.044961,-0.0583,-0.0575,-194.24
17.04,32.819,2.019,11.123,-0.63641,-0.17173,0.055386,-0.0567,-0.055,-202.56
17.087,33.258,1.8836,11.109,-0.83004,-0.16678,0.054139,-0.0742,-0.0649,-171.65
17.133,33.647,1.9277,11.118,-0.69194,-0.15215,0.049733,-0.0617,-0.0545,-204.39
17.165,34.086,1.9153,11.104,-0.66367,-0.16198,0.053341,-0.0592,-0.0512,-217.26
17.212,35.567,1.9167,11.103,-0.51572,-0.17435,0.057873,-0.0463,-0.041,-271.09
17.243,36.017,1.9249,11.078,-0.47252,-0.21109,0.070636,-0.0425,-0.0371,-298.86
17.29,36.459,1.9426,11.061,-0.40226,-0.2215,0.074739,-0.0362,-0.032,-345.88
17.321,36.911,1.9778,11.05,-0.30769,-0.21126,0.071891,-0.0277,-0.0255,-433.5
17.368,37.357,2.0499,11.046,-0.18653,-0.19595,0.067272,-0.0167,-0.0177,-624.17
17.414,37.806,2.0783,11.047,-0.12784,-0.17611,0.061033,-0.0114,-0.0137,-806.37
17.446,38.268,2.1825,11.079,0.021186,-0.11039,0.038617,0.002,-0.0046,-2408.5
17.492,38.715,2.2426,11.074,0.11857,-0.10588,0.037393,0.0108,0.0012,9228.5
17.524,39.164,2.3481,11.072,0.26016,-0.096439,0.034386,0.0236,0.0094,1178.2
17.571,39.602,2.363,11.056,0.29743,-0.10364,0.03734,0.027,0.0113,978.73
17.602,40.033,2.5165,11.044,0.53964,-0.097007,0.035301,0.0489,0.0252,438.78
17.649,40.468,2.5034,11.04,0.51699,-0.09091,0.033454,0.0469,0.0231,478.44
17.68,40.913,2.6103,11.035,0.62338,-0.084431,0.031406,0.0565,0.0288,383.76
17.727,41.356,2.6378,11.027,0.65965,-0.082599,0.031045,0.0598,0.0303,364.58
17.773,41.809,2.6676,11.039,0.6819,-0.071651,0.027231,0.0618,0.031,356.78
17.805,42.249,2.7101,11.032,0.71721,-0.069181,0.026555,0.065,0.0323,342.27
17.851,42.698,2.8125,11.021,0.82937,-0.074623,0.028953,0.0752,0.0383,288.58
17.883,43.131,2.8705,10.988,0.89081,-0.097816,0.038369,0.081,0.0412,267.57
17.929,43.568,2.9482,11.003,1.097,-0.067962,0.026964,0.0994,0.0526,210.21
17.961,44.004,2.9674,10.979,1.1048,-0.07993,0.032065,0.1004,0.0518,213.01
18.008,44.438,3.1505,11.002,1.5027,-0.033937,0.013782,0.1358,0.0748,148.45
18.054,44.878,3.1527,10.993,1.4796,-0.040026,0.016452,0.1338,0.0716,154.92
18.086,45.324,3.188,10.966,1.4616,-0.063719,0.026514,0.1326,0.069,160.34
18.132,45.757,3.2553,10.924,1.5175,-0.090706,0.038229,0.1381,0.0713,154.69
18.164,44.916,3.2243,10.917,1.7213,-0.072306,0.030847,0.1569,0.0829,133.31
18.21,45.392,3.3323,10.904,1.7902,-0.066715,0.028808,0.1632,0.0852,129.69
18.242,45.835,3.4769,10.899,1.8953,-0.057131,0.024982,0.1726,0.0896,123.46
18.288,46.278,3.6087,10.89,2.1774,-0.043187,0.019119,0.1977,0.1058,104.97
18.335,46.704,3.6482,10.873,2.1538,-0.046455,0.020818,0.1959,0.1013,109.42
18.366,47.232,3.8664,10.885,2.4653,-0.021508,0.0097539,0.2229,0.1189,93.864
18.413,47.574,4.0009,10.876,2.6245,-0.014522,0.0066668,0.2369,0.126,88.792
18.444,48.002,4.1337,10.831,2.7138,-0.023724,0.011024,0.2457,0.1292,86.421
18.491,48.427,4.2575,10.79,2.8276,-0.025976,0.012216,0.2565,0.1338,83.365
18.523,48.817,4.4421,10.793,3.0889,-0.0098329,0.0046762,0.2788,0.1467,76.528
18.569,49.25,4.5742,10.786,3.1484,-0.0075204,0.0036147,0.2841,0.146,76.962
18.601,49.651,4.6994,10.771,3.3026,-0.0047073,0.0022846,0.2976,0.152,74.116
18.647,50.053,4.8545,10.751,3.4384,-0.0039372,0.0019271,0.3096,0.1567,72.033
18.694,50.444,4.9701,10.729,3.507,-0.004185,0.0020646,0.316,0.1568,71.99
18.726,50.838,5.0952,10.708,3.598,-0.0044328,0.0022021,0.3242,0.1584,71.315
18.772,51.245,5.2494,10.751,3.736,-0.0083493,0.0041708,0.3345,0.1609,70.739
18.803,51.682,5.3788,10.712,3.8429,-0.010995,0.0055196,0.3446,0.1641,69.35
18.85,52.086,5.5193,10.631,3.9006,-0.00922,0.0046418,0.3517,0.1651,68.591
18.882,52.49,5.6428,10.557,3.9359,-0.0058078,0.0029289,0.3569,0.1642,68.617
18.928,52.894,5.7795,10.497,3.9668,-0.0034091,0.0017205,0.3614,0.1626,69.011
18.975,53.3,5.9232,10.432,4.021,0.00075763,-0.000382,0.3679,0.1629,68.634
19.006,53.67,6.0278,10.302,3.9582,0.016296,-0.0082064,0.3666,0.1575,70.072
19.053,54.051,6.1778,10.213,4.0119,0.028304,-0.014245,0.374,0.1592,68.925
19.084,54.415,6.2828,10.057,3.9836,0.045116,-0.022707,0.3766,0.1572,68.814
19.131,54.794,6.3987,10,3.9659,0.044438,-0.022419,0.3781,0.1528,70.405
19.162,55.152,6.4863,9.9037,3.9182,0.044469,-0.022421,0.3761,0.1454,73.251
19.209,55.474,6.5275,9.7606,3.7853,0.043334,-0.021844,0.3694,0.1342,78.01
19.24,55.841,6.6496,9.6489,3.7656,0.054089,-0.02724,0.3713,0.1319,78.527
19.287,56.232,6.7956,9.628,3.8487,0.057258,-0.02882,0.3795,0.1342,77.263
19.334,56.615,6.9493,9.5661,3.8854,0.064598,-0.032503,0.3849,0.1344,76.823
19.365,57.008,7.1136,9.5257,3.9558,0.072176,-0.036348,0.3926,0.1365,75.563
19.412,57.381,7.2341,9.5146,3.8592,0.052808,-0.02664,0.3846,0.1232,83.34
19.443,57.692,7.3477,9.4656,3.8549,0.055195,-0.027883,0.3859,0.1198,85.313
19.49,58.069,7.4972,9.4179,3.8808,0.059857,-0.030274,0.39,0.1192,85.454
19.521,58.432,7.5974,9.3476,3.7928,0.058458,-0.029589,0.3845,0.1099,91.79
19.568,58.806,7.7384,9.3203,3.8133,0.056684,-0.028705,0.3875,0.1084,92.898
19.615,59.218,7.8655,9.225,3.6901,0.056674,-0.028723,0.3797,0.0973,102.11
19.646,59.579,7.9988,9.1733,3.7022,0.062089,-0.031511,0.3826,0.0967,102.3
19.693,59.848,8.0452,8.9248,3.5413,0.080756,-0.041062,0.3764,0.0885,108.49
19.724,60.205,8.1808,8.8713,3.5415,0.086024,-0.043833,0.3784,0.0871,109.67
19.771,60.547,8.3176,8.8379,3.5453,0.088634,-0.045271,0.38,0.0853,111.64
19.802,60.885,8.4419,8.7448,3.506,0.095538,-0.048898,0.3796,0.0818,115.18
19.849,61.277,8.5377,8.7807,3.4186,0.075156,-0.038706,0.3726,0.0704,133.85
19.896,61.662,8.6445,8.8005,3.384,0.061188,-0.031568,0.3682,0.0622,151.59
19.927,62.12,8.8184,8.7416,3.3764,0.066172,-0.034226,0.3699,0.0615,152.37
19.974,61.416,8.2078,8.4222,3.2777,0.075405,-0.039135,0.3727,0.0609,148.4
20.005,62.103,8.4359,8.5353,3.248,0.052051,-0.027075,0.3647,0.0406,224.94
20.052,62.614,8.6484,8.4167,3.3418,0.093935,-0.049124,0.3799,0.1317,68.761
20.083,63.01,8.7349,8.4754,3.2062,0.032319,-0.016919,0.3623,0.0315,287.67
20.13,63.718,8.9631,8.8519,3.2094,-0.028812,0.015106,0.3473,-0.0245,-384.31
20.161,64.007,9.1722,8.7593,3.6059,-0.019901,0.010475,0.3901,0.1263,75
20.208,63.296,8.9429,8.4345,3.5167,0.026744,-0.014156,0.3956,0.1132,80.727
20.254,63.805,9.0744,8.5782,3.3481,0.00012523,-6.6385e-05,0.3721,0.0364,252.98
20.286,64.437,9.2855,8.9965,3.3165,-0.033176,0.017701,0.3538,-0.0269,-356.44
20.332,64.157,9.2555,8.4443,3.1309,-0.046153,0.024688,0.3541,-0.1175,-76.647
20.364,64.802,9.4296,28.175,7.0451,-0.027224,0.014561,0.34098,-0.16725,-173.64
20.41,65.876,9.7037,8.106,2.6999,0.00087073,-0.00047096,0.3215,-0.2411,-35.437
20.442,66.14,9.7814,7.8985,2.2872,0.00049728,-0.00027009,0.2818,-0.4021,-20.45
20.489,66.628,9.986,8.8624,2.7832,-0.00037205,0.00020371,0.3043,-0.2108,-44.066
20.535,66.915,10.14,8.6848,2.9037,-0.014011,0.0076884,0.3224,-0.1269,-72.162
20.567,67.382,10.896,9.3498,4.4542,-0.15019,0.083114,0.4472,0.3805,27.218
20.613,67.576,11.071,8.4166,3.8952,0.41918,-0.23004,0.4244,0.2494,37.186
20.645,67.886,11.228,8.291,3.8149,0.47848,-0.27236,0.4423,0.2716,33.603
20.691,68.196,11.34,7.9514,3.9904,0.5681,-0.3129,0.4515,0.2678,33.221
20.723,68.441,11.478,7.5206,4.0605,0.76432,-0.41898,0.4749,0.2987,28.613
20.769,68.58,11.542,6.598,3.8706,1.3297,-0.70898,0.4868,0.2941,26.01
20.801,68.712,11.596,2.1,-0.16711,1.347,-0.72101,0.47904,0.29105,7.238
20.848,68.735,11.518,-0.25622,-2.3939,1.3725,-0.7388,0.46757,0.28654,8.4022
20.894,68.767,11.442,2.4862,-0.17594,1.3979,-0.75652,0.45615,0.28205,8.8368
20.926,68.914,11.494,7.2355,3.8469,1.4151,-0.76854,0.4484,0.279,29.371
20.972,69.131,11.689,7.1775,3.2982,1.5575,-0.98984,0.484,0.2809,28.12
21.004,69.34,11.868,6.9001,3.2723,1.7222,-1.1243,0.5077,0.2862,26.683
21.05,69.576,12.018,6.6937,3.198,1.7738,-1.1761,0.5175,0.2699,27.486
21.082,69.787,12.286,6.5481,3.3932,1.8799,-1.2716,0.5576,0.3826,19.276
21.128,70.039,12.456,6.4299,3.4536,1.8427,-1.2499,0.5731,0.3957,18.445
21.175,70.241,12.705,6.4093,3.6117,1.6789,-1.123,0.5848,0.3965,18.554
21.206,70.486,12.849,6.2955,3.5555,1.641,-1.1,0.5866,0.3515,20.569
21.253,70.75,12.985,6.2586,3.5255,1.4774,-0.97474,0.5783,0.2838,25.311
21.285,71.032,13.112,6.2454,3.5041,1.2999,-0.84161,0.5681,0.228,31.409
21.331,71.361,13.189,6.3124,3.4555,1.0999,-0.69541,0.5474,0.1626,44.257
21.363,71.571,13.372,6.1815,3.4577,1.1411,-0.72761,0.5604,0.1726,41.036
21.409,71.769,13.552,6.0787,3.5174,1.1285,-0.72094,0.5756,0.1832,38.335
21.456,72.003,13.694,5.9878,3.467,1.1232,-0.71963,0.5773,0.1708,40.51
21.487,72.215,13.873,5.8922,3.4843,1.1165,-0.71803,0.5877,0.1736,39.432
21.534,72.406,14.089,5.8048,3.6013,1.0781,-0.69231,0.6077,0.1915,35.672
21.565,72.541,14.375,5.5943,3.7892,1.1587,-0.75728,0.6545,0.252,26.813
******-------------------------------------------------------------------------------------------------------------------****** 
TargetID: ID07
Target can not be processed due to lack of Data
******-------------------------------------------------------------------------------------------------------------------****** 
TargetID: ID31
Target can not be processed due to lack of Data
******-------------------------------------------------------------------------------------------------------------------****** 
TargetID: ID32
Target can not be processed due to lack of Data
******-------------------------------------------------------------------------------------------------------------------****** 
TargetID: ID33
Target can not be processed due to lack of Data
******-------------------------------------------------------------------------------------------------------------------****** 
TargetID: ID36
Relevancy: 0
tj = Inf
Label: -1
Comment: Target is irrelevant as it is not crossing the estimated holding line
DATA:
16.01,-0,-0,NaN,NaN,NaN,NaN,0,NaN,NaN
16.041,0.19828,-0.0030924,NaN,NaN,NaN,NaN,0.0001,NaN,NaN
16.088,0.39963,-0.0014762,NaN,NaN,NaN,NaN,0.0001,NaN,NaN
16.12,0.59132,-0.0037417,NaN,NaN,NaN,NaN,0,NaN,NaN
16.166,0.78796,-0.0060597,NaN,NaN,NaN,NaN,0.0001,NaN,NaN
16.213,0.99567,-0.00055214,NaN,NaN,NaN,NaN,0,NaN,NaN
16.244,-0.16858,-2.3328,NaN,NaN,NaN,NaN,-1.2414,NaN,NaN
16.291,-0.097685,-2.5461,NaN,NaN,NaN,NaN,-1.2415,NaN,NaN
16.322,-0.031482,-2.7692,NaN,NaN,NaN,NaN,-1.2415,NaN,NaN
16.369,0.040432,-2.9859,NaN,NaN,NaN,NaN,-1.2415,NaN,NaN
16.401,0.11966,-3.2013,NaN,NaN,NaN,NaN,-1.2415,NaN,NaN
16.447,0.19219,-3.4202,NaN,NaN,NaN,NaN,-1.2415,NaN,NaN
16.494,0.26448,-3.6392,NaN,NaN,NaN,NaN,-1.2415,NaN,NaN
16.526,1.3678,-2.2421,NaN,NaN,NaN,NaN,-0.6081,NaN,NaN
16.572,1.8397,-1.5325,NaN,NaN,NaN,NaN,-0.3679,NaN,NaN
16.603,2.0129,-1.6015,NaN,NaN,NaN,NaN,-0.3679,NaN,NaN
16.65,2.1861,-1.6687,NaN,NaN,NaN,NaN,-0.3679,NaN,NaN
16.681,2.36,-1.737,NaN,NaN,NaN,NaN,-0.3679,NaN,NaN
16.728,2.2103,-2.5499,NaN,NaN,NaN,NaN,-0.5958,NaN,NaN
16.775,2.529,-2.5172,NaN,NaN,NaN,NaN,-0.514,NaN,NaN
16.806,2.6921,-2.6193,NaN,NaN,NaN,NaN,-0.514,NaN,NaN
16.853,2.8304,-2.931,NaN,NaN,NaN,NaN,-0.5487,NaN,NaN
16.884,3.0034,-3.0408,NaN,NaN,NaN,NaN,-0.5486,NaN,NaN
16.931,3.2499,-3.1748,NaN,NaN,NaN,NaN,-0.5466,NaN,NaN
16.962,3.4233,-3.3027,NaN,NaN,NaN,NaN,-0.5593,NaN,NaN
17.009,3.6552,-3.4133,NaN,NaN,NaN,NaN,-0.549,NaN,NaN
17.04,3.8302,-3.5265,NaN,NaN,NaN,NaN,-0.5491,NaN,NaN
17.087,3.9946,-3.7456,NaN,NaN,NaN,NaN,-0.5634,NaN,NaN
17.133,4.1791,-3.8572,NaN,NaN,NaN,NaN,-0.5635,NaN,NaN
17.165,4.3917,-3.9912,NaN,NaN,NaN,NaN,-0.5622,NaN,NaN
17.212,4.1997,-3.8108,4.8133,-2.5686,-0,-0,-0.4902,0,Inf
17.243,4.3892,-3.9164,4.8135,-2.5684,-0,-0,-0.4902,0,Inf
17.29,4.5796,-4.019,4.8134,-2.5685,-0,-0,-0.4902,0,Inf
17.321,4.778,-4.1163,4.8132,-2.5688,-0,-0,-0.4902,0,Inf
17.368,5.0889,-4.0912,5.1281,-2.6275,0.41723,0.93316,-0.4704,-0.009,-640.23
17.414,5.2967,-4.1917,5.1642,-2.6486,0.42077,0.93389,-0.4709,-0.009,-644.87
17.446,5.4698,-4.3693,5.1929,-2.7663,0.49069,1.0801,-0.486,-0.0206,-285.62
17.492,5.7512,-4.4305,5.3386,-2.7214,0.53357,1.1647,-0.4679,-0.0009,-6658
17.524,5.9938,-4.4795,5.4538,-2.6816,0.55722,1.2177,-0.457,0.0031,1960.5
17.571,6.2163,-4.5828,5.5029,-2.7052,0.56198,1.2175,-0.4569,0.0031,1978
17.602,6.4323,-4.6955,5.5521,-2.7284,0.56657,1.2169,-0.4568,0.0031,1995.6
17.649,6.6581,-4.8023,5.6012,-2.7517,0.57116,1.2156,-0.4566,0.0031,2013.1
17.68,6.8812,-4.9127,5.6503,-2.7752,0.57551,1.2139,-0.4565,0.0031,2030.7
17.727,7.1392,-4.9805,5.6624,-2.7244,0.53359,1.1065,-0.4453,0.0166,378.54
17.773,7.3674,-5.0878,5.7089,-2.7421,0.53737,1.1046,-0.4447,0.0166,381.52
17.805,7.3381,-5.7182,5.1569,-3.6729,0.3727,0.76515,-0.6189,-0.1713,-36.959
17.851,7.5978,-5.7609,5.2015,-3.6447,0.35817,0.72513,-0.6092,-0.1608,-39.498
17.883,7.7363,-6.0986,5.0284,-3.995,0.34048,0.68321,-0.6695,-0.2133,-30.109
17.929,7.9328,-6.2601,5.0275,-4.0645,0.33819,0.67231,-0.6781,-0.2133,-30.309
17.961,8.1105,-6.5202,4.8656,-4.352,0.30333,0.59756,-0.7282,-0.2605,-25.059
18.008,8.3034,-6.692,4.8514,-4.4316,0.29966,0.58433,-0.7387,-0.2605,-25.224
18.054,8.5597,-6.8625,4.8868,-4.5063,0.30287,0.58457,-0.7435,-0.2551,-26.058
18.086,8.7495,-7.0487,4.8727,-4.5851,0.29918,0.57149,-0.7536,-0.2551,-26.228
18.132,8.9399,-7.2758,4.8306,-4.731,0.3055,0.57726,-0.7736,-0.2631,-25.699
18.164,9.0818,-7.5203,4.6864,-4.9039,0.26176,0.49211,-0.8092,-0.2922,-23.214
18.21,9.2849,-7.7184,4.6687,-4.9935,0.26681,0.49378,-0.8179,-0.2888,-23.671
18.242,9.5128,-7.8362,4.6917,-4.9605,0.242,0.44319,-0.8122,-0.2761,-24.729
18.288,9.9897,-7.7752,4.7308,-5.0074,0.25106,0.45476,-0.8138,-0.2668,-25.82
18.335,10.155,-7.9926,4.6786,-5.0908,0.23988,0.42997,-0.8276,-0.2706,-25.551
18.366,10.255,-8.332,4.5012,-5.3915,0.24589,0.43508,-0.8742,-0.3002,-23.396
18.413,10.459,-8.4291,4.5368,-5.3123,0.23309,0.40967,-0.8649,-0.2831,-24.676
18.444,10.818,-8.2588,4.9453,-4.551,0.20282,0.35296,-0.7428,-0.1641,-40.955
18.491,10.932,-8.6804,4.7879,-4.9061,0.2362,0.40694,-0.7964,-0.2014,-34.038
18.523,11.175,-8.8356,4.913,-4.9334,0.25775,0.43926,-0.7887,-0.1862,-37.393
18.569,11.362,-9.0374,4.8979,-4.9921,0.2567,0.43337,-0.7962,-0.1862,-37.56
18.601,11.563,-9.238,4.8823,-5.0507,0.25526,0.42721,-0.8036,-0.1862,-37.726
18.647,11.811,-9.1254,5.0324,-4.712,0.27417,0.45435,-0.7498,-0.1359,-50.729
18.694,11.967,-9.4002,5.0392,-4.9347,0.28229,0.46159,-0.7723,-0.1484,-47.527
18.726,12.199,-9.5743,4.9973,-4.8641,0.26561,0.43453,-0.7693,-0.1422,-49.042
18.772,12.513,-9.5725,5.2072,-4.5651,0.26858,0.4367,-0.7171,-0.0976,-70.953
18.803,12.775,-9.7084,5.3337,-4.5819,0.27818,0.44828,-0.7071,-0.0873,-80.544
18.85,12.989,-9.893,5.3375,-4.6168,0.27725,0.44562,-0.7105,-0.0873,-80.838
18.882,13.241,-9.9264,5.5309,-4.0944,0.25497,0.41283,-0.6373,-0.0302,-227.87
18.928,13.467,-10.093,5.5436,-4.1138,0.25462,0.41208,-0.6384,-0.0302,-228.58
18.975,13.691,-10.252,5.5335,-4.0969,0.21705,0.35147,-0.6373,-0.0287,-239.9
19.006,13.927,-10.405,5.5389,-4.0767,0.18681,0.30272,-0.6345,-0.0259,-265.54
19.053,14.15,-10.562,5.5239,-4.0655,0.14702,0.23831,-0.6345,-0.0251,-273.25
19.084,14.379,-10.722,5.5295,-4.0784,0.14682,0.23794,-0.6355,-0.0251,-273.74
19.131,14.6,-10.884,5.5351,-4.0914,0.14674,0.23766,-0.6365,-0.0251,-274.22
19.162,14.821,-11.049,5.5406,-4.1042,0.14669,0.23737,-0.6376,-0.0251,-274.71
19.209,15.044,-11.217,5.5466,-4.1166,0.14645,0.23702,-0.6385,-0.0251,-275.19
19.24,15.269,-11.384,5.5525,-4.1292,0.14608,0.23659,-0.6394,-0.0251,-275.68
19.287,15.497,-11.546,5.5578,-4.1425,0.14574,0.23615,-0.6405,-0.0251,-276.17
19.334,15.724,-11.711,5.5634,-4.1554,0.1455,0.2358,-0.6415,-0.0251,-276.65
19.365,15.952,-11.873,5.5686,-4.1687,0.14537,0.23539,-0.6426,-0.0251,-277.14
19.412,16.167,-12.043,5.5742,-4.1815,0.14537,0.23507,-0.6436,-0.0251,-277.62
19.443,16.386,-12.215,5.5799,-4.194,0.14544,0.23486,-0.6445,-0.0251,-278.1
19.49,16.614,-12.381,5.5854,-4.2072,0.14533,0.23443,-0.6456,-0.0251,-278.59
19.521,16.84,-12.551,5.591,-4.2199,0.14526,0.23415,-0.6466,-0.0251,-279.07
******-------------------------------------------------------------------------------------------------------------------****** 
TargetID: ID37
Relevancy: 1
tj = 21.2065
Label: 0
Comment: Target is relevant and going straight, since target is crossing Ego X-axis in EFC
DATA:
19.802,0,-0,NaN,NaN,NaN,NaN,0,NaN,NaN
19.849,0.12924,-0.93489,NaN,NaN,NaN,NaN,-0.099,NaN,NaN
19.896,0.55903,-1.2376,NaN,NaN,NaN,NaN,-0.2399,NaN,NaN
19.927,0.8103,-1.2639,NaN,NaN,NaN,NaN,-0.1996,NaN,NaN
19.974,NaN,NaN,NaN,NaN,NaN,NaN,-0.0049,NaN,NaN
20.005,NaN,NaN,NaN,NaN,NaN,NaN,-0.0049,NaN,NaN
20.052,1.1256,-1.1022,6.4907,1.1744,0,-0,0.179,0,Inf
20.083,1.3843,-1.0575,6.4907,1.1745,0,-0,0.179,0,Inf
20.13,1.6879,-0.9694,6.4907,1.1745,NaN,NaN,0.16657,NaN,NaN
20.161,1.8897,-0.91087,6.4907,1.1745,NaN,NaN,0.15831,NaN,NaN
20.208,2.1934,-0.82282,6.4907,1.1745,NaN,NaN,0.14589,NaN,NaN
20.254,2.4944,-0.73553,6.4907,1.1745,NaN,NaN,0.13357,NaN,NaN
20.286,2.6982,-0.67642,6.4907,1.1745,NaN,NaN,0.12523,NaN,NaN
20.332,3.0005,-0.58877,6.4907,1.1745,NaN,NaN,0.11286,NaN,NaN
20.364,3.2038,-0.52979,6.4907,1.1745,NaN,NaN,0.10454,NaN,NaN
20.41,3.5057,-0.44225,6.4907,1.1745,NaN,NaN,0.092185,NaN,NaN
20.442,3.7094,-0.38319,6.4907,1.1745,NaN,NaN,0.08385,NaN,NaN
20.489,4.0118,-0.29549,6.4907,1.1745,NaN,NaN,0.071474,NaN,NaN
20.535,4.3141,-0.20784,6.4907,1.1745,NaN,NaN,0.059105,NaN,NaN
20.567,4.5178,-0.14875,6.4907,1.1745,NaN,NaN,0.050767,NaN,NaN
20.613,4.8195,-0.061281,6.4907,1.1745,NaN,NaN,0.038423,NaN,NaN
20.645,5.0236,-0.0020865,6.4907,1.1745,NaN,NaN,0.03007,NaN,NaN
20.691,5.3258,0.085555,6.4907,1.1745,NaN,NaN,0.017702,NaN,NaN
20.723,5.529,0.14447,6.4907,1.1745,NaN,NaN,0.0093891,NaN,NaN
20.769,5.8308,0.23198,6.4907,1.1745,NaN,NaN,-0.0029613,NaN,NaN
20.801,6.0354,0.29134,6.4907,1.1745,NaN,NaN,-0.011337,NaN,NaN
20.848,6.3379,0.37904,6.4907,1.1745,NaN,NaN,-0.023713,NaN,NaN
20.894,6.6392,0.46643,6.4907,1.1745,NaN,NaN,-0.036045,NaN,NaN
20.926,6.8435,0.52567,6.4907,1.1745,NaN,NaN,-0.044406,NaN,NaN
20.972,7.1456,0.61327,6.4907,1.1745,NaN,NaN,-0.056767,NaN,NaN
21.004,7.3494,0.67239,6.4907,1.1745,NaN,NaN,-0.06511,NaN,NaN
21.05,7.6508,0.75978,6.4907,1.1745,NaN,NaN,-0.077442,NaN,NaN
21.082,7.8545,0.81885,6.4907,1.1745,NaN,NaN,-0.085778,NaN,NaN
21.128,8.1571,0.9066,6.4907,1.1745,NaN,NaN,-0.098161,NaN,NaN
21.175,8.4592,0.9942,6.4907,1.1745,NaN,NaN,-0.11052,NaN,NaN
21.206,8.6629,1.0533,6.4907,1.1745,NaN,NaN,-0.11886,NaN,NaN
21.253,8.9647,1.1408,6.4907,1.1745,NaN,NaN,-0.13121,NaN,NaN
21.285,9.1685,1.1999,6.4907,1.1745,NaN,NaN,-0.13955,NaN,NaN
21.331,9.4711,1.2876,6.4907,1.1745,NaN,NaN,-0.15193,NaN,NaN
21.363,9.6739,1.3465,6.4907,1.1745,NaN,NaN,-0.16023,NaN,NaN
21.409,9.9764,1.4342,6.4907,1.1745,NaN,NaN,-0.17261,NaN,NaN
21.456,10.279,1.522,NaN,NaN,NaN,NaN,-0.185,NaN,NaN
21.487,10.186,0.92337,7.3661,-1.409,0,-0,-0.189,0,Inf
21.534,7.6258,0.48389,7.4377,-1.5604,0.0085699,-0.019565,-0.2077,-0.0479,-158.66
21.565,7.9707,0.38317,7.2791,-1.2374,0.018208,-0.041454,-0.1705,0.016,461.47
21.612,8.2049,0.31218,7.2496,-1.2369,0.022729,-0.051684,-0.1716,0.0139,529.09
21.643,8.3625,0.34936,7.1994,-1.1292,0.011362,-0.025911,-0.1569,0.0958,76.069
21.69,8.5643,0.33815,7.153,-1.0182,0.012218,-0.027853,-0.1429,0.144,50.174
21.721,8.8941,0.27185,7.1619,-0.98709,0.0091418,-0.020858,-0.138,0.1448,49.928
21.768,9.1782,0.29471,6.7996,-0.94659,0.12211,-0.28713,-0.1215,0.1553,44.206
21.815,9.5281,0.23933,7.1735,-0.9759,0.0023777,-0.0054414,-0.1349,0.11,65.814
21.846,9.5949,0.23935,7.0675,-0.72001,0.010283,-0.023448,-0.1029,0.1909,37.213
21.893,9.7858,0.03742,6.912,-0.58358,0.091661,-0.21476,-0.0708,0.2484,27.925
21.924,10.079,0.012157,6.799,-0.29371,0.16145,-0.36613,-0.0432,0.2855,23.836
21.971,12.76,-0.52232,7.5675,-1.5742,0.095094,-0.22087,-0.1944,0.3536,21.86
22.003,13.005,-0.43453,7.0634,-1.1271,0.13083,-0.30816,-0.14,0.1785,40.072
22.049,12.581,-0.33772,7.2928,-1.0489,0.10474,-0.24502,-0.1291,0.262,28.121
22.096,11.949,-0.10067,6.328,-0.8803,0.13074,-0.31238,-0.1129,0.2398,26.643
22.127,11.597,-0.015729,6.6572,-0.12856,-0.072641,0.16228,-0.032,0.616,10.809
22.174,11.707,-0.039598,6.7312,0.069156,-0.1435,0.31341,-0.0141,0.5989,11.24
22.205,11.736,-0.048956,7.071,0.096569,-0.38717,0.80198,-0.0421,0.4454,15.877
22.252,11.998,-0.13368,7.125,0.035138,-0.35954,0.75024,-0.0467,0.3658,19.478
22.283,12.166,-0.17514,7.0485,0.19983,-0.32049,0.67079,-0.0196,0.4024,17.523
22.33,12.186,-0.30172,6.7512,0.047123,-0.1469,0.32049,-0.018,0.3599,18.759
22.361,12.372,-0.46847,6.6393,-0.20488,-0.078596,0.17523,-0.0448,0.2508,26.485
22.408,12.494,-0.45903,6.1239,-0.3287,0.1073,-0.25742,-0.0294,0.2607,23.524
22.455,12.782,-0.44798,6.3706,-0.49024,0.016146,-0.037148,-0.0737,0.1394,45.835
22.486,13.047,-0.48189,6.2216,-0.53797,0.071388,-0.16783,-0.0713,0.1326,47.095
22.533,13.3,-0.56059,6.3511,-0.62594,0.020223,-0.046582,-0.0943,0.0772,82.667
22.564,13.744,-0.74974,6.7679,-0.69129,-0.060594,0.13632,-0.1117,0.0422,161.21
22.611,13.972,-0.80215,6.641,-0.63437,-0.027288,0.061921,-0.1,0.0596,111.93
22.642,14.183,-0.74738,6.6508,-0.58988,-0.044263,0.099933,-0.0961,0.0618,108.04
22.689,14.551,-0.84697,6.8632,-0.5972,-0.076655,0.17171,-0.0991,0.0536,128.53
22.735,14.797,-0.85955,6.9315,-0.67251,-0.097768,0.21806,-0.1119,0.0307,226.84
22.767,15.141,-0.90517,7.1477,-0.63878,-0.13585,0.30069,-0.1089,0.0335,214.21
22.814,15.384,-0.9235,7.0843,-0.89981,-0.1139,0.27248,-0.1081,0.0329,217.06
22.845,15.659,-0.92431,7.215,-0.68761,-0.14162,0.3133,-0.1153,0.0207,350.13
22.892,15.843,-0.88814,7.1076,-0.66387,-0.12151,0.2697,-0.1112,0.0268,266.36
22.923,16.022,-0.83346,6.9551,-0.58732,-0.092862,0.20716,-0.0989,0.0449,155.45
22.97,16.146,-0.86475,6.6751,-0.64102,-0.040466,0.091465,-0.1028,0.042,159.66
23.016,16.298,-0.89998,6.5012,-0.77864,-0.015898,0.036193,-0.1221,0.0183,357.8
23.048,16.478,-0.93016,6.3901,-0.91179,-0.0057081,0.01309,-0.1407,-0.0037,-1744.5
23.094,16.708,-0.96889,6.4184,-1.009,-0.019667,0.045374,-0.1523,-0.017,-382.19
23.126,16.969,-1.0206,6.5534,-1.1587,-0.050868,0.11881,-0.166,-0.0327,-203.52
23.173,17.245,-1.0682,6.6899,-1.2435,-0.076604,0.18062,-0.1706,-0.0366,-185.92
23.204,17.422,-1.1592,6.7752,-1.3913,-0.099171,0.23552,-0.1861,-0.0496,-139.45
23.25,17.451,-1.1882,-4.1516,-0.033272,-0.10636,0.25253,-0.18651,-0.04941,-84.026
23.282,17.269,-1.1829,-6.8268,0.29017,-0.11121,0.26402,-0.18678,-0.049282,-138.65
23.329,16.988,-1.1747,-3.7848,-0.11488,-0.11843,0.28113,-0.18719,-0.049091,-77.134
23.375,17.045,-1.21,7.6283,-1.5764,-0.12564,0.2982,-0.1876,-0.0489,-159.29
******-------------------------------------------------------------------------------------------------------------------****** 
TargetID: ID09
Relevancy: 1
tj = 22.2518
Label: 0
Comment: Target is relevant and going straight, since the velocity ratio is almost not changing
DATA:
16.65,-0,-0,NaN,NaN,NaN,NaN,0,NaN,NaN
16.681,0.47189,0.54743,NaN,NaN,NaN,NaN,0.4053,NaN,NaN
16.728,0.63875,-0.16948,NaN,NaN,NaN,NaN,-0.2033,NaN,NaN
16.775,1.0341,0.5501,NaN,NaN,NaN,NaN,0.3324,NaN,NaN
16.806,1.3313,0.73287,NaN,NaN,NaN,NaN,0.3808,NaN,NaN
16.853,1.6498,0.99496,NaN,NaN,NaN,NaN,0.4452,NaN,NaN
16.884,1.9079,0.87311,NaN,NaN,NaN,NaN,0.3449,NaN,NaN
16.931,2.184,0.83838,NaN,NaN,NaN,NaN,0.2929,NaN,NaN
16.962,2.4367,0.8845,NaN,NaN,NaN,NaN,0.2749,NaN,NaN
17.009,2.6707,0.74137,NaN,NaN,NaN,NaN,0.1923,NaN,NaN
17.04,2.9153,0.70921,NaN,NaN,NaN,NaN,0.1623,NaN,NaN
17.087,3.1479,0.51235,NaN,NaN,NaN,NaN,0.0805,NaN,NaN
17.133,3.3687,0.37257,NaN,NaN,NaN,NaN,0.0226,NaN,NaN
17.165,3.6238,0.36012,NaN,NaN,NaN,NaN,0.0184,NaN,NaN
17.212,3.8817,0.464,NaN,NaN,NaN,NaN,0.0464,NaN,NaN
17.243,4.1249,0.36413,NaN,NaN,NaN,NaN,0.0151,NaN,NaN
17.29,3.9105,-0.053341,6.4674,-0.034868,-0,-0,-0.0054,0,Inf
17.321,4.167,-0.077167,6.439,-0.079034,-0.0016463,-0.078762,-0.0123,0.0033,1951.4
17.368,4.4163,-0.099637,6.4132,-0.096873,-0.0036387,-0.15414,-0.0151,0.0063,1018.1
17.414,4.6667,-0.16542,6.4063,-0.20549,-0.0013383,-0.050473,-0.0321,-0.0001,-64096
17.446,4.9234,-0.17909,6.4115,-0.20411,-0.00060651,-0.020639,-0.0319,-0.0009,-7127.5
17.492,5.1861,-0.2136,6.4002,-0.2468,-0.00075944,-0.023464,-0.0386,-0.0043,-1489.5
17.524,5.4299,-0.24481,6.3862,-0.27099,-0.0011512,-0.032505,-0.0424,-0.0063,-1014.6
17.571,5.6719,-0.34098,6.3428,-0.43208,-0.0021378,-0.0554,-0.0682,-0.027,-235.46
17.602,5.9158,-0.40234,6.3121,-0.51324,-0.00378,-0.089449,-0.0809,-0.0392,-161.55
17.649,6.164,-0.45688,6.2841,-0.594,-0.0049823,-0.11007,-0.0945,-0.0529,-119.32
17.68,6.4167,-0.47748,6.2713,-0.59822,-0.0065864,-0.13521,-0.0954,-0.0534,-117.97
17.727,6.6544,-0.55456,6.2297,-0.72462,-0.0081658,-0.15652,-0.1162,-0.0765,-81.983
17.773,6.9122,-0.59775,6.2326,-0.75227,-0.0076496,-0.13728,-0.1205,-0.0781,-80.382
17.805,7.1599,-0.66806,6.2212,-0.8265,-0.0075526,-0.12764,-0.1324,-0.09,-69.732
17.851,7.3991,-0.68764,6.2047,-0.83877,-0.0083393,-0.13152,-0.134,-0.0848,-73.834
17.883,7.6454,-0.74408,6.1885,-0.9101,-0.008754,-0.13168,-0.1463,-0.096,-65.157
17.929,7.8696,-0.88175,6.1192,-1.1716,-0.009779,-0.13913,-0.1895,-0.1441,-43.236
17.961,8.1195,-0.95849,6.1,-1.2538,-0.01125,-0.15165,-0.2031,-0.1551,-40.152
18.008,8.3537,-1.0822,6.0442,-1.4549,-0.012494,-0.15936,-0.2366,-0.1884,-32.998
18.054,8.6002,-1.1849,6.0091,-1.5838,-0.013895,-0.16819,-0.2581,-0.2066,-30.079
18.086,8.8531,-1.2014,6.0296,-1.4945,-0.015451,-0.17792,-0.2434,-0.1806,-34.397
18.132,9.095,-1.2709,6.0139,-1.5624,-0.015482,-0.16847,-0.2542,-0.1837,-33.825
18.164,9.3295,-1.3507,5.991,-1.63,-0.015723,-0.16391,-0.2661,-0.1879,-33.043
18.21,9.5755,-1.4189,5.9797,-1.6626,-0.016344,-0.16278,-0.2716,-0.187,-33.19
18.242,9.8073,-1.5339,5.9557,-1.7944,-0.013729,-0.12982,-0.2923,-0.1992,-31.226
18.288,10.054,-1.6143,5.9451,-1.854,-0.012183,-0.11079,-0.3023,-0.2003,-31.091
18.335,10.276,-1.7453,5.9134,-1.9907,-0.0094942,-0.082759,-0.3245,-0.2127,-29.334
18.366,10.517,-1.8166,5.9226,-2.0029,-0.0065511,-0.055047,-0.3263,-0.2046,-30.558
18.413,10.75,-1.9375,5.9109,-2.1149,-0.0016864,-0.013614,-0.3436,-0.2115,-29.682
18.444,10.986,-2.0234,5.9138,-2.1463,0.00068557,0.00533,-0.3481,-0.2074,-30.334
18.491,11.251,-2.0862,5.9544,-2.107,0.0045771,0.034345,-0.34,-0.194,-32.558
18.523,11.496,-2.1668,5.9419,-2.1546,0.0044001,0.031943,-0.3478,-0.194,-32.58
18.569,11.751,-2.1736,5.9798,-2.0331,0.0055816,0.039348,-0.3277,-0.1702,-37.109
18.601,12.003,-2.2454,5.9944,-2.0646,0.01183,0.081175,-0.3317,-0.1674,-37.873
18.647,12.25,-2.3118,6.0089,-2.0789,0.017294,0.11623,-0.3334,-0.1627,-39.08
18.694,12.515,-2.2662,6.0419,-1.8816,0.013634,0.08934,-0.3017,-0.1323,-47.832
18.726,12.759,-2.342,6.0376,-1.915,0.013614,0.087626,-0.3069,-0.1323,-47.876
18.772,13.018,-2.41,6.0331,-1.9482,0.013551,0.085918,-0.3121,-0.1323,-47.92
18.803,13.264,-2.4863,6.0284,-1.9814,0.013424,0.084077,-0.3174,-0.1323,-47.964
18.85,13.508,-2.5663,6.0235,-2.0149,0.01321,0.082106,-0.3226,-0.1323,-48.009
18.882,13.756,-2.6445,6.0185,-2.0482,0.01295,0.080141,-0.3278,-0.1323,-48.053
18.928,14.001,-2.7262,6.0132,-2.0816,0.012604,0.077904,-0.3331,-0.1323,-48.098
18.975,14.252,-2.8044,6.0077,-2.115,0.01222,0.075674,-0.3383,-0.1323,-48.141
19.006,14.5,-2.8839,6.0019,-2.1487,0.01183,0.073445,-0.3436,-0.1323,-48.186
19.053,14.746,-2.9653,5.9959,-2.1826,0.011455,0.071213,-0.3489,-0.1323,-48.23
19.084,14.991,-3.0484,5.9897,-2.2165,0.011103,0.068978,-0.3543,-0.1323,-48.274
19.131,15.229,-3.1371,5.9833,-2.2503,0.010762,0.06674,-0.3596,-0.1323,-48.318
19.162,15.467,-3.2289,5.9768,-2.2841,0.01045,0.064642,-0.3649,-0.1323,-48.363
19.209,15.761,-3.3312,5.9768,-2.2841,NaN,NaN,-0.37221,NaN,NaN
19.24,15.958,-3.4,5.9768,-2.2841,NaN,NaN,-0.37713,NaN,NaN
19.287,16.251,-3.5023,5.9768,-2.2841,NaN,NaN,-0.38444,NaN,NaN
19.334,16.545,-3.6048,5.9768,-2.2841,NaN,NaN,-0.39176,NaN,NaN
19.365,16.744,-3.674,5.9768,-2.2841,NaN,NaN,-0.39671,NaN,NaN
19.412,17.037,-3.7762,5.9768,-2.2841,NaN,NaN,-0.40401,NaN,NaN
19.443,17.235,-3.8451,5.9768,-2.2841,NaN,NaN,-0.40893,NaN,NaN
19.49,17.528,-3.9474,5.9768,-2.2841,NaN,NaN,-0.41625,NaN,NaN
19.521,17.728,-4.0169,5.9768,-2.2841,NaN,NaN,-0.42121,NaN,NaN
19.568,18.02,-4.1189,5.9768,-2.2841,NaN,NaN,-0.4285,NaN,NaN
19.615,18.315,-4.2215,5.9768,-2.2841,NaN,NaN,-0.43583,NaN,NaN
19.646,18.513,-4.2907,5.9768,-2.2841,NaN,NaN,-0.44077,NaN,NaN
19.693,18.806,-4.3927,5.9768,-2.2841,NaN,NaN,-0.44806,NaN,NaN
19.724,19.004,-4.4618,5.9768,-2.2841,NaN,NaN,-0.453,NaN,NaN
19.771,19.298,-4.5642,5.9768,-2.2841,NaN,NaN,-0.46032,NaN,NaN
19.802,19.495,-4.6329,5.9768,-2.2841,NaN,NaN,-0.46523,NaN,NaN
19.849,19.789,-4.7354,5.9768,-2.2841,NaN,NaN,-0.47255,NaN,NaN
19.896,20.084,-4.838,5.9768,-2.2841,NaN,NaN,-0.47989,NaN,NaN
19.927,20.282,-4.9071,5.9768,-2.2841,NaN,NaN,-0.48482,NaN,NaN
19.974,20.575,-5.0093,5.9768,-2.2841,NaN,NaN,-0.49212,NaN,NaN
20.005,20.773,-5.0785,5.9768,-2.2841,NaN,NaN,-0.49707,NaN,NaN
20.052,21.067,-5.1807,5.9768,-2.2841,NaN,NaN,-0.50438,NaN,NaN
20.083,21.265,-5.2497,5.9768,-2.2841,NaN,NaN,-0.5093,NaN,NaN
20.13,21.56,-5.3526,5.9768,-2.2841,NaN,NaN,-0.51665,NaN,NaN
20.161,21.756,-5.421,5.9768,-2.2841,NaN,NaN,-0.52154,NaN,NaN
20.208,22.051,-5.5238,5.9768,-2.2841,NaN,NaN,-0.52889,NaN,NaN
20.254,22.344,-5.6258,5.9768,-2.2841,NaN,NaN,-0.53618,NaN,NaN
20.286,22.542,-5.6949,5.9768,-2.2841,NaN,NaN,-0.54111,NaN,NaN
20.332,22.836,-5.7973,5.9768,-2.2841,NaN,NaN,-0.54843,NaN,NaN
20.364,23.033,-5.8662,5.9768,-2.2841,NaN,NaN,-0.55336,NaN,NaN
20.41,23.327,-5.9685,5.9768,-2.2841,NaN,NaN,-0.56066,NaN,NaN
20.442,23.525,-6.0375,5.9768,-2.2841,NaN,NaN,-0.56559,NaN,NaN
20.489,23.819,-6.1399,5.9768,-2.2841,NaN,NaN,-0.57292,NaN,NaN
20.535,24.112,-6.2423,5.9768,-2.2841,NaN,NaN,-0.58023,NaN,NaN
20.567,24.31,-6.3114,5.9768,-2.2841,NaN,NaN,-0.58517,NaN,NaN
20.613,24.604,-6.4136,5.9768,-2.2841,NaN,NaN,-0.59247,NaN,NaN
20.645,24.802,-6.4827,5.9768,-2.2841,NaN,NaN,-0.59741,NaN,NaN
20.691,25.096,-6.5851,5.9768,-2.2841,NaN,NaN,-0.60473,NaN,NaN
20.723,25.293,-6.6539,5.9768,-2.2841,NaN,NaN,-0.60965,NaN,NaN
20.769,25.587,-6.7562,5.9768,-2.2841,NaN,NaN,-0.61695,NaN,NaN
20.801,25.786,-6.8255,5.9768,-2.2841,NaN,NaN,-0.62191,NaN,NaN
20.848,26.08,-6.928,5.9768,-2.2841,NaN,NaN,-0.62923,NaN,NaN
20.894,26.373,-7.0301,5.9768,-2.2841,NaN,NaN,-0.63653,NaN,NaN
20.926,26.571,-7.0993,5.9768,-2.2841,NaN,NaN,-0.64147,NaN,NaN
20.972,26.865,-7.2016,5.9768,-2.2841,NaN,NaN,-0.64879,NaN,NaN
21.004,27.063,-7.2707,5.9768,-2.2841,NaN,NaN,-0.65372,NaN,NaN
21.05,27.356,-7.3728,5.9768,-2.2841,NaN,NaN,-0.66102,NaN,NaN
21.082,27.554,-7.4418,5.9768,-2.2841,NaN,NaN,-0.66595,NaN,NaN
21.128,27.848,-7.5444,5.9768,-2.2841,NaN,NaN,-0.67327,NaN,NaN
21.175,28.142,-7.6467,5.9768,-2.2841,NaN,NaN,-0.68059,NaN,NaN
21.206,28.34,-7.7157,5.9768,-2.2841,NaN,NaN,-0.68552,NaN,NaN
21.253,28.633,-7.818,5.9768,-2.2841,NaN,NaN,-0.69283,NaN,NaN
21.285,28.831,-7.887,5.9768,-2.2841,NaN,NaN,-0.69776,NaN,NaN
21.331,29.125,-7.9895,5.9768,-2.2841,NaN,NaN,-0.70509,NaN,NaN
21.363,29.322,-8.0583,5.9768,-2.2841,NaN,NaN,-0.71,NaN,NaN
21.409,29.616,-8.1607,5.9768,-2.2841,NaN,NaN,-0.71732,NaN,NaN
21.456,29.911,-8.2633,5.9768,-2.2841,NaN,NaN,-0.72465,NaN,NaN
21.487,30.109,-8.3323,5.9768,-2.2841,NaN,NaN,-0.72958,NaN,NaN
21.534,30.402,-8.4345,5.9768,-2.2841,NaN,NaN,-0.73688,NaN,NaN
21.565,30.6,-8.5037,5.9768,-2.2841,NaN,NaN,-0.74183,NaN,NaN
21.612,30.895,-8.6064,5.9768,-2.2841,NaN,NaN,-0.74917,NaN,NaN
21.643,31.091,-8.6749,5.9768,-2.2841,NaN,NaN,-0.75406,NaN,NaN
21.69,31.385,-8.7772,5.9768,-2.2841,NaN,NaN,-0.76137,NaN,NaN
21.721,31.583,-8.8461,5.9768,-2.2841,NaN,NaN,-0.7663,NaN,NaN
21.768,31.878,-8.9491,5.9768,-2.2841,NaN,NaN,-0.77365,NaN,NaN
21.815,32.171,-9.0511,5.9768,-2.2841,NaN,NaN,-0.78095,NaN,NaN
21.846,32.369,-9.12,5.9768,-2.2841,NaN,NaN,-0.78587,NaN,NaN
21.893,32.663,-9.2227,5.9768,-2.2841,NaN,NaN,-0.7932,NaN,NaN
21.924,32.86,-9.2914,5.9768,-2.2841,NaN,NaN,-0.79811,NaN,NaN
21.971,33.153,-9.3936,5.9768,-2.2841,NaN,NaN,-0.80542,NaN,NaN
22.003,33.353,-9.463,5.9768,-2.2841,NaN,NaN,-0.81038,NaN,NaN
22.049,33.647,-9.5656,5.9768,-2.2841,NaN,NaN,-0.81771,NaN,NaN
22.096,33.939,-9.6676,5.9768,-2.2841,NaN,NaN,-0.825,NaN,NaN
22.127,34.137,-9.7366,5.9768,-2.2841,NaN,NaN,-0.82993,NaN,NaN
22.174,34.431,-9.8389,5.9768,-2.2841,NaN,NaN,-0.83724,NaN,NaN
22.205,34.63,-9.9082,5.9768,-2.2841,NaN,NaN,-0.84219,NaN,NaN
22.252,34.923,-10.01,5.9768,-2.2841,NaN,NaN,-0.84949,NaN,NaN
22.283,35.12,-10.079,5.9768,-2.2841,NaN,NaN,-0.85441,NaN,NaN
22.33,35.414,-10.182,5.9768,-2.2841,NaN,NaN,-0.86173,NaN,NaN
22.361,35.612,-10.251,5.9768,-2.2841,NaN,NaN,-0.86667,NaN,NaN
22.408,35.907,-10.353,5.9768,-2.2841,NaN,NaN,-0.874,NaN,NaN
22.455,36.2,-10.456,5.9768,-2.2841,NaN,NaN,-0.8813,NaN,NaN
22.486,36.398,-10.525,5.9768,-2.2841,NaN,NaN,-0.88624,NaN,NaN
22.533,36.692,-10.627,5.9768,-2.2841,NaN,NaN,-0.89356,NaN,NaN
22.564,36.89,-10.696,5.9768,-2.2841,NaN,NaN,-0.8985,NaN,NaN
22.611,37.183,-10.798,5.9768,-2.2841,NaN,NaN,-0.90578,NaN,NaN
22.642,37.381,-10.867,5.9768,-2.2841,NaN,NaN,-0.91071,NaN,NaN
22.689,37.674,-10.969,5.9768,-2.2841,NaN,NaN,-0.91801,NaN,NaN
22.735,37.969,-11.072,5.9768,-2.2841,NaN,NaN,-0.92535,NaN,NaN
22.767,38.166,-11.141,5.9768,-2.2841,NaN,NaN,-0.93026,NaN,NaN
22.814,38.46,-11.243,NaN,NaN,NaN,NaN,-0.9376,NaN,NaN
******-------------------------------------------------------------------------------------------------------------------****** 
TargetID: ID38
Target can not be processed due to lack of Data
******-------------------------------------------------------------------------------------------------------------------****** 
TargetID: ID10
Target can not be processed due to lack of Data
******-------------------------------------------------------------------------------------------------------------------****** 
TargetID: ID11
Target can not be processed due to lack of Data
******-------------------------------------------------------------------------------------------------------------------****** 
