******-------------------------------------------------------------------------------------------------------------------****** 
Duration of the scene is: 20.563 seconds
Original Targets Numbers in the hole Scene: 2
Number of Targets in the hole Scene after preprocessing: 2
Number of static portions: 1
******-------------------------------------------------------------------------------------------------------------------****** 
TargetID: ID01
Relevancy: 0
tj = Inf
Label: -1
Comment: Target is irrelevant as it is not crossing the estimated holding line
DATA:
0.040025,-0,-0,6.1813,-0.6321,3.2331,2.0295,0,0.2916,21.308
0.079991,0.31797,0.0029689,6.6143,-0.51777,4.0168,2.5274,0.0285,0.3026,21.925
0.12006,0.62556,-0.0014795,7.0078,-0.5345,4.998,3.1302,0.0394,0.3018,23.287
0.16006,0.74283,0.011577,6.7354,-0.29838,4.0961,2.6065,0.057,0.3052,22.09
0.20004,1.0134,0.012583,6.9142,-0.23518,4.2824,2.7348,0.0654,0.3028,22.848
0.24005,1.2264,0.026373,6.8946,-0.12884,4.0233,2.5865,0.0744,0.3008,22.925
0.28004,1.4598,0.071771,6.8602,-0.016613,3.6952,2.3937,0.0831,0.2981,23.013
0.32003,1.7229,0.076196,6.9655,-0.032799,3.9051,2.5265,0.0826,0.2895,24.061
0.36009,2.1163,0.1284,7.567,-0.040404,5.1143,3.2928,0.091,0.2868,26.385
0.40006,2.5404,0.18383,8.1137,0.060388,5.9697,3.8544,0.1033,0.2869,28.281
0.44004,3.0555,0.28102,8.6047,1.8295,6.3574,4.4875,0.1166,0.287,30.652
0.48011,3.3483,0.29558,8.857,0.2081,6.8487,4.4472,0.1134,0.2765,32.041
0.52009,3.6984,0.33124,9.0867,0.29041,6.8957,4.4945,0.1179,0.2715,33.486
0.5601,3.7167,0.31422,7.9558,0.3915,3.5962,2.3826,0.1092,0.2581,30.862
0.6001,3.8328,0.30684,7.2934,0.48852,1.7494,1.1789,0.1025,0.2458,29.739
0.64008,4.2221,0.33211,7.6817,0.42615,2.6319,1.7579,0.1031,0.2387,32.231
0.68016,4.5188,0.34806,7.764,0.48145,2.6562,1.7764,0.1088,0.2357,33.004
0.72011,4.9133,0.38417,8.0995,0.52494,3.183,2.1243,0.1155,0.2337,34.73
0.76012,5.2113,0.37253,8.1036,1.3709,3.2607,2.2832,0.1137,0.2246,36.593
0.8001,5.5322,0.38182,8.2222,1.411,3.3998,2.3805,0.1156,0.2188,38.128
0.84011,5.8246,0.37219,8.2514,1.3934,3.3587,2.3516,0.1137,0.2105,39.754
0.88012,6.1618,0.37415,8.4152,1.4423,3.6752,2.5747,0.1137,0.2033,41.997
******-------------------------------------------------------------------------------------------------------------------****** 
TargetID: ID04
Relevancy: 1
tj = 12.5218
Label: 0
Comment: Target is relevant and going straight, since the velocity ratio is almost not changing
DATA:
6.2809,-0,0,NaN,NaN,NaN,NaN,0,NaN,NaN
6.3209,0.12083,0.0070895,NaN,NaN,NaN,NaN,0.0028,NaN,NaN
6.3609,0.24264,-0.02302,NaN,NaN,NaN,NaN,-0.014,NaN,NaN
6.4009,0.36881,-0.065572,NaN,NaN,NaN,NaN,-0.0342,NaN,NaN
6.4409,0.49334,-0.13437,NaN,NaN,NaN,NaN,-0.0627,NaN,NaN
6.481,0.61562,-0.13206,NaN,NaN,NaN,NaN,-0.058,NaN,NaN
6.5209,0.74929,-0.029108,NaN,NaN,NaN,NaN,-0.0137,NaN,NaN
6.561,0.85899,-0.030155,NaN,NaN,NaN,NaN,-0.0137,NaN,NaN
6.601,1.0008,-0.045175,NaN,NaN,NaN,NaN,-0.0197,NaN,NaN
6.6409,1.14,-0.015002,NaN,NaN,NaN,NaN,-0.009,NaN,NaN
6.681,1.2802,0.0087125,NaN,NaN,NaN,NaN,-0.0015,NaN,NaN
6.721,1.435,0.12791,NaN,NaN,NaN,NaN,0.037,NaN,NaN
6.761,1.5861,0.16748,NaN,NaN,NaN,NaN,0.0458,NaN,NaN
6.801,1.7096,0.17633,NaN,NaN,NaN,NaN,0.0457,NaN,NaN
6.841,1.8325,0.18112,NaN,NaN,NaN,NaN,0.0457,NaN,NaN
6.8811,1.987,0.15753,NaN,NaN,NaN,NaN,0.0346,NaN,NaN
6.921,2.1507,0.1517,NaN,NaN,NaN,NaN,0.0289,NaN,NaN
6.961,2.3033,0.15575,NaN,NaN,NaN,NaN,0.0282,NaN,NaN
7.001,2.4652,0.13258,NaN,NaN,NaN,NaN,0.0204,NaN,NaN
7.041,2.6248,0.12686,NaN,NaN,NaN,NaN,0.0168,NaN,NaN
7.081,2.7888,0.12171,NaN,NaN,NaN,NaN,0.0134,NaN,NaN
7.1211,2.9522,0.12521,NaN,NaN,NaN,NaN,0.0128,NaN,NaN
7.1611,3.0943,0.12549,NaN,NaN,NaN,NaN,0.0128,NaN,NaN
7.2011,3.2723,0.21945,NaN,NaN,NaN,NaN,0.0324,NaN,NaN
7.241,3.4177,0.22468,NaN,NaN,NaN,NaN,0.0324,NaN,NaN
7.2811,3.5975,0.2105,NaN,NaN,NaN,NaN,0.0265,NaN,NaN
7.3211,3.6847,0.72472,3.7948,0.10487,0.0043569,-0.0048303,0.0276,0,Inf
7.3611,3.8676,0.70491,3.8738,0.083257,-0.0041671,0.0046202,0.0215,-0.0005,-7749.3
7.4011,4.0564,0.6686,3.9729,0.049034,-0.01752,0.019426,0.0125,-0.0013,-3056.3
7.4411,4.2437,0.62945,4.0897,0.013123,-0.031154,0.034546,0.0035,-0.0023,-1778.2
7.4811,4.4367,0.59372,4.2323,-0.018469,-0.041946,0.046515,-0.004,-0.0034,-1244.8
7.5211,4.6065,0.59139,4.2699,-0.018996,-0.042041,0.04662,-0.0041,-0.0034,-1255.9
7.5611,4.8315,0.66301,4.4951,0.038467,-0.079421,0.088127,0.0091,-0.0036,-1248.7
7.6011,5.0124,0.66421,4.552,0.038463,-0.079517,0.088232,0.009,-0.0036,-1264.5
7.6411,5.232,0.68654,4.7433,0.054494,-0.11206,0.12437,0.0122,-0.0041,-1157
7.6811,5.4329,0.72684,4.8684,0.087782,-0.14034,0.15579,0.0189,-0.0036,-1352.5
7.7212,5.6486,0.70821,4.9968,0.065358,-0.14687,0.16293,0.0139,-0.0046,-1086.4
7.7611,5.8549,0.66352,5.0937,0.019638,-0.1361,0.15097,0.0046,-0.0063,-808.53
7.8012,6.0628,0.54996,5.1782,-0.092509,-0.095428,0.10583,-0.0174,-0.011,-470.82
7.8411,6.2702,0.47737,5.2508,-0.1627,-0.062305,0.069091,-0.0307,-0.0142,-369.95
7.8812,6.4871,0.4928,5.3282,-0.14614,-0.058992,0.065431,-0.0271,-0.0131,-406.88
7.9212,6.7073,0.50672,5.4021,-0.1317,-0.058993,0.065431,-0.0241,-0.012,-450.31
7.9612,6.9286,0.50856,5.4665,-0.13116,-0.056438,0.062588,-0.0237,-0.0117,-467.36
8.0012,7.1412,0.48695,5.498,-0.15226,-0.046592,0.051663,-0.0275,-0.013,-423.09
8.0412,7.3594,0.46465,5.5357,-0.17368,-0.037313,0.041372,-0.0312,-0.0144,-384.61
8.0812,7.5828,0.43461,5.5794,-0.20549,-0.02595,0.028773,-0.0367,-0.0167,-334.32
8.1212,7.8073,0.42703,5.6438,-0.21169,-0.025477,0.028248,-0.0374,-0.0167,-338.19
8.1612,8.0342,0.41791,5.7081,-0.2179,-0.025098,0.027828,-0.038,-0.0167,-342.05
8.2012,8.259,0.40373,5.7179,-0.2317,-0.015912,0.017642,-0.0404,-0.0177,-323.31
8.2412,8.482,0.36886,5.7504,-0.26955,-0.0045467,0.0050404,-0.0469,-0.0208,-276.77
8.2812,8.7145,0.33567,5.7995,-0.30756,0.0072935,-0.0080858,-0.053,-0.0237,-245.05
8.3212,8.9475,0.32247,5.8545,-0.31588,0.0083356,-0.009241,-0.0539,-0.0237,-247.38
8.3612,9.1738,0.35747,5.8538,-0.25924,0.0010421,-0.0011552,-0.0443,-0.0177,-331.05
8.4012,9.4134,0.34542,5.9061,-0.26867,-0.0020842,0.0023104,-0.0455,-0.018,-328.46
8.4412,9.6518,0.35417,5.9532,-0.25046,-0.0089031,0.0098721,-0.042,-0.0155,-384.42
8.4813,9.8974,0.42353,6.0253,-0.14983,-0.033815,0.037492,-0.0249,-0.0049,-1230
8.5213,10.145,0.47383,6.0821,-0.077723,-0.061079,0.06774,-0.0126,0.0027,2252.8
8.5613,10.391,0.47662,6.1241,-0.066888,-0.077291,0.085702,-0.0109,0.0037,1655.3
8.6013,10.637,0.46041,6.1814,-0.090896,-0.084463,0.093662,-0.0144,0.0014,4415.8
8.6412,10.886,0.51301,6.2281,-0.01205,-0.10353,0.1148,-0.0019,0.0091,684.4
8.6813,11.136,0.51244,6.2784,-0.0098405,-0.10523,0.11669,-0.0016,0.0091,689.94
8.7213,11.401,0.54596,6.3695,0.038358,-0.13043,0.14463,0.006,0.0134,475.34
8.7613,11.664,0.54189,6.4486,0.030101,-0.14096,0.15634,0.0051,0.0125,515.89
8.8013,11.92,0.46886,6.5102,-0.074673,-0.12469,0.13828,-0.0111,0.0023,2830.7
8.8413,12.178,0.44472,6.558,-0.1047,-0.10879,0.12064,-0.0156,-0.0005,-13118
8.8813,12.45,0.51491,6.629,0.0055428,-0.12124,0.13444,0.0008,0.0094,705.21
8.9213,12.726,0.63576,6.6808,0.18859,-0.1544,0.17132,0.0287,0.026,257.06
8.9613,12.987,0.55965,6.7084,0.072445,-0.14258,0.15812,0.0112,0.015,447.25
9.0013,13.251,0.55061,6.7469,0.057296,-0.13652,0.15141,0.0089,0.0133,507.31
9.0413,13.52,0.58487,6.7991,0.1094,-0.14277,0.15839,0.0165,0.0174,390.8
9.0813,13.793,0.56666,6.848,0.080348,-0.137,0.15193,0.0121,0.0144,475.59
9.1213,14.067,0.56964,6.9001,0.085045,-0.13927,0.15445,0.0127,0.0144,479.21
9.1613,14.35,0.50892,6.9846,-0.0079242,-0.12328,0.13671,-0.0008,0.0063,1108.7
9.2013,14.631,0.50814,7.0403,-0.0061027,-0.12498,0.1386,-0.0005,0.0063,1117.5
9.2414,14.914,0.44093,7.0994,-0.10491,-0.09441,0.10469,-0.0145,-0.0018,-3944.5
9.2814,15.2,0.36728,7.1591,-0.20278,-0.061757,0.068466,-0.0283,-0.0095,-753.89
9.3214,15.49,0.38392,7.2082,-0.17255,-0.052941,0.058706,-0.0238,-0.0068,-1060.3
9.3614,15.778,0.37251,7.2552,-0.18112,-0.045271,0.050199,-0.0248,-0.0072,-1008
9.4014,16.072,0.36943,7.3067,-0.17781,-0.042145,0.046733,-0.0242,-0.0067,-1090.9
9.4414,16.366,0.31966,7.3575,-0.24337,-0.028792,0.031924,-0.033,-0.0113,-651.46
9.4814,16.676,0.40482,7.445,-0.11127,-0.050005,0.05545,-0.0148,-0.0013,-5727.6
9.5214,16.983,0.45909,7.5211,-0.02985,-0.070566,0.078241,-0.004,0.0046,1635
9.5614,17.279,0.45395,7.566,-0.035668,-0.076613,0.084963,-0.0045,0.0042,1801.5
9.6014,17.598,0.53623,7.6547,0.085025,-0.1052,0.11668,0.0114,0.0124,617.35
9.6414,17.905,0.58881,7.7101,0.16032,-0.12565,0.13937,0.0211,0.0173,445.76
9.6814,18.205,0.61972,7.7262,0.20255,-0.1328,0.14725,0.0262,0.0196,394.33
9.7214,18.508,0.6565,7.7368,0.24826,-0.13701,0.15198,0.0324,0.0224,345.57
9.7614,18.805,0.63111,7.7287,0.21339,-0.12475,0.13829,0.0276,0.0195,396.5
9.8014,19.099,0.59358,7.7073,0.15548,-0.10681,0.11845,0.0204,0.0155,497.35
9.8414,19.394,0.59749,7.6918,0.15949,-0.095453,0.10587,0.021,0.0154,499.58
9.8815,19.702,0.60375,7.7241,0.16492,-0.096874,0.10744,0.0216,0.0154,501.68
9.9215,20.02,0.66057,7.7583,0.23574,-0.097821,0.10849,0.0306,0.0196,396.01
9.9615,20.322,0.66875,7.7532,0.24183,-0.09072,0.10061,0.0314,0.0196,395.77
10.001,20.627,0.64616,7.7496,0.20923,-0.079849,0.08852,0.027,0.0171,453.36
10.041,20.938,0.67736,7.7403,0.24175,-0.070364,0.078032,0.0314,0.0189,409.74
10.082,21.237,0.70418,7.6945,0.26803,-0.055885,0.061962,0.0348,0.0203,379.27
10.122,21.524,0.70358,7.6203,0.25818,-0.037031,0.041059,0.034,0.0195,391.01
10.161,21.813,0.743,7.5489,0.29958,-0.019132,0.021214,0.0397,0.0218,346.55
10.201,22.106,0.79611,7.5089,0.35479,-0.0093767,0.010397,0.0472,0.025,300.69
10.241,22.391,0.9348,7.4852,0.50697,-0.0047365,0.0052505,0.0676,0.034,220.66
10.282,22.71,0.93259,7.5496,0.49162,-0.026141,0.028983,0.0651,0.0322,234.96
10.322,23.025,0.91291,7.5805,0.45364,-0.033528,0.037174,0.0599,0.0292,260.07
10.362,23.335,0.9633,7.6028,0.50263,-0.038262,0.042428,0.0661,0.0316,241.12
10.402,23.65,1.0187,7.6262,0.55445,-0.041966,0.046519,0.0725,0.0339,225.56
10.441,23.951,1.0475,7.6164,0.5708,-0.039115,0.043373,0.0749,0.0344,222.03
10.482,24.251,1.093,7.6073,0.60786,-0.036842,0.040852,0.0798,0.036,211.99
10.522,24.557,1.1648,7.6109,0.67435,-0.037506,0.041588,0.0885,0.0393,194.42
10.562,24.865,1.2273,7.6189,0.72925,-0.03874,0.042949,0.0954,0.0417,183.54
10.602,25.17,1.2337,7.6206,0.71665,-0.038646,0.042844,0.0938,0.0402,190.4
10.642,25.484,1.2926,7.6369,0.76295,-0.04045,0.044839,0.0995,0.0421,182.3
10.682,25.789,1.3238,7.6398,0.77602,-0.040924,0.045364,0.1011,0.0421,182.4
10.722,26.089,1.3372,7.6349,0.76658,-0.040725,0.045155,0.1002,0.0409,187.61
10.762,26.394,1.3641,7.6269,0.7745,-0.034762,0.038539,0.1012,0.0406,188.82
10.802,26.697,1.3746,7.6313,0.76386,-0.036657,0.040639,0.0998,0.0393,195.15
10.842,26.916,1.4539,7.501,0.82371,-0.017051,0.018902,0.1093,0.0426,177.14
10.882,27.227,1.4418,7.5394,0.78762,-0.030971,0.034339,0.1042,0.0396,191.42
10.922,27.544,1.4124,7.5928,0.73369,-0.046405,0.051455,0.0965,0.0356,214.27
10.962,27.844,1.3677,7.6091,0.66476,-0.050959,0.056495,0.0871,0.0309,247.19
11.002,28.147,1.3795,7.6312,0.65814,-0.055307,0.061326,0.0862,0.03,255.32
11.042,28.446,1.4269,7.6308,0.69318,-0.052388,0.058069,0.0905,0.0313,244.8
11.082,28.749,1.4161,7.6235,0.65655,-0.044797,0.049671,0.086,0.0289,264.76
11.122,29.055,1.4326,7.6194,0.65423,-0.03874,0.042949,0.0857,0.0282,271.18
11.162,29.357,1.4531,7.6138,0.65616,-0.03438,0.038119,0.0861,0.0279,273.91
11.202,29.659,1.4397,7.637,0.62286,-0.042619,0.047255,0.0815,0.0255,300.48
11.242,29.962,1.4387,7.6607,0.60248,-0.049531,0.054921,0.0786,0.0238,322.87
11.282,30.275,1.4458,7.6969,0.59307,-0.056349,0.062481,0.077,0.0227,340.08
11.322,30.597,1.5338,7.7642,0.67281,-0.082046,0.090934,0.0862,0.0262,297.45
11.362,30.899,1.5589,7.7995,0.67524,-0.096546,0.107,0.0861,0.0255,307.01
11.402,31.196,1.5122,7.7894,0.599,-0.088445,0.098077,0.077,0.0211,370.26
11.442,31.487,1.5193,7.7479,0.58303,-0.071972,0.079807,0.0753,0.02,388.49
11.482,31.785,1.4942,7.7188,0.53431,-0.054644,0.060591,0.0692,0.017,455.14
11.522,32.074,1.5333,7.6773,0.55081,-0.041961,0.04652,0.0716,0.0177,434.86
11.562,32.364,1.4861,7.663,0.47416,-0.041671,0.046205,0.0619,0.013,590.59
11.602,32.666,1.4971,7.6479,0.46989,-0.030503,0.03381,0.0614,0.0125,612.99
11.642,32.97,1.4961,7.6681,0.44219,-0.038456,0.04263,0.0577,0.0106,724.61
11.682,33.278,1.5031,7.6768,0.4333,-0.034857,0.038641,0.0565,0.0099,776.67
11.722,33.587,1.5008,7.7087,0.41606,-0.044528,0.049346,0.0539,0.0085,908.23
11.762,33.884,1.479,7.6997,0.37099,-0.043192,0.04788,0.0483,0.0058,1329.1
11.802,33.853,1.7029,7.6662,0.3195,-0.036557,0.040519,0.042,0.0028,2740.3
11.842,34.154,1.6944,7.6398,0.29441,-0.024724,0.027397,0.0387,0.0013,5881.1
11.882,34.467,1.7157,7.6368,0.30058,-0.016394,0.01816,0.0393,0.0016,4776.7
11.922,34.746,1.6639,7.6259,0.20586,-0.026056,0.028861,0.0272,-0.0042,-1816.4
11.962,35.054,1.6578,7.6456,0.18764,-0.029943,0.03316,0.0248,-0.0052,-1470.8
12.002,35.367,1.7052,7.6665,0.23183,-0.027206,0.030115,0.0302,-0.0026,-2950
12.042,35.672,1.6933,7.6679,0.1974,-0.024738,0.027385,0.0259,-0.0046,-1667.5
12.082,35.975,1.7184,7.6606,0.20773,-0.020571,0.022767,0.0273,-0.0039,-1965
12.122,36.179,1.6763,7.642,0.1391,-0.023513,0.026014,0.0184,-0.0083,-920.87
12.162,36.499,1.7367,7.6298,0.1893,-0.011288,0.012483,0.0247,-0.0051,-1496.5
12.202,36.766,1.7676,7.6179,0.1316,-0.011478,0.012689,0.0174,-0.0087,-875.75
12.242,37.046,1.7438,7.5732,0.08633,-0.0088242,0.0097519,0.0115,-0.0114,-664.36
12.282,37.341,1.7381,7.5618,0.067628,-0.0083511,0.0092261,0.009,-0.0123,-614.8
12.322,37.623,1.7334,7.5146,0.053399,-0.0049361,0.0054502,0.0072,-0.0131,-573.64
12.362,37.909,1.7149,7.5037,0.023656,-0.0077874,0.0085913,0.0032,-0.0148,-507.01
12.402,38.234,1.7504,7.5444,0.055052,-0.0089321,0.0098452,0.0073,-0.0125,-603.57
12.442,38.512,1.7329,7.5024,0.013958,-0.0089342,0.0098422,0.002,-0.0149,-503.52
12.482,38.807,1.7259,7.4904,-0.0027716,-0.0093173,0.010258,-0.0003,-0.0157,-477.1
12.522,39.118,1.738,7.4999,0.00074556,-0.0088445,0.0097329,0.0001,-0.0152,-493.42
12.562,39.41,1.7477,7.4705,0.0061271,-0.0069448,0.007638,0.0009,-0.0145,-515.2
12.602,39.705,1.7324,7.459,-0.025377,-0.0087549,0.0096235,-0.0033,-0.0163,-457.61
12.642,39.992,1.7283,7.4452,-0.038065,-0.011424,0.012548,-0.005,-0.0169,-440.55
12.682,40.287,1.7069,7.4504,-0.077696,-0.014382,0.015781,-0.0103,-0.0192,-388.07
12.722,40.581,1.6882,7.4614,-0.11345,-0.01782,0.019537,-0.015,-0.0213,-350.34
12.762,40.888,1.6727,7.4947,-0.14853,-0.02145,0.023494,-0.0196,-0.0231,-324.51
12.802,41.185,1.658,7.4983,-0.17713,-0.022985,0.025155,-0.0234,-0.0246,-304.9
12.842,41.474,1.6542,7.4665,-0.19278,-0.019943,0.021808,-0.0256,-0.0253,-295.22
12.882,41.78,1.5498,7.4596,-0.24622,-0.017375,0.018983,-0.0328,-0.0284,-262.81
12.922,41.972,1.4403,7.1628,-0.38514,-0.014807,0.016161,-0.0535,-0.0386,-185.83
12.962,42.281,1.3369,7.2062,-0.43942,-0.018353,0.020007,-0.0607,-0.0418,-172.72
13.002,42.613,1.3228,7.2922,-0.43395,-0.013107,0.014265,-0.0593,-0.0394,-185.41
13.042,42.932,1.3272,7.3632,-0.42153,-0.012447,0.013529,-0.0571,-0.0373,-197.73
13.082,43.242,1.3323,7.3199,-0.42443,-0.016863,0.018302,-0.0577,-0.0365,-200.88
13.122,43.541,1.3151,7.3278,-0.42677,-0.020709,0.022454,-0.058,-0.0358,-205.03
13.162,43.839,1.3183,7.2768,-0.42089,-0.026961,0.029187,-0.0575,-0.0345,-211.27
13.202,44.138,1.3048,7.2393,-0.40836,-0.026978,0.029171,-0.056,-0.0326,-222.42
13.242,44.412,1.2661,7.1082,-0.44886,-0.036505,0.039436,-0.0627,-0.0354,-201.2
13.282,44.685,1.2839,6.9496,-0.40844,-0.045372,0.048934,-0.0582,-0.0315,-221
13.322,44.926,1.3148,6.5837,-0.32823,-0.040501,0.043599,-0.0493,-0.0249,-264.73
13.362,45.187,1.3237,6.4183,-0.27846,-0.029181,0.031367,-0.0429,-0.0199,-322.83
13.402,45.437,1.3296,6.3083,-0.26479,-0.026706,0.02864,-0.0416,-0.0187,-337.64
13.442,45.645,1.3341,6.0737,-0.25188,-0.027506,0.029438,-0.041,-0.018,-337.72
13.482,45.812,1.3354,5.7187,-0.23513,-0.028017,0.029925,-0.0406,-0.0175,-327.06
13.522,46.121,1.3566,5.8903,-0.21225,-0.0087079,0.0092811,-0.036,-0.0143,-412.17
13.562,46.354,1.368,5.7929,-0.19402,-0.0025185,0.0026793,-0.0335,-0.0125,-463.7
13.602,46.535,1.3704,5.5277,-0.17712,0.0017448,-0.0018534,-0.032,-0.0114,-485.14
13.642,46.628,1.3824,4.9863,-0.15373,0.0027176,-0.0028802,-0.0308,-0.0106,-470.63
13.682,46.613,1.4087,4.1208,-0.12125,-0.00038883,0.00041106,-0.0294,-0.0101,-408.17
13.722,46.545,1.423,3.158,-0.099016,-0.017199,0.018185,-0.0304,-0.0111,-284.64
13.762,46.424,1.544,2.106,-0.086241,-0.056345,0.060064,-0.0336,-0.0136,-154.99
******-------------------------------------------------------------------------------------------------------------------****** 
