******-------------------------------------------------------------------------------------------------------------------****** 
Duration of the scene is: 46.7141 seconds
Original Targets Numbers in the hole Scene: 6
Number of Targets in the hole Scene after preprocessing: 8
Number of static portions: 1
******-------------------------------------------------------------------------------------------------------------------****** 
TargetID: ID01
Relevancy: 0
tj = Inf
Label: -1
Comment: Target is irrelevant as it is not crossing the estimated holding line
DATA:
0,-0,0,2.5433,-0.24676,1.1804,0.29863,0,-0.2828,-9.0355
0.046087,0.30144,-0.046328,2.7747,-0.057556,1.3067,0.33453,-0.0207,-0.2827,-9.8171
0.07756,0.45531,-0.064527,2.8898,-0.096257,1.4032,0.35464,-0.0333,-0.2835,-10.199
0.12404,0.62536,-0.088331,3.0258,-0.14537,1.5401,0.38357,-0.048,-0.2854,-10.614
0.15552,1.2807,-0.098886,4.1654,-0.26138,3.0655,0.75055,-0.0627,-0.2873,-14.527
0.20195,1.5422,-0.14227,4.4392,-0.36812,3.3634,0.81051,-0.0827,-0.2918,-15.265
0.23369,1.7571,-0.2064,4.5565,-0.4876,3.4274,0.81212,-0.1066,-0.2983,-15.362
0.28,1.9774,-0.25349,4.677,-0.67885,3.6029,0.83481,-0.1442,-0.3121,-15.142
0.32676,2.3406,-0.33557,4.9818,-1.6046,4.4765,0.92366,-0.1792,-0.3238,-16.164
0.35818,3.3584,-0.82493,2.0866,1.7632,1.8234,1.131,-0.3033,-0.0831,-32.874
0.40484,3.4245,-0.52614,3.1895,0.66329,3.2419,1.2638,-0.3685,-0.0899,-36.238
0.43646,3.5852,-0.43106,3.1895,0.66329,NaN,NaN,-0.17231,NaN,NaN
0.48319,3.8226,-0.29058,3.1895,0.66329,NaN,NaN,0.11755,NaN,NaN
0.5143,3.9807,-0.19706,3.1895,0.66329,NaN,NaN,0.31052,NaN,NaN
0.56088,4.2173,-0.057049,3.1895,0.66329,NaN,NaN,0.59943,NaN,NaN
0.59255,4.3782,0.03816,3.1895,0.66329,NaN,NaN,0.79589,NaN,NaN
0.63894,4.6139,0.17763,3.1895,0.66329,NaN,NaN,1.0837,NaN,NaN
0.68638,4.855,0.32024,3.1895,0.66329,NaN,NaN,1.3779,NaN,NaN
0.71691,5.01,0.41199,3.1895,0.66329,NaN,NaN,1.5673,NaN,NaN
0.7636,5.2473,0.55237,3.1895,0.66329,NaN,NaN,1.8569,NaN,NaN
0.79513,5.4074,0.64714,3.1895,0.66329,NaN,NaN,2.0525,NaN,NaN
0.84178,5.6445,0.78739,3.1895,0.66329,NaN,NaN,2.3419,NaN,NaN
0.87315,5.8038,0.88169,3.1895,0.66329,NaN,NaN,2.5364,NaN,NaN
0.91984,6.041,1.0221,3.1895,0.66329,NaN,NaN,2.8261,NaN,NaN
0.96646,6.2779,1.1622,3.1895,0.66329,NaN,NaN,3.1152,NaN,NaN
0.99774,6.4368,1.2562,3.1895,0.66329,NaN,NaN,3.3093,NaN,NaN
1.0445,6.6744,1.3968,3.1895,0.66329,NaN,NaN,3.5993,NaN,NaN
1.076,6.8343,1.4914,3.1895,0.66329,NaN,NaN,3.7946,NaN,NaN
1.1225,7.0706,1.6312,3.1895,0.66329,NaN,NaN,4.083,NaN,NaN
1.1541,7.2314,1.7264,3.1895,0.66329,NaN,NaN,4.2794,NaN,NaN
1.2003,7.4659,1.8652,3.1895,0.66329,NaN,NaN,4.5657,NaN,NaN
1.2322,7.628,1.961,3.1895,0.66329,NaN,NaN,4.7636,NaN,NaN
1.279,7.8657,2.1017,3.1895,0.66329,NaN,NaN,5.0538,NaN,NaN
1.3254,8.1014,2.2412,NaN,NaN,NaN,NaN,5.3416,NaN,NaN
1.3566,8.1938,2.1085,NaN,NaN,NaN,NaN,5.3416,NaN,NaN
1.4032,8.2862,1.9757,NaN,NaN,NaN,NaN,5.3416,NaN,NaN
1.4348,8.1449,2.1991,2.9394,-3.3951,-0,0,5.426,0,Inf
1.4813,8.2629,2.0619,2.9395,-3.3949,-0,0,5.426,0,Inf
1.5126,8.3772,1.9268,2.9394,-3.395,-0,0,5.426,0,Inf
1.5595,8.4927,1.7917,2.9396,-3.3949,-0,0,5.426,0,Inf
1.606,8.6137,1.6521,2.9397,-3.3948,-0,0,5.4261,0,Inf
1.6375,8.7224,1.5218,2.9396,-3.3949,-0,0,5.426,0,Inf
******-------------------------------------------------------------------------------------------------------------------****** 
TargetID: ID08
Relevancy: 0
tj = Inf
Label: -1
Comment: Target is irrelevant as it is not crossing the estimated holding line
DATA:
1.3566,-0,0,2.904,-0.46378,0.58763,0.67098,0,-0.3226,-9.116
1.4032,0.18027,-0.028439,3.063,-0.54707,0.79876,0.87741,0.0078,-0.2914,-10.678
1.4348,0.23746,-0.047731,2.8487,-0.41139,0.32987,0.40254,-0.042,-0.3372,-8.5357
1.4813,0.30408,-0.075166,2.6809,-0.22113,-0.0095412,-0.013846,-0.0863,-0.372,-7.2313
1.5126,0.4069,-0.10194,2.6768,-0.26091,-0.0094898,-0.013711,-0.1012,-0.372,-7.2298
1.5595,0.58336,-0.13236,2.7102,-0.44493,0.039595,0.054834,-0.1469,-0.4032,-6.8117
1.606,0.3839,-0.1744,2.4132,0.3959,-0.23147,-0.89149,-0.1663,-0.4087,-5.9834
1.6375,0.4981,-0.21265,2.418,0.32198,-0.2291,-0.8944,-0.1981,-0.4225,-5.7736
1.684,0.61549,-0.20742,2.6292,-0.089195,-0.19588,-0.77779,-0.19326,-0.41258,-6.3762
1.7155,0.70031,-0.21424,2.7603,-0.34117,-0.17339,-0.69885,-0.18998,-0.40587,-6.8526
1.762,0.83275,-0.23802,2.9363,-0.67428,-0.14018,-0.58228,-0.18513,-0.39596,-7.6087
1.7934,0.92675,-0.26239,3.0435,-0.87325,-0.11771,-0.50343,-0.18186,-0.38926,-8.1342
1.8401,1.0724,-0.3094,3.1852,-1.1299,-0.084298,-0.38615,-0.17699,-0.37928,-8.9106
1.8867,1.2238,-0.36711,3.3053,-1.3389,-0.050987,-0.26923,-0.17213,-0.36934,-9.6555
1.9183,1.3293,-0.4113,3.3748,-1.454,-0.0284,-0.18995,-0.16884,-0.3626,-10.134
1.9649,1.4885,-0.48218,3.4595,-1.5844,0.0048645,-0.073197,-0.16399,-0.35267,-10.789
1.9964,1.5982,-0.53312,3.5049,-1.6462,0.027376,0.0058147,-0.1607,-0.34595,-11.193
2.0429,1.7625,-0.61113,3.5543,-1.6985,0.060639,0.12256,-0.15585,-0.33603,-11.723
2.0743,1.8745,-0.66469,3.5758,-1.7074,0.083098,0.20139,-0.15258,-0.32932,-12.032
2.1209,2.0415,-0.74378,3.5901,-1.6815,0.11638,0.31821,-0.14773,-0.31939,-12.412
2.1523,2.1543,-0.79597,3.5878,-1.6377,0.13884,0.39702,-0.14445,-0.31269,-12.613
2.1993,2.3224,-0.87061,3.5666,-1.5326,0.17241,0.51486,-0.13956,-0.30267,-12.826
2.2457,2.4868,-0.93836,3.5246,-1.3822,0.20554,0.63116,-0.13473,-0.29278,-12.931
2.2772,2.5972,-0.97993,3.4842,-1.2537,0.22806,0.71019,-0.13144,-0.28606,-12.945
2.3237,2.7576,-1.0331,3.407,-1.0248,0.26132,0.82692,-0.12659,-0.27613,-12.884
2.3554,2.8646,-1.0628,3.3423,-0.84222,0.28396,0.90639,-0.12329,-0.26938,-12.796
2.4017,3.0169,-1.0949,3.2303,-0.53648,0.31706,1.0226,-0.11847,-0.2595,-12.619
2.4332,3.1174,-1.1081,3.1422,-0.30191,0.3396,1.1017,-0.11518,-0.25277,-12.488
2.4803,3.2619,-1.1134,2.9926,0.088157,0.37326,1.2198,-0.11027,-0.24273,-12.334
2.5264,3.3961,-1.0996,2.8252,0.51636,0.40621,1.3355,-0.10547,-0.23289,-12.332
2.5578,3.4827,-1.0785,2.6996,0.83381,0.42863,1.4142,-0.1022,-0.2262,-12.491
2.6048,3.622,-1.1342,2.7978,0.74722,0.43819,1.4345,-0.1256,-0.2331,-12.423
******-------------------------------------------------------------------------------------------------------------------****** 
TargetID: ID09
Target can not be processed due to lack of Data
******-------------------------------------------------------------------------------------------------------------------****** 
TargetID: ID10
Relevancy: 0
tj = Inf
Label: -1
Comment: Target is irrelevant as it is not crossing the estimated holding line
DATA:
38.554,0,-0,NaN,NaN,NaN,NaN,0,NaN,NaN
38.594,-0.19263,1.9444,7.8854,3.0578,0,-0,0.3699,0,Inf
38.634,0.19642,1.6827,8.0771,2.7206,0.03823,-0.013631,0.3249,-0.0437,-195.03
38.674,0.50003,1.8578,8.1606,2.8863,0.093649,-0.033384,0.3399,-0.0584,-148.22
38.714,0.92205,1.8115,8.1748,2.8434,-0.021046,0.0075066,0.3347,-0.018,-480.84
38.753,1.2475,1.9284,8.2019,2.8466,-0.037296,0.013303,0.3341,-0.018,-482.32
38.794,1.5742,2.0468,8.2293,2.8491,-0.053546,0.019098,0.3333,-0.018,-483.81
38.834,1.9684,2.2293,8.2784,3.1522,-0.036763,0.013112,0.3639,0.0488,181.52
38.874,2.3013,2.3538,8.2807,3.2149,-0.059273,0.021141,0.3704,0.0694,128
38.914,2.6306,2.4868,8.3058,3.2514,-0.081518,0.029067,0.3732,0.0694,128.52
38.954,2.9649,2.6157,8.3308,3.2879,-0.10389,0.037045,0.376,0.0694,129.05
38.994,3.2965,2.7508,8.3558,3.3244,-0.12614,0.044977,0.3788,0.0694,129.58
39.034,3.6225,2.9051,8.0371,4.1665,-0.13367,0.047664,0.39858,0.11121,81.403
39.074,3.9462,3.066,8.2878,3.6825,-0.14119,0.050344,0.4183,0.1529,59.314
39.114,4.2846,3.1848,8.2873,3.719,-0.06274,0.022364,0.4219,0.1575,57.673
39.154,4.6286,3.361,8.3183,3.8395,-0.052885,0.018846,0.4325,0.1614,56.763
39.194,4.9638,3.5911,8.341,4.0602,-0.077133,0.02748,0.4531,0.1775,52.263
39.234,5.2982,3.747,8.3505,4.118,-0.088853,0.031653,0.4582,0.1745,53.356
39.274,5.6395,3.9041,8.3698,4.1452,-0.096709,0.034461,0.4599,0.1659,56.299
39.314,5.9807,4.0303,8.3816,4.0769,-0.082453,0.029391,0.4528,0.1448,64.368
39.354,6.3195,4.1704,8.4015,4.0521,-0.083523,0.029769,0.4494,0.1305,71.476
39.394,6.6622,4.1982,8.4133,3.6736,-0.042361,0.015098,0.4117,0.067,137.02
39.434,7.0066,4.3408,8.4335,3.6922,-0.046488,0.016575,0.4127,0.0646,142.51
39.474,7.3499,4.4291,8.471,3.505,-0.035966,0.012824,0.3923,0.032,286.48
39.514,7.6869,4.4884,8.4637,3.2662,-0.01412,0.0050344,0.3683,-0.0017,-5336.5
39.554,8.0309,4.7126,8.4905,3.5392,-0.013188,0.004702,0.395,0.0332,277.07
39.594,8.3821,4.8289,8.5315,3.4799,-0.01159,0.004131,0.3873,0.0213,432.58
39.634,9.0251,4.3227,8.5733,3.6533,-0.015853,0.0056512,0.4028,0.0387,240.81
39.674,9.3435,4.4344,8.6222,3.6945,-0.010923,0.0038944,0.4048,0.0384,244.28
39.714,9.0419,6.0707,8.967,5.0799,-0.076303,0.027181,0.5157,0.045,229.02
39.754,9.2298,5.8856,8.7783,4.6638,-0.046744,0.016658,0.4887,0.1179,84.311
39.794,9.9807,6.3288,8.7079,5.1102,-0.067655,0.024094,0.5309,0.2462,41.01
39.834,10.281,6.4849,8.6456,5.13,-0.055805,0.01987,0.5358,0.253,39.735
39.874,10.639,6.6418,8.7031,5.0694,-0.089666,0.031883,0.5271,0.1747,57.653
39.914,10.947,6.7739,8.676,4.9989,-0.082341,0.029279,0.5223,0.124,80.751
39.954,8.6393,5.4071,8.7095,5.002,-0.02798,0.0099553,0.5212,0.1323,75.915
39.994,8.9876,5.6076,8.692,5.0536,-0.029712,0.010568,0.5265,0.1323,75.997
40.034,10.537,6.4729,8.7419,5.6519,-0.035435,0.012616,0.5742,0.3125,33.311
40.074,10.768,6.6544,8.7616,5.3677,-0.0035978,0.0012803,0.5497,0.2058,49.927
40.114,11.223,6.6643,8.7034,4.628,-0.019054,0.006778,0.4886,-0.0077,-1280.2
40.154,11.479,6.7929,8.6063,4.4995,-0.011459,0.0040777,0.4816,-0.0296,-328.09
40.194,11.766,6.8936,8.5461,4.2333,-0.018521,0.00659,0.4598,-0.0913,-104.46
40.234,11.638,6.7807,8.9925,4.2285,-0.038515,0.013695,0.439,-0.148,-67.142
40.274,13.811,8.0842,8.0021,4.1573,-0.01039,0.0037002,0.4793,-0.1399,-64.458
40.314,13.499,7.9372,8.0619,4.1388,0.010393,-0.0037002,0.4741,-0.214,-42.347
40.354,13.965,8.1614,8.1711,3.9553,0.0046635,-0.0016609,0.4508,-0.2427,-37.404
40.394,14.412,8.3341,8.272,3.5818,0.020785,-0.007403,0.4086,-0.3819,-23.604
40.434,14.614,8.3668,8.2845,3.4894,0.0083945,-0.0029885,0.3985,-0.3672,-24.481
40.474,15.031,8.5198,8.5055,3.2754,0.0069275,-0.0024675,0.3676,-0.4071,-22.389
40.514,15.095,8.6133,7.9236,3.4414,-0.010257,0.0036529,0.4099,-0.2839,-30.429
40.554,15.431,8.729,7.8796,3.2744,-0.03409,0.012146,0.3945,-0.297,-28.73
40.594,17.715,9.5201,10.17,2.8834,-0.24973,0.08857,0.2738,-0.3032,-34.864
40.634,18.735,9.6938,10.413,2.1606,-0.35213,0.12486,0.2015,-0.3107,-34.228
40.674,19.154,9.7628,10.394,2.024,-0.36923,0.13088,0.1891,-0.3107,-34.082
40.714,19.574,9.8262,10.373,1.8877,-0.38592,0.1368,0.1767,-0.3107,-33.935
40.754,19.992,9.8839,10.351,1.752,-0.40235,0.14262,0.1642,-0.3107,-33.789
40.794,16.572,9.1944,8.8661,3.7552,-0.065317,0.023208,0.3997,-0.3107,-30.99
40.834,16.827,9.2449,8.881,3.4884,-0.1566,0.055511,0.3721,-0.5097,-18.72
40.874,17.149,9.4387,8.7996,3.3966,-0.15353,0.054427,0.3662,-0.4995,-18.884
40.914,17.517,9.6528,8.9204,3.5932,-0.01479,0.0052612,0.3827,-0.3162,-30.414
40.954,17.873,9.8189,8.9365,3.5398,0.0097252,-0.0034621,0.3773,-0.2992,-32.126
40.994,18.238,9.9998,9.0144,3.5531,0.06432,-0.022936,0.3763,-0.2605,-37.195
41.034,18.643,10.114,9.1654,3.3964,0.098789,-0.035252,0.3562,-0.2791,-35.021
41.074,19.03,10.26,9.2629,3.3277,0.13604,-0.048582,0.3466,-0.2746,-35.843
41.114,19.417,10.395,9.3574,3.2147,0.15771,-0.056341,0.3328,-0.2823,-35.049
41.154,19.756,10.599,9.3044,3.2905,0.14668,-0.05239,0.3417,-0.2401,-41.104
41.194,20.144,10.738,9.3863,3.2039,0.15067,-0.053814,0.3308,-0.2441,-40.631
41.234,20.492,10.923,9.3838,3.2639,0.14934,-0.053339,0.3366,-0.2165,-45.89
41.274,20.852,11.066,9.3927,3.2337,0.13538,-0.048336,0.3332,-0.2061,-48.199
41.314,21.286,11.179,9.5078,3.0843,0.12366,-0.044097,0.3151,-0.2196,-45.517
41.354,21.702,11.237,9.6524,2.8923,0.15614,-0.055746,0.2929,-0.2438,-41.331
41.394,21.99,11.439,9.5061,3.0445,0.1121,-0.039998,0.3113,-0.2002,-49.859
41.434,21.928,12.167,8.5255,4.4279,0.023445,-0.0083527,0.4794,0.0921,104.31
41.474,22.312,12.331,8.5122,4.3221,0.029969,-0.010679,0.4703,0.0736,129.71
41.514,22.707,12.536,8.5341,4.3225,0.025708,-0.0091596,0.4692,0.0691,138.44
41.554,23.093,12.675,8.5626,4.2528,0.022379,-0.0079721,0.4613,0.0559,171.03
41.594,23.45,12.869,8.5375,4.2501,0.023445,-0.0083527,0.4622,0.053,179.94
41.634,23.96,12.937,8.7739,4.018,0.0014651,-0.00052157,0.4295,0.0154,626.64
41.674,24.329,13.099,8.7867,4.0164,0.002265,-0.00080633,0.4288,0.0151,639.81
41.714,24.713,13.232,8.8294,3.9706,0.00039976,-0.0001419,0.4226,0.0061,1587.1
41.754,25,13.472,8.7552,4.074,0.0017319,-0.00061712,0.4355,0.0169,571.4
41.794,25.347,13.648,8.7573,4.0862,0.0021317,-0.00075903,0.4366,0.0162,596.53
41.834,25.745,13.78,8.8227,4.0449,0.002265,-0.00080633,0.4299,0.0094,1032.5
41.874,26.116,13.931,8.8486,4.0391,0.0037301,-0.0013279,0.4283,0.0073,1332.5
41.914,26.527,14.041,8.9112,3.9596,0.0035968,-0.0012806,0.4182,-0.0027,-3611.6
41.954,26.894,14.193,8.9519,3.951,0.0070604,-0.0025139,0.4157,-0.0055,-1779.1
41.994,27.311,14.328,9.0184,3.9054,0.009992,-0.0035577,0.4088,-0.0109,-901.62
42.034,27.633,14.542,8.971,3.9705,0.0069272,-0.0024666,0.4168,-0.0034,-2885.4
42.074,27.965,14.739,8.8924,4.0897,0.0035968,-0.0012806,0.4311,0.0171,572.38
42.114,28.338,14.887,8.9218,4.0843,0.0053288,-0.0018977,0.4294,0.015,654.15
42.154,28.74,15.02,8.9861,4.0589,0.0086591,-0.0030837,0.4244,0.0106,930.22
42.194,29.117,15.171,9.0175,4.0414,0.0093254,-0.0033202,0.4215,0.0078,1266.9
42.234,29.514,15.296,9.069,4.0057,0.012789,-0.0045535,0.4161,0.0035,2832.6
******-------------------------------------------------------------------------------------------------------------------****** 
TargetID: ID11
Target can not be processed due to lack of Data
******-------------------------------------------------------------------------------------------------------------------****** 
TargetID: ID12
Target can not be processed due to lack of Data
******-------------------------------------------------------------------------------------------------------------------****** 
TargetID: ID13
Target can not be processed due to lack of Data
******-------------------------------------------------------------------------------------------------------------------****** 
TargetID: ID14
Relevancy: 0
tj = Inf
Label: -1
Comment: Target is irrelevant as it is not crossing the estimated holding line
DATA:
5.1635,-0,0,6.2303,-0.88385,1.3524,3.0145,0,0.0536,117.4
5.1946,0.21141,0.004155,6.1435,-0.78323,1.0769,2.6161,-0.0004,0.0464,133.47
5.2409,0.49477,0.028174,6.2868,-0.74723,1.0274,2.6642,0.0046,0.0504,125.62
5.2725,0.74456,0.01962,6.2358,-0.73636,0.82072,2.3406,-0.0081,0.0228,275.4
5.319,1.0155,0.025478,6.3614,-0.74511,0.77576,2.3794,-0.0097,0.0184,348.09
5.3657,1.2982,0.038392,6.7298,-0.68919,0.71939,2.4845,-0.0021,0.0279,242.47
5.3971,1.5209,0.029651,6.371,-0.69456,0.53663,2.0156,-0.0179,0.0001,64087
5.4437,1.832,0.044043,6.5152,-0.6548,0.5001,2.0637,-0.0119,0.0077,850.39
5.4754,2.0289,0.037334,6.316,-0.63537,0.32232,1.5736,-0.0285,-0.0189,-335.87
5.5217,2.3993,0.034516,6.4726,-0.69536,0.29388,1.6219,-0.0382,-0.0329,-197.87
5.5532,2.639,0.029547,6.4579,-0.8722,0.21852,1.4294,-0.0734,-0.0789,-82.592
5.6002,2.9474,0.015742,6.5833,-0.8798,0.19433,1.4669,-0.0723,-0.0749,-88.676
5.6465,3.269,0.0083209,6.9013,-0.14481,-0.0064333,1.4925,-0.0774,-0.079,-87.377
5.6777,3.5851,0.0017641,6.6472,-0.89949,0.11904,1.3639,-0.079,-0.0789,-85.017
5.7249,3.9395,0.0026297,7.0551,-0.92051,0.12048,1.6432,-0.0704,-0.0642,-110.82
5.7562,4.2545,-0.017589,7.1777,-0.93278,0.088853,1.6593,-0.0713,-0.0629,-115.07
5.8026,4.5403,-0.015289,7.2682,-0.88394,0.057002,1.6593,-0.0644,-0.052,-140.8
5.8342,4.8534,-0.076234,7.4118,-1.0476,0.026023,1.6943,-0.0853,-0.0726,-103.11
5.8806,5.085,-0.1246,7.4352,-0.78195,-0.073434,1.3741,-0.1048,-0.0915,-81.708
5.9274,5.33,-0.16974,7.3351,-0.84642,-0.079187,1.1334,-0.1149,-0.0992,-74.433
5.9587,5.5801,-0.18946,7.1224,-1.1175,-0.05249,0.91008,-0.1242,-0.1051,-68.597
6.0053,5.8519,-0.23276,7.1671,-1.1451,-0.06538,0.88055,-0.1285,-0.1051,-69.058
6.0368,6.0243,-0.3166,7.0733,-0.85451,-0.08327,0.61413,-0.1417,-0.1143,-62.334
6.0835,6.2047,-0.37656,6.8902,-0.93512,-0.059912,0.41727,-0.1501,-0.1182,-58.827
6.1146,6.4719,-0.41934,6.9084,-0.97631,-0.062553,0.40189,-0.1549,-0.1182,-59.027
6.1612,6.7385,-0.46193,6.9263,-1.0183,-0.064595,0.38684,-0.1598,-0.1182,-59.228
6.194,6.9769,-0.52141,6.7794,-1.1865,-0.036326,0.21835,-0.1733,-0.1265,-54.407
6.2396,7.2405,-0.56989,6.7877,-1.2241,-0.037079,0.20926,-0.1784,-0.1265,-54.523
6.2861,7.5069,-0.62034,6.7961,-1.2616,-0.03754,0.2005,-0.1836,-0.1265,-54.642
6.3175,7.739,-0.71904,6.7133,-1.5842,-0.02266,0.1173,-0.2276,-0.1572,-43.878
6.3642,7.9858,-0.87464,6.6419,-1.7515,-0.009335,0.045315,-0.2578,-0.1761,-39.006
6.3957,8.143,-0.89313,6.4244,-1.6514,0.017417,-0.079892,-0.2546,-0.1692,-39.204
6.4422,8.3912,-0.97073,6.4078,-1.6938,0.017649,-0.077814,-0.2614,-0.1692,-39.172
6.4736,8.6447,-1.0399,6.3909,-1.7365,0.017821,-0.075598,-0.2681,-0.1692,-39.141
6.5203,8.8224,-1.0512,6.151,-1.6769,0.049897,-0.2048,-0.2662,-0.1643,-38.804
6.5669,8.9953,-1.064,6.0424,-1.5598,0.073931,-0.28524,-0.2646,-0.1594,-39.15
6.5983,9.2291,-1.1346,6.0027,-1.5938,0.072646,-0.27102,-0.271,-0.1594,-38.963
6.6449,9.3716,-1.1921,5.7303,-1.5404,0.097704,-0.34258,-0.2783,-0.1608,-36.901
6.6763,9.5111,-1.2088,5.5006,-1.4313,0.12449,-0.41602,-0.2753,-0.1551,-36.646
6.723,9.7099,-1.2729,5.4211,-1.4595,0.12985,-0.42535,-0.2845,-0.1576,-35.623
6.7543,9.8512,-1.3139,5.1726,-1.377,0.14901,-0.4628,-0.2858,-0.1547,-34.601
6.801,10.009,-1.3659,5.0105,-1.348,0.15654,-0.47041,-0.2903,-0.1538,-33.737
6.8326,10.224,-1.4411,4.9879,-1.4123,0.14629,-0.43718,-0.3013,-0.1574,-32.935
6.8791,10.405,-1.5099,4.8202,-1.4139,0.14455,-0.41596,-0.3108,-0.1598,-31.435
6.926,10.553,-1.5472,4.6391,-1.3579,0.15101,-0.42217,-0.3125,-0.1571,-30.769
6.9572,10.716,-1.5967,4.525,-1.3435,0.15204,-0.42173,-0.3175,-0.157,-30.065
7.0038,10.878,-1.6557,4.3327,-1.3273,0.14694,-0.39383,-0.3262,-0.159,-28.5
7.0353,11.025,-1.7111,4.3075,-1.4533,0.11198,-0.29996,-0.3475,-0.1692,-26.868
7.0818,11.228,-1.7891,4.2908,-1.5536,0.083686,-0.2234,-0.3634,-0.1754,-26.017
7.113,11.341,-1.8444,4.0906,-1.488,0.081834,-0.21432,-0.3659,-0.1727,-25.205
7.16,11.504,-1.9305,3.9764,-1.532,0.060273,-0.15677,-0.3805,-0.178,-23.94
7.2065,11.674,-1.9947,3.9319,-1.6293,0.030508,-0.079213,-0.3993,-0.1862,-22.858
7.2379,11.869,-2.077,3.8995,-1.7427,0.00015293,-0.00039567,-0.4203,-0.1957,-21.825
7.2847,11.824,-2.0319,3.4559,-1.4696,0.013118,-0.033332,-0.4055,-0.1817,-20.668
7.316,11.994,-2.1131,3.4045,-1.4951,-0.0032196,0.0081524,-0.413,-0.1817,-20.464
7.3627,12.149,-2.179,3.3755,-1.5533,-0.023447,0.059324,-0.4251,-0.1851,-20.074
7.3954,12.285,-2.2425,3.2898,-1.5482,-0.034933,0.088052,-0.4304,-0.1838,-19.782
7.4405,12.422,-2.302,3.2268,-1.545,-0.043259,0.10859,-0.4344,-0.1814,-19.722
7.4874,12.571,-2.3748,3.1876,-1.568,-0.05437,0.13612,-0.4418,-0.1815,-19.573
7.5186,12.702,-2.4338,3.1623,-1.5875,-0.061962,0.15459,-0.4475,-0.1803,-19.625
7.5653,12.864,-2.5193,3.1636,-1.6303,-0.070587,0.1755,-0.4561,-0.1812,-19.641
7.5966,13.032,-2.6056,3.1931,-1.6867,-0.077041,0.19068,-0.4653,-0.1825,-19.788
7.6434,13.211,-2.7008,3.2356,-1.746,-0.081056,0.1995,-0.4742,-0.1834,-20.047
7.6748,14.035,-3.097,4.9085,-2.6085,0.044685,-0.10619,-0.4837,-0.1818,-30.575
7.7214,14.222,-3.2995,4.7245,-2.6676,0.022566,-0.053321,-0.5116,-0.1977,-27.444
7.7528,14.403,-3.4076,4.7282,-2.6902,0.024232,-0.056761,-0.5198,-0.1979,-27.488
7.7998,14.516,-3.5351,4.5361,-2.6913,-0.00061112,0.0014308,-0.5356,-0.204,-25.855
7.8461,14.682,-3.6606,4.4766,-2.7293,-0.011366,0.026539,-0.5487,-0.2081,-25.195
7.8777,14.852,-3.7758,4.4401,-2.7766,-0.012296,0.028717,-0.5575,-0.2085,-25.117
7.9241,15.033,-3.9469,4.4049,-2.8406,-0.02653,0.061673,-0.5755,-0.2161,-24.255
7.9561,15.206,-4.1314,4.3679,-2.9348,-0.036746,0.085232,-0.5953,-0.2249,-23.398
8.0021,15.321,-4.1876,4.233,-2.8546,-0.060136,0.13911,-0.5997,-0.2217,-23.029
8.0336,15.474,-4.2957,4.1441,-2.9308,-0.063684,0.1486,-0.6088,-0.2219,-22.874
8.0804,15.634,-4.4491,4.1709,-2.9503,-0.059421,0.13706,-0.6217,-0.2249,-22.716
8.127,15.784,-4.5594,4.0763,-3.0225,-0.06453,0.14994,-0.6314,-0.2255,-22.504
8.1586,15.923,-4.6805,4.0113,-3.0524,-0.07143,0.16582,-0.6432,-0.2277,-22.137
8.2049,16.057,-4.8004,3.9349,-3.0654,-0.081427,0.18892,-0.6535,-0.2287,-21.81
8.2365,16.186,-4.9064,3.8439,-3.0761,-0.094775,0.2199,-0.6651,-0.2306,-21.35
8.2831,16.603,-5.3504,4.5096,-3.7484,0.1123,-0.25619,-0.7009,-0.2486,-23.588
8.3142,16.755,-5.4854,4.4421,-3.785,0.10262,-0.23404,-0.7124,-0.2499,-23.353
8.3609,16.888,-5.6379,4.2972,-3.8363,0.079813,-0.183,-0.7235,-0.2511,-22.941
8.3924,17.012,-5.7577,4.1731,-3.7929,0.046367,-0.10612,-0.7346,-0.2523,-22.351
8.4395,17.114,-5.8807,4.0236,-3.7149,0.0021547,-0.0049228,-0.7454,-0.2531,-21.637
8.4857,17.195,-5.9739,3.8342,-3.5889,-0.058447,0.13324,-0.7567,-0.2546,-20.627
8.5171,17.253,-6.065,3.6258,-3.4311,-0.1282,0.29154,-0.768,-0.2558,-19.515
8.5637,17.286,-6.132,3.3871,-3.2266,-0.21332,0.48361,-0.7797,-0.2574,-18.174
8.5954,17.298,-6.1825,3.1351,-2.9907,-0.30826,0.69637,-0.7921,-0.2594,-16.703
8.6418,17.279,-6.2152,2.8642,-2.7067,-0.4192,0.94341,-0.8049,-0.2617,-15.059
8.6733,17.249,-6.23,2.6049,-2.4038,-0.53502,1.1991,-0.8177,-0.2638,-13.437
8.7199,17.2,-6.2234,2.3533,-2.0617,-0.66403,1.4816,-0.8303,-0.2657,-11.775
8.7665,17.135,-6.219,2.1334,-1.7065,-0.801,1.7796,-0.8436,-0.2681,-10.19
8.7978,17.058,-6.1671,1.9551,-1.2943,-0.9657,2.1388,-0.8566,-0.27,-8.6842
8.8452,16.928,-6.1831,1.6848,-0.77658,-1.1905,2.4324,-0.8796,-0.2773,-6.69
8.8762,16.94,-6.2327,1.7861,-0.81354,-1.1867,2.6353,-0.8932,-0.2793,-7.0272
8.9226,17.013,-6.2841,1.3742,-1.3904,-1.1195,2.4805,-0.91286,-0.28342,-6.8976
8.9542,17.052,-6.3335,1.1274,-1.7315,-1.0738,2.3749,-0.92626,-0.28623,-7.2187
9.0006,17.097,-6.4241,0.8144,-2.1563,-1.0065,2.2198,-0.94596,-0.29035,-7.9385
9.0473,17.129,-6.5331,0.55909,-2.4921,-0.93877,2.0636,-0.9658,-0.29451,-8.6722
9.0786,17.144,-6.6138,0.42207,-2.6649,-0.89352,1.9593,-0.97905,-0.29728,-9.0759
9.1255,17.16,-6.7435,0.26662,-2.8471,-0.82552,1.8024,-0.99897,-0.30146,-9.4857
9.1568,17.167,-6.8338,0.19665,-2.9168,-0.78015,1.6978,-1.0123,-0.30424,-9.6089
9.2035,17.175,-6.9709,0.14243,-2.9438,-0.71254,1.5419,-1.0321,-0.30839,-9.5569
9.2347,17.179,-7.0625,0.13963,-2.9104,-0.66726,1.4374,-1.0453,-0.31117,-9.3639
9.2819,17.187,-7.197,0.18627,-2.7818,-0.59895,1.2799,-1.0653,-0.31536,-8.841
9.3128,17.193,-7.2811,0.25009,-2.6465,-0.55415,1.1766,-1.0784,-0.31811,-8.3566
9.3603,17.208,-7.4003,0.39931,-2.36,-0.48535,1.0179,-1.0986,-0.32233,-7.4258
9.4061,17.231,-7.5005,0.60235,-1.9927,-0.41891,0.86465,-1.118,-0.3264,-6.378
9.4376,17.253,-7.5585,0.7752,-1.6892,-0.3733,0.75947,-1.1314,-0.3292,-5.6458
9.4843,17.255,-7.6384,0.70945,-1.6718,-0.38514,0.77961,-1.1486,-0.3319,-5.472
9.5158,17.288,-7.7994,0.78236,-1.9025,-0.21004,0.42285,-1.1669,-0.3351,-6.1388
9.5622,17.294,-7.8804,0.73084,-1.8974,-0.21745,0.43565,-1.1838,-0.3373,-6.0281
9.5937,17.353,-8.076,0.88235,-2.2455,0.045339,-0.090186,-1.1999,-0.3394,-7.1086
9.6403,17.373,-8.1702,0.85474,-2.2607,0.04611,-0.091209,-1.2135,-0.3394,-7.121
9.687,17.354,-8.2756,-1.277,-2.2515,0.018372,-0.036664,-1.2364,-0.34247,-7.558
9.7184,17.31,-8.346,-1.3234,-2.2357,-0.00027815,8.4236e-06,-1.2517,-0.34454,-7.5406
9.7649,17.285,-8.4493,0.66038,-2.198,-0.027933,0.054388,-1.2745,-0.3476,-6.6025
******-------------------------------------------------------------------------------------------------------------------****** 
