******-------------------------------------------------------------------------------------------------------------------****** 
Duration of the scene is: 9.7223 seconds
Original Targets Numbers in the hole Scene: 5
Number of Targets in the hole Scene after preprocessing: 9
Number of static portions: 1
******-------------------------------------------------------------------------------------------------------------------****** 
TargetID: ID01
Relevancy: 1
tj = 7.7216
Label: 0
Comment: Target is relevant and going straight, since the velocity ratio is almost not changing
DATA:
0,-0,-0,NaN,NaN,NaN,NaN,0,NaN,NaN
0.040002,0.36704,-0.01584,NaN,NaN,NaN,NaN,-0.0009,NaN,NaN
0.080094,0.73277,0.031728,NaN,NaN,NaN,NaN,0.0047,NaN,NaN
0.12003,1.0302,0.70889,8.682,0.20638,0.0066682,-0.0080655,0.0238,0,Inf
0.16011,1.3956,0.77399,8.6895,0.26301,0.010993,-0.013298,0.0302,0.0014,6209.7
0.20007,1.7554,0.86035,8.6962,0.33232,-0.014418,0.017439,0.0382,0.0022,3955.7
0.24007,2.1242,0.95392,8.6882,0.41268,-0.011894,0.014388,0.0475,0.0071,1225.1
0.2801,2.5004,1.0319,8.7035,0.47727,-0.077296,0.093515,0.0549,0.009,968.51
0.32022,2.8332,1.0153,8.6577,0.45274,-0.095489,0.11553,0.0524,0.0121,716.49
0.36011,3.2052,1.1136,8.676,0.52448,-0.17976,0.2173,0.06,0.0118,736.6
0.40014,3.5378,1.0975,8.6386,0.49118,-0.19561,0.23671,0.0572,0.0124,697.79
0.44016,3.883,1.1172,8.6259,0.49434,-0.2137,0.25861,0.0577,0.0124,696.78
0.48021,4.1983,1.0301,8.583,0.40957,-0.24344,0.29422,0.0472,0.009,954.75
0.52017,4.5155,0.78321,8.5744,0.13637,-0.35209,0.42617,0.0166,-0.0061,-1405.8
0.56024,4.8436,0.7329,8.54,0.086523,-0.28906,0.34958,0.0101,-0.009,-948.94
0.60019,5.1955,0.6778,8.5976,0.011403,-0.35426,0.42878,0.002,-0.0153,-561.94
0.6402,5.5069,0.59482,8.5366,-0.082052,-0.28832,0.34901,-0.009,-0.0215,-397.07
0.68022,5.8552,0.62396,8.5564,-0.048396,-0.33322,0.40264,-0.0063,-0.0198,-432.15
0.72028,6.205,0.64344,8.5703,-0.04373,-0.27977,0.33874,-0.0045,-0.018,-476.13
0.76033,6.5471,0.6398,8.5689,-0.04996,-0.29974,0.36294,-0.0052,-0.018,-476.06
0.80026,6.8784,0.59291,8.5573,-0.11022,-0.26951,0.32616,-0.0123,-0.0225,-380.35
0.84027,7.2425,0.65809,8.6076,-0.043398,-0.37288,0.45161,-0.0043,-0.0165,-521.68
0.88031,7.5988,0.65433,8.6164,-0.058802,-0.33691,0.40776,-0.0061,-0.0177,-486.82
0.9203,7.955,0.66215,8.641,-0.061971,-0.43431,0.52573,-0.0063,-0.0176,-490.98
0.96032,8.3079,0.66691,8.6372,-0.066173,-0.37559,0.4546,-0.0069,-0.0179,-482.54
1.0003,8.6533,0.66357,8.6393,-0.072523,-0.39393,0.47682,-0.0076,-0.0179,-482.66
1.0403,8.9985,0.65993,8.6415,-0.078878,-0.4121,0.49883,-0.0083,-0.0179,-482.79
1.0804,9.3414,0.64031,8.6469,-0.11183,-0.55954,0.67744,-0.0118,-0.0202,-428.1
1.1204,9.6103,0.42862,8.475,-0.42921,-0.41365,0.50067,-0.0498,-0.0501,-169.38
1.1604,9.9207,0.35648,8.4253,-0.50575,-0.41452,0.50114,-0.0608,-0.0572,-147.56
1.2004,10.239,0.23568,8.3898,-0.67628,-0.22588,0.27331,-0.08,-0.0698,-120.59
1.2404,10.613,0.32654,8.4403,-0.52945,-0.23004,0.27832,-0.0626,-0.0544,-155.46
1.2804,10.948,0.2982,8.4106,-0.56065,-0.13138,0.1589,-0.0666,-0.056,-150.52
1.3204,11.284,0.27495,8.3999,-0.57872,-0.13841,0.1674,-0.0688,-0.056,-150.35
1.3605,11.492,0.10123,8.2099,-0.78486,-0.084897,0.10268,-0.0955,-0.0738,-111.75
1.4005,11.794,-0.030787,8.1947,-0.95343,-0.15504,0.18746,-0.1161,-0.0871,-94.719
1.4405,12.126,-0.097518,8.2283,-1.0169,-0.010903,0.013189,-0.1229,-0.089,-93.156
1.4806,12.46,-0.1386,8.2443,-1.0524,-0.068752,0.083162,-0.127,-0.0894,-92.967
1.5206,12.798,-0.1054,8.2703,-0.96763,0.020093,-0.024306,-0.1164,-0.0794,-104.87
1.5606,13.142,-0.10055,8.2818,-0.92732,-0.087313,0.10563,-0.1115,-0.0736,-113.23
1.6005,13.476,-0.16464,8.2942,-0.99277,-0.043788,0.052971,-0.119,-0.0767,-108.91
1.6405,13.807,-0.20585,8.2958,-1.0186,-0.04577,0.055369,-0.1221,-0.0767,-108.97
1.6806,14.139,-0.24701,8.2972,-1.0446,-0.047753,0.057767,-0.1251,-0.0767,-109.03
1.7206,14.515,-0.14381,8.3337,-0.8563,-0.21004,0.25411,-0.1024,-0.0594,-141.04
1.7606,14.749,-0.42062,8.1916,-1.2039,-0.15557,0.18816,-0.1462,-0.0866,-95.608
1.8006,15.123,-0.20705,8.2291,-0.86864,-0.18335,0.22174,-0.1055,-0.0582,-142.18
1.8406,15.471,-0.22706,8.2828,-0.87399,-0.13602,0.16457,-0.1049,-0.0562,-148.2
1.8807,15.823,-0.21991,8.3161,-0.83758,-0.22093,0.26732,-0.0999,-0.0518,-161.35
1.9207,16.184,-0.17177,8.3755,-0.73961,-0.17264,0.20887,-0.0881,-0.043,-195.54
1.9607,16.516,-0.20381,8.3781,-0.76133,-0.25819,0.31254,-0.0901,-0.0433,-194.29
2.0007,16.83,-0.29988,8.3513,-0.86307,-0.19671,0.23791,-0.103,-0.05,-167.92
2.0407,17.216,-0.16425,8.4101,-0.64634,-0.24522,0.29685,-0.0762,-0.0325,-259.53
2.0807,17.38,-0.53766,8.1826,-1.0948,-0.20075,0.24278,-0.1334,-0.066,-125.08
2.1207,17.708,-0.58112,8.1795,-1.1165,-0.20661,0.24987,-0.1361,-0.066,-125.08
2.1607,18.063,-0.63934,8.2578,-1.1612,-0.054059,0.065396,-0.1396,-0.0663,-125.78
2.2007,18.422,-0.66491,8.2906,-1.152,-0.033698,0.040766,-0.138,-0.0637,-131.4
2.2407,18.751,-0.71214,8.2887,-1.1712,-0.0041448,0.0050141,-0.1404,-0.0636,-131.62
2.2808,19.103,-0.68224,8.2824,-1.0845,-0.06776,0.08197,-0.1302,-0.056,-149.16
2.3208,19.468,-0.64427,8.3193,-0.99546,-0.080722,0.097666,-0.1189,-0.0482,-173.83
2.3609,19.873,-0.50657,8.4043,-0.78026,-0.11747,0.14212,-0.0924,-0.0321,-262.94
2.4008,20.18,-0.59116,8.3691,-0.85657,-0.1141,0.13801,-0.1022,-0.0369,-227.99
2.4408,20.59,-0.43612,8.4498,-0.62847,-0.16465,0.19927,-0.0739,-0.02,-423.66
2.4809,20.923,-0.51567,8.4464,-0.70906,-0.18716,0.22652,-0.0834,-0.0248,-341.78
2.5208,21.267,-0.56363,8.445,-0.73945,-0.17952,0.2172,-0.087,-0.0262,-323.56
2.5609,21.579,-0.65126,8.4096,-0.81365,-0.14791,0.17889,-0.0967,-0.0311,-271.67
2.6009,21.92,-0.68015,8.3948,-0.82502,-0.13386,0.16195,-0.0977,-0.0308,-273.87
2.6408,22.263,-0.7164,8.3984,-0.85111,-0.15548,0.18811,-0.1007,-0.0317,-266.29
2.681,22.683,-0.5215,8.4994,-0.57507,-0.14214,0.172,-0.0673,-0.0122,-698.27
2.7209,23.009,-0.58816,8.472,-0.63407,-0.12381,0.14975,-0.0747,-0.0161,-527.68
2.761,23.347,-0.61017,8.4682,-0.63914,-0.12795,0.15476,-0.0753,-0.0161,-527.47
2.8009,23.71,-0.53714,8.4885,-0.5318,-0.097596,0.11805,-0.0628,-0.0086,-988.97
2.8409,24.097,-0.44455,8.5679,-0.38047,-0.13935,0.1685,-0.0447,0.0016,5360.2
2.881,24.437,-0.47712,8.5634,-0.4198,-0.16655,0.20151,-0.0487,-0.0007,-12248
2.921,24.786,-0.48799,8.5577,-0.41663,-0.16328,0.19748,-0.0486,-0.0005,-17136
2.961,25.125,-0.53922,8.5399,-0.45287,-0.15317,0.18515,-0.0533,-0.003,-2850.6
3.001,25.461,-0.58113,8.5175,-0.49053,-0.13649,0.16513,-0.0573,-0.005,-1706.3
3.041,25.823,-0.53355,8.5147,-0.41965,-0.11628,0.14059,-0.0495,-0.0005,-17050
3.081,26.174,-0.5525,8.5161,-0.42447,-0.11226,0.13579,-0.0496,-0.0005,-17053
3.1211,26.489,-0.60547,8.4723,-0.47263,-0.10718,0.12958,-0.0559,-0.0042,-2020.4
3.1611,26.843,-0.60622,8.4823,-0.45814,-0.12415,0.15017,-0.0537,-0.0027,-3146.2
3.201,27.176,-0.62695,8.4589,-0.46535,-0.10481,0.12674,-0.055,-0.0033,-2567.2
3.2411,27.524,-0.61675,8.4694,-0.42797,-0.09105,0.11006,-0.0507,-0.0008,-10600
3.2811,27.849,0.078299,8.5105,-0.41943,-0.086228,0.10429,-0.049,0.0006,14201
3.3211,26.459,0.096002,8.456,-0.59453,-0.076872,0.093077,-0.0679,-0.0123,-689.17
3.3611,26.792,0.043553,8.4139,-0.71231,-0.0654,0.079147,-0.0825,-0.0227,-371.98
3.4011,27.138,0.20243,8.3749,-0.85424,-0.048075,0.058134,-0.1002,-0.0329,-255.88
3.4411,27.474,0.19782,8.3683,-0.84043,-0.034675,0.041923,-0.0991,-0.0318,-264.48
3.4812,27.814,0.19741,8.3814,-0.82049,-0.03162,0.038219,-0.0966,-0.0301,-279.78
3.5204,28.138,0.14409,8.3765,-0.87255,-0.047903,0.057946,-0.1024,-0.0325,-259.13
3.5612,28.493,0.14443,8.4056,-0.85177,-0.042575,0.051383,-0.101,-0.0311,-271.66
3.6012,28.85,0.15964,8.4093,-0.7991,-0.038472,0.046478,-0.0936,-0.0257,-328.68
3.6412,29.182,0.12337,8.3597,-0.89076,-0.042162,0.050937,-0.1049,-0.0345,-243.68
3.6812,29.485,0.041789,8.298,-0.96994,-0.040913,0.049406,-0.1151,-0.0394,-212.04
3.7203,29.814,-0.01811,8.3075,-1.0265,-0.036868,0.044508,-0.1219,-0.0423,-197.89
3.7613,30.109,-0.098186,8.2495,-1.114,-0.046406,0.05607,-0.1329,-0.0478,-174.15
3.8003,30.414,-0.15682,8.2263,-1.172,-0.040476,0.048854,-0.1403,-0.0512,-162.29
3.8412,30.75,-0.18724,8.2074,-1.157,-0.038949,0.047002,-0.1389,-0.0488,-169.85
3.8813,31.117,-0.18441,8.2892,-1.0156,-0.031656,0.038191,-0.121,-0.0317,-263.44
3.9213,31.409,-0.23367,8.2458,-1.0557,-0.051012,0.061644,-0.1258,-0.0338,-245.95
3.9603,31.741,-0.28634,8.2277,-1.0874,-0.05778,0.06975,-0.1297,-0.0351,-236.45
4.0013,32.073,-0.3096,8.2082,-1.077,-0.043026,0.051872,-0.1292,-0.0339,-244.21
4.0404,32.417,-0.3188,8.2168,-1.0491,-0.030229,0.036438,-0.1261,-0.0309,-268.08
4.0806,32.739,-0.36715,8.2041,-1.066,-0.032397,0.039058,-0.1282,-0.0316,-261.81
4.1214,33.076,-0.38968,8.2189,-1.0617,-0.031947,0.038514,-0.1275,-0.0302,-274.41
4.1614,33.406,-0.43054,8.2259,-1.0983,-0.034386,0.041447,-0.1317,-0.0323,-256.93
4.2004,33.762,-0.43165,8.2608,-1.0368,-0.027176,0.032731,-0.1241,-0.0262,-317.77
4.2414,34.094,-0.44125,8.2489,-1.001,-0.029435,0.035445,-0.1199,-0.0227,-366.05
4.2805,34.439,-0.41135,8.2591,-0.87808,-0.060891,0.073345,-0.1041,-0.0111,-748.26
4.3214,34.797,-0.40093,8.3093,-0.82687,-0.057565,0.069323,-0.0975,-0.0063,-1325.5
4.3605,35.155,-0.36919,8.3451,-0.71054,-0.083226,0.10023,-0.0824,0.0042,1994.1
4.4014,35.503,-0.38277,8.3466,-0.69423,-0.098336,0.11843,-0.08,0.006,1395.9
4.4414,35.853,-0.39488,8.3846,-0.66188,-0.089022,0.10713,-0.0761,0.0084,1001.3
4.4815,36.211,-0.38704,8.3979,-0.63714,-0.080424,0.096697,-0.0733,0.0084,1002.6
4.5206,36.553,-0.39512,8.4005,-0.59531,-0.083081,0.099798,-0.0682,0.0115,732.31
4.5616,36.887,-0.42476,8.4141,-0.58005,-0.085144,0.10211,-0.0662,0.0123,685.69
4.6006,37.23,-0.45202,8.4189,-0.58359,-0.083262,0.099648,-0.0667,0.0117,721.29
4.6406,37.559,-0.48272,8.4206,-0.56617,-0.080688,0.096291,-0.0647,0.0125,675.17
4.6817,37.907,-0.47293,8.4471,-0.511,-0.066241,0.078793,-0.0584,0.0163,519.17
4.7216,38.234,-0.50588,8.4518,-0.48897,-0.05658,0.067018,-0.0561,0.0171,495.08
4.7606,38.554,-0.5936,8.4067,-0.61051,-0.070677,0.083354,-0.0704,0.0065,1296.7
4.8007,38.717,-0.68018,7.2901,-0.73107,-0.11269,0.13232,-0.0956,-0.0123,-595.66
4.8407,39.066,-0.72701,7.5293,-0.69642,-0.059565,0.06945,-0.0901,-0.0073,-1035.8
4.8816,39.404,-0.73592,7.7486,-0.63295,-0.022363,0.02588,-0.0807,-0.0007,-11106
4.9207,39.758,-0.73517,7.9505,-0.57462,-0.0094713,0.010875,-0.0718,0.005,1594.3
4.9607,40.052,-0.83757,8.0871,-0.72525,-0.037204,0.042362,-0.0883,-0.008,-1014.9
5.0007,40.395,-0.84681,8.2062,-0.66507,-0.022701,0.025589,-0.0802,-0.0026,-3166.6
5.0417,40.736,-0.83979,8.3361,-0.58426,-0.042638,0.047546,-0.0688,0.0043,1943.4
5.0807,41.057,-0.91002,8.396,-0.66301,-0.052032,0.05736,-0.0774,-0.0021,-4010.5
5.1217,41.394,-0.94789,8.448,-0.64741,-0.028715,0.0312,-0.0757,-0.001,-8472.8
5.1607,41.732,-0.99488,8.4737,-0.63065,-0.038291,0.041004,-0.0733,0.0007,12139
5.2018,42.074,-1.0114,8.5179,-0.58023,-0.025005,0.026352,-0.0674,0.0043,1985.5
5.2408,42.427,-0.98093,8.5469,-0.46413,-0.048749,0.050543,-0.053,0.0141,607.06
5.2808,42.77,-0.99025,8.5679,-0.40604,-0.043261,0.044065,-0.0463,0.0181,473.89
5.3208,43.106,-1.0229,8.5501,-0.39878,-0.064829,0.064817,-0.045,0.0183,467.73
5.3609,43.444,-1.0656,8.5385,-0.41,-0.076146,0.074643,-0.0461,0.0169,505.82
5.4008,43.761,-1.1474,8.3627,-0.70701,-0.062491,0.059957,-0.0829,-0.019,-441.71
5.4409,44.056,-1.158,8.4032,-0.60028,-0.043092,0.040406,-0.0703,-0.0082,-1027.4
5.4809,44.369,-1.211,8.3751,-0.61529,-0.059191,0.054224,-0.072,-0.0093,-902.98
5.5209,44.694,-1.251,8.4082,-0.5406,-0.035018,0.031237,-0.0634,-0.0005,-16851
5.562,45.01,-1.3265,8.3987,-0.57629,-0.041092,0.035671,-0.0676,-0.0029,-2902.9
5.6009,45.198,-1.3414,8.4651,-0.37947,-0.022262,0.018776,-0.0443,0.0215,394.12
5.6409,45.664,-1.3827,8.4776,-0.37875,-0.016302,0.013343,-0.0443,0.0201,422.19
5.681,46.001,-1.3986,8.5027,-0.3471,-0.0055397,0.0043932,-0.0407,0.0217,392.16
5.721,46.345,-1.4279,8.5262,-0.32864,0.0012342,-0.00094736,-0.0385,0.0226,377.55
5.7621,46.683,-1.4719,8.5371,-0.35662,0.011473,-0.0085112,-0.042,0.0182,469.48
5.801,47.01,-1.4995,8.5339,-0.33325,0.0073598,-0.0052693,-0.0392,0.0208,410.6
5.841,47.329,-1.5298,8.4988,-0.3274,-0.019318,0.013332,-0.0382,0.0207,410.87
5.881,47.687,-1.5475,8.5341,-0.31007,-0.013547,0.008996,-0.0361,0.0211,404.73
5.921,48.04,-1.5458,8.5372,-0.27447,-0.030629,0.019546,-0.0316,0.0231,369.77
5.961,48.381,-1.5775,8.5629,-0.28382,-0.023876,0.014622,-0.0328,0.0214,400.35
6.001,48.649,-1.6458,8.4533,-0.32972,-0.052063,0.030546,-0.0382,0.0164,515.84
6.042,49.002,-1.636,8.5785,-0.094031,0.025409,-0.014263,-0.0113,0.0478,179.48
6.0811,49.363,-1.6372,8.6095,-0.10435,0.035781,-0.019182,-0.0126,0.0431,199.77
6.1211,49.708,-1.6453,8.6256,-0.065217,0.042825,-0.021893,-0.0081,0.0462,186.71
6.1611,50.059,-1.6419,8.6216,-0.040181,0.013481,-0.0065602,-0.0048,0.0468,184.22
6.202,50.401,-2.113,8.5912,-0.1728,-0.0010268,0.00047471,-0.0201,0.026,330.5
6.2412,50.731,-2.1169,8.5693,-0.15734,-0.0067345,0.0029527,-0.0183,0.026,329.64
6.2811,51.071,-2.1269,8.5726,-0.14953,-0.011365,0.004713,-0.0173,0.0259,331.04
6.3211,51.417,-2.1438,8.5981,-0.16626,0.039518,-0.015454,-0.0197,0.0215,399.99
6.3611,51.757,-2.1711,8.6082,-0.18395,0.086169,-0.031677,-0.0221,0.0169,509.48
6.4012,52.081,-2.1796,8.6125,-0.18314,0.11945,-0.041114,-0.0223,0.016,538.4
6.4412,52.422,-2.2105,8.6221,-0.20636,0.17297,-0.055501,-0.0253,0.0116,743.5
6.4822,52.768,-2.2275,8.6623,-0.18222,0.22634,-0.067321,-0.0226,0.0148,585.42
6.5212,53.125,-2.2354,8.694,-0.11912,0.20671,-0.056632,-0.0151,0.0242,359.29
6.5613,53.45,-2.2423,8.6511,-0.10998,0.12087,-0.030298,-0.0135,0.0246,351.7
6.6012,53.806,-2.254,8.6898,-0.10868,0.18139,-0.041211,-0.0135,0.0228,381.16
6.6412,54.126,-2.3051,8.5654,-0.31495,0.03118,-0.0063497,-0.0369,-0.0103,-832.16
6.6813,54.478,-2.3373,8.5938,-0.41679,0.14059,-0.025293,-0.0489,-0.0267,-322.24
6.7213,54.817,-2.3692,8.5739,-0.44924,0.069307,-0.010823,-0.0525,-0.0294,-292.03
6.7613,55.186,-2.3624,8.7378,-0.25154,0.38433,-0.050799,-0.0298,0.0042,2081.3
6.8013,55.536,-2.3737,8.7762,-0.15315,0.40018,-0.043311,-0.0184,0.0206,426.1
6.8413,55.899,-2.3781,8.9645,0.034167,0.8437,-0.070974,0.0021,0.0494,181.47
6.8814,56.264,-2.3945,9.0134,0.039801,0.92092,-0.055219,0.003,0.0483,186.62
6.9214,56.575,-2.4239,8.7928,-0.11948,0.1932,-0.0069185,-0.0137,0.022,399.71
6.9614,56.909,-2.4472,8.7152,-0.15993,-0.099554,0.0011441,-0.0184,0.0143,609.56
7.0014,57.251,-2.4629,8.7,-0.23844,-0.17082,-0.0022048,-0.0276,-0.0009,-9670.2
7.0414,57.598,-2.4883,8.7305,-0.31638,0.043103,0.0016175,-0.0361,-0.0146,-598.37
7.0814,57.941,-2.498,8.7327,-0.32012,0.043615,0.0027211,-0.0365,-0.0146,-598.53
7.1214,58.287,-2.5076,8.7349,-0.32487,0.044239,0.0038627,-0.037,-0.0146,-598.69
7.1614,58.634,-2.5173,8.7371,-0.32991,0.044973,0.0050574,-0.0376,-0.0146,-598.86
7.2014,58.978,-2.5237,8.7392,-0.33593,0.045954,0.0063254,-0.0382,-0.0146,-599.02
7.2415,59.332,-2.5376,8.7414,-0.34264,0.04718,0.0076858,-0.0389,-0.0146,-599.18
7.2815,59.679,-2.5467,8.7434,-0.34919,0.048368,0.0091055,-0.0396,-0.0146,-599.34
7.3215,59.738,-2.5635,7.3688,-0.22252,-4.1836,-0.92542,-0.0742,-0.0622,-118.52
7.3615,60.104,-2.5824,7.2299,-0.25626,-5.0307,-1.2778,-0.1016,-0.0975,-74.199
7.4015,60.332,-2.5492,6.8044,0.054908,-7.3189,-2.2097,-0.1227,-0.1329,-51.201
7.4415,60.663,-2.5991,6.688,0.086834,-7.2988,-2.5072,-0.1416,-0.1475,-45.346
7.4816,60.911,-2.6198,6.4981,0.19791,-7.194,-2.7791,-0.1479,-0.1475,-44.076
7.5216,61.149,-2.641,6.3137,0.31977,-7.0517,-3.061,-0.1542,-0.1475,-42.86
7.5616,61.378,-2.663,6.1356,0.45305,-6.8677,-3.3563,-0.1606,-0.1475,-41.711
7.6016,61.599,-2.6861,5.9642,0.59918,-6.6374,-3.6671,-0.1668,-0.1475,-40.639
7.6416,61.805,-2.7061,5.8005,0.75774,-6.355,-3.9961,-0.1732,-0.1475,-39.66
7.6817,62.003,-2.7277,5.6454,0.93108,-6.013,-4.348,-0.1796,-0.1475,-38.791
7.7216,62.258,-2.739,5.6454,0.93108,NaN,NaN,-0.088517,NaN,NaN
7.7616,62.514,-2.7503,5.6454,0.93108,NaN,NaN,0.0027536,NaN,NaN
7.8016,62.77,-2.7616,5.6454,0.93108,NaN,NaN,0.093901,NaN,NaN
7.8417,63.026,-2.773,5.6454,0.93108,NaN,NaN,0.18514,NaN,NaN
7.8817,63.282,-2.7843,5.6454,0.93108,NaN,NaN,0.27633,NaN,NaN
7.9217,63.538,-2.7957,5.6454,0.93108,NaN,NaN,0.36768,NaN,NaN
7.9617,63.794,-2.807,5.6454,0.93108,NaN,NaN,0.45876,NaN,NaN
8.0017,64.05,-2.8183,5.6454,0.93108,NaN,NaN,0.54998,NaN,NaN
8.0418,64.306,-2.8297,5.6454,0.93108,NaN,NaN,0.64132,NaN,NaN
8.0818,64.562,-2.841,5.6454,0.93108,NaN,NaN,0.73248,NaN,NaN
8.1217,64.817,-2.8523,5.6454,0.93108,NaN,NaN,0.82362,NaN,NaN
8.1618,65.074,-2.8636,5.6454,0.93108,NaN,NaN,0.91494,NaN,NaN
8.2018,65.329,-2.875,5.6454,0.93108,NaN,NaN,1.006,NaN,NaN
8.2418,65.585,-2.8863,5.6454,0.93108,NaN,NaN,1.0973,NaN,NaN
8.2818,65.841,-2.8976,5.6454,0.93108,NaN,NaN,1.1885,NaN,NaN
8.3219,66.097,-2.909,5.6454,0.93108,NaN,NaN,1.2798,NaN,NaN
8.3618,66.353,-2.9203,NaN,NaN,NaN,NaN,1.3709,NaN,NaN
8.4019,66.421,-2.5965,NaN,NaN,NaN,NaN,1.3703,NaN,NaN
8.4419,66.479,-2.2719,NaN,NaN,NaN,NaN,1.3698,NaN,NaN
8.4819,67.09,-1.723,2.4456,7.6086,0.03258,0.02826,1.2601,0,Inf
******-------------------------------------------------------------------------------------------------------------------****** 
TargetID: ID02
Target can not be processed due to lack of Data
******-------------------------------------------------------------------------------------------------------------------****** 
TargetID: ID06
Target can not be processed due to lack of Data
******-------------------------------------------------------------------------------------------------------------------****** 
TargetID: ID08
Relevancy: 0
tj = Inf
Label: -1
Comment: Target is irrelevant as it is not crossing the estimated holding line
DATA:
6.8013,-0,-0,NaN,NaN,NaN,NaN,0,NaN,NaN
6.8413,0.25018,0.00081931,NaN,NaN,NaN,NaN,0.0003,NaN,NaN
6.8814,0.50713,0.0012394,NaN,NaN,NaN,NaN,0.0004,NaN,NaN
6.9214,0.68262,-0.0076828,NaN,NaN,NaN,NaN,-0.0095,NaN,NaN
6.9614,0.93405,-0.0047825,NaN,NaN,NaN,NaN,-0.0093,NaN,NaN
7.0014,NaN,NaN,NaN,NaN,NaN,NaN,0.0384,NaN,NaN
7.0414,NaN,NaN,NaN,NaN,NaN,NaN,0.0964,NaN,NaN
7.0814,NaN,NaN,NaN,NaN,NaN,NaN,0.1495,NaN,NaN
7.1214,NaN,NaN,NaN,NaN,NaN,NaN,0.121,NaN,NaN
7.1614,NaN,NaN,NaN,NaN,NaN,NaN,0.0849,NaN,NaN
7.2014,-0.031018,0.43398,6.0022,-0.52625,-0.007209,-0.0025177,-0.0876,0,Inf
7.2415,0.14391,0.605,6.0411,-0.2261,0.31308,0.11827,-0.0374,0.0201,300.76
7.2815,0.18309,0.64653,6.2324,-1.0083,0.53048,0.21356,-0.1457,-0.0429,-147.17
7.3215,0.39357,0.64666,4.5686,0.74093,0.46904,0.19902,-0.13027,-0.0070009,-661.1
7.3615,0.57116,0.68392,4.582,0.84577,0.40754,0.18446,-0.11482,0.028928,161.07
7.4015,0.78252,0.69246,6.2706,-0.69221,0.34614,0.16993,-0.0994,0.0648,97.357
7.4415,0.98339,0.71835,6.2092,-0.61756,0.14686,0.07694,-0.0991,0.0577,108.14
7.4816,1.2696,0.75096,6.9389,-0.51457,2.7717,1.5609,-0.074,0.1326,52.473
7.5216,1.653,0.84368,7.8173,-0.25206,5.2918,3.1681,-0.0322,0.2096,37.315
7.5616,2.0649,0.89427,8.2241,0.79179,5.2475,3.5676,-0.0151,0.2222,37.183
7.6016,2.3542,0.89145,8.3252,-0.076904,5.3977,3.5695,-0.0092,0.2178,38.225
7.6416,2.7647,0.97768,9.1948,-0.85717,10.039,6.1299,0.0458,0.3291,28.06
7.6817,3.1626,0.97723,10.093,-0.69164,9.9018,6.6928,0.0563,0.3266,30.976
7.7216,3.5762,0.92716,10.594,-1.7791,9.4817,6.5745,1.0544,0.2473,43.44
7.7616,4.0088,0.83767,11.003,-2.6558,9.0607,6.456,2.0545,0.16783,67.441
7.8016,4.4554,0.71752,11.317,-3.3186,8.6402,6.3377,3.0532,0.08847,133.31
7.8417,4.9131,0.57498,11.538,-3.7691,8.2193,6.2192,4.053,0.0090332,1343.8
7.8817,5.3775,0.41873,11.666,-4.0067,7.7987,6.1007,5.0523,-0.07037,-175.29
7.9217,5.846,0.25698,11.701,-4.0312,7.3773,5.9821,6.0532,-0.1499,-82.558
7.9617,6.348,0.17464,12.028,-4.1983,7.3494,6.1629,6.0461,-0.1505,-84.646
8.0017,6.8913,0.028985,12.203,-4.9454,6.991,6.0185,5.9912,-0.217,-60.678
8.0418,7.0158,-0.18998,12.276,-4.4431,5.9475,5.374,6.025,-0.1707,-76.481
8.0818,7.5158,-0.2771,11.995,-4.484,5.485,4.9644,6.0117,-0.1809,-70.787
8.1217,8.0187,-0.35549,12.149,-4.6009,5.1568,4.8229,6.0024,-0.1858,-69.92
8.1618,8.3192,-0.28889,12.049,-3.5933,3.3561,3.4121,6.0517,-0.1201,-104.69
8.2018,8.8788,-0.40961,12.734,-2.2691,3.0339,3.8081,6.0474,-0.1201,-107.7
8.2418,9.3008,-0.507,12.337,-2.5199,2.0193,2.5089,6.0402,-0.1271,-99.067
8.2818,9.7527,-0.61579,12.416,-2.6224,1.9702,2.5046,6.0343,-0.1271,-99.839
8.3219,10.108,-0.51331,11.95,-3.1953,2.3426,2.6161,6.0669,-0.0854,-144.84
8.3618,10.314,-0.41822,1.4956,5.5276,0.6809,0.67716,6.1423,-0.00060399,-9480.9
8.4019,10.479,-0.26557,9.8805,-0.34394,-0.98492,-1.2665,6.2178,0.0844,117.14
******-------------------------------------------------------------------------------------------------------------------****** 
TargetID: ID04
Target can not be processed due to lack of Data
******-------------------------------------------------------------------------------------------------------------------****** 
TargetID: ID11
Target can not be processed due to lack of Data
******-------------------------------------------------------------------------------------------------------------------****** 
TargetID: ID12
Target can not be processed due to lack of Data
******-------------------------------------------------------------------------------------------------------------------****** 
TargetID: ID05
Target can not be processed due to lack of Data
******-------------------------------------------------------------------------------------------------------------------****** 
