******-------------------------------------------------------------------------------------------------------------------****** 
Duration of the scene is: 13.2819 seconds
Original Targets Numbers in the hole Scene: 2
Number of Targets in the hole Scene after preprocessing: 3
Number of static portions: 1
******-------------------------------------------------------------------------------------------------------------------****** 
TargetID: ID01
Target can not be processed due to lack of Data
******-------------------------------------------------------------------------------------------------------------------****** 
TargetID: ID02
Relevancy: 1
tj = 8.0811
Label: 0
Comment: Target is relevant and going straight, since the velocity ratio is almost not changing
DATA:
4.6006,0,-0,12.712,-0.00056076,-0.010375,0.010225,0,0.0236,538.63
4.6406,0.55616,0.0091956,12.799,0.29244,-0.0049331,0.0048663,0.0229,0.0412,310.73
4.6806,1.0103,0.075813,12.609,0.35273,0.00070391,-0.00069595,0.028,0.0479,263.33
4.7206,1.5162,0.11569,12.563,0.4264,0.003621,-0.0035791,0.0339,0.0479,262.42
4.7606,2.0151,0.11942,12.562,0.40726,-0.041915,0.041484,0.0324,0.0444,283.07
4.8006,2.5345,0.17461,12.578,0.60421,-0.026322,0.026077,0.048,0.0636,197.99
4.8407,3.0267,0.22456,12.505,0.71985,-0.0077314,0.0076681,0.0575,0.0748,167.46
4.8806,3.5034,0.23958,12.407,0.69658,0.0068243,-0.0067753,0.0561,0.0676,183.82
4.9207,3.9623,0.2302,12.257,0.56258,0.013742,-0.013657,0.0459,0.0463,265.02
4.9607,4.444,0.32033,12.16,0.7805,0.03319,-0.033008,0.0641,0.07,174.07
5.0007,4.8937,0.3668,11.964,0.85579,0.05362,-0.053377,0.0714,0.0751,159.72
5.0407,5.3593,0.46849,11.859,1.1445,0.087956,-0.087635,0.0961,0.1099,108.41
5.0807,5.7531,0.50731,11.52,1.1041,0.11225,-0.11194,0.0954,0.1018,113.68
5.1207,6.1506,0.52588,11.217,0.98118,0.1256,-0.12538,0.0871,0.082,137.32
5.1607,6.5331,0.59307,10.891,1.09,0.19316,-0.193,0.0995,0.0959,114.13
5.2007,7.0399,0.54125,11.049,0.79047,0.089282,-0.08931,0.0713,0.0494,224.24
5.2407,7.5175,0.62302,11.059,0.90743,0.098732,-0.098859,0.0818,0.0599,185.24
5.2808,8.0298,0.6728,11.223,0.96062,0.077507,-0.077712,0.0853,0.0613,183.75
5.3207,8.5533,0.69961,11.414,0.96448,0.033644,-0.033755,0.0843,0.0571,200.61
5.3607,9.0302,0.72009,11.442,0.91155,0.028244,-0.028355,0.0795,0.0477,240.64
5.4008,9.4317,0.63587,11.218,0.66087,0.025142,-0.025259,0.0589,0.0218,515.5
5.4408,9.9806,0.67083,11.51,0.65727,-0.001995,0.0020057,0.057,0.0179,644.05
5.4807,10.484,0.7378,11.614,0.7776,-0.00029895,0.00030051,0.0669,0.0282,412.75
5.5208,11.046,0.76445,11.941,0.77757,-0.037873,0.038123,0.0651,0.025,478.66
5.5608,11.55,0.79399,12.153,0.77215,-0.11776,0.11865,0.0636,0.0217,561.18
5.6008,12.042,0.83912,12.218,0.77636,-0.13457,0.13561,0.0636,0.02,612.12
5.6408,12.578,0.87861,12.405,0.81542,-0.15308,0.15434,0.0658,0.0215,578.2
5.6807,13.098,0.90252,12.514,0.81484,-0.16022,0.16156,0.0652,0.0202,620.82
5.7208,13.596,0.84934,12.517,0.64457,-0.13172,0.13289,0.0516,0.0064,1958.4
5.7608,14.092,0.8785,12.521,0.67042,-0.12442,0.12559,0.0536,0.0082,1529.2
5.8008,12.655,0.74304,12.408,0.42394,-0.083397,0.084305,0.0353,-0.0096,-1293.3
5.8408,13.162,0.78062,12.443,0.50867,-0.082783,0.083709,0.042,-0.0028,-4447.7
5.8808,13.551,0.67365,12.137,0.17429,-0.054466,0.055095,0.0151,-0.0269,-451.24
5.9208,14.062,0.71248,12.182,0.22397,-0.041346,0.041831,0.019,-0.0227,-536.74
5.9608,14.563,0.73426,12.187,0.23102,-0.039252,0.039722,0.0195,-0.0213,-572.27
6.0008,15.07,0.77579,12.213,0.33799,-0.034874,0.035308,0.0282,-0.013,-939.83
6.0408,15.55,0.76684,12.165,0.26387,-0.032282,0.032703,0.0221,-0.0174,-699.31
6.0808,16.064,0.81283,12.194,0.35401,-0.029496,0.029892,0.0294,-0.0108,-1129.6
6.1208,16.522,0.7994,12.094,0.2706,-0.025517,0.025872,0.0227,-0.0159,-760.79
6.1609,17.016,0.84177,12.07,0.32619,-0.019955,0.020239,0.0273,-0.0117,-1032
6.2009,17.597,0.92757,12.318,0.48456,-0.036141,0.036655,0.0393,-0.0018,-6848.8
6.2408,18.066,0.95849,12.235,0.50128,-0.027387,0.027803,0.0413,-0.0002,-61228
6.2809,18.501,0.99808,12.036,0.53231,-0.0032749,0.0033251,0.0442,0.0021,5737.1
6.3209,18.986,1.0226,12.044,0.52647,-0.0098214,0.0099769,0.0438,0.0015,8037
6.3609,19.497,1.066,12.09,0.57204,-0.012496,0.012701,0.0475,0.0041,2952
6.4009,19.95,1.0796,11.982,0.52806,-0.0053545,0.0054442,0.0441,0.0013,9226.2
6.4409,20.457,1.1544,12.018,0.65815,-0.0048581,0.0049416,0.0548,0.0092,1308.2
6.4809,20.9,1.169,11.904,0.60889,0.0020817,-0.0021183,0.0511,0.006,1986.6
6.5209,21.375,1.204,11.879,0.62826,0.0083256,-0.0084752,0.0527,0.007,1699.4
6.5609,21.828,1.2216,11.818,0.57399,0.0046573,-0.004743,0.0485,0.0034,3480
6.6009,22.336,1.2413,11.921,0.56895,-0.0098053,0.0099931,0.0478,0.0028,4262.2
6.6409,22.815,1.2471,11.949,0.5358,-0.017525,0.017869,0.0451,0.0007,17088
6.6809,23.284,1.2591,11.926,0.51483,-0.018214,0.01858,0.0434,-0.0005,-23875
6.7209,23.759,1.2767,11.912,0.51131,-0.014153,0.014442,0.0431,-0.0007,-17033
6.7609,24.336,1.2917,12.207,0.51174,-0.037091,0.037888,0.0424,-0.0011,-11107
6.8009,24.822,1.2915,12.141,0.47243,-0.022947,0.023443,0.0392,-0.0032,-3797
6.8409,25.294,1.338,12.066,0.53194,-0.013154,0.013442,0.0443,0.0005,24155
6.881,25.729,1.3511,11.915,0.49082,0.0056382,-0.005762,0.0411,-0.0018,-6624.8
6.921,26.171,1.3565,11.686,0.34335,0.019884,-0.02032,0.0291,-0.011,-1062.8
6.9609,26.619,1.3657,11.53,0.23056,0.018398,-0.018806,0.0197,-0.018,-640.7
7.001,27.067,1.3694,11.371,0.21483,0.027794,-0.028415,0.0184,-0.0182,-624.9
7.041,27.463,1.3958,11.046,0.22414,0.047382,-0.048457,0.0195,-0.0169,-653.73
7.081,27.857,1.3954,10.766,0.20087,0.058766,-0.06008,0.0176,-0.0177,-608.35
7.121,28.284,1.4108,10.543,0.21207,0.075698,-0.077402,0.0187,-0.0161,-654.95
7.161,28.614,1.4058,10.09,0.16157,0.07907,-0.080851,0.0144,-0.0189,-533.92
7.201,28.943,1.4122,9.6576,0.17117,0.10258,-0.10481,0.0154,-0.0175,-551.95
7.241,29.268,1.4109,9.268,0.14791,0.10776,-0.11007,0.0133,-0.0186,-498.34
7.281,29.607,1.4191,8.985,0.12941,0.1035,-0.10577,0.0117,-0.0192,-468.02
7.321,29.954,1.4076,8.7448,0.067669,0.07869,-0.08047,0.0056,-0.0234,-373.72
7.361,30.333,1.4373,8.6295,0.1123,0.10004,-0.10219,0.0102,-0.0193,-447.16
7.401,30.692,1.4412,8.4877,0.10208,0.095084,-0.09721,0.0093,-0.0194,-437.54
7.441,30.988,1.4454,8.1212,0.073439,0.085164,-0.087058,0.0063,-0.0211,-384.91
7.481,31.321,1.4482,7.9517,0.060951,0.0802,-0.082037,0.005,-0.0213,-373.33
7.521,31.629,1.4727,7.7043,0.082723,0.09193,-0.093913,0.0075,-0.019,-405.51
7.5611,31.946,1.476,7.541,0.077838,0.091239,-0.093307,0.007,-0.0189,-399.02
7.601,32.174,1.5097,7.0461,0.14286,0.14653,-0.14922,0.0141,-0.0131,-537.98
7.6411,32.467,1.5007,6.8512,0.11519,0.13097,-0.13346,0.011,-0.0149,-459.88
7.6811,32.729,1.5034,6.612,0.096794,0.11773,-0.12012,0.009,-0.016,-413.29
7.7211,33.057,1.5145,6.5837,0.097441,0.11173,-0.11397,0.0094,-0.0152,-433.19
7.7611,33.298,1.513,6.3179,0.081068,0.104,-0.10625,0.0074,-0.0163,-387.63
7.8011,33.524,1.4906,6.0201,0.035005,0.074038,-0.075719,0.0016,-0.0199,-302.52
7.8411,33.759,1.4881,5.7828,0.033942,0.074862,-0.076535,0.0012,-0.0195,-296.56
7.8811,33.996,1.5085,5.5743,0.071881,0.10397,-0.10607,0.0059,-0.0155,-359.66
7.9211,34.256,1.504,5.5015,0.066284,0.097779,-0.099778,0.0053,-0.0154,-357.27
7.9611,34.531,1.5067,5.492,0.037683,0.074094,-0.07562,0.0018,-0.0174,-315.64
8.0011,34.798,1.4859,5.4979,-0.0036149,0.045931,-0.047031,-0.0038,-0.0207,-265.6
8.0411,35.052,1.4527,5.4661,-0.084023,-0.0031563,0.0032417,-0.0151,-0.0282,-193.86
8.0811,35.32,1.4171,5.4966,-0.14417,-0.035142,0.036153,-0.0239,-0.0331,-166.12
8.1211,35.642,1.3884,5.7062,-0.20034,-0.053703,0.055278,-0.0318,-0.0377,-151.45
8.1611,36.012,1.3646,6.068,-0.25924,-0.050581,0.052048,-0.04,-0.0422,-143.92
8.2012,36.314,1.3317,6.1814,-0.30799,-0.058046,0.05974,-0.0468,-0.0457,-135.43
8.2411,36.531,1.2959,5.9847,-0.36772,-0.087218,0.089881,-0.0566,-0.0511,-117.34
8.2812,36.697,1.252,5.6186,-0.44242,-0.14384,0.14866,-0.0697,-0.0588,-95.851
8.3212,36.896,1.2091,5.3992,-0.52345,-0.19521,0.20228,-0.0839,-0.0668,-81.205
8.3612,37.117,1.1334,5.2623,-0.64188,-0.25609,0.26603,-0.1042,-0.0786,-67.447
8.4012,37.364,1.0663,5.2388,-0.74177,-0.28914,0.30055,-0.1216,-0.0882,-59.989
8.4412,37.573,1.0528,5.1227,-0.75125,-0.29789,0.30995,-0.1251,-0.0882,-58.701
8.4812,37.769,0.95295,4.9206,-0.902,-0.39091,0.40809,-0.1534,-0.1045,-47.872
8.5212,38.005,0.8326,4.8568,-1.0867,-0.46609,0.48668,-0.188,-0.1246,-39.943
8.5612,37.94,0.73806,3.7572,-1.2814,-0.87716,0.93838,-0.2372,-0.1541,-25.761
8.6012,37.844,0.69641,2.7698,-1.3806,-1.1152,1.2452,-0.264,-0.1685,-18.367
8.6412,37.961,0.66328,2.5374,-1.392,-1.118,1.2642,-0.2707,-0.1685,-17.176
8.6812,38.371,0.48121,3.0252,-1.5307,-1.161,1.2488,-0.3219,-0.1967,-17.237
8.7212,38.578,0.38287,3.0304,-1.5824,-1.1671,1.2456,-0.3442,-0.2057,-16.62
8.7612,38.706,0.33513,2.8566,-1.5751,-1.1859,1.2687,-0.3525,-0.2057,-15.859
******-------------------------------------------------------------------------------------------------------------------****** 
TargetID: ID05
Target can not be processed due to lack of Data
******-------------------------------------------------------------------------------------------------------------------****** 
