******-------------------------------------------------------------------------------------------------------------------****** 
Duration of the scene is: 36.6858 seconds
Original Targets Numbers in the hole Scene: 15
Number of Targets in the hole Scene after preprocessing: 47
Number of static portions: 1
******-------------------------------------------------------------------------------------------------------------------****** 
TargetID: ID01
Target can not be processed due to lack of Data
******-------------------------------------------------------------------------------------------------------------------****** 
TargetID: ID17
Relevancy: 1
tj = 22.9625
Label: 0
Comment: Target is relevant and going straight, since the velocity ratio is almost not changing
DATA:
20.523,-0,-0,3.3618,0.0097164,0.089806,-0.013621,0,0.9252,3.6336
20.563,-0.077411,0.080104,-4.571,2.969,0.037837,-0.0056127,-0.023205,0.87974,6.1956
20.603,-0.15439,0.15587,3.3005,-0.15408,-0.013662,0.0023237,-0.0462,0.8347,3.9584
20.643,-0.020853,0.19709,3.3037,-0.044401,-0.014476,0.0025965,-0.0128,0.8347,3.9583
20.683,-0.013886,0.14527,3.2649,-0.123,-0.030985,0.0058419,-0.0364,0.7926,4.1221
20.723,0.083861,0.21964,3.3264,-0.034811,0.10533,-0.020899,-0.0053,0.7912,4.2044
20.764,0.14482,0.30298,3.3399,0.017359,0.24796,-0.051421,-0.0073,0.7661,4.3597
20.802,0.28833,0.26326,3.5608,0.35892,0.38058,-0.082419,0.0761,0.8018,4.4635
20.842,0.51916,0.35658,3.6966,0.52963,0.45283,-0.10206,0.1117,0.8038,4.6459
20.883,0.57354,0.3656,3.6617,0.42925,0.43456,-0.10177,0.0874,0.7654,4.8168
20.923,0.81695,0.43792,3.8183,0.59974,0.5012,-0.12152,0.1211,0.7671,5.0386
20.962,1.069,0.48567,4.1311,0.60441,0.68853,-0.17712,0.1453,0.7614,5.4834
21.003,0.94198,0.6096,3.844,0.39499,0.74812,-0.18639,0.0584,0.6854,5.6379
21.043,1.2688,0.6702,4.4873,0.38684,1.0936,-0.29993,0.086,0.6837,6.5876
21.083,1.5597,0.74332,4.6567,0.83387,1.078,-0.29559,0.1228,0.6895,6.8612
21.122,1.977,0.76239,5.1399,1.071,1.3324,-0.37501,0.1473,0.6862,7.6512
21.162,2.1762,0.83489,5.2116,1.2161,1.2062,-0.34835,0.1747,0.6862,7.7989
21.203,2.27,0.98487,5.0057,1.0885,0.98215,-0.29213,0.1657,0.6651,7.7022
21.242,2.4743,1.0494,5.0502,1.1509,0.91262,-0.27871,0.1783,0.6567,7.8875
21.283,2.6652,1.1266,5.1025,1.2842,0.80921,-0.25326,0.2046,0.6567,8.0123
21.323,2.4347,1.1216,5.0205,1.2851,0.72962,-0.2334,0.2064,0.6425,8.0659
21.363,2.4837,1.1307,4.9503,1.2708,0.65266,-0.21394,0.2094,0.6293,8.1214
21.402,2.6724,1.2174,4.9901,1.3915,0.56634,-0.18985,0.2345,0.6293,8.2322
21.442,3.0225,1.3388,5.1861,1.5952,0.52628,-0.177,0.2651,0.632,8.5853
21.484,3.0764,1.3807,5.13,1.5781,0.4511,-0.1578,0.2682,0.6198,8.6597
21.524,2.964,1.3139,4.6997,1.4213,0.27428,-0.098199,0.2714,0.609,8.0622
21.564,3.2385,1.4247,4.8385,1.567,0.24467,-0.089241,0.2938,0.6079,8.3663
21.603,3.3394,1.469,4.7117,1.5954,0.16205,-0.060258,0.3126,0.6054,8.2168
21.643,3.8085,1.6153,5.1526,1.9395,0.13339,-0.050449,0.3502,0.6122,8.993
21.683,3.8074,1.6532,4.8283,1.658,0.13538,-0.051919,0.3195,0.5828,8.7596
21.724,3.9927,1.7348,4.8745,1.5982,0.15014,-0.058286,0.3043,0.5622,9.1246
21.762,4.2015,1.8069,4.9873,1.6323,0.16527,-0.064846,0.3031,0.5488,9.562
21.802,4.3914,1.8878,5.1225,1.7675,0.14552,-0.057727,0.3208,0.5461,9.9228
21.842,4.4976,1.9503,5.0459,1.8096,0.10108,-0.040545,0.336,0.5426,9.8794
21.884,4.7168,2.0525,5.0916,1.902,0.068536,-0.027778,0.3519,0.5394,10.076
21.922,4.9734,2.1502,5.2412,1.9578,0.076487,-0.031253,0.3516,0.5264,10.629
21.963,5.1797,2.2308,5.3389,2.0346,0.060591,-0.024966,0.3595,0.5186,11.017
22.003,5.4282,2.3669,5.3812,2.0806,0.040434,-0.016804,0.3659,0.5105,11.302
22.043,5.5661,2.4507,5.3232,2.0929,0.017494,-0.007328,0.3733,0.503,11.371
22.082,5.7522,2.6114,5.4109,2.1981,-0.016791,0.0070916,0.3871,0.4986,11.713
22.122,5.8556,2.6742,5.3238,2.1952,-0.034295,0.014586,0.3938,0.4912,11.724
22.162,6.0538,2.7958,5.3411,2.3035,-0.079461,0.034086,0.4135,0.4912,11.842
22.204,5.9288,2.8069,4.7312,1.9188,-0.020508,0.0087936,0.3874,0.4651,10.977
22.243,6.2234,2.9897,5.1554,2.2469,-0.078412,0.033937,0.418,0.4714,11.93
22.283,6.546,3.1441,5.355,2.4914,-0.12881,0.055285,0.4355,0.4702,12.561
22.324,6.8094,3.256,5.4645,2.6349,-0.16953,0.072879,0.4493,0.467,12.99
22.363,6.9298,3.354,5.4117,2.6521,-0.2066,0.091381,0.4727,0.4706,12.806
22.402,7.0559,3.3615,5.2508,2.6934,-0.19588,0.084414,0.474,0.46,12.829
22.443,7.2555,3.4856,5.3727,2.7588,-0.24804,0.11064,0.4953,0.4619,13.076
22.482,7.6363,3.4655,5.7374,3.2049,-0.36535,0.15076,0.4845,0.4381,15.001
22.523,7.6742,3.5554,5.5998,3.025,-0.36187,0.15558,0.4953,0.4327,14.709
22.563,7.8853,3.7038,5.6178,3.1618,-0.4114,0.1766,0.5126,0.4327,14.898
22.603,8.052,3.8369,5.6595,3.0012,-0.3904,0.17652,0.5175,0.4247,15.084
22.644,8.1845,3.9298,5.5428,2.9771,-0.36432,0.1645,0.5219,0.4171,15.084
22.684,8.7082,4.1938,5.8077,3.7207,-0.52844,0.21262,0.536,0.4143,16.648
22.724,8.7088,4.2452,5.6493,3.0762,-0.36348,0.16349,0.5264,0.397,16.203
22.764,8.9172,4.4065,5.6681,3.1862,-0.39892,0.18002,0.5423,0.397,16.379
22.804,9.1345,4.6075,5.713,3.2738,-0.42298,0.1911,0.5518,0.3922,16.789
22.844,9.27,4.5627,5.3385,3.5033,-0.38854,0.15679,0.5514,0.3823,16.702
22.884,9.46,4.5463,5.23,3.4224,-0.34284,0.13882,0.5524,0.3742,16.703
22.924,9.6602,4.7036,5.2159,3.5408,-0.37088,0.14915,0.5674,0.3742,16.847
22.963,9.8818,4.6936,5.1513,3.4585,-0.33433,0.13496,0.5643,0.3618,17.149
23.002,9.954,4.7673,5.04,3.0515,-0.22481,0.099418,0.5653,0.3525,16.714
23.044,10.141,4.9213,5.0297,3.1329,-0.24032,0.10648,0.5793,0.3525,16.81
23.085,10.476,5.1462,5.3808,3.4847,-0.4191,0.18921,0.6088,0.3647,17.578
23.125,10.774,5.3733,5.5436,3.6675,-0.49763,0.22615,0.6225,0.364,18.261
23.163,10.978,5.5477,5.5467,3.7729,-0.52506,0.23934,0.6371,0.364,18.429
23.204,11.179,5.741,5.5481,3.8788,-0.55249,0.25276,0.6516,0.364,18.598
23.244,11.809,6.1863,6.3205,4.5025,-0.93955,0.44058,0.6738,0.3698,20.985
23.284,12.039,6.4061,6.3419,4.645,-0.98318,0.46294,0.6886,0.3698,21.257
23.324,12.267,6.6387,6.36,4.7895,-1.0268,0.48544,0.7034,0.3698,21.53
23.364,12.5,6.8674,6.3754,4.9357,-1.0699,0.50782,0.7181,0.3698,21.803
23.404,13.3,7.5229,7.4583,6.001,-1.855,0.90954,0.752,0.3841,24.923
23.445,13.859,8.0339,7.9788,6.6544,-2.2777,1.1276,0.7732,0.3894,26.681
******-------------------------------------------------------------------------------------------------------------------****** 
TargetID: ID02
Relevancy: 1
tj = 16.8415
Label: 0
Comment: Target is relevant and going straight, since the velocity ratio is almost not changing
DATA:
16.281,-0,-0,NaN,NaN,NaN,NaN,0,NaN,NaN
16.321,0.28528,-0.51925,NaN,NaN,NaN,NaN,-0.0354,NaN,NaN
16.362,NaN,NaN,NaN,NaN,NaN,NaN,-0.047,NaN,NaN
16.401,0.6222,-0.44251,11.824,-0.32217,-0,-0,-0.0272,0,Inf
16.441,1.0341,-0.48617,8.9623,-1.7644,-0.091313,-0.056785,-0.02785,0.029032,314.63
16.481,1.355,-0.57613,7.2503,-2.6319,-0.18274,-0.11364,-0.028501,0.0581,132.76
16.521,1.63,-0.68916,6.6926,-2.9225,-0.27406,-0.17043,-0.029151,0.087134,83.812
16.564,1.922,-0.80809,7.3529,-2.6051,-0.37042,-0.23035,-0.029837,0.11777,66.237
16.601,2.2275,-0.89234,9.0264,-1.7799,-0.45647,-0.28386,-0.030449,0.14513,63.393
16.641,2.6432,-0.93679,11.925,-0.34307,-0.5479,-0.34073,-0.0311,0.1742,68.485
16.681,3.3207,-0.97211,12.007,-0.53214,-0.18111,-0.11324,-0.0449,0.1049,114.57
16.721,3.7877,-0.9545,11.858,-0.30099,-0.62139,-0.39105,-0.0275,0.1396,84.97
16.761,4.1819,-0.86839,11.674,-0.12154,-0.9979,-0.63393,-0.0139,0.1496,78.039
16.801,4.6244,-0.85419,11.551,-0.035664,-1.1454,-0.73152,-0.0072,0.1487,77.678
16.841,5.1189,-0.86481,11.576,-0.11367,-0.96194,-0.6196,-0.0131,0.1178,98.273
16.881,5.521,-0.85388,11.389,-0.073228,-1.3281,-0.86353,-0.0112,0.1052,108.27
16.922,5.8604,-0.87171,11.492,-0.2471,-0.95155,-0.62557,-0.0256,0.0645,178.22
16.961,6.27,-0.84514,11.314,-0.11217,-1.2474,-0.82948,-0.0154,0.0768,147.32
17.003,6.7344,-0.85059,11.304,-0.15305,-1.2344,-0.8371,0.20295,0.072042,156.92
17.044,7.1986,-0.85772,11.293,-0.19423,-1.2214,-0.84472,0.42142,0.067281,167.87
17.083,7.638,-0.86605,11.28,-0.23353,-1.209,-0.85195,0.62848,0.062768,179.75
17.123,8.0893,-0.87621,11.266,-0.27419,-1.1964,-0.85938,0.84134,0.05813,193.86
17.163,8.5419,-0.88806,11.25,-0.31531,-1.1836,-0.86684,1.0552,0.05347,210.47
17.203,8.9888,-0.90141,11.232,-0.35623,-1.171,-0.87422,1.2666,0.048863,229.98
17.243,9.4382,-0.9165,11.212,-0.3977,-1.1583,-0.88165,1.4795,0.044223,253.69
17.283,9.8903,-0.9334,11.19,-0.43979,-1.1455,-0.88914,1.6941,0.039545,283.19
17.323,10.333,-0.95163,11.167,-0.48134,-1.133,-0.89649,1.9047,0.034957,319.75
17.363,10.78,-0.97177,11.142,-0.52367,-1.1203,-0.90393,2.1178,0.030312,367.98
17.403,11.227,-0.99368,11.115,-0.56639,-1.1075,-0.91139,2.3316,0.025653,433.84
17.443,11.67,-1.0171,11.086,-0.60904,-1.0949,-0.91879,2.5437,0.021031,527.92
17.483,12.112,-1.0423,11.056,-0.65195,-1.0822,-0.92619,2.7558,0.01641,674.9
17.523,12.557,-1.0694,11.024,-0.6956,-1.0695,-0.93367,2.9701,0.011739,940.96
17.563,12.994,-1.0979,10.99,-0.7389,-1.0569,-0.94105,3.1815,0.0071328,1544.2
17.603,13.433,-1.1283,10.954,-0.78271,-1.0442,-0.94847,3.394,0.0025009,4391.3
17.644,13.886,-1.1617,10.915,-0.82846,-1.0311,-0.95616,3.6146,-0.0023058,-4747.5
17.682,14.296,-1.1937,10.878,-0.87023,-1.0191,-0.96315,3.8147,-0.0066676,-1636.7
17.722,14.729,-1.2293,10.837,-0.91476,-1.0065,-0.97055,4.0269,-0.011291,-963.24
17.762,15.162,-1.2668,10.795,-0.95968,-0.9938,-0.97798,4.2397,-0.015928,-680.4
17.802,15.593,-1.3061,10.75,-1.0049,-0.98112,-0.9854,4.4523,-0.020562,-525.09
17.842,16.023,-1.3472,10.704,-1.0503,-0.96843,-0.99283,4.6653,-0.025202,-426.76
17.882,16.451,-1.3903,10.656,-1.0962,-0.95571,-1.0003,4.8786,-0.029851,-358.84
17.923,16.886,-1.4361,10.605,-1.1432,-0.94275,-1.0079,5.0961,-0.034592,-308.34
17.963,17.309,-1.4828,10.553,-1.1895,-0.93006,-1.0153,5.3089,-0.039229,-270.71
18.003,17.733,-1.5316,10.499,-1.2363,-0.9173,-1.0228,5.523,-0.043894,-240.85
18.043,18.154,-1.5822,10.444,-1.2833,-0.90457,-1.0302,5.7366,-0.048548,-216.74
18.083,18.566,-1.634,10.387,-1.33,-0.89201,-1.0376,5.9474,-0.053143,-197.06
18.123,18.983,-1.6884,10.328,-1.3775,-0.87927,-1.045,6.1611,-0.0578,-180.28
18.163,19.365,-1.7771,10.248,-1.462,-0.74314,-0.89705,6.1507,-0.0645,-160.49
18.203,19.522,-1.7771,9.7087,-1.453,-1.2723,-1.5443,6.1518,-0.0572,-171.62
18.244,19.901,-1.8678,9.7581,-1.5104,-1.017,-1.2642,6.1435,-0.0617,-160.04
18.282,20.3,-1.9365,9.8515,-1.5296,-0.74692,-0.95152,6.1394,-0.0626,-159.26
18.322,20.703,-2.0264,9.9579,-1.5823,-0.5161,-0.67388,6.1327,-0.0656,-153.7
18.362,21.111,-2.1218,10.069,-1.665,-0.27464,-0.36697,6.1231,-0.0704,-144.97
18.402,21.514,-2.2631,10.188,-1.7725,0.00468,0.0063882,6.1109,-0.0777,-133.09
18.442,21.923,-2.4376,10.32,-1.9261,0.2829,0.39463,6.0948,-0.088,-119.3
18.483,22.346,-2.5927,10.478,-2.0487,0.53164,0.757,6.0829,-0.0944,-113.09
18.523,22.795,-2.7111,10.704,-2.1335,0.78371,1.1416,6.076,-0.0966,-112.99
18.564,23.221,-2.8043,10.737,-2.1843,0.77279,1.142,6.0721,-0.0966,-113.42
18.602,23.693,-2.9308,10.978,-2.2784,0.96184,1.4518,6.066,-0.0981,-114.29
18.643,24.124,-3.0309,11.021,-2.3342,0.94893,1.4513,6.062,-0.0981,-114.83
18.683,24.626,-3.163,11.181,-2.4042,1.1734,1.8145,6.0563,-0.0993,-115.17
18.723,24.271,-4.0264,8.1754,-7.8773,0.70886,1.1034,5.5066,-0.0432,-262.8
18.763,24.294,-4.247,8.0056,-8.1618,0.61938,0.95038,5.4881,-0.0466,-245.33
18.803,24.725,-4.4076,8.5602,-7.9928,1.1348,1.7533,5.532,-0.0113,-1036.4
18.844,25.332,-4.6607,9.2998,-7.8826,1.975,3.2328,5.5556,0.0343,355.43
18.882,25.699,-4.9836,9.4407,-7.992,1.9666,3.2307,5.557,0.0343,360.62
18.922,26.229,-5.1192,9.726,-7.5088,2.0161,3.3532,5.6007,0.0508,241.88
18.962,26.617,-5.4332,9.8788,-7.6061,2.0161,3.3578,5.6027,0.0508,245.43
19.002,27.276,-5.3423,10.563,-6.8608,2.1595,3.4066,5.7072,0.1047,120.3
19.042,27.821,-5.3939,11.052,-6.4182,2.3909,3.7787,5.7571,0.128,99.85
19.082,28.261,-5.6485,11.232,-6.4462,2.4016,3.7959,5.7622,0.128,101.18
19.122,29.746,-5.2939,12.849,-3.5897,3.0521,5.4116,5.9601,0.3326,40.111
******-------------------------------------------------------------------------------------------------------------------****** 
TargetID: ID18
Target can not be processed due to lack of Data
******-------------------------------------------------------------------------------------------------------------------****** 
TargetID: ID20
Target can not be processed due to lack of Data
******-------------------------------------------------------------------------------------------------------------------****** 
TargetID: ID21
Relevancy: 0
tj = Inf
Label: -1
Comment: Target is irrelevant as it is not crossing the estimated holding line
DATA:
20.643,-0,-0,NaN,NaN,NaN,NaN,0,NaN,NaN
20.683,0.13507,-0.0033183,NaN,NaN,NaN,NaN,0.0001,NaN,NaN
20.723,0.26764,0.0015663,NaN,NaN,NaN,NaN,0.0001,NaN,NaN
20.764,0.41369,-0.0075854,NaN,NaN,NaN,NaN,0.0001,NaN,NaN
20.802,NaN,NaN,NaN,NaN,NaN,NaN,0.0158,NaN,NaN
20.842,NaN,NaN,NaN,NaN,NaN,NaN,-0.0227,NaN,NaN
20.883,NaN,NaN,NaN,NaN,NaN,NaN,-0.0226,NaN,NaN
20.923,NaN,NaN,NaN,NaN,NaN,NaN,-0.0144,NaN,NaN
20.962,NaN,NaN,NaN,NaN,NaN,NaN,-0.0143,NaN,NaN
21.003,NaN,NaN,NaN,NaN,NaN,NaN,-0.0143,NaN,NaN
21.043,NaN,NaN,NaN,NaN,NaN,NaN,-0.0143,NaN,NaN
21.083,NaN,NaN,NaN,NaN,NaN,NaN,-0.1055,NaN,NaN
21.122,NaN,NaN,NaN,NaN,NaN,NaN,-0.1055,NaN,NaN
21.162,NaN,NaN,NaN,NaN,NaN,NaN,0.0233,NaN,NaN
21.203,NaN,NaN,NaN,NaN,NaN,NaN,0.0233,NaN,NaN
21.242,NaN,NaN,NaN,NaN,NaN,NaN,0.0233,NaN,NaN
21.283,NaN,NaN,NaN,NaN,NaN,NaN,0.2602,NaN,NaN
21.323,NaN,NaN,NaN,NaN,NaN,NaN,0.2602,NaN,NaN
21.363,NaN,NaN,NaN,NaN,NaN,NaN,0.2602,NaN,NaN
21.402,3.7865,1.4675,4.7245,2.1541,-0,-0,0.4278,0,Inf
21.442,0.049825,1.0331,4.833,2.3801,-0.018208,0.00093729,0.4588,0.004,1346.8
21.484,0.24156,1.1286,4.8311,2.3803,-0.017919,0.001039,0.4591,0.004,1346.4
21.524,0.49446,1.2826,4.8311,2.3803,NaN,NaN,0.46386,NaN,NaN
21.564,0.7468,1.4363,4.8311,2.3803,NaN,NaN,0.46861,NaN,NaN
21.603,0.99588,1.588,4.8311,2.3803,NaN,NaN,0.4733,NaN,NaN
21.643,1.2468,1.7408,4.8311,2.3803,NaN,NaN,0.47802,NaN,NaN
21.683,1.4978,1.8937,4.8311,2.3803,NaN,NaN,0.48275,NaN,NaN
21.724,1.755,2.0503,4.8311,2.3803,NaN,NaN,0.48759,NaN,NaN
21.762,1.9957,2.197,4.8311,2.3803,NaN,NaN,0.49212,NaN,NaN
21.802,2.2469,2.3499,4.8311,2.3803,NaN,NaN,0.49685,NaN,NaN
21.842,2.4985,2.5032,4.8311,2.3803,NaN,NaN,0.50159,NaN,NaN
21.884,2.7627,2.6641,4.8311,2.3803,NaN,NaN,0.50656,NaN,NaN
21.922,3.0023,2.8101,4.8311,2.3803,NaN,NaN,0.51107,NaN,NaN
21.963,3.255,2.9639,4.8311,2.3803,NaN,NaN,0.51583,NaN,NaN
22.003,3.5109,3.1198,4.8311,2.3803,NaN,NaN,0.52064,NaN,NaN
22.043,3.763,3.2733,4.8311,2.3803,NaN,NaN,0.52539,NaN,NaN
22.082,4.0082,3.4227,4.8311,2.3803,NaN,NaN,0.53,NaN,NaN
22.122,4.2601,3.5761,4.8311,2.3803,NaN,NaN,0.53475,NaN,NaN
22.162,4.5122,3.7296,4.8311,2.3803,NaN,NaN,0.53949,NaN,NaN
22.204,4.7711,3.8873,4.8311,2.3803,NaN,NaN,0.54437,NaN,NaN
22.243,5.0208,4.0394,4.8311,2.3803,NaN,NaN,0.54906,NaN,NaN
22.283,5.2731,4.1931,4.8311,2.3803,NaN,NaN,0.55381,NaN,NaN
22.324,5.5297,4.3494,4.8311,2.3803,NaN,NaN,0.55864,NaN,NaN
22.363,5.7718,4.4968,4.8311,2.3803,NaN,NaN,0.5632,NaN,NaN
22.402,6.0214,4.6488,NaN,NaN,NaN,NaN,0.5679,NaN,NaN
******-------------------------------------------------------------------------------------------------------------------****** 
TargetID: ID22
Target can not be processed due to lack of Data
******-------------------------------------------------------------------------------------------------------------------****** 
TargetID: ID23
Target can not be processed due to lack of Data
******-------------------------------------------------------------------------------------------------------------------****** 
TargetID: ID24
Target can not be processed due to lack of Data
******-------------------------------------------------------------------------------------------------------------------****** 
TargetID: ID25
Target can not be processed due to lack of Data
******-------------------------------------------------------------------------------------------------------------------****** 
TargetID: ID27
Relevancy: 0
tj = Inf
Label: -1
Comment: Target is irrelevant as it is not crossing the estimated holding line
DATA:
1.8801,-0,-0,NaN,NaN,NaN,NaN,0,NaN,NaN
1.9208,0.056238,0.061392,NaN,NaN,NaN,NaN,0.0531,NaN,NaN
1.9591,NaN,NaN,NaN,NaN,NaN,NaN,0.6719,NaN,NaN
1.999,NaN,NaN,NaN,NaN,NaN,NaN,0.6719,NaN,NaN
2.0393,NaN,NaN,NaN,NaN,NaN,NaN,0.6719,NaN,NaN
2.0791,NaN,NaN,NaN,NaN,NaN,NaN,0.365,NaN,NaN
2.1191,NaN,NaN,NaN,NaN,NaN,NaN,0.365,NaN,NaN
2.162,NaN,NaN,NaN,NaN,NaN,NaN,0.365,NaN,NaN
2.1991,NaN,NaN,NaN,NaN,NaN,NaN,0.272,NaN,NaN
2.24,NaN,NaN,NaN,NaN,NaN,NaN,0.272,NaN,NaN
2.2791,NaN,NaN,NaN,NaN,NaN,NaN,0.3996,NaN,NaN
2.3191,1.8114,2.0583,5.0417,3.1476,-0,-0,0.5581,0,Inf
2.3591,2.0793,2.395,5.2478,3.5112,0.065012,0.0089232,0.5896,-0.041,-154
2.3991,1.0052,2.0109,5.2693,3.9052,0.075702,0.010405,0.6365,-0.0127,-516.43
2.4391,1.2435,2.2073,5.3827,3.9027,0.074432,0.010237,0.6261,-0.0661,-100.58
2.4791,1.3363,2.0979,5.3362,3.3981,0.034753,0.0047754,0.5665,-0.0783,-80.796
2.5195,1.1539,2.1063,5.4511,3.7853,0.14562,0.020047,0.6039,-0.0521,-127.38
2.5602,1.3681,2.2661,4.9609,3.9024,-0.3951,-0.053436,0.6772,0.2368,26.655
2.6001,1.6119,2.4946,4.9323,4.169,-0.30506,-0.041325,0.71,0.2658,24.297
2.6407,1.8159,2.6623,4.5674,4.4483,-0.36746,-0.049256,0.7836,0.4505,14.152
2.6801,1.7838,3.0985,4.496,4.4622,-0.33946,-0.045806,0.7924,0.4264,14.856
2.7201,1.9556,3.2829,4.4407,4.4107,-0.33955,-0.045795,0.7931,0.3942,15.878
2.7603,2.5633,3.5484,4.4386,4.4592,-0.31726,-0.04281,0.7964,0.3535,17.798
2.8001,2.6945,3.7178,4.4162,4.5326,-0.27026,-0.036523,0.8061,0.3407,18.574
2.8404,2.9078,3.9969,4.4523,4.517,-0.26111,-0.03536,0.7998,0.2938,21.588
2.8805,3.1568,4.2563,4.7596,4.549,-0.21975,-0.029889,0.7682,0.1899,34.67
2.9202,3.3657,4.4523,4.8064,4.6751,-0.17222,-0.023463,0.7758,0.1849,36.263
2.9603,3.6066,4.7086,4.9055,4.7539,-0.1333,-0.018199,0.7728,0.1629,41.934
3.0004,3.8429,4.939,4.9711,5.0429,-0.065098,-0.0089109,0.794,0.1825,38.801
3.0402,4.047,5.154,4.9941,5.2777,-0.030532,-0.0041847,0.8137,0.2011,36.131
3.0803,4.2708,5.4094,5.0542,5.4344,-0.0079854,-0.0010961,0.8218,0.1978,37.52
3.1204,4.4775,5.6417,5.0437,5.7125,-0.0030827,-0.00042273,0.8476,0.2246,33.929
3.1602,4.6984,5.8526,5.0893,5.6562,0.0074262,0.0010195,0.8379,0.1996,38.12
3.2002,4.9063,6.0344,5.0925,5.6591,0.009668,0.0013279,0.8378,0.1906,39.943
3.2405,5.0978,6.2091,5.0426,5.5236,-0.0022419,-0.00030735,0.8309,0.1753,42.665
3.2803,5.3085,6.4345,5.0544,5.7824,0.00098113,0.00013427,0.8524,0.1949,39.405
3.3202,5.3229,6.3865,4.5734,5.566,-0.067748,-0.0092562,0.8847,0.2443,29.488
3.3595,5.4233,6.44,4.3472,5.4655,-0.082419,-0.011241,0.9012,0.2644,26.413
******-------------------------------------------------------------------------------------------------------------------****** 
TargetID: ID28
Target can not be processed due to lack of Data
******-------------------------------------------------------------------------------------------------------------------****** 
TargetID: ID29
Target can not be processed due to lack of Data
******-------------------------------------------------------------------------------------------------------------------****** 
TargetID: ID30
Target can not be processed due to lack of Data
******-------------------------------------------------------------------------------------------------------------------****** 
TargetID: ID31
Target can not be processed due to lack of Data
******-------------------------------------------------------------------------------------------------------------------****** 
TargetID: ID32
Relevancy: 0
tj = Inf
Label: -1
Comment: Target is irrelevant as it is not crossing the estimated holding line
DATA:
13.282,-0,-0,NaN,NaN,NaN,NaN,0,NaN,NaN
13.322,0.18454,0.43489,NaN,NaN,NaN,NaN,0.164,NaN,NaN
13.362,0.34195,0.9321,NaN,NaN,NaN,NaN,0.331,NaN,NaN
13.402,0.5863,1.1987,NaN,NaN,NaN,NaN,0.3875,NaN,NaN
13.442,0.9531,1.1331,NaN,NaN,NaN,NaN,0.3251,NaN,NaN
13.482,1.2913,1.1521,NaN,NaN,NaN,NaN,0.2995,NaN,NaN
13.522,1.0593,1.1984,8.0239,2.1781,-0,-0,0.2651,0,Inf
13.564,1.3734,1.3488,8.0175,2.3175,0.14049,0.092667,0.2815,0.0023,3628.6
13.602,1.6925,1.4812,8.0583,2.408,0.4465,0.29453,0.2906,0.0055,1529.2
13.642,1.9922,1.6921,8.0294,2.6395,0.57708,0.38066,0.3178,0.0118,716.28
13.682,2.3178,1.8184,8.0859,2.685,0.7589,0.5006,0.3209,0.0102,835.3
13.722,2.6354,2.0024,8.1157,2.8412,0.936,0.61743,0.3371,0.0169,508.8
13.763,2.9542,2.1552,8.159,2.9379,1.0577,0.6978,0.3452,0.0186,466.23
13.802,3.2695,2.3364,8.1621,3.0861,1.0727,0.70761,0.3619,0.0338,258.17
13.841,3.6039,2.4568,8.2113,3.097,1.0851,0.71568,0.361,0.0306,286.8
13.881,3.9323,2.6205,8.2694,3.2004,1.1935,0.78728,0.3696,0.0339,261.57
13.922,4.2759,2.7244,8.361,3.1501,1.258,0.82968,0.3607,0.0153,583.97
13.963,4.6034,2.8987,8.3773,3.3031,1.2699,0.83766,0.376,0.0356,252.95
14.001,4.9326,3.0469,8.4094,3.3787,1.2727,0.83956,0.382,0.0415,218.38
14.041,5.3032,3.106,8.5551,3.1613,1.322,0.87188,0.3544,-0.0036,-2533.5
14.081,5.6013,3.3885,8.4731,3.6249,1.345,0.88721,0.4043,0.0659,139.85
14.121,3.9459,3.0487,8.3864,4.0546,1.4066,0.92743,0.4556,0.1454,64.065
14.161,4.2894,3.2079,8.5197,3.9306,1.4539,0.95843,0.4383,0.1088,86.238
14.201,4.6262,3.3262,8.6291,3.7969,1.4322,0.94437,0.4211,0.081,116.39
14.241,5.0143,3.2756,8.8682,2.8773,1.2963,0.85309,0.3234,-0.0423,-220.41
14.281,5.378,3.4561,8.9016,3.2735,1.4314,0.94396,0.3613,0.0061,1554.8
14.322,5.7275,3.5536,8.98,3.1365,1.4534,0.95756,0.3456,-0.0143,-665.18
14.363,6.0908,3.6808,9.0791,3.17,1.5357,1.0127,0.3458,-0.0144,-667.82
14.402,6.4478,3.9564,8.9625,3.8451,1.5828,1.0441,0.4125,0.0628,155.29
14.442,6.8073,4.0969,9.0713,3.7405,1.6341,1.0773,0.399,0.0424,231.42
14.482,7.1643,4.2665,9.0907,3.8527,1.6249,1.0707,0.4082,0.051,193.6
14.522,7.5237,4.4278,9.1358,3.9178,1.6156,1.0647,0.4122,0.0531,187.2
14.563,7.888,4.5655,9.2526,3.8387,1.6492,1.0873,0.4008,0.0375,267.13
14.601,8.2661,4.7466,9.3036,3.9413,1.6897,1.1135,0.408,0.0438,230.68
14.641,8.6308,4.9007,9.4218,3.9347,1.7435,1.15,0.4032,0.0357,286.01
14.681,9.0158,5.1002,9.4474,4.1189,1.7422,1.1492,0.418,0.0497,207.37
14.721,9.3937,5.215,9.5476,3.9436,1.7225,1.1356,0.3992,0.029,356.2
14.761,9.763,5.3308,9.6027,3.8174,1.6186,1.067,0.3859,0.0151,684.35
14.801,10.134,5.4705,9.6422,3.7959,1.5567,1.0262,0.3824,0.011,942.04
14.841,10.529,5.6244,9.7251,3.8236,1.6114,1.0622,0.3821,0.0103,1014.5
14.881,10.922,5.8218,9.7939,4.0091,1.7328,1.1423,0.3959,0.0222,476.7
14.921,11.313,5.9877,9.8566,4.0463,1.73,1.1405,0.3967,0.0222,479.95
14.962,11.708,6.153,9.919,4.0842,1.7271,1.1386,0.3976,0.0222,483.19
15.001,12.104,6.3211,9.9815,4.1218,1.7242,1.1367,0.3985,0.0222,486.44
15.041,12.503,6.4893,10.044,4.16,1.7212,1.1348,0.3994,0.0222,489.69
15.081,12.905,6.6602,10.106,4.1977,1.7182,1.1328,0.4003,0.0222,492.94
15.121,13.309,6.8338,10.169,4.2353,1.7152,1.1308,0.4012,0.0222,496.18
15.162,13.715,7.0065,10.231,4.2736,1.712,1.1288,0.4021,0.0222,499.43
15.201,14.124,7.1821,10.293,4.3117,1.7089,1.1267,0.4029,0.0222,502.67
15.241,14.536,7.3579,10.355,4.3502,1.7058,1.1247,0.4039,0.0222,505.92
15.281,14.949,7.5372,10.417,4.3882,1.7025,1.1226,0.4047,0.0222,509.17
15.321,15.366,7.7166,10.479,4.4268,1.6993,1.1204,0.4056,0.0222,512.42
15.362,15.785,7.8987,10.541,4.4651,1.6961,1.1183,0.4065,0.0222,515.67
15.401,16.207,8.0796,10.603,4.5045,1.6926,1.116,0.4074,0.0222,518.91
******-------------------------------------------------------------------------------------------------------------------****** 
TargetID: ID33
Target can not be processed due to lack of Data
******-------------------------------------------------------------------------------------------------------------------****** 
TargetID: ID34
Target can not be processed due to lack of Data
******-------------------------------------------------------------------------------------------------------------------****** 
TargetID: ID35
Target can not be processed due to lack of Data
******-------------------------------------------------------------------------------------------------------------------****** 
TargetID: ID36
Target can not be processed due to lack of Data
******-------------------------------------------------------------------------------------------------------------------****** 
TargetID: ID37
Target can not be processed due to lack of Data
******-------------------------------------------------------------------------------------------------------------------****** 
TargetID: ID06
Target can not be processed due to lack of Data
******-------------------------------------------------------------------------------------------------------------------****** 
TargetID: ID39
Relevancy: 0
tj = Inf
Label: -1
Comment: Target is irrelevant as it is not crossing the estimated holding line
DATA:
5.6013,-0,-0,NaN,NaN,NaN,NaN,0,NaN,NaN
5.641,0.3722,0.0024258,NaN,NaN,NaN,NaN,-0.0001,NaN,NaN
5.6806,0.74448,0.0005111,NaN,NaN,NaN,NaN,-0.0001,NaN,NaN
5.7207,1.117,0.002476,NaN,NaN,NaN,NaN,-0.0001,NaN,NaN
5.7609,1.4894,0.0016948,NaN,NaN,NaN,NaN,-0.0001,NaN,NaN
5.8015,1.8616,0.0054526,NaN,NaN,NaN,NaN,-0.0001,NaN,NaN
5.8397,1.529,0.19668,NaN,NaN,NaN,NaN,0.0766,NaN,NaN
5.8809,1.8751,0.22252,NaN,NaN,NaN,NaN,0.0767,NaN,NaN
5.9197,2.2214,0.24727,NaN,NaN,NaN,NaN,0.0767,NaN,NaN
5.9597,2.5678,0.27255,NaN,NaN,NaN,NaN,0.0767,NaN,NaN
5.9997,2.9143,0.3031,NaN,NaN,NaN,NaN,0.0766,NaN,NaN
6.0397,3.2607,0.32837,NaN,NaN,NaN,NaN,0.0767,NaN,NaN
6.0797,3.607,0.35546,NaN,NaN,NaN,NaN,0.0767,NaN,NaN
6.1198,3.9534,0.38438,NaN,NaN,NaN,NaN,0.0766,NaN,NaN
6.1599,4.2996,0.40861,NaN,NaN,NaN,NaN,0.0767,NaN,NaN
6.1998,NaN,NaN,NaN,NaN,NaN,NaN,0.5315,NaN,NaN
6.2396,NaN,NaN,NaN,NaN,NaN,NaN,0.5315,NaN,NaN
6.2808,NaN,NaN,NaN,NaN,NaN,NaN,0.722,NaN,NaN
6.3207,NaN,NaN,NaN,NaN,NaN,NaN,0.722,NaN,NaN
6.3611,NaN,NaN,NaN,NaN,NaN,NaN,0.722,NaN,NaN
6.401,NaN,NaN,NaN,NaN,NaN,NaN,0.722,NaN,NaN
6.4408,NaN,NaN,NaN,NaN,NaN,NaN,0.722,NaN,NaN
6.4811,NaN,NaN,NaN,NaN,NaN,NaN,0.722,NaN,NaN
6.5208,NaN,NaN,NaN,NaN,NaN,NaN,0.722,NaN,NaN
6.5608,NaN,NaN,NaN,NaN,NaN,NaN,0.7221,NaN,NaN
6.6015,NaN,NaN,NaN,NaN,NaN,NaN,0.7221,NaN,NaN
6.6398,NaN,NaN,NaN,NaN,NaN,NaN,0.7221,NaN,NaN
6.6808,NaN,NaN,NaN,NaN,NaN,NaN,0.7221,NaN,NaN
6.7199,NaN,NaN,NaN,NaN,NaN,NaN,0.7221,NaN,NaN
6.7598,9.4438,9.7828,8.5288,8.4791,-0,-0,0.7825,0,Inf
6.8002,9.785,10.123,8.529,8.4789,-0,-0,0.7825,0,Inf
6.8411,7.5416,8.4893,8.008,7.1715,0.15389,-0.11102,0.7264,0.0315,341.26
6.8808,7.5898,7.4893,7.6432,6.3055,0.065823,-0.047658,0.6878,0.0159,623.17
6.9209,8.085,7.9895,7.7832,6.61,0.06432,-0.046581,0.7022,0.0177,576.91
6.9612,8.3971,8.2973,7.7795,6.6263,0.053294,-0.038618,0.704,0.0188,543.57
7.0009,8.6828,8.6133,7.8365,6.5074,-0.029493,0.021468,0.6939,-0.0097,-1050.1
7.0409,8.8767,9.2798,7.8986,6.7406,0.048133,-0.034882,0.705,-0.0015,-6922.5
7.0811,9.204,9.5973,7.8865,6.7931,0.038149,-0.027662,0.7099,0.0069,1508.5
7.121,9.4752,9.7195,7.8065,6.6983,0.11004,-0.079459,0.7057,0.0029,3547
7.1599,9.7888,10.082,7.7765,6.7912,0.16668,-0.12121,0.7179,0.0212,487
7.2,10.083,10.373,7.7073,6.8373,0.16353,-0.11771,0.7206,0.0248,415.44
7.2407,10.182,10.537,7.3011,5.717,1.0329,-0.70467,0.6267,-0.1238,-74.904
7.281,10.58,11.026,7.3335,5.8281,1.05,-0.716,0.6339,-0.1113,-84.163
7.3214,10.881,11.217,7.2449,5.7273,1.1067,-0.75115,0.6283,-0.1137,-81.225
7.3609,11.315,11.72,7.3104,5.9234,1.0499,-0.71576,0.6436,-0.0922,-102.05
7.4002,11.614,11.939,7.2656,5.8422,1.0312,-0.70323,0.6399,-0.0922,-101.12
7.44,11.872,11.999,7.0528,5.5193,1.0709,-0.71928,0.6225,-0.1093,-81.937
7.4799,12.19,12.206,7.3216,5.2035,1.0656,-0.78198,0.6179,-0.111,-80.922
7.52,12.452,12.321,6.9665,5.1737,1.2089,-0.81175,0.5895,-0.1399,-62.027
7.5599,12.73,12.475,7.3586,4.2778,1.141,-0.92734,0.5799,-0.1447,-58.823
7.5999,13.136,12.946,6.9065,5.2493,1.25,-0.83609,0.5988,-0.12,-72.291
7.6401,13.369,13.104,6.7272,4.8724,1.1416,-0.75669,0.5767,-0.1376,-60.366
7.6799,13.611,13.139,6.6416,4.6584,1.12,-0.74188,0.5604,-0.1484,-54.666
7.72,13.835,13.163,6.5605,4.3904,1.0553,-0.70105,0.5392,-0.1632,-48.37
7.76,14.038,13.143,6.47,4.1751,1.0137,-0.67425,0.5224,-0.1722,-44.716
7.8001,14.308,13.286,6.4123,4.0756,0.98958,-0.65861,0.5156,-0.1722,-44.122
7.84,14.575,13.427,6.3538,3.9765,0.9652,-0.64281,0.5086,-0.1722,-43.528
7.8809,14.787,13.464,6.5156,3.4632,1.0052,-0.74307,0.4886,-0.1833,-40.255
7.9215,15.046,13.588,6.4447,3.3652,0.9835,-0.72726,0.4812,-0.1833,-39.664
7.961,15.295,13.66,6.0941,3.5671,1.0956,-0.73125,0.4662,-0.1904,-37.087
8.0011,15.775,13.954,6.1934,4.1848,1.1929,-0.78761,0.5311,-0.1291,-57.898
8.0413,16.05,14.009,6.1353,4.1427,1.1986,-0.78985,0.5294,-0.1269,-58.337
8.0811,16.333,14.45,6.1866,4.4868,1.1618,-0.76569,0.5657,-0.094,-81.301
8.1212,16.593,14.555,6.0928,4.51,1.2593,-0.82153,0.5694,-0.0882,-85.946
8.1615,16.868,15.029,6.1643,4.8799,1.1574,-0.76212,0.6097,-0.0544,-144.52
8.201,17.064,15.101,5.9689,4.5308,1.0776,-0.70008,0.5888,-0.069,-108.61
8.2401,17.505,15.629,6.2466,5.0199,0.94675,-0.63475,0.629,-0.0381,-210.33
8.2801,17.76,15.812,6.1953,4.9693,0.94258,-0.6314,0.6275,-0.0381,-208.45
8.3201,17.998,16.025,6.1512,4.9435,0.94037,-0.62948,0.6279,-0.0366,-215.61
8.3601,18.258,16.17,6.0773,4.9694,0.98006,-0.6528,0.6337,-0.031,-253.24
8.4001,18.507,16.295,5.9493,4.8178,0.91331,-0.60284,0.6303,-0.0334,-229.2
8.4401,18.69,16.281,5.888,4.6112,0.89095,-0.58791,0.6132,-0.0456,-164.01
8.4801,19.055,16.583,5.994,4.6875,0.87674,-0.58966,0.6165,-0.0421,-180.74
8.5201,19.299,16.752,5.945,4.6386,0.87224,-0.58618,0.6149,-0.0421,-179.11
8.5601,19.624,17.22,6.0273,4.7348,0.79225,-0.53587,0.6226,-0.0375,-204.39
8.6001,19.877,17.384,6.3365,4.002,0.92486,-0.7615,0.6217,-0.0343,-218.5
8.6401,19.785,17.35,5.737,4.6806,1.05,-0.68015,0.6156,-0.0383,-193.32
8.6801,20.019,17.442,5.5286,4.5302,1.048,-0.66374,0.6137,-0.0388,-184.22
8.7202,20.248,17.621,5.454,4.4772,1.0554,-0.6657,0.6123,-0.0384,-183.76
8.7601,20.496,17.81,5.3966,4.4599,1.06,-0.66656,0.6141,-0.0358,-195.56
8.8002,20.702,18.013,5.5213,4.5602,1.0687,-0.68275,0.6136,-0.0363,-197.27
8.8403,20.927,18.222,5.4074,4.54,1.1304,-0.71421,0.6152,-0.0325,-217.25
8.8802,21.095,18.255,5.1322,4.2998,1.1317,-0.69304,0.6064,-0.0377,-177.6
8.9213,21.336,18.439,5.1735,4.447,1.2641,-0.77878,0.6115,-0.0315,-216.57
8.9613,21.619,18.742,5.1525,4.5025,1.2599,-0.7756,0.6203,-0.0246,-278.15
9.0019,21.827,18.943,5.0819,4.4246,1.2333,-0.7586,0.6177,-0.0254,-265.28
9.0402,22.172,19.29,5.1588,4.6003,1.1675,-0.72636,0.6383,-0.0121,-571.24
9.0802,22.386,19.448,5.093,4.555,1.1676,-0.72397,0.6378,-0.0121,-564.69
9.1215,22.628,19.69,5.0723,4.548,1.1243,-0.69985,0.6417,-0.0094,-724.75
9.1612,22.837,19.843,5.0085,4.5054,1.1248,-0.69779,0.6414,-0.0094,-716.67
9.2023,23.176,20.555,5.8707,4.0444,0.86308,-0.7333,0.6766,0.0103,692.14
9.2403,23.39,20.728,5.8217,4.0027,0.86188,-0.73442,0.677,0.0103,685.92
9.2802,23.523,20.762,4.9835,4.478,0.91551,-0.57411,0.6563,-0.0047,-1425.5
9.3213,23.735,20.926,4.9307,4.4406,0.91501,-0.57229,0.6561,-0.0047,-1411.8
9.3615,23.944,21.088,4.8778,4.4032,0.91453,-0.57045,0.6559,-0.0047,-1398.1
9.4013,24.115,21.186,5.2456,3.9584,0.82157,-0.60571,0.6464,-0.0103,-638.01
9.4412,24.319,21.339,5.1979,3.9189,0.81972,-0.6045,0.646,-0.0103,-632.01
9.482,24.52,21.488,5.1499,3.8799,0.81811,-0.60348,0.6457,-0.0103,-626.01
9.5203,24.72,21.638,5.1021,3.8405,0.81638,-0.60237,0.6453,-0.0103,-620
9.5603,24.882,21.676,4.7387,4.133,0.86695,-0.54787,0.6361,-0.016,-392.99
9.6003,25.078,21.818,4.6887,4.0959,0.86569,-0.5458,0.6355,-0.016,-389.11
9.6403,25.271,21.958,4.6385,4.0591,0.86448,-0.54371,0.6349,-0.016,-385.24
9.6803,25.463,22.098,4.5886,4.0222,0.86315,-0.54154,0.6343,-0.016,-381.37
9.7203,25.681,22.249,4.7107,3.7985,0.55233,-0.36074,0.6224,-0.0268,-225.8
9.7614,25.785,22.281,4.6735,3.7922,0.61188,-0.39993,0.6188,-0.027,-222.91
9.8014,25.976,22.414,4.6375,3.7606,0.60955,-0.39798,0.6177,-0.027,-221.13
9.8415,26.215,22.584,4.6793,3.8167,0.57539,-0.37856,0.6255,-0.022,-274.48
9.8817,26.406,22.718,4.6457,3.7879,0.57361,-0.37701,0.6247,-0.022,-272.46
9.9214,26.597,22.855,4.6123,3.7587,0.5717,-0.37539,0.6238,-0.022,-270.45
9.9617,27.028,23.368,4.7305,4.046,0.58284,-0.38386,0.651,-0.0066,-943.15
10.001,27.032,23.279,4.4327,3.7219,0.61579,-0.39321,0.6308,-0.0171,-338.48
10.041,27.219,23.413,4.3962,3.6927,0.6142,-0.39158,0.6301,-0.0171,-335.75
10.082,27.541,23.712,4.6939,3.9738,0.52216,-0.346,0.6495,-0.0074,-831.1
10.12,27.733,23.857,4.6638,3.9503,0.52114,-0.34502,0.6492,-0.0074,-825.94
******-------------------------------------------------------------------------------------------------------------------****** 
TargetID: ID40
Target can not be processed due to lack of Data
******-------------------------------------------------------------------------------------------------------------------****** 
TargetID: ID41
Relevancy: 1
tj = 23.0439
Label: 0
Comment: Target is relevant and going straight, since the velocity ratio is almost not changing
DATA:
21.922,-0,-0,NaN,NaN,NaN,NaN,0,NaN,NaN
21.963,0.1867,0.00056713,NaN,NaN,NaN,NaN,0.0001,NaN,NaN
22.003,0.37868,0.0036724,NaN,NaN,NaN,NaN,0,NaN,NaN
22.043,1.6005,1.369,10.739,3.8308,-0,-0,0.3426,0,Inf
22.082,2.0287,1.5234,10.739,3.8313,-0,-0,0.3427,0,Inf
22.122,1.9857,0.85822,7.821,2.2056,-0.0080535,0.0055095,0.2749,0.0054,1504.8
22.162,1.8213,1.0703,6.8667,1.8182,-0.014223,0.0097666,0.2589,-0.0179,-396.84
22.204,2.0844,1.1538,6.9758,1.8014,-0.023178,0.015964,0.2527,-0.052,-138.55
22.243,2.5959,1.1871,7.58,1.949,-0.036765,0.025402,0.2517,-0.0805,-97.224
22.283,2.8991,1.2704,7.5903,1.9254,-0.042311,0.029316,0.2485,-0.0805,-97.276
22.324,3.2019,1.3452,7.6005,1.9023,-0.047741,0.033149,0.2453,-0.0805,-97.328
22.363,3.5032,1.424,7.6105,1.8793,-0.05317,0.036982,0.2422,-0.0805,-97.38
22.402,3.8097,1.4982,7.6206,1.8553,-0.058486,0.040731,0.2389,-0.0805,-97.431
22.443,4.1115,1.5751,7.6304,1.8324,-0.06381,0.044468,0.2358,-0.0805,-97.483
22.482,4.4191,1.6453,7.6405,1.8083,-0.069132,0.048207,0.2325,-0.0805,-97.535
22.523,4.7231,1.7204,7.6503,1.7849,-0.074346,0.051854,0.2293,-0.0805,-97.587
22.563,5.0279,1.788,7.66,1.7615,-0.079571,0.055486,0.2261,-0.0805,-97.639
22.603,5.332,1.8674,7.6697,1.738,-0.084686,0.059029,0.223,-0.0805,-97.691
22.644,5.6407,1.9332,7.6794,1.7138,-0.089802,0.062569,0.2197,-0.0805,-97.743
22.684,5.9488,1.9992,7.689,1.69,-0.094816,0.066006,0.2165,-0.0805,-97.795
22.724,6.2541,2.0691,7.6983,1.6664,-0.099841,0.06943,0.2133,-0.0805,-97.846
22.764,6.5612,2.1396,7.7077,1.6425,-0.10487,0.072849,0.2101,-0.0805,-97.898
22.804,5.5669,2.1547,5.6766,1.8192,0.07992,-0.055464,0.3103,0.0819,72.783
22.844,5.7909,2.2323,5.6403,1.8282,0.078095,-0.054127,0.3137,0.0819,72.396
22.884,6.0165,2.3059,5.6043,1.8367,0.076267,-0.052793,0.3169,0.0819,72.009
22.924,6.2395,2.38,5.5681,1.8452,0.074665,-0.051629,0.3202,0.0819,71.622
22.963,6.4629,2.4559,5.532,1.853,0.072941,-0.050393,0.3234,0.0819,71.234
23.002,6.6814,2.5316,5.4957,1.8612,0.07122,-0.049152,0.3268,0.0819,70.846
23.044,6.9017,2.6103,5.4596,1.8687,0.069611,-0.048001,0.33,0.0819,70.458
23.085,7.1176,2.6838,5.4234,1.8766,0.067777,-0.046675,0.3333,0.0819,70.072
23.125,7.3352,2.7584,5.3874,1.8834,0.066164,-0.045526,0.3365,0.0819,69.684
23.163,7.5501,2.8283,5.3512,1.8907,0.06444,-0.044292,0.3398,0.0819,69.297
23.204,7.7637,2.9134,5.3152,1.8973,0.062938,-0.043232,0.3431,0.0819,68.909
23.244,7.9741,2.9857,5.2789,1.9044,0.061323,-0.042086,0.3464,0.0819,68.522
23.284,8.1851,3.0617,5.2429,1.9107,0.05982,-0.041029,0.3497,0.0819,68.134
23.324,8.3929,3.145,5.2068,1.917,0.058316,-0.039972,0.353,0.0819,67.746
******-------------------------------------------------------------------------------------------------------------------****** 
TargetID: ID42
Target can not be processed due to lack of Data
******-------------------------------------------------------------------------------------------------------------------****** 
TargetID: ID07
Target can not be processed due to lack of Data
******-------------------------------------------------------------------------------------------------------------------****** 
TargetID: ID43
Target can not be processed due to lack of Data
******-------------------------------------------------------------------------------------------------------------------****** 
TargetID: ID45
Target can not be processed due to lack of Data
******-------------------------------------------------------------------------------------------------------------------****** 
TargetID: ID49
Target can not be processed due to lack of Data
******-------------------------------------------------------------------------------------------------------------------****** 
TargetID: ID08
Relevancy: 0
tj = Inf
Label: -1
Comment: Target is irrelevant as it is not crossing the estimated holding line
DATA:
6.7598,-0,-0,NaN,NaN,NaN,NaN,0,NaN,NaN
6.8002,0.2655,-0.49588,NaN,NaN,NaN,NaN,0.5672,NaN,NaN
6.8411,0.53078,0.23626,NaN,NaN,NaN,NaN,0.7335,NaN,NaN
6.8808,0.83147,0.50821,NaN,NaN,NaN,NaN,0.7335,NaN,NaN
6.9209,1.1262,0.93535,NaN,NaN,NaN,NaN,0.7666,NaN,NaN
6.9612,1.4172,0.88122,NaN,NaN,NaN,NaN,0.7116,NaN,NaN
7.0009,1.7139,1.1366,NaN,NaN,NaN,NaN,0.7116,NaN,NaN
7.0409,2.0115,1.2345,NaN,NaN,NaN,NaN,0.6864,NaN,NaN
7.0811,2.3056,1.4758,NaN,NaN,NaN,NaN,0.6864,NaN,NaN
7.121,2.5995,1.7169,NaN,NaN,NaN,NaN,0.6864,NaN,NaN
7.1599,2.8934,1.9552,NaN,NaN,NaN,NaN,0.6864,NaN,NaN
7.2,3.1876,2.2004,NaN,NaN,NaN,NaN,0.6864,NaN,NaN
7.2407,3.4818,2.445,NaN,NaN,NaN,NaN,0.6863,NaN,NaN
7.281,3.7761,2.6881,NaN,NaN,NaN,NaN,0.6863,NaN,NaN
7.3214,3.9898,3.7175,NaN,NaN,NaN,NaN,0.8193,NaN,NaN
7.3609,4.273,4.0195,NaN,NaN,NaN,NaN,0.8193,NaN,NaN
7.4002,4.3489,4.7308,7.0733,7.5154,-0,-0,0.8157,0,Inf
7.44,4.5886,4.4569,6.8649,6.6787,0.078605,-0.050862,0.7717,0.0544,176.06
7.4799,4.8629,4.7282,6.847,6.6895,0.07243,-0.046867,0.7738,0.0544,175.96
7.52,5.1162,4.5949,6.7258,6.1661,0.050823,-0.03288,0.7419,0.0477,191.29
7.5599,5.3847,4.8393,6.7098,6.1751,0.035504,-0.02297,0.7439,0.0477,191.17
7.5999,5.6528,5.0874,6.6941,6.1837,0.020305,-0.013137,0.7458,0.0477,191.05
7.6401,5.9201,5.3346,6.6781,6.1926,0.0052243,-0.0033799,0.7477,0.0477,190.93
7.6799,6.1825,5.4796,6.6805,6.0551,-0.10672,0.069072,0.7365,0.0306,294.65
7.72,6.4494,5.7237,6.6702,6.06,-0.12868,0.083288,0.7377,0.0306,294.51
7.76,6.7436,6.1366,6.6855,6.2779,-0.18315,0.11856,0.7542,0.041,223.68
7.8001,7.0106,6.387,6.6733,6.2868,-0.20569,0.13316,0.7559,0.041,223.61
7.84,7.2456,6.2079,6.6119,5.7476,-0.11028,0.071377,0.7158,0.0057,1537
7.8809,7.5098,6.4368,6.6022,5.7416,-0.13366,0.086515,0.716,0.0057,1535
7.9215,7.7497,6.4002,6.5088,5.3277,0.032178,-0.020821,0.6859,-0.0248,-339.16
7.961,8.0098,6.6118,6.495,5.3058,0.0086676,-0.0056088,0.685,-0.0248,-338.17
8.0011,8.2693,6.8233,6.4811,5.2838,-0.01496,0.00968,0.684,-0.0248,-337.18
8.0413,8.5287,7.0375,6.4675,5.2615,-0.038469,0.024891,0.6829,-0.0248,-336.18
8.0811,8.7871,7.2481,6.4536,5.2395,-0.061977,0.040101,0.6819,-0.0248,-335.19
8.1212,9.0477,7.7573,6.3781,5.6466,-0.027902,0.018055,0.7247,0.0116,734.35
8.1615,9.2781,7.8038,6.2854,5.3417,0.16233,-0.10504,0.7044,-0.0089,-926.81
8.201,9.5446,8.2446,6.2564,5.7568,0.10118,-0.06545,0.7437,0.0281,302.56
8.2401,9.8021,8.5635,6.2334,5.8966,0.088111,-0.056995,0.7575,0.0398,215.59
8.2801,10.058,8.847,6.2111,5.9433,0.17658,-0.11418,0.7631,0.0428,200.85
8.3201,10.31,9.1268,6.1833,5.9936,0.16828,-0.10883,0.7696,0.047,183.22
8.3601,10.568,9.4719,6.1628,6.2337,0.11211,-0.072515,0.7909,0.0657,133.42
8.4001,10.819,9.7591,6.1357,6.2931,0.09488,-0.061372,0.7979,0.0695,126.46
8.4401,11.064,10.012,6.1065,6.2978,0.08716,-0.056381,0.8007,0.0695,126.22
8.4801,11.309,10.284,6.0736,6.3518,0.083236,-0.053842,0.8077,0.0736,119.41
8.5201,11.554,10.576,6.0469,6.4601,0.078732,-0.050931,0.8183,0.0809,109.38
8.5601,11.802,10.858,6.011,6.5096,0.083008,-0.053697,0.8251,0.0846,104.73
8.6001,12.042,11.119,5.9798,6.5199,0.077901,-0.050393,0.8285,0.0846,104.57
8.6401,12.279,11.418,5.9413,6.6123,0.0602,-0.038944,0.8387,0.0912,97.472
8.6801,12.512,11.627,5.9008,6.5101,0.14644,-0.094711,0.8342,0.0842,104.35
8.7202,12.746,11.891,5.8587,6.5214,0.16652,-0.10769,0.8386,0.0856,102.41
8.7601,12.974,12.103,5.8167,6.4491,0.21173,-0.13701,0.8369,0.0815,106.56
8.8002,13.21,12.367,5.7745,6.45,0.23651,-0.15292,0.8402,0.0822,105.32
8.8403,13.44,12.625,5.7399,6.4541,0.23401,-0.15131,0.8435,0.0822,105.08
8.8802,13.743,13.177,5.7342,6.7577,0.1816,-0.11744,0.8669,0.1018,87.06
8.9213,13.971,13.446,5.6962,6.7689,0.17935,-0.11598,0.871,0.1018,86.903
8.9613,14.252,14.021,5.7417,7.2098,-0.065658,0.042492,0.8984,0.1171,78.708
9.0019,14.481,14.31,5.7067,7.2351,-0.068626,0.044414,0.903,0.1171,78.692
9.0402,14.672,14.347,5.6164,6.8531,0.16384,-0.10607,0.8845,0.1006,88.077
9.0802,14.896,14.622,5.5802,6.8649,0.1623,-0.10507,0.8885,0.1006,87.94
9.1215,15.074,14.635,5.4695,6.5029,0.35922,-0.23275,0.8721,0.0871,97.558
9.1612,15.291,14.891,5.4306,6.5033,0.35851,-0.23229,0.8756,0.0871,97.274
9.2023,15.507,15.154,5.3924,6.503,0.3578,-0.23183,0.8791,0.0871,96.991
9.2403,15.722,15.413,5.3538,6.5028,0.35709,-0.23137,0.8826,0.0871,96.707
9.2802,15.935,15.673,5.3156,6.5022,0.35638,-0.23091,0.8861,0.0871,96.424
9.3213,16.147,15.936,5.2776,6.5014,0.35567,-0.23045,0.8895,0.0871,96.14
9.3615,16.357,16.198,5.2397,6.5004,0.35495,-0.22999,0.893,0.0871,95.858
9.4013,16.566,16.458,5.2016,6.4993,0.35424,-0.22953,0.8965,0.0871,95.574
9.4412,16.773,16.718,5.1636,6.498,0.35365,-0.22914,0.8999,0.0871,95.291
9.482,16.877,16.084,4.9409,5.2133,0.67627,-0.43914,0.8138,0.0246,291.98
9.5203,17.073,16.292,4.9039,5.1844,0.67472,-0.43815,0.8147,0.0246,290.09
9.5603,17.22,16.239,4.8765,5.0903,0.62893,-0.40835,0.8083,0.0187,376.97
9.6003,17.414,16.442,4.8441,5.064,0.62774,-0.40759,0.8091,0.0187,374.75
9.6403,17.605,16.526,4.8994,5.1117,0.47141,-0.3058,0.8077,0.015,472.03
9.6803,17.8,16.73,4.8748,5.092,0.47022,-0.30504,0.8083,0.015,469.95
9.7203,17.938,16.647,4.8251,4.9106,0.4148,-0.26903,0.7952,0.0054,1274.9
9.7614,18.13,16.841,4.804,4.8916,0.41326,-0.26804,0.7955,0.0054,1269.6
9.8014,18.242,16.717,4.7035,4.6607,0.41409,-0.268,0.7808,-0.0036,-1839.3
9.8415,18.43,16.904,4.6838,4.6397,0.41231,-0.26685,0.7807,-0.0036,-1831.3
9.8817,18.51,16.715,4.5694,4.3692,0.41488,-0.26919,0.7642,-0.0135,-468.3
9.9214,18.693,16.891,4.5506,4.3463,0.41286,-0.26789,0.7636,-0.0135,-466.13
9.9617,18.765,16.694,4.4061,4.0699,0.44622,-0.28883,0.7457,-0.0232,-258.54
******-------------------------------------------------------------------------------------------------------------------****** 
TargetID: ID50
Relevancy: 1
tj = 23.7642
Label: 0
Comment: Target is relevant and going straight, since the velocity ratio is almost not changing
DATA:
20.082,-0,-0,2.2093,-0.004088,0.02312,0.0055243,0,-0.0435,-50.788
20.122,0.088749,-0.12544,2.2217,0.06483,0.53135,0.11964,-0.0114,-0.0437,-50.861
20.162,0.11932,-0.2125,2.2349,0.141,1.075,0.2278,-0.0147,-0.0443,-50.549
20.202,-0.073555,-0.1091,2.3523,0.61351,0.059762,0.012699,0.2544,0.0398,61.081
20.242,-0.078674,0.01487,2.4774,0.65372,0.58909,0.1195,0.2679,0.0332,77.174
20.282,-0.027377,0.19684,2.5864,0.70987,0.83104,0.16028,0.2857,0.0297,90.305
20.322,0.078156,0.22387,2.6248,0.72084,0.82099,0.15071,0.2869,0.0297,91.651
20.363,-0.886,0.23564,2.7327,-0.29923,1.4585,0.26711,-0.022,-0.1806,-15.222
20.403,-0.77895,0.22351,2.7766,-0.31382,1.4564,0.25349,-0.0292,-0.1806,-15.472
20.443,-0.61452,0.42282,2.7222,-0.044974,1.752,0.26401,-0.0165,-0.173,-15.737
20.483,-0.49513,0.41209,2.7877,-0.065477,1.7505,0.24912,-0.0235,-0.173,-16.118
20.523,-0.37909,0.4031,2.8529,-0.086854,1.7487,0.23386,-0.0304,-0.173,-16.499
20.563,-0.33179,0.55699,2.9052,-0.031662,1.6685,0.21201,-0.0109,-0.1661,-17.491
20.603,-0.20975,0.54923,2.9685,-0.052199,1.6658,0.19685,-0.0176,-0.1661,-17.875
20.643,-0.085966,0.53877,3.0315,-0.073426,1.6629,0.18187,-0.0242,-0.1661,-18.257
20.683,-0.023338,0.78974,3.1204,0.040981,1.6079,0.16517,0.0131,-0.144,-21.671
20.723,0.1289,0.89704,3.2388,0.066347,1.6455,0.15521,0.0205,-0.1345,-24.086
20.764,0.19998,1.0777,3.3245,0.17406,1.63,0.14085,0.0523,-0.114,-29.202
20.802,0.36923,1.2061,3.4106,0.27863,1.6089,0.12543,0.0807,-0.0952,-35.945
20.842,0.52695,1.1945,3.5141,0.2404,1.6865,0.1169,0.0683,-0.1008,-34.944
20.883,0.66484,1.5124,3.582,0.48002,1.6489,0.10146,0.1177,-0.0625,-57.824
20.923,0.80993,1.5298,3.6521,0.48292,1.6362,0.087364,0.1151,-0.0625,-58.943
20.962,0.95791,1.5426,3.7226,0.48533,1.6239,0.074148,0.1127,-0.0625,-60.066
21.003,1.1007,1.7504,3.9701,0.63738,1.6728,0.05915,0.1592,-0.0245,-164.12
21.043,1.2534,1.7806,4.0508,0.64609,1.6557,0.045944,0.1582,-0.0245,-167.43
21.083,1.367,1.9558,4.1743,0.85644,1.6964,0.031501,0.2024,0.0077,553.41
21.122,1.5323,1.9905,4.2575,0.87487,1.6776,0.018363,0.2027,0.0077,564.48
21.162,1.701,2.0276,4.3362,0.89207,1.5761,0.005249,0.2029,0.0077,574.94
21.203,1.8689,2.0665,4.4189,0.91053,1.5527,-0.0069317,0.2032,0.0077,585.94
21.242,1.9731,1.9612,4.4186,1.1727,1.4714,-0.016057,0.2236,0.0243,188.13
21.283,2.1458,2.0029,4.4976,1.1957,1.4469,-0.026745,0.2246,0.0243,191.51
21.323,2.323,2.0476,4.5765,1.2183,1.4228,-0.036918,0.2256,0.0243,194.89
21.363,2.5027,2.0915,4.6553,1.2409,1.3989,-0.04645,0.2266,0.0243,198.26
21.402,2.4485,2.7855,4.6702,2.1857,1.0196,-0.047913,0.4377,0.1601,32.207
21.442,2.6271,2.8776,4.7373,2.2547,0.97684,-0.052245,0.4442,0.1601,32.77
21.484,2.8096,2.9734,4.8038,2.3245,0.93504,-0.055788,0.4507,0.1601,33.333
21.524,2.8694,3.4544,4.7926,2.9563,0.68593,-0.044399,0.5527,0.212,26.562
21.564,3.0203,3.7766,4.8726,3.209,0.59857,-0.041713,0.5824,0.2168,26.911
21.603,3.1832,4.1434,4.9647,3.5134,0.47785,-0.035267,0.6159,0.223,27.274
21.643,3.3663,4.4978,5.0748,3.7897,0.36184,-0.028061,0.6414,0.2252,28.125
21.683,3.5672,4.6524,5.1487,3.9179,0.29084,-0.023697,0.6505,0.2252,28.729
21.724,3.7488,4.898,5.2672,4.0775,0.23708,-0.020191,0.6588,0.218,30.555
21.762,3.9543,5.1847,5.3768,4.3435,0.11042,-0.0096863,0.6795,0.2213,31.234
21.802,4.14,5.3668,5.4474,4.6208,-0.059069,0.0053609,0.7053,0.2301,31.044
21.842,4.3545,5.5595,5.5346,4.7632,-0.13221,0.012495,0.7146,0.2301,31.734
21.884,4.5752,5.6539,5.5897,4.8672,-0.19016,0.018649,0.722,0.2289,32.38
21.922,4.7917,5.865,5.6718,5.0122,-0.2592,0.026327,0.7311,0.2289,33.067
21.963,4.9259,5.8868,5.6576,4.7561,-0.093494,0.0096135,0.7018,0.2082,35.5
22.003,5.1363,6.1203,5.6699,4.9547,-0.18877,0.0195,0.7182,0.2151,35.006
22.043,5.743,6.7325,5.7974,5.3578,-0.41528,0.045305,0.7547,0.2314,34.114
22.082,5.9539,7.0358,5.853,5.8509,-0.71804,0.0813,0.7994,0.2524,32.789
22.122,6.1662,7.1584,5.8466,5.7509,-0.6249,0.071472,0.7892,0.2426,33.805
22.162,6.4091,7.4095,5.9345,5.8573,-0.64157,0.074519,0.7909,0.2372,35.153
22.204,6.5687,7.48,5.8864,5.7298,-0.5539,0.064921,0.7826,0.2288,35.903
22.243,6.8271,7.7439,5.9557,5.7844,-0.54042,0.064038,0.781,0.2222,37.364
22.283,7.107,8.0867,6.0268,6.0887,-0.66494,0.080183,0.8025,0.2331,36.753
22.324,7.4161,8.3863,6.0701,6.1698,-0.66892,0.081059,0.8048,0.2292,37.763
22.363,7.6501,8.6475,6.111,6.3204,-0.71702,0.087672,0.814,0.2292,38.358
22.402,7.8907,8.9143,6.15,6.4721,-0.76359,0.09404,0.8231,0.2292,38.953
22.443,8.1265,9.1984,6.2292,6.7199,-0.84104,0.10459,0.8369,0.2352,38.958
22.482,8.3603,9.441,6.1715,6.7853,-0.85138,0.10602,0.8461,0.237,38.701
22.523,8.5979,9.7287,6.1979,6.9404,-0.89583,0.11191,0.8556,0.237,39.262
22.563,8.8398,10.017,6.2216,7.0972,-0.93932,0.11751,0.8651,0.237,39.823
22.603,9.0755,10.323,6.2431,7.255,-0.98227,0.12296,0.8746,0.237,40.386
22.644,9.3211,10.626,6.2626,7.4137,-1.0248,0.12836,0.8841,0.237,40.949
22.684,9.4756,10.39,6.1588,6.5894,-0.63433,0.077669,0.8293,0.1955,46.135
22.724,9.6612,10.586,6.2422,6.8098,-0.68838,0.084685,0.8405,0.2011,45.937
22.764,9.9684,11.173,6.4376,7.4792,-0.92271,0.11469,0.8747,0.2162,45.644
22.804,10.22,11.487,6.4568,7.6295,-0.95794,0.11882,0.8833,0.2162,46.23
22.844,10.383,11.541,6.2606,7.3078,-0.79313,0.097136,0.8754,0.21,45.823
22.884,10.594,11.708,6.1565,7.2058,-0.71954,0.087395,0.8758,0.2065,45.897
22.924,10.563,11.648,5.72,6.7372,-0.51724,0.062135,0.8768,0.2032,43.494
22.963,10.824,11.936,5.7539,6.8365,-0.53472,0.064053,0.8812,0.2011,44.434
23.002,11.045,12.22,5.7443,6.9348,-0.55353,0.06613,0.8893,0.2011,44.778
23.044,11.208,12.307,5.7029,6.6701,-0.44826,0.053052,0.8722,0.1778,49.357
23.085,11.43,12.581,5.6954,6.7563,-0.46254,0.05453,0.8794,0.1778,49.7
23.125,11.653,12.861,5.6879,6.8418,-0.47695,0.056107,0.8864,0.1778,50.041
23.163,11.877,13.139,5.6788,6.9283,-0.49136,0.057628,0.8936,0.1778,50.384
23.204,12.094,13.434,5.6691,7.0145,-0.50589,0.059259,0.9007,0.1778,50.726
23.244,12.315,13.72,5.6579,7.1014,-0.52057,0.06085,0.9078,0.1778,51.067
23.284,12.305,13.602,5.684,6.9486,-0.44735,0.052458,0.8956,0.1614,55.621
23.324,12.658,13.982,5.8925,7.1742,-0.51453,0.060357,0.8943,0.1557,59.627
23.364,12.937,14.254,6.0416,7.3123,-0.54622,0.064089,0.892,0.1492,63.575
23.404,13.172,14.554,6.0431,7.4026,-0.55966,0.065466,0.898,0.1492,64.048
23.445,13.403,14.865,6.0446,7.4924,-0.57323,0.066908,0.904,0.1492,64.522
23.485,13.652,15.084,6.155,7.5284,-0.56559,0.065717,0.8974,0.14,69.459
23.523,13.309,14.58,6.2434,7.4438,-0.52264,0.061908,0.8884,0.129,75.314
23.564,13.843,14.77,6.2924,7.3907,-0.42404,0.042063,0.8533,0.0884,109.8
23.604,14.095,15.069,6.3081,7.4639,-0.43196,0.042671,0.8569,0.0884,110.55
23.644,14.246,15.152,6.3242,7.0955,-0.34516,0.039425,0.8533,0.0851,111.69
23.684,14.49,15.446,6.3366,7.1576,-0.3517,0.040131,0.8567,0.0851,112.33
23.724,15.071,15.696,6.504,7.2122,-0.31386,0.031819,0.8281,0.0558,174.04
23.764,15.336,15.983,6.5253,7.2687,-0.3188,0.032301,0.8304,0.0558,175.05
23.803,15.593,16.281,6.5459,7.326,-0.32401,0.03284,0.8326,0.0558,176.06
23.843,15.858,16.576,6.5668,7.3826,-0.32951,0.033473,0.8348,0.0558,177.07
23.883,16.122,16.874,6.5872,7.4397,-0.33513,0.034155,0.837,0.0558,178.08
23.923,16.386,17.175,6.6071,7.497,-0.34118,0.034914,0.8392,0.0558,179.09
23.965,17.214,17.791,7.4111,7.8101,-0.41497,0.047842,0.8212,0.0437,246.38
24.003,17.507,18.11,7.4519,7.8803,-0.42203,0.048976,0.8229,0.0437,248.19
24.045,18.112,18.638,7.9998,8.521,-0.60429,0.071189,0.8287,0.0535,218.46
24.083,18.423,18.996,8.058,8.6184,-0.61523,0.073004,0.8307,0.0535,220.54
24.125,18.74,19.359,8.1176,8.7761,-0.6531,0.078102,0.8365,0.0571,209.36
******-------------------------------------------------------------------------------------------------------------------****** 
TargetID: ID51
Relevancy: 1
tj = 27.8854
Label: 0
Comment: Target is relevant and going straight, since the velocity ratio is almost not changing
DATA:
24.484,-0,0,NaN,NaN,NaN,NaN,0,NaN,NaN
24.524,-0.15022,-0.34103,NaN,NaN,NaN,NaN,-0.8173,NaN,NaN
24.564,0.10215,-0.22589,NaN,NaN,NaN,NaN,-0.3485,NaN,NaN
24.604,0.35845,-0.26534,NaN,NaN,NaN,NaN,-0.2596,NaN,NaN
24.644,0.38263,-0.46282,NaN,NaN,NaN,NaN,-0.4906,NaN,NaN
24.684,0.49837,-0.52253,NaN,NaN,NaN,NaN,-0.485,NaN,NaN
24.724,0.82159,-0.31573,NaN,NaN,NaN,NaN,-0.1945,NaN,NaN
24.764,0.96785,-0.48837,NaN,NaN,NaN,NaN,-0.2969,NaN,NaN
24.804,1.3549,-0.20874,NaN,NaN,NaN,NaN,-0.0498,NaN,NaN
24.844,1.5317,-0.32688,NaN,NaN,NaN,NaN,-0.1143,NaN,NaN
24.884,1.7724,-0.35069,NaN,NaN,NaN,NaN,-0.1112,NaN,NaN
24.924,1.8683,-0.59636,NaN,NaN,NaN,NaN,-0.2368,NaN,NaN
24.964,1.9903,-0.039184,4.8953,-1.1265,-0,0,-0.2262,0,Inf
25.004,2.3292,0.085776,5.2573,-0.72923,0.025151,-0.02985,-0.1379,-0.0371,-143.06
25.044,2.5406,0.021708,5.3322,-0.88345,0.014763,-0.01752,-0.1642,-0.0842,-64.191
25.084,2.8382,0.074271,5.5859,-0.75114,-0.019229,0.022817,-0.1336,-0.1145,-49.224
25.124,3.0811,0.067146,5.7257,-0.76784,-0.03764,0.044659,-0.1332,-0.1356,-42.603
25.164,3.113,-0.24761,5.3021,-1.3671,0.047767,-0.056651,-0.2522,-0.172,-31.834
25.204,3.3571,-0.27396,5.4319,-1.3354,0.091659,-0.10865,-0.2413,-0.1567,-35.697
25.244,3.6697,-0.2374,5.6632,-1.1592,0.066847,-0.079247,-0.2021,-0.1064,-54.329
25.284,4.0041,-0.11338,5.9854,-0.78538,-0.035834,0.042481,-0.1304,-0.0221,-273.16
25.324,4.2107,-0.1602,6.0118,-0.7912,-0.050809,0.060199,-0.131,-0.0088,-689.05
25.363,4.5002,-0.04454,6.2722,-0.39565,-0.17379,0.20571,-0.0635,0.0774,81.198
25.403,4.7073,-0.15514,6.2183,-0.65396,-0.094313,0.11171,-0.1045,0.0194,322.3
25.443,4.9717,-0.16182,6.3239,-0.59773,-0.11467,0.1358,-0.0939,0.0357,177.93
25.483,5.2497,-0.13283,6.4841,-0.43435,-0.1632,0.1933,-0.0665,0.0715,90.889
25.523,5.4442,-0.17781,6.4663,-0.4829,-0.14237,0.16838,-0.0749,0.052,124.7
25.563,5.6716,-0.2551,6.4327,-0.6466,-0.098465,0.11654,-0.0999,0.015,431.01
25.603,5.9799,-0.22191,6.6134,-0.46352,-0.14043,0.16621,-0.0696,0.0623,106.41
25.643,6.1574,-0.38896,6.377,-0.89836,-0.038977,0.046118,-0.1399,-0.034,-189.41
25.683,6.3496,-0.53633,6.1588,-1.2438,0.012782,-0.01512,-0.1993,-0.1096,-57.328
25.725,6.5282,-0.71327,5.907,-1.6161,0.0505,-0.059723,-0.2672,-0.1919,-31.913
25.763,6.6973,-0.89638,5.6681,-1.954,0.075897,-0.089742,-0.3322,-0.2652,-22.607
25.805,6.9229,-0.95598,5.6973,-1.9815,0.10154,-0.12007,-0.3345,-0.2568,-23.489
25.843,7.0638,-1.1642,5.4735,-2.3101,0.12311,-0.14554,-0.3991,-0.3253,-18.263
25.883,7.3725,-1.1533,5.6733,-2.1406,0.13093,-0.15471,-0.3611,-0.2604,-23.286
25.923,7.7393,-1.0518,5.9606,-1.7507,0.095108,-0.11239,-0.2859,-0.1556,-39.925
25.963,7.9328,-1.2163,5.8415,-2.0218,0.11054,-0.13065,-0.3334,-0.2027,-30.496
26.005,8.0793,-1.3628,5.697,-2.2216,0.10495,-0.12404,-0.3716,-0.2436,-25.102
26.043,8.2554,-1.5499,5.5304,-2.5166,0.11988,-0.14164,-0.4273,-0.2947,-20.618
26.083,8.4794,-1.6531,5.5175,-2.5766,0.12246,-0.14464,-0.4371,-0.2925,-20.819
26.123,7.1702,-1.0754,5.5953,-2.486,0.10962,-0.1293,-0.4216,-0.2603,-23.522
26.163,7.3245,-1.2195,5.4154,-2.7343,0.1093,-0.12896,-0.4707,-0.3049,-19.897
26.203,7.5757,-1.3057,5.4871,-2.6592,0.093454,-0.11026,-0.4541,-0.274,-22.254
26.243,7.8152,-1.4216,5.4947,-2.7143,0.1004,-0.11849,-0.4617,-0.2684,-22.834
26.285,8.0431,-1.5206,5.5219,-2.683,0.086842,-0.10249,-0.4548,-0.2513,-24.43
26.323,8.2558,-1.6288,5.5006,-2.7117,0.071531,-0.084452,-0.4601,-0.2474,-24.788
26.363,8.5506,-1.6402,5.7187,-2.2318,0.010785,-0.012737,-0.3725,-0.1561,-39.326
26.403,8.7889,-1.7344,5.72,-2.2572,0.009505,-0.011226,-0.3762,-0.153,-40.191
26.443,9.0987,-1.7256,5.9039,-1.7495,-0.01872,0.022124,-0.2873,-0.0671,-91.768
26.485,9.3246,-1.8018,5.8813,-1.8023,-0.021641,0.025576,-0.2965,-0.0733,-83.919
26.523,9.7103,-1.3784,5.9316,-1.7034,-0.01662,0.019641,-0.279,-0.0544,-113.44
26.563,9.9818,-1.4001,6.0202,-1.5234,-0.012691,0.015004,-0.2473,-0.0242,-256.61
26.605,10.245,-1.3921,6.0875,-1.41,-0.0059346,0.0070187,-0.2274,-0.0056,-1115.8
26.643,10.466,-1.4556,6.0501,-1.4492,-0.017607,0.020847,-0.2344,-0.0114,-545.73
26.683,10.706,-1.5177,6.049,-1.4517,-0.018149,0.021499,-0.2348,-0.0114,-545.68
26.724,10.935,-1.599,5.9793,-1.5395,-0.03353,0.039758,-0.2506,-0.0224,-275.64
26.765,11.24,-1.5952,6.142,-1.3502,-0.0076578,0.0090794,-0.2161,0.0072,873.43
26.804,11.486,-1.6495,6.1443,-1.3488,-0.0081078,0.0096235,-0.2158,0.0072,873.69
26.844,11.757,-1.6745,6.1549,-1.2345,-0.022383,0.026611,-0.197,0.0228,275.33
26.884,12.063,-1.6846,6.2479,-1.0798,-0.017733,0.021105,-0.1703,0.0437,145.09
26.924,12.337,-1.7081,6.2658,-0.95579,-0.022709,0.027074,-0.1503,0.0585,108.35
26.963,12.555,-1.7756,6.1612,-1.0413,-0.0351,0.041935,-0.1658,0.0462,135.25
27.004,12.85,-1.7971,6.2354,-1.001,-0.02251,0.026889,-0.1592,0.0517,122.15
27.043,13.121,-1.864,6.2277,-1.0317,-0.021942,0.026259,-0.1642,0.0488,129.36
27.085,13.37,-1.9061,6.2229,-1.0182,-0.021827,0.026169,-0.1622,0.0488,129.21
27.123,13.59,-1.9454,6.1085,-1.0242,-0.040351,0.048584,-0.1642,0.0471,131.5
27.163,13.873,-1.9464,6.1349,-0.84956,-0.034172,0.041216,-0.1359,0.0673,92.027
27.205,14.055,-1.9813,6.0234,-0.89838,-0.040312,0.048769,-0.146,0.0556,109.53
27.243,14.296,-2.0143,6.0006,-0.88102,-0.038439,0.046654,-0.1438,0.0556,109.08
27.284,14.537,-2.0474,5.9778,-0.86393,-0.036381,0.044327,-0.1416,0.0556,108.63
27.324,14.796,-2.0582,5.8964,-0.73058,-0.032261,0.03951,-0.1215,0.0703,84.516
27.365,14.996,-2.0869,5.7224,-0.70194,-0.03438,0.042331,-0.12,0.0705,81.778
27.404,15.225,-2.1032,5.6705,-0.67742,-0.027973,0.034621,-0.1172,0.0705,81.005
27.444,15.46,-2.1435,5.5809,-0.65166,-0.022562,0.028111,-0.1148,0.0725,77.501
27.484,15.682,-2.1654,5.5216,-0.62588,-0.014547,0.018236,-0.1119,0.0725,76.648
27.524,16.014,-2.1211,5.5686,-0.35342,0.060932,-0.076475,-0.0675,0.1021,54.65
27.564,16.234,-2.1436,5.5004,-0.321,0.072089,-0.091028,-0.0633,0.1021,53.964
27.604,16.453,-2.1447,5.432,-0.28963,0.083167,-0.10567,-0.0593,0.1021,53.278
27.644,16.831,-2.0961,5.5843,0.013758,0.16778,-0.213,-0.0096,0.1346,41.488
27.684,17.173,-2.0547,5.6882,0.28712,0.23734,-0.30124,0.0335,0.1614,35.288
27.724,17.538,-2.0295,5.7825,0.53653,0.27887,-0.35256,0.0729,0.1862,31.189
27.763,17.832,-1.9889,5.8482,0.72341,0.3189,-0.40671,0.1007,0.2024,29.115
27.805,18.117,-1.9466,5.9884,0.979,0.3321,-0.42867,0.1393,0.2248,26.993
27.843,18.421,-1.8736,6.0974,1.154,0.30123,-0.39247,0.1668,0.2376,26.118
27.885,18.673,-1.825,6.0763,1.2372,0.30225,-0.39611,0.1803,0.2407,25.762
27.923,18.829,-1.7879,5.8124,1.2687,0.41523,-0.54017,0.1843,0.237,25.102
27.966,19.071,-1.727,5.7852,1.3458,0.41416,-0.54141,0.1976,0.2399,24.759
28.005,19.36,-1.6538,5.9227,1.4721,0.32302,-0.42891,0.2202,0.2497,24.441
28.043,19.445,-1.6184,5.4967,1.5377,0.54563,-0.7064,0.2283,0.2498,22.849
28.083,20.166,-1.452,5.5619,1.5417,0.46943,-0.62739,0.2422,0.2526,22.849
28.123,20.625,-1.3349,5.5694,1.5776,0.4346,-0.59027,0.2543,0.254,22.79
28.163,20.786,-1.2845,5.493,1.6352,0.45467,-0.61802,0.2648,0.2543,22.537
28.206,20.962,-1.2344,5.3867,1.6679,0.48563,-0.66021,0.2727,0.2522,22.359
28.243,20.928,-1.2376,5.2249,1.7123,0.54697,-0.73391,0.2782,0.2483,22.144
28.283,21.126,-1.1746,5.0136,1.7388,0.65147,-0.86723,0.2869,0.2475,21.441
28.323,21.246,-1.1341,4.7007,1.7525,0.82723,-1.0775,0.2922,0.2436,20.594
28.365,21.342,-1.0911,4.4117,1.7915,0.99958,-1.267,0.3004,0.2427,19.619
28.403,21.403,-1.0663,4.0666,1.844,1.2426,-1.5063,0.3085,0.2415,18.489
28.443,21.49,-1.0333,3.8077,1.8921,1.4233,-1.6604,0.3163,0.2404,17.687
******-------------------------------------------------------------------------------------------------------------------****** 
TargetID: ID09
Relevancy: 0
tj = Inf
Label: -1
Comment: Target is irrelevant as it is not crossing the estimated holding line
DATA:
5.7609,-0,0,NaN,NaN,NaN,NaN,0,NaN,NaN
5.8015,0.37248,0.0040055,NaN,NaN,NaN,NaN,0,NaN,NaN
5.8397,0.74483,0.0045603,NaN,NaN,NaN,NaN,0,NaN,NaN
5.8809,1.1171,0.0036874,NaN,NaN,NaN,NaN,0,NaN,NaN
5.9197,1.4895,0.001724,NaN,NaN,NaN,NaN,0,NaN,NaN
5.9597,1.9844,1.8521,NaN,NaN,NaN,NaN,0.8431,NaN,NaN
5.9997,2.3501,2.2664,NaN,NaN,NaN,NaN,0.8431,NaN,NaN
6.0397,2.7155,2.6752,NaN,NaN,NaN,NaN,0.8431,NaN,NaN
6.0797,3.0808,3.0859,NaN,NaN,NaN,NaN,0.8431,NaN,NaN
6.1198,3.4464,3.4984,NaN,NaN,NaN,NaN,0.8431,NaN,NaN
6.1599,3.8114,3.9059,NaN,NaN,NaN,NaN,0.8431,NaN,NaN
6.1998,4.1767,4.3164,NaN,NaN,NaN,NaN,0.8431,NaN,NaN
6.2396,4.5419,4.726,NaN,NaN,NaN,NaN,0.8431,NaN,NaN
6.2808,4.9069,5.1326,NaN,NaN,NaN,NaN,0.8431,NaN,NaN
6.3207,5.2725,5.5444,NaN,NaN,NaN,NaN,0.8431,NaN,NaN
6.3611,5.4601,6.2143,9.0954,10.155,-0,0,0.8404,0,Inf
6.401,5.5709,5.1036,8.634,8.6251,0.058761,-0.044453,0.7849,0.024,508.5
6.4408,5.9157,5.4469,8.6228,8.6309,0.055604,-0.042064,0.7859,0.024,508.34
6.4811,6.1888,5.2504,8.4807,8.1294,0.029099,-0.022013,0.7643,0.0091,1291
6.5208,6.5275,5.5721,8.4759,8.1316,0.021091,-0.015954,0.7647,0.0091,1290.7
6.5608,6.8657,5.892,8.4708,8.1339,0.013084,-0.0098963,0.7651,0.0091,1290.5
6.6015,7.2041,6.2151,8.4661,8.1359,0.0050754,-0.0038391,0.7655,0.0091,1290.3
6.6398,7.543,6.5426,8.4619,8.1373,-0.0028194,0.0021331,0.7658,0.0091,1290.1
6.6808,7.7696,6.6135,8.4547,7.5729,-0.15295,0.11566,0.7303,-0.0302,-375.84
6.7199,8.1081,6.9147,8.4651,7.5643,-0.16626,0.12572,0.7291,-0.0302,-375.91
6.7598,8.447,7.2173,8.4757,7.5556,-0.17969,0.13587,0.7279,-0.0302,-375.98
6.8002,8.7864,7.5203,8.4863,7.5468,-0.193,0.14593,0.7267,-0.0302,-376.04
******-------------------------------------------------------------------------------------------------------------------****** 
TargetID: ID52
Relevancy: 0
tj = Inf
Label: -1
Comment: Target is irrelevant as it is not crossing the estimated holding line
DATA:
6.8808,-0,0,NaN,NaN,NaN,NaN,0,NaN,NaN
6.9209,0.31515,-0.0024498,NaN,NaN,NaN,NaN,0,NaN,NaN
6.9612,0.63036,-0.0045881,NaN,NaN,NaN,NaN,0.0001,NaN,NaN
7.0009,0.94562,-0.0050014,NaN,NaN,NaN,NaN,0.0001,NaN,NaN
7.0409,1.2609,-0.0044945,NaN,NaN,NaN,NaN,0.0001,NaN,NaN
7.0811,1.5762,-0.0041015,NaN,NaN,NaN,NaN,0.0001,NaN,NaN
7.121,2.0267,0.84499,NaN,NaN,NaN,NaN,0.3203,NaN,NaN
7.1599,2.5901,-0.42975,NaN,NaN,NaN,NaN,-0.1948,NaN,NaN
7.2,2.8993,-0.48652,NaN,NaN,NaN,NaN,-0.1948,NaN,NaN
7.2407,3.2087,-0.54389,NaN,NaN,NaN,NaN,-0.1949,NaN,NaN
7.281,3.5179,-0.60278,NaN,NaN,NaN,NaN,-0.1949,NaN,NaN
7.3214,3.8272,-0.66176,NaN,NaN,NaN,NaN,-0.1949,NaN,NaN
7.3609,3.937,1.7525,NaN,NaN,NaN,NaN,0.4997,NaN,NaN
7.4002,4.2317,1.9155,NaN,NaN,NaN,NaN,0.4996,NaN,NaN
7.44,4.5262,2.0755,NaN,NaN,NaN,NaN,0.4997,NaN,NaN
7.4799,4.821,2.2401,NaN,NaN,NaN,NaN,0.4996,NaN,NaN
7.52,5.1153,2.3991,NaN,NaN,NaN,NaN,0.4996,NaN,NaN
7.5599,5.1506,4.7205,7.3003,7.0057,-0,0,0.7648,0,Inf
7.5999,5.4401,4.889,7.3003,7.0057,NaN,NaN,0.68455,NaN,NaN
7.6401,5.7316,5.0586,7.3003,7.0057,NaN,NaN,0.60377,NaN,NaN
7.6799,6.0198,5.2263,7.3003,7.0057,NaN,NaN,0.52389,NaN,NaN
7.72,6.3098,5.3952,7.3003,7.0057,NaN,NaN,0.44348,NaN,NaN
7.76,6.5996,5.5638,7.3003,7.0057,NaN,NaN,0.36315,NaN,NaN
7.8001,6.89,5.7328,7.3003,7.0057,NaN,NaN,0.28268,NaN,NaN
7.84,7.1794,5.9012,7.3003,7.0057,NaN,NaN,0.20246,NaN,NaN
7.8809,7.476,6.0738,7.3003,7.0057,NaN,NaN,0.12025,NaN,NaN
7.9215,7.7695,6.2447,7.3003,7.0057,NaN,NaN,0.038878,NaN,NaN
7.961,8.0562,6.4115,7.3003,7.0057,NaN,NaN,-0.040572,NaN,NaN
8.0011,8.3467,6.5806,NaN,NaN,NaN,NaN,-0.1211,NaN,NaN
8.0413,8.5953,6.5535,NaN,NaN,NaN,NaN,-0.1211,NaN,NaN
8.0811,8.8192,6.8448,NaN,NaN,NaN,NaN,0.1329,NaN,NaN
8.1212,9.0748,6.8764,NaN,NaN,NaN,NaN,0.1329,NaN,NaN
8.1615,9.3309,6.9109,NaN,NaN,NaN,NaN,0.1329,NaN,NaN
8.201,9.587,6.9449,NaN,NaN,NaN,NaN,0.1329,NaN,NaN
8.2401,9.8433,6.9794,NaN,NaN,NaN,NaN,0.1329,NaN,NaN
8.2801,10.1,7.0142,NaN,NaN,NaN,NaN,0.1329,NaN,NaN
8.3201,10.356,7.0512,NaN,NaN,NaN,NaN,0.1329,NaN,NaN
8.3601,10.779,9.525,NaN,NaN,NaN,NaN,0.8249,NaN,NaN
8.4001,11.058,9.8272,NaN,NaN,NaN,NaN,0.8249,NaN,NaN
8.4401,11.338,10.13,NaN,NaN,NaN,NaN,0.8249,NaN,NaN
8.4801,11.318,8.8104,NaN,NaN,NaN,NaN,0.644,NaN,NaN
8.5201,11.575,9.0019,NaN,NaN,NaN,NaN,0.644,NaN,NaN
8.5601,11.831,9.1916,NaN,NaN,NaN,NaN,0.644,NaN,NaN
8.6001,12.087,9.3846,NaN,NaN,NaN,NaN,0.644,NaN,NaN
8.6401,12.268,9.1216,NaN,NaN,NaN,NaN,0.5959,NaN,NaN
8.6801,12.515,9.2888,NaN,NaN,NaN,NaN,0.596,NaN,NaN
8.7202,12.761,9.4515,NaN,NaN,NaN,NaN,0.596,NaN,NaN
8.7601,13.008,9.6185,NaN,NaN,NaN,NaN,0.596,NaN,NaN
8.8002,13.255,9.7833,NaN,NaN,NaN,NaN,0.5961,NaN,NaN
8.8403,13.323,11.042,6.1174,5.3731,-0,0,0.7207,0,Inf
8.8802,13.568,11.258,6.1175,5.373,-0,0,0.7207,0,Inf
8.9213,13.73,11.253,5.8898,5.2425,0.10135,-0.07559,0.7275,0.1225,64.367
8.9613,13.964,11.463,5.8556,5.2639,0.091945,-0.068569,0.7324,0.1225,64.276
9.0019,14.198,11.675,5.8213,5.2851,0.082536,-0.06155,0.7373,0.1225,64.184
9.0402,14.43,11.887,5.7871,5.3062,0.073127,-0.054531,0.7422,0.1225,64.094
9.0802,14.66,12.1,5.7528,5.3268,0.063831,-0.047597,0.7471,0.1225,64.002
9.1215,14.89,12.315,5.7185,5.3474,0.054648,-0.040749,0.752,0.1225,63.911
9.1612,15.117,12.526,5.6837,5.3681,0.045578,-0.033984,0.7569,0.1225,63.82
9.2023,15.344,12.743,5.6493,5.3881,0.036508,-0.02722,0.7618,0.1225,63.729
9.2403,15.569,12.958,5.6146,5.4082,0.027551,-0.020541,0.7667,0.1225,63.638
9.2802,15.792,13.175,5.58,5.4279,0.018822,-0.014032,0.7716,0.1225,63.547
9.3213,16.015,13.395,5.5454,5.4472,0.010091,-0.0075235,0.7765,0.1225,63.455
9.3615,16.237,13.615,5.5108,5.4665,0.0014734,-0.0010987,0.7814,0.1225,63.365
9.4013,16.312,13.176,5.3377,4.8485,0.044784,-0.033393,0.7375,0.097,74.341
9.4412,16.524,13.37,5.3046,4.8564,0.030839,-0.022994,0.7414,0.097,74.143
9.482,16.735,13.562,5.2711,4.8643,0.017121,-0.012764,0.7453,0.097,73.944
9.5203,16.945,13.757,5.2381,4.8718,0.0034014,-0.0025357,0.7492,0.097,73.747
9.5603,17.154,13.953,5.2051,4.8791,-0.010204,0.007607,0.7531,0.097,73.55
9.6003,17.361,14.148,5.1719,4.8864,-0.023697,0.017664,0.757,0.097,73.352
9.6403,17.566,14.341,5.1386,4.8935,-0.037191,0.027719,0.7609,0.097,73.154
9.6803,17.771,14.537,5.1057,4.9003,-0.050459,0.037605,0.7648,0.097,72.956
9.7203,17.974,14.732,5.0726,4.907,-0.063726,0.047489,0.7686,0.097,72.759
9.7614,18.176,14.926,5.0395,4.9136,-0.07688,0.057288,0.7726,0.097,72.561
9.8014,18.376,15.121,5.0064,4.92,-0.089809,0.066917,0.7765,0.097,72.364
9.8415,18.576,15.319,4.9735,4.9259,-0.10285,0.076629,0.7803,0.097,72.166
9.8817,18.773,15.514,4.9404,4.9321,-0.11555,0.086085,0.7843,0.097,71.968
9.9214,18.883,15.423,1.1938,-7.5181,0.030506,-0.022987,0.75835,0.076885,99.009
9.9617,18.915,15.071,1.0192,-7.9184,0.17896,-0.13385,0.73198,0.056441,141.45
10.001,19.012,14.948,4.4288,3.7669,0.32521,-0.24306,0.706,0.0363,160.17
******-------------------------------------------------------------------------------------------------------------------****** 
TargetID: ID53
Target can not be processed due to lack of Data
******-------------------------------------------------------------------------------------------------------------------****** 
TargetID: ID54
Target can not be processed due to lack of Data
******-------------------------------------------------------------------------------------------------------------------****** 
TargetID: ID10
Target can not be processed due to lack of Data
******-------------------------------------------------------------------------------------------------------------------****** 
TargetID: ID59
Relevancy: 0
tj = Inf
Label: -1
Comment: Target is irrelevant as it is not crossing the estimated holding line
DATA:
22.684,-0,-0,NaN,NaN,NaN,NaN,0,NaN,NaN
22.724,0.1427,0.0019676,NaN,NaN,NaN,NaN,0,NaN,NaN
22.764,0.63148,0.4967,NaN,NaN,NaN,NaN,0.4977,NaN,NaN
22.804,0.78966,0.58956,NaN,NaN,NaN,NaN,0.4741,NaN,NaN
22.844,0.90573,0.52781,NaN,NaN,NaN,NaN,0.3675,NaN,NaN
22.884,0.80591,0.21671,NaN,NaN,NaN,NaN,0.0204,NaN,NaN
22.924,1.0459,0.34027,NaN,NaN,NaN,NaN,0.15,NaN,NaN
22.963,1.1605,0.31854,NaN,NaN,NaN,NaN,0.1167,NaN,NaN
23.002,1.3107,0.33805,NaN,NaN,NaN,NaN,0.1163,NaN,NaN
23.044,1.4357,0.33373,NaN,NaN,NaN,NaN,0.1091,NaN,NaN
23.085,1.5806,0.34738,NaN,NaN,NaN,NaN,0.1092,NaN,NaN
23.125,NaN,NaN,NaN,NaN,NaN,NaN,0.2379,NaN,NaN
23.163,NaN,NaN,NaN,NaN,NaN,NaN,0.1833,NaN,NaN
23.204,NaN,NaN,NaN,NaN,NaN,NaN,0.1925,NaN,NaN
23.244,NaN,NaN,NaN,NaN,NaN,NaN,0.1926,NaN,NaN
23.284,NaN,NaN,NaN,NaN,NaN,NaN,0.1126,NaN,NaN
23.324,2.2887,1.16,3.9596,0.91513,-0,-0,0.2271,0,Inf
23.364,2.4133,1.1095,3.9048,0.73659,0.045618,-0.016085,0.1863,-0.0163,-243.78
23.404,2.5767,1.1639,3.804,0.79504,-0.17083,0.060198,0.2067,0.0306,127
23.445,2.7745,1.2633,3.8196,0.91342,-0.24311,0.085605,0.2357,0.0519,75.67
23.485,2.9989,1.3821,3.9021,1.0706,-0.24542,0.086289,0.2687,0.0598,67.663
23.523,3.2433,1.5313,4.0176,1.2717,-0.22932,0.080522,0.3074,0.068,61.971
23.564,3.4038,1.5802,3.9931,1.2757,-0.24108,0.084555,0.3101,0.068,61.647
23.604,3.5593,1.6142,3.9498,1.2485,-0.29105,0.10185,0.3072,0.0657,63.05
23.644,3.6958,1.6374,3.8492,1.2178,-0.34722,0.12102,0.3051,0.0723,55.841
23.684,3.9627,1.8053,4.0778,1.4575,-0.26257,0.091741,0.3442,0.0875,49.491
23.724,4.1352,1.8769,4.0758,1.5049,-0.2681,0.093817,0.3547,0.0975,44.562
23.764,4.3793,2.0464,4.1911,1.8289,-0.24302,0.085035,0.4123,0.1663,27.497
23.803,4.6,2.205,4.2939,2.0914,-0.23528,0.082351,0.454,0.2101,22.733
23.843,4.7803,2.3161,4.3031,2.263,-0.22909,0.080214,0.4849,0.2485,19.565
23.883,5.02,2.4849,4.4364,2.514,-0.25364,0.088989,0.5163,0.2674,19.069
23.923,5.2034,2.5997,4.4442,2.6159,-0.24805,0.086939,0.532,0.2744,18.793
23.965,5.3821,2.7051,4.4404,2.6797,-0.2712,0.095259,0.543,0.2744,18.901
24.003,5.5593,2.813,4.4357,2.7438,-0.29419,0.10356,0.554,0.2744,19.008
24.045,5.7373,2.9209,4.4301,2.8083,-0.31718,0.1119,0.565,0.2744,19.115
24.083,5.9111,3.0448,4.4239,2.8725,-0.34001,0.12025,0.5759,0.2744,19.223
24.125,6.0861,3.1614,4.4164,2.9375,-0.36258,0.12848,0.5869,0.2744,19.33
24.163,6.2648,3.2768,4.4084,3.0021,-0.385,0.13672,0.5979,0.2744,19.437
24.205,6.4437,3.3926,4.3993,3.0672,-0.40715,0.14485,0.6089,0.2744,19.544
24.243,6.6167,3.5227,4.3894,3.1324,-0.42916,0.15297,0.6198,0.2744,19.652
24.284,6.7899,3.6531,4.3785,3.1978,-0.45102,0.16106,0.6308,0.2744,19.759
24.324,6.9677,3.776,4.3666,3.2633,-0.47262,0.16903,0.6418,0.2744,19.866
24.364,7.1395,3.9152,4.354,3.3288,-0.49395,0.17693,0.6527,0.2744,19.974
24.404,7.3161,4.0427,4.3403,3.3947,-0.51516,0.18476,0.6637,0.2744,20.081
24.444,7.4896,4.1798,4.3258,3.4605,-0.53595,0.19245,0.6747,0.2744,20.188
******-------------------------------------------------------------------------------------------------------------------****** 
TargetID: ID60
Target can not be processed due to lack of Data
******-------------------------------------------------------------------------------------------------------------------****** 
TargetID: ID13
Target can not be processed due to lack of Data
******-------------------------------------------------------------------------------------------------------------------****** 
TargetID: ID62
Target can not be processed due to lack of Data
******-------------------------------------------------------------------------------------------------------------------****** 
TargetID: ID64
Target can not be processed due to lack of Data
******-------------------------------------------------------------------------------------------------------------------****** 
TargetID: ID14
Relevancy: 0
tj = Inf
Label: -1
Comment: Target is irrelevant as it is not crossing the estimated holding line
DATA:
20.802,-0,-0,4.9446,-0.1119,-0.41821,0.18445,0,-0.146,-33.875
20.842,0.029411,-0.012009,-1.4833,-0.44617,-0.52039,0.23558,-0.041187,-0.19009,-8.1481
20.883,0.045762,-0.033004,4.3889,-0.528,-0.62562,0.28824,-0.0836,-0.2355,-18.771
20.923,0.23632,-0.12522,4.3571,-0.63533,-0.59573,0.28021,-0.112,-0.2478,-17.769
20.962,0.55797,0.0060367,4.7413,-0.30589,-0.35044,0.16721,-0.0644,-0.1817,-26.148
21.003,0.73413,-0.048468,4.6228,-0.56057,-0.40312,0.19735,-0.099,-0.2098,-22.196
21.043,1.072,-0.10238,5.013,-0.32043,-0.232,0.1158,-0.0515,-0.142,-35.375
21.083,1.2721,-0.12299,5.011,-0.35307,-0.24659,0.12538,-0.0571,-0.142,-35.377
21.122,1.4736,-0.14328,5.0089,-0.38603,-0.26102,0.13521,-0.0628,-0.142,-35.378
21.162,1.6763,-0.16346,5.0064,-0.41931,-0.27527,0.14531,-0.0686,-0.142,-35.38
21.203,1.8754,-0.1821,5.0038,-0.45228,-0.28924,0.15556,-0.0742,-0.142,-35.381
21.242,2.0782,-0.21288,5.001,-0.48512,-0.30292,0.16596,-0.0799,-0.142,-35.384
21.283,2.2759,-0.23598,4.9978,-0.51775,-0.31647,0.17655,-0.0855,-0.142,-35.384
21.323,2.4762,-0.2591,4.9946,-0.55063,-0.32976,0.18724,-0.0912,-0.142,-35.387
21.363,2.2952,-1.2229,4.1292,-1.0166,-0.56673,0.32378,-0.2683,-0.3031,-14.03
21.402,2.4552,-1.2835,4.093,-1.0595,-0.57483,0.33389,-0.2804,-0.3031,-13.949
21.442,2.61,-1.3488,4.0566,-1.1012,-0.58278,0.34389,-0.2925,-0.3031,-13.868
21.484,2.7649,-1.4152,4.0197,-1.1426,-0.59083,0.35391,-0.3045,-0.3031,-13.787
21.524,2.9182,-1.483,3.9823,-1.1839,-0.59874,0.3638,-0.3166,-0.3031,-13.707
21.564,3.0711,-1.5523,3.9446,-1.2246,-0.60664,0.37362,-0.3288,-0.3031,-13.627
21.603,3.22,-1.6249,3.9065,-1.2647,-0.61446,0.38322,-0.3408,-0.3031,-13.547
21.643,3.3664,-1.694,3.8681,-1.3043,-0.62244,0.39275,-0.3529,-0.3031,-13.468
21.683,3.1371,-2.1055,2.7038,-2.1488,-0.29933,0.19195,-0.6815,-0.5301,-6.5151
21.724,3.2202,-2.2133,2.6535,-2.1943,-0.30246,0.19571,-0.7026,-0.5301,-6.4955
21.762,3.299,-2.3252,2.6029,-2.2382,-0.30565,0.19932,-0.7237,-0.5301,-6.4759
******-------------------------------------------------------------------------------------------------------------------****** 
TargetID: ID15
Target can not be processed due to lack of Data
******-------------------------------------------------------------------------------------------------------------------****** 
TargetID: ID16
Target can not be processed due to lack of Data
******-------------------------------------------------------------------------------------------------------------------****** 
