******-------------------------------------------------------------------------------------------------------------------****** 
Duration of the scene is: 21.1261 seconds
Original Targets Numbers in the hole Scene: 17
Number of Targets in the hole Scene after preprocessing: 24
Number of static portions: 1
******-------------------------------------------------------------------------------------------------------------------****** 
TargetID: ID01
Target can not be processed due to lack of Data
******-------------------------------------------------------------------------------------------------------------------****** 
TargetID: ID19
Target can not be processed due to lack of Data
******-------------------------------------------------------------------------------------------------------------------****** 
TargetID: ID22
Target can not be processed due to lack of Data
******-------------------------------------------------------------------------------------------------------------------****** 
TargetID: ID04
Relevancy: 1
tj = 1.9604
Label: 0
Comment: Target is relevant and going straight, since the velocity ratio is almost not changing
DATA:
0.75998,0,-0,NaN,NaN,NaN,NaN,0,NaN,NaN
0.80003,NaN,NaN,NaN,NaN,NaN,NaN,0.7322,NaN,NaN
0.84001,NaN,NaN,NaN,NaN,NaN,NaN,0.6889,NaN,NaN
0.88006,0.39356,1.638,8.1555,6.9999,0,-0,0.7093,0,Inf
0.92007,0.16024,1.8615,8.177,7.0642,-0.033585,0.0037749,0.7126,-0.0051,-2118.8
0.9601,-0.47814,1.2732,8.2377,6.9531,-0.061104,0.0068857,0.7018,-0.039,-276.41
1.0001,-0.12557,1.5193,8.241,6.8362,-0.066861,0.0075362,0.6933,-0.0367,-291.75
1.0401,0.23966,1.8073,8.2889,6.8583,-0.074442,0.0083929,0.6921,-0.0478,-225.07
1.0801,0.59925,2.0977,8.2574,6.959,-0.16057,0.018177,0.7022,-0.0153,-705.8
1.1201,0.92779,2.329,8.2392,6.7975,-0.17347,0.019646,0.6919,-0.0152,-702.72
1.1601,1.2626,2.5572,8.2351,6.64,-0.18622,0.0211,0.6808,-0.0222,-476.51
1.2002,1.5921,2.7696,8.2312,6.4361,-0.19939,0.0226,0.6661,-0.0348,-300.25
1.2401,1.9206,3.0833,8.0576,6.9111,-0.22445,0.025501,0.7118,0.0625,169.85
1.2802,2.2089,3.2671,7.9793,6.6803,-0.21197,0.024069,0.6997,0.0584,178.19
1.3202,2.5285,3.5326,7.9876,6.7281,-0.20399,0.023154,0.7026,0.0595,175.52
1.3603,2.8615,3.8576,8.0476,7.2118,-0.21562,0.024506,0.7334,0.1013,106.68
1.4002,3.1898,4.1351,8.0339,7.2233,-0.22836,0.025973,0.7352,0.1005,107.5
1.4402,3.5503,4.4856,8.0671,7.5034,-0.23621,0.026881,0.7521,0.1192,92.427
1.4802,3.9217,4.8619,8.1355,7.7143,-0.27974,0.031908,0.7622,0.1196,93.741
1.5203,4.2559,5.1844,8.1627,7.7443,-0.23664,0.026927,0.7619,0.1077,104.47
1.5603,4.5803,5.4714,8.1436,7.7469,-0.24084,0.027413,0.7633,0.1064,105.64
1.6003,4.932,5.8127,8.181,7.8487,-0.26254,0.029916,0.7678,0.1045,108.49
1.6403,5.2752,6.1485,8.207,7.9296,-0.27906,0.031825,0.7715,0.1026,111.23
1.6804,5.7555,6.6041,8.2107,7.8351,-0.1969,0.022321,0.764,0.0848,133.83
1.7203,6.0853,6.9063,8.2074,7.8489,-0.19956,0.022627,0.7652,0.0827,137.32
1.7604,6.3214,7.0826,8.2577,7.9242,-0.18455,0.020937,0.7669,0.0787,145.42
1.8003,6.6495,7.4005,8.2577,7.9663,-0.19086,0.02166,0.7696,0.0783,146.54
1.8404,6.9677,7.6921,8.2486,7.8953,-0.15736,0.017827,0.7653,0.0682,167.42
1.8805,7.3127,8.006,8.2394,7.931,-0.14979,0.01696,0.768,0.0696,164.31
1.9205,7.5889,8.2844,8.2016,7.7762,-0.11009,0.012438,0.76,0.0563,200.75
1.9604,7.9013,8.573,8.1714,7.7762,-0.10897,0.012311,0.7619,0.0567,198.94
2.0004,8.244,8.8653,8.1446,7.6557,-0.081601,0.0092063,0.7554,0.0461,242.47
2.0405,8.5277,9.1487,8.0886,7.5657,-0.06279,0.0070766,0.7527,0.0413,268.17
2.0805,8.6571,9.7224,8.1153,7.6434,-0.07177,0.0080862,0.7563,0.044,253.36
2.1205,9.0132,10.069,8.2213,7.8512,-0.10348,0.011673,0.7635,0.0507,224.22
2.1605,9.351,10.362,8.2148,7.8473,-0.096611,0.010896,0.7636,0.0485,234.24
2.2005,9.6789,10.648,8.1929,7.8406,-0.090297,0.010181,0.7644,0.0478,237.24
2.2406,10.039,11.022,8.2214,7.9428,-0.10265,0.011577,0.7692,0.0513,222.84
2.2805,10.333,11.272,8.1534,7.8456,-0.082859,0.0093391,0.767,0.0476,237.71
2.3206,10.653,11.569,8.1572,7.8538,-0.07921,0.0089264,0.7673,0.046,246.16
2.3605,10.937,11.827,8.0898,7.7846,-0.062927,0.0070875,0.7669,0.0439,255.74
2.4006,11.281,12.145,8.1058,7.8249,-0.066912,0.007479,0.7671,0.0423,266.35
2.4406,11.603,12.445,8.0976,7.8301,-0.06649,0.0074321,0.7679,0.0417,270.12
2.4806,11.861,12.665,7.9957,7.6589,-0.035405,0.0039835,0.7643,0.0363,305.02
******-------------------------------------------------------------------------------------------------------------------****** 
TargetID: ID24
Relevancy: 0
tj = Inf
Label: -1
Comment: Target is irrelevant as it is not crossing the estimated holding line
DATA:
15.404,-0,-0,NaN,NaN,NaN,NaN,0,NaN,NaN
15.444,0.20079,0.61653,NaN,NaN,NaN,NaN,1.0024,NaN,NaN
15.484,0.31591,0.20308,NaN,NaN,NaN,NaN,0.3139,NaN,NaN
15.524,0.40021,-0.014199,NaN,NaN,NaN,NaN,-0.186,NaN,NaN
15.564,0.49472,-0.6406,NaN,NaN,NaN,NaN,-0.9238,NaN,NaN
15.604,0.55456,-0.988,NaN,NaN,NaN,NaN,-1.0283,NaN,NaN
15.644,NaN,NaN,NaN,NaN,NaN,NaN,-0.7733,NaN,NaN
15.684,NaN,NaN,NaN,NaN,NaN,NaN,-0.4044,NaN,NaN
15.724,NaN,NaN,NaN,NaN,NaN,NaN,-0.4044,NaN,NaN
15.764,NaN,NaN,NaN,NaN,NaN,NaN,-0.62,NaN,NaN
15.804,0.98339,-1.4928,2.3416,-4.6858,-0,-0,-1.1074,0,Inf
15.844,1.0753,-1.8664,2.2113,-5.1932,-0.098615,0.14243,-1.1683,-0.0755,-74.76
15.884,0.34279,-1.0021,2.1925,-5.4309,-0.091018,0.13146,-1.1886,-0.0763,-76.76
15.924,0.46737,-1.3627,1.9713,-5.8649,-0.19109,0.27596,-1.2502,-0.1964,-31.504
15.964,0.57097,-1.7086,1.8025,-6.2164,-0.11464,0.16555,-1.2909,-0.2476,-26.141
16.004,0.63659,-2.0036,1.7127,-6.3235,-0.0869,0.12549,-1.3081,-0.2532,-25.874
16.044,0.71332,-2.3119,1.7301,-6.3818,-0.10387,0.14999,-1.3082,-0.2053,-32.207
16.084,0.79069,-2.591,1.8377,-6.175,-0.45292,0.6538,-1.2907,-0.1312,-49.105
16.124,0.92844,-3.4279,1.7971,-7.2312,0.1251,-0.18072,-1.3251,-0.0964,-77.295
16.164,1.0436,-3.8577,1.8454,-7.533,0.32299,-0.46669,-1.3256,-0.0668,-116.1
16.204,1.1484,-4.2573,1.9375,-7.7192,0.41583,-0.60087,-1.3189,-0.029,-274.44
16.244,1.2507,-4.647,2.0382,-7.9072,0.56942,-0.82129,-1.3185,-0.018,-453.65
16.284,1.3836,-5.1122,2.2536,-8.2522,0.87406,-1.2566,-1.315,0.0031,2759.5
16.325,1.4751,-5.3249,2.246,-7.8075,0.22607,-0.32635,-1.2907,0.0635,127.94
16.364,1.5672,-5.636,2.2689,-7.8132,0.22695,-0.32763,-1.2882,0.0635,128.13
16.405,1.6602,-5.9483,2.2922,-7.8187,0.22775,-0.32879,-1.2856,0.0635,128.31
16.445,1.7543,-6.2619,2.3159,-7.8241,0.22864,-0.33007,-1.283,0.0635,128.5
******-------------------------------------------------------------------------------------------------------------------****** 
TargetID: ID05
Relevancy: 1
tj = 10.8837
Label: 0
Comment: Target is relevant and going straight, since the velocity ratio is almost not changing
DATA:
6.7221,-0,-0,NaN,NaN,NaN,NaN,0,NaN,NaN
6.762,0.27008,0.57374,NaN,NaN,NaN,NaN,0.3758,NaN,NaN
6.802,0.63069,1.2992,NaN,NaN,NaN,NaN,0.6556,NaN,NaN
6.8421,0.92363,1.1145,NaN,NaN,NaN,NaN,0.4508,NaN,NaN
6.8823,1.3078,1.4894,NaN,NaN,NaN,NaN,0.5246,NaN,NaN
6.9222,1.6402,1.5841,NaN,NaN,NaN,NaN,0.4784,NaN,NaN
6.9622,2.0234,1.3919,NaN,NaN,NaN,NaN,0.3412,NaN,NaN
7.0021,2.4232,1.2142,NaN,NaN,NaN,NaN,0.2301,NaN,NaN
7.0422,2.8298,1.4653,NaN,NaN,NaN,NaN,0.2827,NaN,NaN
7.0822,3.1644,1.4496,NaN,NaN,NaN,NaN,0.2494,NaN,NaN
7.1222,3.5705,1.398,NaN,NaN,NaN,NaN,0.2033,NaN,NaN
7.1622,3.9632,1.1534,NaN,NaN,NaN,NaN,0.111,NaN,NaN
7.2022,NaN,NaN,NaN,NaN,NaN,NaN,0.0735,NaN,NaN
7.2422,NaN,NaN,NaN,NaN,NaN,NaN,0.0735,NaN,NaN
7.2824,4.7756,1.7832,9.1629,1.1744,-0,-0,0.1275,0,Inf
7.3223,5.1509,2.0126,9.1574,1.5577,-0.027864,0.013193,0.1685,0.0049,1895.7
7.3624,5.4672,2.2008,9.1493,1.8518,-0.056625,0.026808,0.1997,-0.0041,-2276.8
7.4023,5.8351,2.3001,9.1664,1.8916,-0.10839,0.051316,0.2035,-0.0087,-1075.8
7.4423,6.2246,2.4657,9.2057,2.0263,-0.12998,0.061544,0.2167,-0.0104,-906.36
7.4823,6.5968,2.4482,9.2018,1.8261,-0.17267,0.081754,0.196,-0.0181,-518.3
7.5224,6.9757,2.5575,9.1977,1.8859,-0.19465,0.092163,0.2024,-0.0052,-1805.6
7.5623,7.3459,2.7918,9.1935,2.2318,-0.20721,0.098082,0.238,0.0409,231.31
7.6023,7.7299,2.9968,9.2162,2.5047,-0.2188,0.1036,0.2655,0.0745,128.19
7.6423,8.0735,3.2823,9.2344,2.978,-0.23381,0.11066,0.3118,0.1147,84.592
7.6824,8.4465,3.587,9.2244,3.5251,-0.25976,0.12293,0.3648,0.187,52.808
7.7225,8.8157,3.7303,9.2297,3.6067,-0.28802,0.1363,0.3723,0.187,52.991
7.7625,9.174,3.6702,9.2105,3.2399,-0.19226,0.091,0.3381,0.1401,69.691
7.8024,9.5439,3.8617,9.2238,3.4276,-0.20696,0.097955,0.3556,0.1525,64.525
7.8424,9.8935,3.8129,9.1865,3.0783,-0.18356,0.086886,0.3232,0.1033,93.79
7.8825,10.253,3.6159,9.0551,2.3887,-0.20947,0.099183,0.2581,0.0324,289.04
7.9225,10.61,3.6738,8.9988,2.2818,-0.19788,0.093665,0.2482,0.0203,457.32
7.9625,10.969,3.7641,8.9849,2.2864,-0.20862,0.098746,0.249,0.0203,456.71
8.0025,11.328,3.8561,8.971,2.2905,-0.21936,0.10383,0.2498,0.0203,456.1
8.0429,11.702,4.0214,8.9931,2.4555,-0.17062,0.080787,0.2667,0.0406,229.61
8.0912,12.072,4.3382,9.006,2.9764,-0.1424,0.067406,0.3191,0.1033,91.821
8.1227,11.359,4.6458,8.9457,2.4132,-0.1314,0.062232,0.2646,0.03,308.85
8.1628,11.717,4.7448,8.9312,2.4199,-0.13714,0.064951,0.2658,0.03,308.44
8.2027,12.074,4.8424,8.9166,2.4271,-0.14276,0.06761,0.267,0.03,308.03
8.2427,12.441,4.9638,8.9481,2.5394,-0.11175,0.052924,0.2775,0.0408,227.98
8.2827,12.799,5.0655,8.9367,2.5518,-0.1166,0.055221,0.2792,0.0408,227.79
8.3228,13.171,5.1943,8.95,2.6051,-0.10907,0.051655,0.2842,0.045,207.14
8.3629,13.529,5.2996,8.9396,2.6193,-0.11379,0.053891,0.286,0.045,207.01
8.4028,13.886,5.405,8.9293,2.6335,-0.11838,0.056067,0.2878,0.045,206.88
8.4429,14.268,5.4683,8.9293,2.6335,NaN,NaN,0.26488,NaN,NaN
8.4828,14.649,5.5315,8.9293,2.6335,NaN,NaN,0.24199,NaN,NaN
8.5228,15.03,5.5947,8.9293,2.6335,NaN,NaN,0.21911,NaN,NaN
8.5629,15.412,5.658,8.9293,2.6335,NaN,NaN,0.19619,NaN,NaN
8.6029,15.793,5.7212,8.9293,2.6335,NaN,NaN,0.1733,NaN,NaN
8.6429,16.175,5.7844,8.9293,2.6335,NaN,NaN,0.15041,NaN,NaN
8.6829,16.556,5.8477,8.9293,2.6335,NaN,NaN,0.1275,NaN,NaN
8.7229,16.938,5.911,8.9293,2.6335,NaN,NaN,0.10459,NaN,NaN
8.7629,17.319,5.9741,8.9293,2.6335,NaN,NaN,0.081709,NaN,NaN
8.8029,17.701,6.0374,8.9293,2.6335,NaN,NaN,0.058804,NaN,NaN
8.843,18.083,6.1007,8.9293,2.6335,NaN,NaN,0.035866,NaN,NaN
8.8831,18.465,6.1641,8.9293,2.6335,NaN,NaN,0.012925,NaN,NaN
8.923,18.845,6.2271,8.9293,2.6335,NaN,NaN,-0.0098923,NaN,NaN
8.963,19.227,6.2904,8.9293,2.6335,NaN,NaN,-0.032807,NaN,NaN
9.003,19.608,6.3536,8.9293,2.6335,NaN,NaN,-0.055701,NaN,NaN
9.043,19.99,6.4168,8.9293,2.6335,NaN,NaN,-0.0786,NaN,NaN
9.0831,20.372,6.4803,8.9293,2.6335,NaN,NaN,-0.10156,NaN,NaN
9.123,20.752,6.5433,8.9293,2.6335,NaN,NaN,-0.1244,NaN,NaN
9.163,21.134,6.6065,8.9293,2.6335,NaN,NaN,-0.14729,NaN,NaN
9.2031,21.516,6.6698,8.9293,2.6335,NaN,NaN,-0.17021,NaN,NaN
9.2431,21.897,6.733,8.9293,2.6335,NaN,NaN,-0.1931,NaN,NaN
9.2832,22.28,6.7965,8.9293,2.6335,NaN,NaN,-0.21608,NaN,NaN
9.3231,22.66,6.8595,8.9293,2.6335,NaN,NaN,-0.2389,NaN,NaN
9.3632,23.042,6.9228,8.9293,2.6335,NaN,NaN,-0.26183,NaN,NaN
9.4031,23.423,6.986,8.9293,2.6335,NaN,NaN,-0.28471,NaN,NaN
9.4431,23.804,7.0492,NaN,NaN,NaN,NaN,-0.3076,NaN,NaN
9.4832,24.762,8.5249,NaN,NaN,NaN,NaN,0.7689,NaN,NaN
9.5232,24.85,8.8644,9.926,6.8227,-0,-0,0.6022,0,Inf
9.5632,25.244,9.0654,9.8075,6.5131,-0.00012771,6.06e-05,0.5862,-0.0032,-3679.1
9.6032,23.941,8.8692,8.8807,4.2288,-0.070364,0.033347,0.4454,-0.1503,-65.443
9.6432,24.213,8.9572,9.0174,4.0874,-0.059517,0.028203,0.4264,-0.2288,-43.271
9.6833,24.573,9.0589,8.9559,3.7628,-0.062962,0.029836,0.3987,-0.2588,-37.536
9.7232,24.91,9.1602,8.9689,3.5311,-0.092941,0.044056,0.3764,-0.2831,-34.048
9.7626,25.156,9.2204,8.9667,3.4211,-0.096378,0.045692,0.366,-0.2732,-35.129
9.8032,25.513,9.3216,8.9586,3.3308,-0.10326,0.048957,0.3576,-0.2624,-36.425
9.8433,26.066,9.2455,9.0776,3.4003,-0.10965,0.052002,0.36,-0.2408,-40.255
9.8833,26.369,9.2937,9.0012,3.108,-0.1173,0.055631,0.3342,-0.2585,-36.838
9.9233,26.789,9.4197,9.0776,3.1055,-0.1131,0.053632,0.3312,-0.2463,-38.953
9.9633,27.146,9.5894,8.9263,3.2859,-0.13017,0.061749,0.3547,-0.2022,-47.042
10.003,27.482,9.6911,8.8142,3.2175,-0.14902,0.070713,0.3523,-0.1951,-48.094
10.043,27.723,9.7426,8.5607,2.9666,-0.17841,0.0847,0.3365,-0.2057,-44.046
10.083,28.096,9.8613,8.6733,3.1953,-0.14671,0.06963,0.3553,-0.1623,-56.951
10.123,28.231,9.7729,8.1775,2.4583,-0.26523,0.12627,0.2967,-0.2362,-36.152
10.163,28.559,9.8748,8.0576,2.3329,-0.28393,0.13501,0.287,-0.2391,-35.084
10.203,28.911,10.04,8.0901,2.4866,-0.2254,0.10709,0.3023,-0.2032,-41.652
10.243,29.286,10.187,8.1448,2.636,-0.17659,0.08384,0.3162,-0.172,-49.772
10.284,29.645,10.3,8.213,2.7785,-0.13637,0.064713,0.3287,-0.1443,-60.085
10.323,30.052,10.471,8.4126,3.1865,-0.070358,0.033354,0.3633,-0.0876,-102.69
10.364,30.436,10.652,8.5753,3.5177,-0.048411,0.022941,0.3901,-0.0461,-201.06
10.403,30.82,10.829,8.6399,3.6023,-0.047644,0.022577,0.3958,-0.037,-252.99
10.443,31.208,11.03,8.7766,3.9215,-0.047899,0.0227,0.421,-0.0022,-4369.5
10.484,31.576,11.202,8.7984,3.9501,-0.05543,0.026272,0.4229,-0.0001,-96444
10.524,31.927,11.356,8.7887,3.933,-0.056069,0.026575,0.4217,-0.0015,-6419
10.564,32.273,11.504,8.7729,3.9273,-0.039984,0.018946,0.4216,-0.0014,-6865.6
10.603,32.623,11.652,8.7722,3.9345,-0.033855,0.01604,0.4222,-0.0004,-24035
10.644,32.987,11.829,8.7939,3.9765,-0.032451,0.015374,0.4252,0.0029,3328
10.684,33.323,11.974,8.7596,3.9488,-0.029131,0.0138,0.424,0.0018,5338.1
10.724,33.701,12.159,8.8114,4.0882,-0.037431,0.017736,0.435,0.0146,665.31
10.763,34.027,12.3,8.7597,4.0514,-0.03028,0.014346,0.4337,0.013,742.4
10.804,34.355,12.43,8.6931,3.9992,-0.018273,0.0086546,0.4315,0.0106,902.72
10.843,34.68,12.57,8.6692,3.942,-0.013674,0.0064756,0.427,0.0058,1642
10.884,34.99,12.696,8.5922,3.8828,-0.0047291,0.0022392,0.4245,0.0036,2619.1
10.924,35.328,12.844,8.5738,3.8263,0.0031958,-0.0015126,0.4197,-0.0015,-6259.3
10.963,35.613,12.937,8.445,3.6772,0.019435,-0.0091975,0.4103,-0.0106,-868.95
11.004,35.912,13.06,8.3542,3.6301,0.026341,-0.012464,0.4094,-0.0106,-859.32
11.044,36.313,13.292,8.5185,3.8468,0.012401,-0.0058694,0.424,0.0043,2173.7
11.083,36.61,13.395,8.4366,3.7638,0.021865,-0.010347,0.4192,-0.0001,-92381
11.124,36.929,13.528,8.387,3.7259,0.027877,-0.013191,0.4176,-0.0015,-6118.3
11.163,37.22,13.639,8.2672,3.6599,0.038369,-0.018151,0.4161,-0.0022,-4109.6
11.204,37.53,13.784,8.2142,3.6304,0.041697,-0.019724,0.4154,-0.0025,-3592.3
11.244,37.82,13.898,8.1146,3.596,0.050275,-0.023776,0.4162,-0.0013,-6827.4
11.284,38.077,13.997,7.9709,3.5111,0.060649,-0.028675,0.4137,-0.0031,-2809.7
11.324,38.36,14.118,7.8794,3.4715,0.066927,-0.031637,0.4136,-0.0029,-2969
11.364,38.549,14.179,7.5984,3.3113,0.088212,-0.041673,0.409,-0.006,-1381.4
11.403,38.705,14.228,7.271,3.1396,0.10978,-0.051824,0.405,-0.0086,-920.92
11.444,38.882,14.28,6.9767,3.0005,0.12535,-0.059132,0.4029,-0.0098,-774.96
11.483,39.135,14.373,6.8585,2.9439,0.12831,-0.060519,0.402,-0.0101,-738.97
11.524,39.367,14.468,6.7235,2.8811,0.13218,-0.062328,0.4012,-0.0104,-703.34
11.563,39.506,14.519,6.4391,2.7592,0.14792,-0.069687,0.4004,-0.0105,-667.18
11.604,39.708,14.601,6.2557,2.6834,0.15672,-0.073786,0.4003,-0.0103,-660.87
******-------------------------------------------------------------------------------------------------------------------****** 
TargetID: ID06
Relevancy: 0
tj = Inf
Label: -1
Comment: Target is irrelevant as it is not crossing the estimated holding line
DATA:
0.5199,-0,-0,NaN,NaN,NaN,NaN,0,NaN,NaN
0.55995,0.15743,1.8375,NaN,NaN,NaN,NaN,1.0155,NaN,NaN
0.59992,0.49318,1.3968,NaN,NaN,NaN,NaN,0.5658,NaN,NaN
0.63996,0.85451,1.6607,NaN,NaN,NaN,NaN,0.5672,NaN,NaN
0.68002,1.1692,1.4965,NaN,NaN,NaN,NaN,0.357,NaN,NaN
0.72003,1.4499,1.1224,NaN,NaN,NaN,NaN,0.09,NaN,NaN
0.75998,1.7734,1.3224,NaN,NaN,NaN,NaN,0.1748,NaN,NaN
0.80003,2.0786,1.2553,NaN,NaN,NaN,NaN,0.1169,NaN,NaN
0.84001,2.419,1.6815,NaN,NaN,NaN,NaN,0.2688,NaN,NaN
0.88006,2.7608,1.4577,NaN,NaN,NaN,NaN,0.1497,NaN,NaN
0.92007,3.1042,1.3957,NaN,NaN,NaN,NaN,0.1087,NaN,NaN
0.9601,3.4326,0.92187,NaN,NaN,NaN,NaN,-0.056,NaN,NaN
1.0001,3.7592,0.82365,NaN,NaN,NaN,NaN,-0.0781,NaN,NaN
1.0401,3.9063,1.1791,8.3841,-0.93435,-0,-0,-0.111,0,Inf
1.0801,4.2409,1.0471,8.4131,-1.1331,0.063888,-0.042096,-0.1339,0.004,2122.3
1.1201,4.5796,0.91289,8.4498,-1.3114,0.1814,-0.11952,-0.1541,0.01,855.09
1.1601,4.9357,1.1567,8.5205,-0.66737,0.26476,-0.17443,-0.0782,0.0385,221.99
1.2002,5.2839,0.75868,8.6043,-1.43,0.41013,-0.27026,-0.1647,0.0123,709.13
1.2401,5.635,0.48537,8.6666,-1.8351,0.60743,-0.40023,-0.209,0.0076,1165.6
1.2802,5.9826,0.41186,8.711,-1.8417,0.61487,-0.40514,-0.2087,0.0076,1171.5
1.3202,6.3319,0.33706,8.7553,-1.8481,0.62207,-0.40988,-0.2084,0.0076,1177.4
1.3603,6.6828,0.25062,8.7945,-1.8899,0.68409,-0.45075,-0.212,0.0028,3212.6
1.4002,7.0352,0.17341,8.8385,-1.898,0.69613,-0.45868,-0.2119,0.0028,3228.6
1.4402,7.4322,0.18892,9.0958,-1.5097,0.82448,-0.54304,-0.1649,0.1013,91.019
1.4802,7.783,0.10481,9.1019,-1.5254,0.74822,-0.49307,-0.166,0.0914,100.97
1.5203,8.1484,0.044121,9.1618,-1.5009,0.75483,-0.49743,-0.1624,0.0914,101.58
1.5603,8.4937,-0.078206,9.306,-1.5169,0.84958,-0.55998,-0.1611,0.0985,95.725
1.6003,8.8554,-0.22913,9.3201,-1.7583,0.85467,-0.56314,-0.1869,0.0511,185.61
1.6403,9.2382,-0.16305,9.4391,-1.2496,0.77322,-0.50946,-0.1312,0.1389,68.549
1.6804,9.6173,-0.21143,9.5105,-1.2055,0.77251,-0.50899,-0.1256,0.1389,69.018
1.7203,9.9994,-0.25708,9.5817,-1.1608,0.7718,-0.50852,-0.1201,0.1389,69.487
1.7604,10.384,-0.30351,9.6527,-1.1146,0.77085,-0.5079,-0.1145,0.1389,69.955
1.8003,10.756,-0.5661,9.1609,-9.4306,0.8674,-0.5716,-0.1638,0.070971,185.25
1.8404,11.132,-0.84959,9.7761,-2.1205,0.96415,-0.63544,-0.2132,0.0029,3449.4
1.8805,11.524,-0.9361,9.8485,-2.1344,0.96746,-0.63761,-0.213,0.0029,3474.9
******-------------------------------------------------------------------------------------------------------------------****** 
TargetID: ID27
Relevancy: 1
tj = 4.1612
Label: 0
Comment: Target is relevant and going straight, since the velocity ratio is almost not changing
DATA:
2.5206,0,-0,NaN,NaN,NaN,NaN,0,NaN,NaN
2.5606,NaN,NaN,NaN,NaN,NaN,NaN,0.2268,NaN,NaN
2.6006,NaN,NaN,NaN,NaN,NaN,NaN,0.7687,NaN,NaN
2.6407,NaN,NaN,NaN,NaN,NaN,NaN,0.7636,NaN,NaN
2.6807,NaN,NaN,NaN,NaN,NaN,NaN,0.7636,NaN,NaN
2.7208,1.4354,3.0673,8.6372,10.067,0,-0,0.8617,0,Inf
2.7607,1.7383,3.4577,8.6907,9.9478,-0.056837,0.0058215,0.8527,-0.022,-600.42
2.8007,2.0829,3.7494,8.6364,9.5929,-0.045159,0.0046272,0.8378,-0.0126,-1024.4
2.8407,2.4082,3.8939,8.4793,8.8717,-0.02462,0.0025218,0.808,0.0014,8765.8
2.8807,2.7204,4.0167,8.3087,8.222,-0.011114,0.0011386,0.7802,0.0068,1719
2.9208,3.0266,4.1954,8.1751,7.8371,-0.0011254,0.0001154,0.7643,0.0118,959.73
2.9608,2.2369,3.6903,8.4766,7.9178,-0.13496,0.013903,0.7525,-0.0579,-200.33
3.0007,2.3288,3.6779,8.4426,7.5114,-0.13901,0.014338,0.7285,-0.0774,-146
3.0408,2.6197,3.7936,8.3379,7.0585,-0.14041,0.014483,0.704,-0.0853,-128.07
3.0808,2.8786,3.8359,8.1686,6.4801,-0.14771,0.015239,0.6723,-0.0998,-104.48
3.121,3.0946,4.2618,8.1833,6.6976,-0.15991,0.016495,0.6877,-0.0634,-166.79
3.1608,3.3777,4.4012,8.1082,6.448,-0.16159,0.016668,0.6737,-0.0673,-153.93
3.2008,3.7337,4.6832,8.1117,6.6442,-0.17612,0.018272,0.6883,-0.0347,-302.18
3.2408,4.0653,4.9578,8.1302,6.6518,-0.18909,0.019532,0.6879,-0.0339,-309.87
3.2809,4.209,5.3839,8.1856,7.1066,-0.16956,0.017503,0.717,0.0093,1165.6
3.3209,4.5496,5.6827,8.2154,7.1488,-0.18247,0.018845,0.7183,0.0098,1111.3
3.3609,4.8906,5.996,8.2504,7.2206,-0.19677,0.020335,0.7213,0.0121,906.1
3.4009,5.2322,6.2917,8.2799,7.2432,-0.20491,0.021182,0.7211,0.011,1000.1
3.4409,5.9825,6.7301,8.2886,7.8369,-0.243,0.025155,0.7597,0.0663,172.05
3.4809,6.3106,7.0375,8.3017,8.1036,-0.28899,0.029997,0.7761,0.0868,133.65
3.521,6.5977,7.3104,8.2938,8.1517,-0.27734,0.028789,0.7795,0.0881,132
3.5609,6.927,7.6596,8.2951,8.0952,-0.23443,0.024281,0.7755,0.0764,151.71
3.601,7.2582,7.9721,8.2992,8.1256,-0.23948,0.02481,0.7772,0.0754,154.04
3.641,7.591,8.2686,8.2997,8.1177,-0.23612,0.024458,0.7767,0.0722,160.8
3.681,7.9647,8.6561,8.3799,8.2741,-0.26711,0.027704,0.7816,0.0736,160.01
3.721,8.2998,8.9671,8.3882,8.2735,-0.26291,0.027262,0.7811,0.0699,168.55
3.7612,8.6421,9.2753,8.4078,8.251,-0.25338,0.02626,0.7784,0.0638,184.64
3.801,8.877,9.5289,8.4608,8.5986,-0.30226,0.031465,0.7966,0.0835,144.47
3.8411,9.2124,9.8771,8.4711,8.6656,-0.31319,0.032621,0.8,0.0835,145.13
3.8811,9.4626,10.071,8.3782,8.3323,-0.19906,0.020613,0.7848,0.0639,184.92
3.9211,9.7615,10.345,8.3224,8.2758,-0.18293,0.018928,0.7846,0.0619,189.61
3.9611,10.047,10.599,8.2437,8.1797,-0.15977,0.016514,0.7833,0.059,196.83
4.0011,10.338,10.86,8.1757,8.0927,-0.13983,0.014439,0.7819,0.0559,205.79
4.0411,10.45,10.851,7.7808,7.5476,-0.026583,0.0027277,0.7705,0.0458,236.68
4.0811,10.738,11.119,7.722,7.4995,-0.019271,0.0019766,0.771,0.0449,239.74
4.1211,11.014,11.363,7.6416,7.3986,-0.004361,0.00044707,0.7693,0.042,253.25
4.1612,11.319,11.661,7.6207,7.4024,-0.0054864,0.00056247,0.7709,0.042,252.96
4.2012,11.646,11.952,7.5969,7.3445,0.00098479,-0.00010087,0.7685,0.0381,277.34
4.2413,11.948,12.248,7.5758,7.346,0,-0,0.77,0.0381,276.97
4.2812,12.25,12.543,7.5549,7.3472,-0.00098479,0.00010087,0.7715,0.0381,276.6
4.3213,12.583,12.855,7.5847,7.3794,-0.0033762,0.0003462,0.7717,0.037,286.01
4.3612,12.885,13.151,7.5655,7.3822,-0.004361,0.00044707,0.7732,0.037,285.69
4.4013,13.178,13.364,7.4871,7.2245,0.023218,-0.0023757,0.7672,0.0308,337.8
4.4413,13.477,13.654,7.466,7.2219,0.022937,-0.0023466,0.7685,0.0308,337.25
4.4813,13.81,13.885,7.3591,6.9871,0.047571,-0.004859,0.7588,0.0218,465.49
4.5213,14.033,14.03,7.1991,6.7563,0.064612,-0.0065921,0.7528,0.0169,584.2
4.5614,14.299,14.261,7.1356,6.6825,0.07067,-0.0072066,0.7516,0.0157,622.68
4.6014,14.579,14.527,7.0619,6.6358,0.078982,-0.0080496,0.7532,0.0166,583.76
4.6413,14.865,14.81,7.0129,6.5907,0.084504,-0.0087284,0.7556,0.0181,531.7
******-------------------------------------------------------------------------------------------------------------------****** 
TargetID: ID28
Relevancy: 0
tj = Inf
Label: -1
Comment: Target is irrelevant as it is not crossing the estimated holding line
DATA:
13.243,-0,-0,NaN,NaN,NaN,NaN,0,NaN,NaN
13.284,0.28466,-0.00061668,NaN,NaN,NaN,NaN,0.0001,NaN,NaN
13.324,0.56933,-0.0012342,NaN,NaN,NaN,NaN,0.0001,NaN,NaN
13.364,0.85414,-0.0011966,NaN,NaN,NaN,NaN,0.0001,NaN,NaN
13.404,1.0395,-1.1187,NaN,NaN,NaN,NaN,-0.5563,NaN,NaN
13.444,1.3277,-1.2994,NaN,NaN,NaN,NaN,-0.5563,NaN,NaN
13.484,1.6158,-1.4787,NaN,NaN,NaN,NaN,-0.5563,NaN,NaN
13.524,1.904,-1.6581,NaN,NaN,NaN,NaN,-0.5563,NaN,NaN
13.564,2.1469,-0.45397,NaN,NaN,NaN,NaN,-0.0571,NaN,NaN
13.604,2.433,-0.47194,NaN,NaN,NaN,NaN,-0.057,NaN,NaN
13.644,2.7268,-0.83596,NaN,NaN,NaN,NaN,-0.1767,NaN,NaN
13.684,3.0171,-0.88863,NaN,NaN,NaN,NaN,-0.1767,NaN,NaN
13.724,3.3012,-0.54197,NaN,NaN,NaN,NaN,-0.0482,NaN,NaN
13.764,3.5921,-0.55681,NaN,NaN,NaN,NaN,-0.0482,NaN,NaN
13.804,3.8649,-0.42331,NaN,NaN,NaN,NaN,-0.002,NaN,NaN
13.844,4.157,-0.4247,NaN,NaN,NaN,NaN,-0.002,NaN,NaN
13.884,4.4203,-0.23987,NaN,NaN,NaN,NaN,0.0509,NaN,NaN
13.924,4.7118,-0.2236,NaN,NaN,NaN,NaN,0.0508,NaN,NaN
13.964,5.0271,-0.3035,NaN,NaN,NaN,NaN,0.0249,NaN,NaN
14.004,5.3875,-0.42162,NaN,NaN,NaN,NaN,-0.0101,NaN,NaN
14.044,5.702,-0.36307,NaN,NaN,NaN,NaN,0.0031,NaN,NaN
14.084,6.0009,-0.36207,NaN,NaN,NaN,NaN,0.0031,NaN,NaN
14.124,6.0687,-0.14677,7.4568,-0.42318,-0,-0,-0.0567,0,Inf
14.164,6.4127,-0.15958,7.5423,-0.44256,0.087628,-0.053239,-0.0587,0.0054,1399.1
14.204,6.7107,-0.1837,7.5168,-0.45933,0.041938,-0.025483,-0.061,0.0009,8367.6
14.244,7.0113,-0.20277,7.5193,-0.45905,0.043993,-0.026731,-0.061,0.0009,8370.3
14.284,7.323,-0.041859,7.5494,-0.17403,0.10624,-0.064546,-0.0232,0.0162,466.14
14.324,7.6382,-0.0063232,7.5997,-0.12489,0.12969,-0.078792,-0.0166,0.0185,410.85
14.364,7.9527,0.00071085,7.6339,-0.10978,0.13779,-0.083711,-0.0145,0.0194,393.54
14.404,8.2781,0.10007,7.6424,0.054462,0.11591,-0.07042,0.007,0.0381,200.59
14.444,8.6018,0.078359,7.67,-0.0037385,0.10975,-0.066684,-0.0006,0.0313,245.05
14.484,8.9192,0.060656,7.6851,-0.042781,0.10721,-0.065141,-0.0057,0.0262,293.33
14.524,9.2328,-0.23796,7.6896,-0.64487,0.13935,-0.084676,-0.0837,-0.0673,-114.66
14.564,9.5362,-0.27522,7.676,-0.74934,0.16209,-0.098473,-0.0975,-0.0873,-88.344
14.604,9.8504,-0.22644,7.6897,-0.63202,0.17369,-0.10552,-0.0822,-0.0641,-120.37
14.644,10.166,-0.23773,7.6976,-0.65332,0.18022,-0.10949,-0.0848,-0.0632,-122.23
14.684,10.472,-0.22549,7.7041,-0.58415,0.18203,-0.11059,-0.0758,-0.0489,-158
14.724,10.786,-0.26865,7.7185,-0.66499,0.19255,-0.11698,-0.0861,-0.0585,-132.43
14.764,11.096,-0.2857,7.7269,-0.66758,0.19388,-0.11778,-0.0864,-0.0555,-139.74
14.804,11.412,-0.36303,7.732,-0.83754,0.20016,-0.1216,-0.1081,-0.0796,-97.703
14.844,11.715,-0.24566,7.7032,-0.51812,0.14636,-0.088925,-0.0672,-0.0269,-287.01
14.884,12.026,-0.29167,7.6953,-0.59029,0.1193,-0.072478,-0.0767,-0.036,-214.39
14.924,12.339,-0.40096,7.6898,-0.82339,0.11083,-0.067344,-0.1068,-0.0702,-110.17
14.964,12.655,-0.51936,7.6944,-1.0724,0.13126,-0.079749,-0.1386,-0.1033,-75.206
15.004,12.963,-0.53586,7.7034,-1.025,0.13839,-0.084087,-0.1323,-0.0906,-85.775
15.044,13.28,-0.77592,7.6947,-1.5366,0.19531,-0.11868,-0.1971,-0.1581,-49.631
15.084,13.587,-0.83909,7.6933,-1.5869,0.20063,-0.12191,-0.2034,-0.1581,-49.685
15.124,13.889,-0.7525,7.6683,-1.3472,0.13017,-0.079088,-0.1739,-0.1236,-62.992
15.164,14.175,-0.92004,7.5972,-1.6433,0.088468,-0.053753,-0.213,-0.1623,-47.892
15.204,14.478,-0.98817,7.5861,-1.6923,0.092336,-0.056103,-0.2194,-0.1623,-47.89
15.244,14.786,-1.2026,7.5606,-2.0611,0.1367,-0.083058,-0.2662,-0.2013,-38.929
15.284,15.091,-1.3176,7.5577,-2.162,0.16026,-0.097379,-0.2787,-0.2045,-38.439
15.324,15.394,-1.3997,7.5465,-2.2143,0.16026,-0.097374,-0.2854,-0.2029,-38.761
15.364,15.693,-1.5338,7.5263,-2.3586,0.17501,-0.10634,-0.3038,-0.2125,-37.116
15.404,15.963,-1.5654,7.5066,-2.1886,0.15216,-0.092453,-0.2836,-0.1889,-41.393
15.444,16.263,-1.6551,7.4942,-2.2464,0.15591,-0.09473,-0.2912,-0.1889,-41.417
15.484,16.556,-1.6629,7.4608,-2.151,0.095359,-0.05794,-0.2807,-0.1744,-44.522
15.524,16.854,-1.7512,7.4464,-2.203,0.098139,-0.059629,-0.2876,-0.1744,-44.527
15.564,17.128,-1.7172,7.3952,-2.003,0.030456,-0.018506,-0.2645,-0.1515,-50.572
15.604,17.376,-1.7157,7.331,-1.8232,-0.0073728,0.0044793,-0.2438,-0.1333,-56.672
15.644,17.624,-1.8065,7.2897,-1.8084,-0.00096677,0.00058754,-0.2432,-0.132,-56.899
15.684,17.916,-1.8801,7.276,-1.8457,0.00048381,-0.00029351,-0.2484,-0.132,-56.867
15.724,18.207,-1.9544,7.2621,-1.8832,0.0018128,-0.0011016,-0.2537,-0.132,-56.835
15.764,18.497,-2.03,7.2479,-1.9205,0.0031426,-0.0019091,-0.259,-0.132,-56.803
******-------------------------------------------------------------------------------------------------------------------****** 
TargetID: ID07
Target can not be processed due to lack of Data
******-------------------------------------------------------------------------------------------------------------------****** 
TargetID: ID29
Relevancy: 1
tj = 15.5642
Label: 0
Comment: Target is relevant and going straight, since the velocity ratio is almost not changing
DATA:
13.324,-0,-0,NaN,NaN,NaN,NaN,0,NaN,NaN
13.364,0.20849,0.093797,NaN,NaN,NaN,NaN,0.1575,NaN,NaN
13.404,0.43059,0.46733,NaN,NaN,NaN,NaN,0.602,NaN,NaN
13.444,0.72504,0.27071,NaN,NaN,NaN,NaN,0.2432,NaN,NaN
13.484,0.82095,-0.043857,NaN,NaN,NaN,NaN,-0.1367,NaN,NaN
13.524,1.0406,0.14553,NaN,NaN,NaN,NaN,0.0651,NaN,NaN
13.564,1.2352,0.1585,NaN,NaN,NaN,NaN,0.0651,NaN,NaN
13.604,1.3771,0.43641,NaN,NaN,NaN,NaN,0.2585,NaN,NaN
13.644,1.6503,0.81708,NaN,NaN,NaN,NaN,0.4412,NaN,NaN
13.684,1.5886,1.3986,5.0304,2.3929,-0,-0,0.444,0,Inf
13.724,1.7876,1.5014,5.0685,2.4113,-0.043455,0.020251,0.4439,-0.0158,-355.24
13.764,2.0274,1.8469,5.1381,3.0965,-0.18761,0.087551,0.5428,-0.0391,-153.43
13.804,2.2458,1.8297,5.1861,2.718,-0.23811,0.11084,0.4821,-0.0629,-93.087
13.844,2.4694,1.8433,5.2008,2.4616,-0.23021,0.10737,0.4426,-0.07,-82.199
13.884,2.7127,1.8671,5.214,2.2586,-0.21702,0.10121,0.4093,-0.0812,-69.978
13.924,2.9253,1.9254,5.2027,2.159,-0.20845,0.097205,0.3939,-0.0849,-66.348
13.964,3.1182,2.0049,5.2479,2.1488,-0.22041,0.10263,0.3881,-0.0975,-58.162
14.004,3.3147,2.005,5.2398,1.9173,-0.21618,0.10066,0.3503,-0.1451,-38.453
14.044,3.4998,2.0424,5.2388,1.7995,-0.21131,0.098399,0.3303,-0.1697,-32.641
14.084,3.7007,2.0989,5.2394,1.7256,-0.20707,0.096432,0.3176,-0.1799,-30.663
14.124,3.9099,2.1737,5.2566,1.7062,-0.202,0.094129,0.3138,-0.1746,-31.653
14.164,4.1081,2.1386,5.2242,1.3723,-0.209,0.097337,0.2564,-0.2578,-20.952
14.204,4.3263,2.1782,5.2165,1.2449,-0.19656,0.09164,0.2347,-0.2754,-19.473
14.244,4.5285,2.2802,5.2256,1.3401,-0.16808,0.078297,0.2506,-0.2359,-22.869
14.284,4.7466,2.3378,5.219,1.2861,-0.16735,0.078022,0.242,-0.2336,-23.01
14.324,4.9933,2.5021,5.268,1.5843,-0.13558,0.063224,0.2925,-0.1399,-39.321
14.364,5.2041,2.564,5.2755,1.5544,-0.14622,0.068185,0.2869,-0.1399,-39.312
14.404,5.3915,2.6007,5.2288,1.4742,-0.1468,0.068385,0.2744,-0.1515,-35.859
14.444,5.5747,2.6564,5.0932,1.4371,-0.16939,0.078977,0.2754,-0.1422,-37.215
14.484,5.7782,2.7128,5.0804,1.4022,-0.18105,0.084413,0.2698,-0.1422,-37.063
14.524,5.9811,2.7674,5.0675,1.3677,-0.19284,0.089907,0.2641,-0.1422,-36.911
14.564,6.1838,2.822,5.0544,1.333,-0.20449,0.095343,0.2584,-0.1422,-36.759
14.604,6.4188,2.9041,5.0544,1.333,NaN,NaN,0.22093,NaN,NaN
14.644,6.6548,2.9865,5.0544,1.333,NaN,NaN,0.18331,NaN,NaN
14.684,6.8902,3.0688,5.0544,1.333,NaN,NaN,0.14578,NaN,NaN
14.724,7.1264,3.1513,5.0544,1.333,NaN,NaN,0.10813,NaN,NaN
14.764,7.3621,3.2337,5.0544,1.333,NaN,NaN,0.070542,NaN,NaN
14.804,7.5978,3.316,5.0544,1.333,NaN,NaN,0.032971,NaN,NaN
14.844,7.8335,3.3984,5.0544,1.333,NaN,NaN,-0.004608,NaN,NaN
14.884,8.0688,3.4806,5.0544,1.333,NaN,NaN,-0.042124,NaN,NaN
14.924,8.3044,3.5629,5.0544,1.333,NaN,NaN,-0.079693,NaN,NaN
14.964,8.5403,3.6453,5.0544,1.333,NaN,NaN,-0.11729,NaN,NaN
15.004,8.7757,3.7276,5.0544,1.333,NaN,NaN,-0.15483,NaN,NaN
15.044,9.0116,3.81,5.0544,1.333,NaN,NaN,-0.19243,NaN,NaN
15.084,9.2469,3.8922,5.0544,1.333,NaN,NaN,-0.22995,NaN,NaN
15.124,9.4832,3.9748,5.0544,1.333,NaN,NaN,-0.26762,NaN,NaN
15.164,9.7182,4.0569,5.0544,1.333,NaN,NaN,-0.30508,NaN,NaN
15.204,9.9541,4.1393,NaN,NaN,NaN,NaN,-0.3427,NaN,NaN
15.244,10.57,5.2006,NaN,NaN,NaN,NaN,0.8895,NaN,NaN
15.284,10.52,4.7557,NaN,NaN,NaN,NaN,0.5752,NaN,NaN
15.324,10.7,4.8233,NaN,NaN,NaN,NaN,0.5015,NaN,NaN
15.364,10.664,5.4601,5.1647,2.9454,-0,-0,0.5183,0,Inf
15.404,10.869,5.5188,5.1072,2.618,-0.086758,0.040451,0.4739,-0.0753,-76.217
15.444,11.138,5.6581,5.346,2.7504,-0.18527,0.086399,0.4756,-0.1847,-32.55
15.484,11.354,5.7599,5.3979,2.6848,-0.22493,0.10481,0.4616,-0.2063,-29.223
15.524,11.554,5.8692,5.2953,2.7395,-0.20784,0.09677,0.4769,-0.0864,-69.004
15.564,11.74,5.9813,5.1271,2.8822,-0.17657,0.082371,0.5126,0.0854,68.873
15.604,11.835,5.9163,4.7809,2.2512,-0.10808,0.050342,0.4397,-0.0124,-426.16
15.644,12.074,6.0648,4.8721,2.4324,-0.12866,0.060026,0.4634,0.0199,273.64
15.684,12.277,6.169,4.8711,2.4598,-0.14135,0.065949,0.468,0.0272,200.62
15.724,12.557,6.3823,5.1012,2.9383,-0.28598,0.13354,0.5233,0.128,45.991
15.764,12.767,6.4893,5.0945,2.8512,-0.20194,0.094017,0.5097,0.0735,79.43
15.804,12.974,6.6064,5.1078,2.8854,-0.22277,0.10391,0.5148,0.0785,74.732
15.844,13.207,6.7731,5.2309,3.1801,-0.35156,0.16422,0.5471,0.1407,43.509
15.884,13.442,6.9412,5.3187,3.3784,-0.39604,0.18493,0.5668,0.1645,38.303
15.924,13.836,7.3245,5.8195,4.3325,-1.0292,0.48211,0.6419,0.2656,27.316
******-------------------------------------------------------------------------------------------------------------------****** 
TargetID: ID08
Relevancy: 1
tj = 1.2002
Label: 0
Comment: Target is relevant and going straight, since the velocity ratio is almost not changing
DATA:
0,-0,-0,10.327,-0.016615,-0.10962,0.10302,0,0.0768,134.46
0.03984,0.87329,-0.0048974,10.363,0.046311,-0.13191,0.12399,0.0064,0.0652,158.95
0.079814,1.3565,0.027217,10.513,0.12959,-0.14064,0.13221,0.0143,0.0418,251.54
0.11981,1.7801,0.032865,10.515,0.13615,-0.15173,0.14264,0.0151,0.0394,266.9
0.15981,2.1243,0.29041,10.244,1.0961,-0.16505,0.15432,0.1039,0.3269,31.514
0.19982,2.5349,0.32676,10.184,1.1162,-0.17161,0.16146,0.112,0.3214,31.875
0.23982,2.6661,0.27563,9.5015,0.26151,-0.13396,0.12599,0.0302,0.1391,68.333
0.27985,3.089,0.31443,9.5202,0.35898,-0.12945,0.12175,0.0403,0.1388,68.638
0.31985,3.4894,0.33769,9.4876,0.41702,-0.13077,0.123,0.0466,0.1376,69.017
0.35985,3.8785,0.36504,9.4416,0.47347,-0.13076,0.123,0.0528,0.1376,68.702
0.3999,4.2774,0.41006,9.6576,0.61208,-0.09752,0.091703,0.0653,0.1367,70.79
0.43989,4.6955,0.45945,9.6849,0.70789,-0.097517,0.091704,0.075,0.1398,69.462
0.47993,5.0633,0.53645,10.168,1.2216,-0.099247,0.093361,0.1216,0.1993,51.385
0.5199,5.4817,0.59636,10.173,1.3019,-0.1055,0.099259,0.1295,0.1985,51.669
0.55995,5.8811,0.62962,10.044,1.0688,-0.054873,0.051583,0.1072,0.1472,68.622
0.59992,6.4443,0.57087,10.05,1.0196,-0.0449,0.0422,0.102,0.127,79.542
0.63996,6.8923,0.6322,10.117,1.0936,-0.053439,0.050232,0.1087,0.1268,80.249
0.68002,7.3213,0.70222,10.206,1.1171,-0.051793,0.048683,0.11,0.119,86.281
0.72003,7.7855,0.76178,10.295,1.1777,-0.062797,0.059036,0.1151,0.1177,88.037
0.75998,8.2459,0.82092,10.371,1.229,-0.072666,0.068323,0.1193,0.1157,90.267
0.80003,8.6505,0.85184,10.318,1.1149,-0.050765,0.047716,0.1086,0.0937,110.76
0.84001,9.0496,0.86657,10.221,1.027,-0.037698,0.035427,0.1009,0.0802,128.08
0.88006,9.4793,0.90527,10.271,1.0422,-0.032758,0.030782,0.1018,0.0769,134.25
0.92007,9.8989,0.94149,10.276,1.0531,-0.034919,0.032815,0.1028,0.0749,137.91
0.9601,10.309,0.97283,10.262,1.0526,-0.035536,0.033395,0.1029,0.0721,143.08
1.0001,10.797,1.0016,10.386,1.1069,-0.039654,0.037266,0.1069,0.0725,144.07
1.0401,11.184,1.0247,10.333,1.0928,-0.03667,0.03446,0.1061,0.0696,149.29
1.0801,11.585,1.052,10.304,1.0783,-0.03564,0.033493,0.1049,0.066,156.98
1.1201,12.01,1.0192,10.295,1.0063,-0.02555,0.024008,0.0979,0.0547,189.1
1.1601,12.464,1.0556,10.317,1.0367,-0.024007,0.022556,0.1006,0.056,185.15
1.2002,12.972,1.1891,10.534,1.1153,-0.036155,0.033977,0.1061,0.0588,180.15
1.2401,13.393,1.2243,10.537,1.1175,-0.03667,0.03446,0.1063,0.0571,185.57
1.2802,13.866,1.2604,10.665,1.1788,-0.044493,0.041816,0.1109,0.0594,180.64
1.3202,14.281,1.2777,10.68,1.1692,-0.043566,0.040945,0.1098,0.0564,190.5
1.3603,14.707,1.3136,10.727,1.1611,-0.041714,0.039203,0.1086,0.0532,202.81
1.4002,15.171,1.3699,10.852,1.2184,-0.05046,0.047429,0.1127,0.0552,197.83
1.4402,15.623,1.4092,10.876,1.2193,-0.049123,0.046171,0.1125,0.0532,205.71
1.4802,15.871,1.4043,10.519,1.0494,-0.0135,0.012683,0.0997,0.0405,261.01
1.5203,16.305,1.4427,10.612,1.0467,-0.017002,0.015974,0.0986,0.038,280.62
1.5603,16.674,1.4693,10.535,1.0447,-0.01216,0.011424,0.0991,0.0375,282.3
1.6003,17.017,1.4805,10.419,1.0261,-0.0045354,0.0042601,0.0983,0.0361,290.02
1.6403,17.306,1.4935,10.224,1.0055,0.0079386,-0.0074557,0.0979,0.0351,292.69
1.6804,17.799,1.5394,10.346,1.0345,0.00061863,-0.00058087,0.0997,0.0361,288.01
1.7203,17.954,1.5275,9.953,0.98974,0.023721,-0.022273,0.0986,0.035,285.77
******-------------------------------------------------------------------------------------------------------------------****** 
TargetID: ID30
Relevancy: 1
tj = 6.562
Label: 0
Comment: Target is relevant and going straight, since the velocity ratio is almost not changing
DATA:
5.3615,0,-0,NaN,NaN,NaN,NaN,0,NaN,NaN
5.4016,NaN,NaN,NaN,NaN,NaN,NaN,0.122,NaN,NaN
5.4416,NaN,NaN,NaN,NaN,NaN,NaN,0.4366,NaN,NaN
5.4816,NaN,NaN,NaN,NaN,NaN,NaN,0.6615,NaN,NaN
5.5216,NaN,NaN,NaN,NaN,NaN,NaN,0.6615,NaN,NaN
5.5616,1.0644,2.443,8.112,8.5248,0,-0,0.8102,0,Inf
5.6017,1.4005,2.6121,8.0804,7.814,-0.057773,0.0049117,0.7687,-0.0192,-585.45
5.6417,1.1106,2.9411,8.148,7.8733,-0.077624,0.0065996,0.7685,-0.0463,-244.72
5.6817,1.4261,3.2018,8.1268,7.6916,-0.077201,0.0065642,0.7581,-0.0411,-272.25
5.7217,1.7438,3.4323,8.0902,7.4471,-0.076074,0.0064674,0.7443,-0.0381,-288.61
5.7617,2.0588,3.6344,8.0447,7.1649,-0.074947,0.0063715,0.7279,-0.0396,-272.04
5.8017,1.3974,3.0579,7.9846,7.328,-0.13077,0.011197,0.7441,0.0031,3496
5.8417,1.5048,3.5721,7.9719,7.4382,-0.14973,0.012814,0.7525,0.0233,467.94
5.8817,1.8152,3.8493,7.9264,7.4854,-0.16462,0.014101,0.7587,0.0426,255.92
5.9218,2.1359,4.1554,7.9301,7.5137,-0.18176,0.015582,0.7605,0.0418,261.35
5.9618,2.3714,4.395,7.9268,7.6857,-0.20071,0.017242,0.7724,0.0597,184.94
6.0018,2.9102,4.6239,7.9018,7.6301,-0.19373,0.016639,0.7701,0.0589,186.49
6.0418,3.2187,4.9038,7.8763,7.602,-0.20257,0.017408,0.77,0.0586,186.8
6.0818,3.5797,5.1327,7.8757,7.48,-0.16788,0.014402,0.7616,0.0426,254.97
6.1218,3.8849,5.409,7.8496,7.4546,-0.17519,0.015036,0.7616,0.0423,255.92
6.1618,4.2043,5.6898,7.878,7.4438,-0.1586,0.0136,0.7589,0.0348,311.45
6.2018,4.5426,6.0271,7.925,7.5315,-0.17772,0.015254,0.762,0.0345,316.9
6.2419,4.8677,6.2144,7.8619,7.2531,-0.12135,0.010384,0.7466,0.0113,946.6
6.2819,5.1851,6.4949,7.8589,7.233,-0.12711,0.010882,0.7454,0.0097,1101.1
6.3219,5.5179,6.8335,7.9557,7.5827,-0.14455,0.012391,0.7631,0.0344,319.49
6.3619,5.839,7.1365,7.9634,7.5984,-0.15018,0.012876,0.7637,0.0334,329.55
6.4019,6.1558,7.4382,7.9638,7.6103,-0.15481,0.013278,0.7645,0.0329,334.81
6.4419,6.421,7.7437,7.9227,7.458,-0.10362,0.0088582,0.7564,0.0208,523.11
6.482,6.7337,8.0659,7.9767,7.6485,-0.11024,0.0094285,0.7657,0.0322,343.2
6.5219,7.0152,8.3278,7.9103,7.6023,-0.10559,0.0090298,0.7668,0.0335,327.5
6.562,7.3246,8.6158,7.8894,7.5783,-0.089272,0.0076269,0.7663,0.0323,338.69
6.602,7.6259,8.8887,7.8484,7.4892,-0.075904,0.0064791,0.7629,0.0274,395.92
6.642,7.9279,9.1656,7.8244,7.4609,-0.074356,0.0063466,0.7625,0.0262,412.65
6.6821,8.2031,9.394,7.7495,7.3421,-0.06408,0.005467,0.7592,0.0227,470.28
6.7221,8.4879,9.6419,7.6968,7.2597,-0.058168,0.0049611,0.7569,0.0199,531.68
6.762,8.7862,9.918,7.6426,7.2124,-0.035499,0.0030235,0.7569,0.0198,530.73
6.802,9.1173,10.254,7.6767,7.3702,-0.038597,0.0032882,0.7655,0.029,366.96
6.8421,9.4669,10.568,7.7175,7.4421,-0.039302,0.0033479,0.7677,0.0303,353.84
6.8823,9.781,10.879,7.7396,7.5133,-0.041273,0.0035167,0.771,0.0329,327.86
6.9222,10.062,11.136,7.6664,7.4592,-0.029021,0.0024708,0.772,0.0334,320.25
6.9622,10.495,11.523,7.8441,7.5864,-0.046792,0.0039593,0.7682,0.0274,398.27
7.0021,10.758,11.76,7.7674,7.4925,-0.035358,0.0030115,0.7678,0.0266,405.72
7.0422,11.067,12.045,7.7238,7.4902,-0.028468,0.0024128,0.7697,0.0278,387.02
7.0822,11.295,12.251,7.5948,7.3448,-0.010004,0.00085114,0.7688,0.0265,398.69
7.1222,11.526,12.458,7.4669,7.2148,0.005355,-0.00045455,0.7682,0.0255,407.18
7.1622,11.698,12.593,7.2454,6.9435,0.035522,-0.0030121,0.7636,0.0205,489.53
******-------------------------------------------------------------------------------------------------------------------****** 
TargetID: ID09
Relevancy: 1
tj = 8.5228
Label: 0
Comment: Target is relevant and going straight, since the velocity ratio is almost not changing
DATA:
7.1222,0,-0,NaN,NaN,NaN,NaN,0,NaN,NaN
7.1622,0.48515,-0.28451,NaN,NaN,NaN,NaN,-0.3131,NaN,NaN
7.2022,0.84702,0.14113,NaN,NaN,NaN,NaN,0.178,NaN,NaN
7.2422,1.1529,0.34827,NaN,NaN,NaN,NaN,0.3025,NaN,NaN
7.2824,1.4384,0.72896,NaN,NaN,NaN,NaN,0.4856,NaN,NaN
7.3223,1.7407,0.99147,NaN,NaN,NaN,NaN,0.5411,NaN,NaN
7.3624,1.6144,1.6656,7.1103,4.8564,0,-0,0.5992,0,Inf
7.4023,1.9049,1.8575,7.069,4.8858,-0.091038,0.0075744,0.6049,0.0345,249.08
7.4423,0.69817,1.5338,6.9853,5.9475,-0.088291,0.0073873,0.7066,0.1018,90.121
7.4823,0.9784,1.7528,6.9201,6.1084,-0.079425,0.006644,0.7243,0.1372,67.277
7.5224,1.1551,1.97,6.9993,6.1054,-0.14186,0.011917,0.7194,0.0974,95.359
7.5623,1.0109,1.8123,6.9431,5.9231,-0.13618,0.011479,0.709,0.1145,79.706
7.6023,1.0077,2.3853,6.8624,6.221,-0.18005,0.0152,0.74,0.181,51.174
7.6423,1.6527,2.6687,6.749,5.8578,-0.15781,0.013265,0.7176,0.1723,51.866
7.6824,1.9243,2.8922,6.7775,5.7883,-0.18728,0.015767,0.7101,0.137,65.057
7.7225,2.189,3.1081,6.7642,5.8367,-0.20452,0.017243,0.7155,0.1415,63.14
7.7625,2.5064,3.3926,6.7596,6.1154,-0.21799,0.018401,0.7391,0.1821,50.057
7.8024,2.9829,3.4979,6.7482,6.654,-0.29471,0.025146,0.7831,0.2634,35.98
7.8424,3.2304,3.7699,6.7453,6.9369,-0.34591,0.029701,0.805,0.2846,33.998
7.8825,3.4975,4.0654,6.719,7.0662,-0.38533,0.033226,0.8168,0.2849,34.225
7.9225,3.7329,4.2957,6.718,6.7518,-0.23627,0.020082,0.7918,0.2123,44.864
7.9625,4.0047,4.5762,6.7237,6.7958,-0.22828,0.019389,0.7945,0.1991,48.016
8.0025,4.2717,4.8532,6.7182,6.833,-0.22029,0.018698,0.7975,0.1889,50.728
8.0429,4.5212,5.0892,6.657,6.8254,-0.2172,0.018439,0.8015,0.1879,50.741
8.0912,4.7181,5.2968,6.6335,6.6369,-0.14224,0.011996,0.7882,0.1526,61.491
8.1227,5.015,5.5801,6.654,6.8901,-0.18801,0.015934,0.8061,0.1716,55.819
8.1628,5.2689,5.8689,6.6757,6.9334,-0.18254,0.015463,0.8075,0.1612,59.707
8.2027,5.4687,6.026,6.592,6.5564,-0.096424,0.0080989,0.7844,0.1188,78.261
8.2427,5.7369,6.2945,6.583,6.5969,-0.10191,0.0085651,0.7883,0.1178,79.114
8.2827,6.0289,6.5758,6.6084,6.7177,-0.11315,0.0095213,0.7956,0.1206,78.136
8.3228,6.2916,6.8443,6.5912,6.749,-0.11625,0.0097856,0.7993,0.1196,78.877
8.3629,6.5364,7.0832,6.5591,6.6873,-0.097831,0.0082212,0.7968,0.1103,84.924
8.4028,6.8033,7.3586,6.5604,6.7575,-0.10078,0.0084717,0.802,0.1115,84.468
8.4429,7.0888,7.6373,6.5885,6.9033,-0.12173,0.010257,0.8109,0.1167,81.772
8.4828,7.3568,7.9401,6.6128,7.024,-0.1362,0.011495,0.818,0.1195,80.728
8.5228,7.608,8.2047,6.58,7.0393,-0.13479,0.011376,0.8215,0.1188,81.109
8.5629,7.8607,8.4715,6.5541,7.0256,-0.12384,0.010439,0.8223,0.115,83.548
8.6029,8.1306,8.7536,6.5304,7.0278,-0.1185,0.0099823,0.8242,0.1124,85.352
8.6429,8.3984,9.0068,6.533,6.9731,-0.099661,0.0083791,0.8197,0.1026,93.132
8.6829,8.6295,9.2745,6.5206,6.9924,-0.10008,0.0084135,0.8221,0.1015,94.197
8.7229,8.9062,9.5594,6.5421,6.9772,-0.091083,0.0076485,0.8192,0.0942,101.53
8.7629,9.1915,9.8632,6.5761,7.0671,-0.10374,0.0087226,0.8232,0.0947,101.94
8.8029,9.4437,10.141,6.576,7.0752,-0.099943,0.0083992,0.8237,0.0917,105.34
8.843,9.6842,10.376,6.5459,7.0123,-0.083067,0.0069694,0.8213,0.0862,111.28
8.8831,9.9332,10.637,6.5183,6.9653,-0.070406,0.0058987,0.8198,0.082,116.34
8.923,10.185,10.895,6.4853,6.9584,-0.06506,0.0054481,0.8217,0.0813,117
8.963,10.289,11.286,6.4506,6.9374,-0.055908,0.0046753,0.8227,0.0797,118.86
9.003,10.527,11.522,6.3993,6.8812,-0.042115,0.0035169,0.8224,0.0769,122.2
9.043,10.816,11.791,6.3978,6.8904,-0.039612,0.0032721,0.8217,0.0738,127.41
9.0831,10.978,11.942,6.2456,6.7246,-0.0047913,0.00039923,0.8224,0.0724,126.76
******-------------------------------------------------------------------------------------------------------------------****** 
TargetID: ID10
Relevancy: 1
tj = 3.3609
Label: 0
Comment: Target is relevant and going straight, since the velocity ratio is almost not changing
DATA:
1.5603,0,-0,NaN,NaN,NaN,NaN,0,NaN,NaN
1.6003,0.37848,0.20734,NaN,NaN,NaN,NaN,0.1983,NaN,NaN
1.6403,0.67899,0.85739,NaN,NaN,NaN,NaN,0.624,NaN,NaN
1.6804,0.99875,0.79295,NaN,NaN,NaN,NaN,0.4586,NaN,NaN
1.7203,1.2883,1.2303,NaN,NaN,NaN,NaN,0.6001,NaN,NaN
1.7604,1.5892,1.2208,NaN,NaN,NaN,NaN,0.4861,NaN,NaN
1.8003,NaN,NaN,NaN,NaN,NaN,NaN,0.4353,NaN,NaN
1.8404,1.8391,1.7281,7.9186,3.632,0,-0,0.43,0,Inf
1.8805,0.47844,1.783,7.7848,1.912,0.089362,-0.0076002,0.2401,-0.0538,-149
1.9205,0.79566,1.7633,7.6584,1.5693,0.051862,-0.00441,0.2017,-0.0439,-178.08
1.9604,1.0729,1.8333,7.3682,1.5054,-0.57632,0.048805,0.2063,0.0421,178.63
2.0004,1.3846,1.9351,7.4112,1.6063,-0.47524,0.040272,0.2174,0.0384,197.48
2.0405,1.6483,1.9828,7.3105,1.612,-0.73361,0.063555,0.2235,0.0674,111.07
2.0805,1.9329,2.232,7.2152,2.2871,-0.63583,0.053856,0.314,0.2246,33.7
2.1205,2.2775,2.3518,7.1212,2.8158,-0.5449,0.046395,0.3834,0.3268,23.432
2.1605,2.5473,2.6465,7.022,3.1887,-0.46732,0.039841,0.4326,0.3771,20.451
2.2005,2.8732,2.7966,7.1065,2.7341,-0.5886,0.050068,0.3746,0.1985,38.359
2.2406,3.1524,2.8702,7.1214,2.7176,-0.63327,0.055751,0.3724,0.1857,41.047
2.2805,3.4205,3.0686,6.954,2.4643,-0.82987,0.070472,0.351,0.1067,69.145
2.3206,3.7015,3.2139,7.0054,2.5659,-0.75571,0.066977,0.3607,0.1103,67.639
2.3605,3.9696,3.5381,6.9539,3.0317,-0.49246,0.040507,0.4046,0.175,43.349
2.4006,4.283,3.7524,6.9153,2.644,-0.63997,0.054343,0.3733,0.0944,78.428
2.4406,4.4786,3.9888,6.842,2.9654,-0.52426,0.043759,0.409,0.1394,53.493
2.4806,4.6869,4.3586,6.821,3.5652,-0.30631,0.02572,0.4816,0.2388,32.23
2.5206,4.8888,4.6452,6.7902,3.9239,-0.18832,0.01588,0.524,0.2803,27.979
2.5606,5.1737,4.9353,6.7583,4.4183,-0.087287,0.0074345,0.5803,0.3426,23.568
2.6006,5.4369,5.1239,6.7026,4.5123,-0.098535,0.0083968,0.594,0.3426,23.584
2.6407,5.7203,5.4022,6.6382,4.8905,-0.092904,0.007921,0.6364,0.3799,21.704
2.6807,5.9885,5.6162,6.5887,5.0165,-0.061983,0.0053111,0.6517,0.3805,21.764
2.7208,6.2463,5.9576,6.3654,5.9787,-0.15666,0.013437,0.7566,0.4979,17.539
2.7607,6.5088,6.2838,6.2811,6.2694,-0.22383,0.019296,0.788,0.5096,17.415
2.8007,6.7588,6.6207,6.1648,6.7328,-0.34145,0.029776,0.8349,0.5388,16.943
2.8407,7.0173,6.9488,6.1375,6.8328,-0.35402,0.030924,0.8446,0.5216,17.608
2.8807,7.2748,7.3096,6.0668,7.1024,-0.44399,0.03912,0.8708,0.5254,17.778
2.9208,7.5418,7.6297,6.0953,7.1532,-0.44027,0.038781,0.8719,0.4991,18.83
2.9608,7.8203,7.9529,6.0896,7.3544,-0.50523,0.044825,0.887,0.491,19.447
3.0007,8.0944,8.3004,6.1359,7.4503,-0.5277,0.046889,0.8898,0.4687,20.593
3.0408,8.3687,8.6405,6.18,7.5161,-0.53319,0.047377,0.8906,0.4459,21.822
3.0808,8.6526,8.9854,6.1966,7.6084,-0.54829,0.048765,0.8953,0.4299,22.825
3.121,8.9457,9.3423,6.2733,7.6461,-0.53988,0.04791,0.8914,0.4041,24.475
3.1608,9.227,9.6933,6.2722,7.6975,-0.53059,0.047022,0.8945,0.389,25.525
3.2008,9.4952,10.032,6.2889,7.7797,-0.54176,0.04802,0.8984,0.3759,26.613
3.2408,9.7968,10.386,6.3608,7.8853,-0.56218,0.049877,0.8995,0.3593,28.197
3.2809,10.092,10.766,6.4384,8.0842,-0.62168,0.055395,0.9064,0.3503,29.502
3.3209,10.385,11.118,6.4708,8.2178,-0.65056,0.058088,0.9122,0.3413,30.646
3.3609,10.668,11.452,6.5083,8.3,-0.65828,0.058786,0.9141,0.3283,32.127
3.4009,11.001,11.911,6.6447,8.6854,-0.80675,0.07273,0.9274,0.3279,33.351
3.4409,11.29,12.257,6.6856,8.7645,-0.80337,0.072389,0.9287,0.3154,34.95
******-------------------------------------------------------------------------------------------------------------------****** 
TargetID: ID32
Relevancy: 1
tj = 12.8034
Label: 0
Comment: Target is relevant and going straight, since the velocity ratio is almost not changing
DATA:
11.163,-0,-0,NaN,NaN,NaN,NaN,0,NaN,NaN
11.204,NaN,NaN,NaN,NaN,NaN,NaN,0.263,NaN,NaN
11.244,NaN,NaN,NaN,NaN,NaN,NaN,0.263,NaN,NaN
11.284,NaN,NaN,NaN,NaN,NaN,NaN,0.4312,NaN,NaN
11.324,1.2074,1.5752,7.8849,3.8214,-0,-0,0.4513,0,Inf
11.364,0.1558,2.0279,7.832,3.5828,-0.030543,0.01411,0.4295,-0.0261,-329.98
11.403,0.43943,2.0848,7.686,3.2925,-0.029645,0.013695,0.4052,-0.0191,-437.78
11.444,0.76411,2.2131,7.7111,3.2319,-0.028876,0.01334,0.3973,-0.0462,-180.97
11.483,1.0658,2.3545,7.5791,3.3949,-0.099352,0.045923,0.4226,0.0618,134.38
11.524,1.3743,2.461,7.5165,3.2688,-0.10038,0.046394,0.4117,0.0445,184.19
11.563,1.6501,2.5364,7.4119,3.106,-0.10101,0.046687,0.3984,0.0348,230.93
11.604,1.3963,2.4164,7.3337,2.9104,-0.098911,0.04576,0.3801,-0.0023,-3430.5
11.643,2.1077,2.4964,7.3736,3.0852,-0.101,0.046715,0.3981,0.0389,205.48
11.684,2.3264,2.2576,7.4116,3.5465,-0.11876,0.055025,0.4489,0.1446,56.822
11.723,2.5093,2.277,7.2841,3.2271,-0.15069,0.069873,0.4204,0.1024,77.803
11.764,2.8461,2.4151,7.3168,3.3542,-0.16818,0.07802,0.4335,0.1238,65.016
11.803,3.0538,2.4812,7.1529,3.116,-0.1204,0.055792,0.4136,0.0826,94.458
11.844,3.3402,2.5862,7.162,3.2022,-0.12526,0.058053,0.4233,0.0999,78.531
11.883,3.5632,2.6951,7.0925,3.0858,-0.10135,0.046943,0.4128,0.0737,104.95
11.923,3.8558,2.8264,7.1695,3.1827,-0.13202,0.061202,0.4209,0.0825,95.081
11.963,3.9899,2.8373,6.9161,2.7479,-0.12128,0.056201,0.3813,0.0151,492.85
12.004,4.308,2.9591,7.0658,3.1009,-0.12677,0.05877,0.4167,0.0768,100.47
12.043,4.6236,3.1045,7.1524,3.2822,-0.15129,0.070189,0.4339,0.1003,78.46
12.083,4.9393,3.2704,7.2561,3.5162,-0.17744,0.082391,0.4554,0.1287,62.651
12.123,5.2233,3.3785,7.2344,3.5277,-0.15946,0.074011,0.4575,0.1253,64.236
12.163,5.577,3.5465,7.2773,3.6344,-0.17159,0.079666,0.4671,0.1319,61.67
12.203,5.8555,3.6812,7.2583,3.6502,-0.1675,0.077764,0.4698,0.1292,62.883
12.243,6.1016,3.8788,7.2563,3.6944,-0.16188,0.075132,0.4746,0.1295,62.878
12.283,6.3766,3.9987,7.2586,3.742,-0.15869,0.073655,0.4797,0.1301,62.77
12.323,6.6612,4.1563,7.2776,3.7648,-0.15077,0.069967,0.4809,0.1243,65.919
12.363,6.9241,4.2705,7.2372,3.6599,-0.12115,0.056167,0.4711,0.1058,76.654
12.403,7.2095,4.4044,7.2322,3.633,-0.11195,0.051887,0.4682,0.0971,83.351
12.443,7.4891,4.54,7.253,3.65,-0.10965,0.050819,0.4689,0.0928,87.496
12.483,7.8157,4.6627,7.2939,3.7027,-0.11553,0.053559,0.4725,0.0926,88.336
12.523,8.0648,4.8069,7.374,3.7866,-0.132,0.061238,0.4776,0.0935,88.657
12.563,8.3609,4.9776,7.4465,3.9103,-0.15331,0.071181,0.4873,0.1002,83.94
12.603,8.6048,5.0557,7.2744,3.7225,-0.091233,0.04227,0.4753,0.0843,96.934
12.643,8.884,5.1914,7.2847,3.7584,-0.094684,0.043876,0.4787,0.085,96.436
12.683,9.152,5.3102,7.2331,3.7136,-0.078183,0.03621,0.4763,0.0797,102.02
12.724,9.3665,5.3819,7.0612,3.5434,-0.031945,0.014772,0.4659,0.0666,118.62
12.763,9.6086,5.5001,6.9789,3.5103,-0.018737,0.0086598,0.4665,0.0655,119.27
12.803,9.863,5.6203,6.9062,3.5217,-0.0011553,0.00053385,0.4716,0.0694,111.7
12.843,10.105,5.7279,6.8306,3.4755,0.011172,-0.0051581,0.4703,0.0661,115.95
12.883,10.39,5.8861,6.8565,3.4884,0.0056497,-0.0026087,0.4705,0.0637,120.77
12.923,10.686,6.0316,6.8955,3.5425,-0.004108,0.0018979,0.4747,0.0658,117.81
12.963,10.98,6.1823,6.9609,3.6228,-0.019506,0.0090161,0.4804,0.0691,113.56
13.003,11.24,6.2921,6.9271,3.5383,-0.0093698,0.0043294,0.4725,0.059,131.84
13.043,11.482,6.4885,6.9078,3.5054,-0.0021823,0.0010083,0.4697,0.0545,142.13
13.083,11.755,6.6214,6.8863,3.5116,-0.00025655,0.00011877,0.4716,0.0547,141.32
13.124,12.001,6.7401,6.8318,3.4547,0.0093742,-0.0043286,0.4679,0.0496,154.35
13.163,12.237,6.8598,6.7619,3.4401,0.01824,-0.0084188,0.4701,0.0499,152.04
13.204,12.385,7.3147,6.8269,3.4826,0.0066773,-0.0030839,0.4715,0.0497,154.2
13.243,12.617,7.4251,6.7525,3.4564,0.017084,-0.0078869,0.4726,0.0493,153.87
13.284,12.834,7.5225,6.6534,3.3994,0.031998,-0.014764,0.4714,0.047,158.97
13.324,13.016,7.62,6.5037,3.2999,0.054396,-0.02508,0.4678,0.0427,170.8
13.364,13.303,7.5891,6.4076,3.2443,0.067152,-0.03094,0.4665,0.0405,177.34
13.404,13.447,7.6531,6.1829,3.1236,0.096842,-0.044565,0.4645,0.0377,183.74
13.444,13.453,7.6587,5.7821,2.9404,0.14999,-0.068834,0.4646,0.0373,173.91
******-------------------------------------------------------------------------------------------------------------------****** 
TargetID: ID11
Relevancy: 1
tj = 8.5228
Label: 0
Comment: Target is relevant and going straight, since the velocity ratio is almost not changing
DATA:
6.9622,0,-0,NaN,NaN,NaN,NaN,0,NaN,NaN
7.0021,0.40709,0.71604,NaN,NaN,NaN,NaN,0.5799,NaN,NaN
7.0422,0.85483,1.4348,NaN,NaN,NaN,NaN,0.8205,NaN,NaN
7.0822,1.118,1.9973,NaN,NaN,NaN,NaN,0.8872,NaN,NaN
7.1222,1.063,2.6405,8.434,9.5499,0,-0,0.8474,0,Inf
7.1622,1.4345,2.6536,8.2736,7.8926,-0.063298,0.0050239,0.7619,-0.0336,-340.31
7.2022,1.8625,3.1214,8.5365,8.6154,-0.038909,0.0030883,0.79,-0.0912,-132.99
7.2422,2.2032,3.38,8.5046,8.3844,-0.085855,0.0068125,0.7783,-0.0751,-159.02
7.2824,1.8677,3.5028,8.4409,7.4774,-0.065541,0.0052023,0.7252,-0.1164,-96.877
7.3223,2.1661,3.6639,8.3365,7.074,-0.092736,0.0073623,0.704,-0.1064,-102.76
7.3624,2.487,3.9546,8.3242,7.0671,-0.11654,0.0092528,0.7043,-0.093,-117.41
7.4023,2.8073,4.1502,8.303,6.8189,-0.1446,0.011513,0.6881,-0.1018,-105.54
7.4423,3.1246,4.3188,8.2219,6.5047,-0.1795,0.01425,0.67,-0.1098,-95.481
7.4823,3.3959,4.2043,7.8829,5.4395,-0.33979,0.02696,0.6054,-0.166,-57.695
7.5224,3.7261,4.4847,7.939,5.5364,-0.30688,0.024351,0.6102,-0.1538,-62.931
7.5623,4.0567,4.812,7.9529,5.6703,-0.30657,0.024487,0.6206,-0.1395,-70.017
7.6023,4.4107,5.1786,7.9443,5.9579,-0.28485,0.022887,0.6446,-0.1052,-94.393
7.6423,4.7125,5.4056,7.846,5.9528,-0.29164,0.023301,0.6502,-0.0897,-109.8
7.6824,5.0223,5.6614,7.8049,5.9836,-0.28361,0.022658,0.6552,-0.0775,-126.9
7.7225,5.3982,6.0853,7.8684,6.4972,-0.20334,0.016218,0.691,-0.0248,-411.46
7.7625,5.7488,6.5395,7.9206,7.1791,-0.15879,0.012613,0.7369,0.0412,259.46
7.8024,6.0769,6.8542,7.9164,7.3177,-0.12163,0.0096836,0.7466,0.0536,201.13
7.8424,6.386,7.1244,7.8919,7.2719,-0.097553,0.0077764,0.7449,0.0485,221.27
7.8825,6.6965,7.4128,7.8589,7.3268,-0.091464,0.0072629,0.7507,0.0553,194.29
7.9225,7.0112,7.6916,7.8326,7.3329,-0.083867,0.0066707,0.7528,0.0566,189.57
7.9625,7.3205,7.9641,7.8,7.3064,-0.075411,0.0059971,0.753,0.0545,196.1
8.0025,7.6499,8.3281,7.8233,7.5295,-0.091887,0.0072968,0.7666,0.0702,154.67
8.0429,7.9965,8.7378,7.8856,7.8558,-0.13246,0.010523,0.784,0.0892,124.79
8.0912,8.3295,9.1193,7.921,8.0624,-0.1595,0.012674,0.7948,0.0976,115.8
8.1227,8.6483,9.4278,7.9178,8.0206,-0.1377,0.010968,0.7923,0.0885,127.35
8.1628,8.9672,9.7542,7.9093,8.0681,-0.14513,0.011531,0.7959,0.0885,127.66
8.2027,9.2818,10.078,7.8973,8.1126,-0.15062,0.011968,0.7994,0.0885,127.93
8.2427,9.5923,10.388,7.8778,8.1,-0.13302,0.010568,0.7998,0.0843,134.03
8.2827,9.901,10.685,7.85,8.0747,-0.12527,0.009952,0.8,0.0809,139.2
8.3228,9.441,10.246,7.8694,8.2554,-0.14857,0.011896,0.8109,0.0904,126.16
8.3629,9.7418,10.558,7.845,8.259,-0.13507,0.010807,0.8125,0.0879,129.59
8.4028,10.052,10.891,7.833,8.3043,-0.13999,0.011205,0.816,0.0879,129.87
8.4429,10.365,11.226,7.8312,8.3717,-0.14168,0.011341,0.8202,0.0886,129.39
8.4828,10.675,11.564,7.8197,8.4182,-0.14646,0.011729,0.8237,0.0886,129.68
8.5228,10.978,11.898,7.8089,8.4973,-0.14843,0.011888,0.8291,0.0904,127.66
8.5629,11.288,12.242,7.7975,8.5459,-0.15307,0.012265,0.8327,0.0904,127.97
8.6029,11.597,12.587,7.7855,8.5948,-0.15758,0.012629,0.8364,0.0904,128.28
8.6429,11.905,12.934,7.7735,8.6435,-0.16222,0.013006,0.84,0.0904,128.59
******-------------------------------------------------------------------------------------------------------------------****** 
TargetID: ID12
Relevancy: 1
tj = 7.6023
Label: 0
Comment: Target is relevant and going straight, since the velocity ratio is almost not changing
DATA:
6.0018,0,-0,NaN,NaN,NaN,NaN,0,NaN,NaN
6.0418,0.33132,0.28109,NaN,NaN,NaN,NaN,0.2153,NaN,NaN
6.0818,0.56928,0.58048,NaN,NaN,NaN,NaN,0.2877,NaN,NaN
6.1218,0.91705,0.97958,NaN,NaN,NaN,NaN,0.3924,NaN,NaN
6.1618,0.86872,1.7177,8.6376,4.4509,0,-0,0.4758,0,Inf
6.2018,-0.2187,1.7432,8.6119,4.0967,-0.0071743,0.00074018,0.4441,0.0007,13624
6.2419,0.1437,2.0538,8.6145,4.6805,-0.024615,0.0025396,0.4979,0.0241,406.8
6.2819,0.47484,2.1127,8.6136,4.1689,-0.039944,0.0041209,0.4511,-0.005,-1913.9
6.3219,0.81614,2.3856,8.5642,4.6038,-0.063845,0.0065896,0.4938,0.0441,220.48
6.3619,1.1245,2.5591,7.6524,5.1825,-0.4098,0.043036,0.5997,0.4363,21.183
6.4019,1.2696,2.7071,7.5193,5.4819,-0.29199,0.030405,0.6337,0.4493,20.711
6.4419,1.5709,3.0063,7.4009,5.6841,-0.22812,0.023725,0.6579,0.435,21.452
6.482,1.8709,3.2899,7.3243,5.6196,-0.22629,0.023537,0.6574,0.373,24.75
6.5219,2.1777,3.6105,7.2248,5.8707,-0.18353,0.019075,0.6848,0.3743,24.871
6.562,2.457,3.8793,7.1445,5.8896,-0.17091,0.017758,0.6917,0.3453,26.815
6.602,2.8843,4.1277,7.1539,5.6215,-0.19533,0.020306,0.6686,0.2526,36.019
6.642,3.1939,4.4464,7.2348,5.4652,-0.22224,0.023115,0.6498,0.167,54.294
6.6821,3.5014,4.6675,7.1972,5.2887,-0.25264,0.026302,0.637,0.1232,72.495
6.7221,3.7934,4.9356,7.2266,5.1122,-0.29603,0.030839,0.6196,0.0716,123.63
6.762,4.1042,5.2128,7.2313,5.0339,-0.30988,0.032275,0.6122,0.0458,192.38
6.802,4.446,5.4508,7.2906,5.0125,-0.30612,0.031882,0.6063,0.0243,364.1
6.8421,4.7727,5.7314,7.3095,5.1454,-0.26455,0.027523,0.6168,0.0334,267.63
6.8823,5.0732,6.0542,7.3992,5.2996,-0.21384,0.022211,0.6243,0.0349,260.78
6.9222,5.3154,6.3444,7.0177,5.8739,-0.068741,0.0071137,0.6979,0.152,60.208
6.9622,5.6225,6.6499,6.9965,6.0362,-0.053006,0.0054818,0.7126,0.1612,57.323
7.0021,5.8933,7.1869,6.9036,6.6902,-0.021104,0.0021725,0.7694,0.2357,40.787
7.0422,6.1206,7.3638,6.7672,6.1578,0.013647,-0.001407,0.7381,0.1786,51.229
7.0822,6.4131,7.6728,6.7436,6.4836,0.038139,-0.0039255,0.7652,0.2052,45.589
7.1222,6.7201,8.0091,6.7189,6.6727,0.034337,-0.0035353,0.7814,0.214,44.25
7.1622,7.0107,8.3301,6.6746,6.8188,0.029973,-0.0030866,0.7957,0.22,43.372
7.2022,7.1896,8.4353,6.5638,6.1012,0.070679,-0.0072583,0.7477,0.1472,60.88
7.2422,7.4763,8.7023,6.5168,6.0787,0.078853,-0.0080934,0.7493,0.1407,63.339
7.2824,7.7783,9.0095,6.4837,6.1309,0.087592,-0.0089851,0.756,0.1403,63.602
7.3223,8.0368,9.2055,6.3982,5.9098,0.086467,-0.0088689,0.7443,0.1199,72.644
7.3624,8.3294,9.5486,6.3903,6.1042,0.11016,-0.011281,0.7607,0.1324,66.747
7.4023,8.6044,9.8177,6.3324,6.0232,0.1158,-0.011854,0.7584,0.1226,71.284
7.4423,8.89,10.107,6.3126,6.0725,0.1206,-0.01234,0.764,0.1225,71.504
7.4823,9.1768,10.408,6.3047,6.1556,0.1213,-0.01241,0.7714,0.124,71.059
7.5224,9.4488,10.686,6.2757,6.1974,0.12314,-0.012595,0.7771,0.1242,71.014
7.5623,9.7493,11.03,6.2914,6.4884,0.12539,-0.012817,0.7987,0.1406,64.28
7.6023,10.013,11.329,6.2673,6.5358,0.12935,-0.013216,0.8042,0.1396,64.865
7.6423,10.31,11.688,6.2932,6.7705,0.111,-0.011355,0.8201,0.1486,62.205
7.6824,10.594,12.036,6.3225,6.9555,0.087169,-0.008932,0.8316,0.1532,61.355
7.7225,10.866,12.344,6.3044,7.0152,0.080262,-0.0082283,0.8374,0.1525,61.848
7.7625,11.118,12.661,6.3523,7.1173,0.059126,-0.0060715,0.8412,0.1493,63.897
7.8024,11.377,12.945,6.3294,7.0924,0.068003,-0.006977,0.8411,0.143,66.475
7.8424,11.598,13.135,6.2545,6.9243,0.096535,-0.0099841,0.8362,0.133,70.157
******-------------------------------------------------------------------------------------------------------------------****** 
TargetID: ID13
Target can not be processed due to lack of Data
******-------------------------------------------------------------------------------------------------------------------****** 
TargetID: ID34
Relevancy: 0
tj = Inf
Label: -1
Comment: Target is irrelevant as it is not crossing the estimated holding line
DATA:
5.3615,-0,-0,NaN,NaN,NaN,NaN,0,NaN,NaN
5.4016,0.37825,1.4299,NaN,NaN,NaN,NaN,0.866,NaN,NaN
5.4416,0.69357,1.0063,NaN,NaN,NaN,NaN,0.4898,NaN,NaN
5.4816,1.0322,0.64835,NaN,NaN,NaN,NaN,0.1916,NaN,NaN
5.5216,1.2462,0.17905,NaN,NaN,NaN,NaN,-0.1165,NaN,NaN
5.5616,1.5914,0.40857,NaN,NaN,NaN,NaN,0.0253,NaN,NaN
5.6017,1.9427,0.75166,NaN,NaN,NaN,NaN,0.18,NaN,NaN
5.6417,2.2905,0.81422,NaN,NaN,NaN,NaN,0.18,NaN,NaN
5.6817,NaN,NaN,NaN,NaN,NaN,NaN,0.1342,NaN,NaN
5.7217,NaN,NaN,NaN,NaN,NaN,NaN,0.204,NaN,NaN
5.7617,NaN,NaN,NaN,NaN,NaN,NaN,0.1875,NaN,NaN
5.8017,3.4265,1.4371,8.744,1.3874,-0,-0,0.1574,0,Inf
5.8417,2.1204,1.6551,8.7143,2.1195,-0.01442,0.0054446,0.2388,0.0199,450.67
5.8817,2.4483,1.7139,8.697,2.0533,-0.12135,0.045881,0.2334,0.0243,367.74
5.9218,2.7976,1.8167,8.6873,2.1176,-0.14906,0.056349,0.241,0.0258,346.58
5.9618,3.1148,1.9326,8.683,2.2176,-0.15505,0.058502,0.25,0.0211,424.72
6.0018,3.465,1.7499,8.5628,1.357,-0.36467,0.13797,0.1616,-0.0083,-1044.5
6.0418,3.8071,1.8045,8.5422,1.3487,-0.38508,0.1457,0.1613,-0.0083,-1041.9
6.0818,4.2164,2.0866,8.6542,1.8575,-0.18204,0.06868,0.2114,0.0495,178.81
6.1218,4.5573,2.1594,8.6526,1.8922,-0.19037,0.071666,0.2129,0.0447,198.14
6.1618,4.8861,2.1984,8.6463,1.8568,-0.20337,0.076548,0.209,0.0323,273.79
6.2018,5.193,2.5962,8.6372,2.4512,-0.17276,0.065013,0.2742,0.1263,71.087
6.2419,5.5275,2.8426,8.6307,2.7389,-0.1656,0.062311,0.305,0.1616,56.033
6.2819,5.8712,2.9579,8.6203,2.7999,-0.18617,0.070016,0.3115,0.1616,56.087
6.3219,6.2143,3.0723,8.6089,2.8617,-0.20675,0.077715,0.318,0.1616,56.139
6.3619,6.5101,3.3135,8.5767,3.1681,-0.17464,0.065668,0.3513,0.195,46.888
6.4019,6.8512,3.447,8.5631,3.242,-0.19389,0.072866,0.3591,0.195,46.955
6.4419,7.1917,3.5837,8.5488,3.3159,-0.21302,0.080008,0.3669,0.195,47.022
******-------------------------------------------------------------------------------------------------------------------****** 
TargetID: ID35
Target can not be processed due to lack of Data
******-------------------------------------------------------------------------------------------------------------------****** 
TargetID: ID38
Target can not be processed due to lack of Data
******-------------------------------------------------------------------------------------------------------------------****** 
TargetID: ID16
Target can not be processed due to lack of Data
******-------------------------------------------------------------------------------------------------------------------****** 
TargetID: ID17
Relevancy: 1
tj = 4.2413
Label: 0
Comment: Target is relevant and going straight, since the velocity ratio is almost not changing
DATA:
3.1608,-0,-0,NaN,NaN,NaN,NaN,0,NaN,NaN
3.2008,0.31446,-0.021765,NaN,NaN,NaN,NaN,-0.0236,NaN,NaN
3.2408,0.75599,0.22419,NaN,NaN,NaN,NaN,0.0987,NaN,NaN
3.2809,1.0477,1.0369,10.184,2.1388,-0,-0,0.207,0,Inf
3.3209,1.448,1.1299,10.187,2.1736,-0.070353,0.042717,0.2102,0.0095,1096.5
3.3609,-0.17187,1.1142,10.628,3.0405,-0.082229,0.049995,0.2799,0.0049,2256
3.4009,0.25727,1.2325,10.679,3.1183,-0.11105,0.067547,0.2858,0.0032,3476.5
3.4409,0.67978,1.3425,10.656,3.0775,-0.12201,0.074231,0.2831,0.0093,1192.6
3.4809,1.0967,1.4526,10.665,3.1143,-0.14309,0.087085,0.2863,0.0225,493.78
3.521,1.4419,2.025,10.84,3.4895,-0.1924,0.11713,0.3144,0.0634,179.62
3.5609,1.8579,2.1473,10.813,3.5157,-0.1978,0.12043,0.3174,0.0789,144.11
3.601,2.5218,2.3585,10.914,3.5482,-0.19618,0.11939,0.317,0.0547,209.8
3.641,2.9625,2.5019,10.94,3.577,-0.21325,0.12981,0.3189,0.0544,211.58
3.681,3.4028,2.6408,10.959,3.5948,-0.22804,0.13883,0.32,0.0536,215.18
3.721,3.8198,2.7593,10.943,3.6671,-0.21325,0.12981,0.3262,0.0737,156.6
3.7612,4.2807,2.8819,11.117,3.9144,-0.26082,0.1589,0.3421,0.0962,122.51
3.801,4.8176,2.8153,11.113,3.9357,-0.2378,0.14488,0.3435,0.0957,123.19
3.8411,5.2751,3.0114,11.174,4.0503,-0.2527,0.15398,0.351,0.1037,114.62
3.8811,5.7757,3.0837,11.227,4.1564,-0.26221,0.15983,0.3579,0.111,107.86
3.9211,6.325,3.2558,11.168,4.0789,-0.21874,0.13321,0.3528,0.0964,123.34
3.9611,6.7213,3.475,11.165,4.0956,-0.20477,0.12467,0.3541,0.0931,127.74
4.0011,7.1175,3.5925,11.079,4.086,-0.19261,0.11726,0.3557,0.0953,123.91
4.0411,7.5298,3.7258,11.018,4.0085,-0.15698,0.095515,0.3509,0.0817,143.51
4.0811,7.9475,3.8718,11.009,3.9851,-0.13734,0.083547,0.349,0.0732,159.95
4.1211,8.374,4.0248,10.999,4.0141,-0.13842,0.084208,0.3517,0.0736,159.08
4.1612,8.6924,4.3065,10.863,3.848,-0.088508,0.0538,0.3416,0.055,209.54
4.2012,9.0974,4.4092,10.796,3.7995,-0.07017,0.042644,0.3393,0.0499,229.36
4.2413,9.4991,4.5282,10.737,3.7553,-0.05448,0.033103,0.3372,0.045,252.78
4.2812,9.8925,4.6438,10.634,3.73,-0.040354,0.024515,0.3379,0.046,244.98
4.3213,10.386,4.679,10.647,3.731,-0.03806,0.023122,0.3376,0.043,262.36
4.3612,10.773,4.9375,10.617,3.6841,-0.028035,0.017028,0.3344,0.0371,302.92
4.4013,11.181,5.0629,10.597,3.6543,-0.023082,0.014019,0.3324,0.0329,340.71
4.4413,11.597,5.1977,10.578,3.6702,-0.021511,0.013065,0.3343,0.0343,326.43
4.4813,11.997,5.3308,10.557,3.6971,-0.021873,0.013285,0.3372,0.0368,303.95
4.5213,12.378,5.4552,10.488,3.6818,-0.013294,0.0080742,0.3378,0.0364,305.36
4.5614,12.758,5.5695,10.407,3.6478,-0.002297,0.0013944,0.3372,0.0346,318.73
4.6014,13.114,5.6791,10.3,3.6149,0.0096717,-0.0058723,0.3374,0.034,321.07
4.6413,13.553,5.8279,10.349,3.6456,0.0030225,-0.0018347,0.3386,0.0341,321.78
4.6813,13.997,5.9861,10.405,3.6933,-0.0055602,0.0033765,0.3412,0.0354,311.9
4.7214,14.398,6.12,10.389,3.7016,-0.0042309,0.0025689,0.3423,0.0354,311.54
4.7613,14.734,6.2343,10.267,3.691,0.0088255,-0.0053585,0.345,0.0373,292.5
******-------------------------------------------------------------------------------------------------------------------****** 
