******-------------------------------------------------------------------------------------------------------------------****** 
Duration of the scene is: 12.3241 seconds
Original Targets Numbers in the hole Scene: 5
Number of Targets in the hole Scene after preprocessing: 12
Number of static portions: 1
******-------------------------------------------------------------------------------------------------------------------****** 
TargetID: ID01
Target can not be processed due to lack of Data
******-------------------------------------------------------------------------------------------------------------------****** 
TargetID: ID06
Target can not be processed due to lack of Data
******-------------------------------------------------------------------------------------------------------------------****** 
TargetID: ID02
Target can not be processed due to lack of Data
******-------------------------------------------------------------------------------------------------------------------****** 
TargetID: ID07
Relevancy: 0
tj = Inf
Label: -1
Comment: Target is irrelevant as it is not crossing the estimated holding line
DATA:
5.4818,-0,-0,NaN,NaN,NaN,NaN,0,NaN,NaN
5.5218,0.31961,-0.0027067,NaN,NaN,NaN,NaN,0,NaN,NaN
5.5618,0.64123,-0.002226,NaN,NaN,NaN,NaN,0.0001,NaN,NaN
5.6018,0.96013,0.006486,NaN,NaN,NaN,NaN,0,NaN,NaN
5.6418,1.188,0.52793,NaN,NaN,NaN,NaN,0.0436,NaN,NaN
5.6818,1.5023,0.54402,NaN,NaN,NaN,NaN,0.0436,NaN,NaN
5.7218,1.8162,0.55902,NaN,NaN,NaN,NaN,0.0436,NaN,NaN
5.7618,2.7573,0.34533,8.5775,-0.52145,-0,-0,-0.0607,0,Inf
5.8019,2.8532,0.82811,8.272,-0.18945,0.020475,-0.023239,-0.0229,-0.0139,-595.26
5.8419,3.185,0.81727,8.2691,-0.19354,0.020944,-0.023767,-0.0234,-0.0139,-595.06
5.8819,3.5145,0.80855,8.2662,-0.19846,0.021411,-0.024298,-0.024,-0.0139,-594.86
5.9219,3.8471,0.81233,8.2632,-0.20255,0.021788,-0.02472,-0.0246,-0.0139,-594.65
5.9619,4.1767,0.80763,8.2603,-0.20757,0.022256,-0.02525,-0.0252,-0.0139,-594.45
6.0019,4.5079,0.79172,8.2574,-0.21166,0.022632,-0.025673,-0.0257,-0.0139,-594.25
6.0419,4.838,0.80068,8.2543,-0.21657,0.0231,-0.026203,-0.0263,-0.0139,-594.04
6.0819,5.1695,0.78224,8.2515,-0.22037,0.023477,-0.026625,-0.0268,-0.0139,-593.84
6.122,5.5015,0.7868,8.2486,-0.22466,0.023947,-0.027153,-0.0273,-0.0139,-593.64
6.162,5.8315,0.7674,8.2455,-0.22905,0.024324,-0.027575,-0.0278,-0.0139,-593.43
6.202,6.1606,0.77195,8.2426,-0.23385,0.024701,-0.027997,-0.0284,-0.0139,-593.23
6.242,6.4878,0.76606,8.2397,-0.23937,0.025075,-0.028421,-0.0291,-0.0139,-593.03
6.282,6.8184,0.75343,8.2367,-0.24336,0.025453,-0.028843,-0.0296,-0.0139,-592.82
6.322,7.148,0.75397,8.2337,-0.24817,0.025827,-0.029267,-0.0302,-0.0139,-592.62
******-------------------------------------------------------------------------------------------------------------------****** 
TargetID: ID08
Relevancy: 0
tj = Inf
Label: -1
Comment: Target is irrelevant as it is not crossing the estimated holding line
DATA:
9.243,-0,-0,NaN,NaN,NaN,NaN,0,NaN,NaN
9.283,0.28363,-0.0087673,NaN,NaN,NaN,NaN,0,NaN,NaN
9.3231,0.55262,0.00039915,NaN,NaN,NaN,NaN,-0.0001,NaN,NaN
9.3631,0.83244,-0.0048239,NaN,NaN,NaN,NaN,0,NaN,NaN
9.4031,0.69781,-0.90007,NaN,NaN,NaN,NaN,0.1624,NaN,NaN
9.4431,1.065,-0.70506,NaN,NaN,NaN,NaN,0.2002,NaN,NaN
9.4832,1.3894,-0.60371,NaN,NaN,NaN,NaN,0.2259,NaN,NaN
9.5231,1.64,-0.545,NaN,NaN,NaN,NaN,0.2258,NaN,NaN
9.5632,1.8903,-0.48778,NaN,NaN,NaN,NaN,0.2258,NaN,NaN
9.6032,1.2289,-0.38256,5.9961,0.32972,0.055468,-0.0053007,0.0548,0.0026,2309.7
9.6432,1.3753,-0.27184,5.7851,0.90408,-0.1136,0.010833,0.1555,0.165,35.487
9.6832,1.5695,-0.25491,5.4449,0.86679,-0.62624,0.059177,0.1606,0.1663,33.154
9.7232,1.7361,-0.24104,5.1413,1.4231,-0.86044,0.080077,0.2759,0.5228,10.204
9.7632,1.8511,-0.27161,4.877,0.95947,-1.8519,0.18694,0.2064,0.2042,24.341
9.8032,1.8741,-0.32215,4.36,0.31361,-3.6187,0.36397,0.091,-0.2175,-20.098
9.8432,2.024,-0.34762,3.9997,0.048632,-4.5695,0.44975,0.0319,-0.3881,-10.307
9.8832,2.117,-0.40386,3.5728,-0.3231,-5.8702,0.55345,-0.089,-0.7136,-5.0272
9.9233,2.3458,-0.4278,3.5555,-0.21405,-5.1499,0.48758,-0.0507,-0.5507,-6.468
9.9633,2.4606,-0.41707,3.3101,-0.25906,-5.3076,0.49909,-0.0727,-0.5507,-6.0292
10.003,2.5743,-0.41738,3.0602,-0.28943,-5.4614,0.51156,-0.0947,-0.5507,-5.5816
10.043,2.6794,-0.41914,2.8051,-0.30407,-5.61,0.52593,-0.1167,-0.5507,-5.1235
10.083,2.7683,-0.41341,2.5445,-0.30176,-5.7513,0.54429,-0.1388,-0.5507,-4.6528
10.123,2.8552,-0.41623,2.2774,-0.27994,-5.8826,0.56786,-0.1609,-0.5507,-4.1666
10.163,2.9271,-0.41192,2.0026,-0.2361,-5.9985,0.60091,-0.1828,-0.5507,-3.6617
10.203,2.9973,-0.41598,1.7179,-0.16632,-6.091,0.64994,-0.2049,-0.5507,-3.1341
10.243,3.0511,-0.41036,1.4199,-0.064757,-6.1444,0.72649,-0.227,-0.5507,-2.581
10.283,3.1044,-0.4135,1.1034,0.077963,-6.1306,0.85014,-0.249,-0.5507,-2.0087
10.323,3.2764,-0.48925,2.6426,-0.95607,-1.3433,0.13383,-0.3716,-0.6893,-4.077
10.363,3.369,-0.51037,2.1319,-0.32369,-1.3555,0.13737,-0.3993,-0.6893,-3.1283
10.403,3.4586,-0.5331,2.4886,-1.0372,-1.3678,0.14091,-0.427,-0.6893,-3.9114
10.443,3.6852,-0.64301,3.7012,-2.067,5.2654,-0.64128,-0.4548,-0.6858,-6.1814
10.483,3.7296,-0.66855,5.3499,-3.4257,10.377,-0.78208,-0.4939,-0.6977,-9.1053
10.523,3.8301,-0.73765,5.3785,-3.7945,10.774,-0.80695,-0.5345,-0.7113,-9.2538
10.563,4.0285,-0.83217,5.5346,-4.1237,10.892,-0.82872,-0.5629,-0.7113,-9.7032
10.603,4.242,-0.94877,5.6752,-4.4638,10.999,-0.85242,-0.5914,-0.7113,-10.151
10.643,4.4162,-1.1244,6.8011,-3.9714,11.979,-0.45276,-0.6032,-0.6893,-11.426
10.684,4.5314,-1.2208,6.6225,-3.9863,10.912,-0.43114,-0.6134,-0.663,-11.659
10.724,4.9872,-0.92984,6.0764,-3.9396,9.5464,-0.61679,-0.6477,-0.6661,-10.872
10.764,5.1122,-1.0363,5.7788,-3.8674,7.8221,-0.52954,-0.6545,-0.6294,-11.048
10.804,5.3117,-1.2139,5.8649,-4.1557,7.8659,-0.52667,-0.6797,-0.6294,-11.42
10.844,5.5091,-1.3995,5.9394,-4.4511,7.9054,-0.52398,-0.7049,-0.6294,-11.792
******-------------------------------------------------------------------------------------------------------------------****** 
TargetID: ID03
Target can not be processed due to lack of Data
******-------------------------------------------------------------------------------------------------------------------****** 
TargetID: ID09
Target can not be processed due to lack of Data
******-------------------------------------------------------------------------------------------------------------------****** 
TargetID: ID10
Target can not be processed due to lack of Data
******-------------------------------------------------------------------------------------------------------------------****** 
TargetID: ID11
Target can not be processed due to lack of Data
******-------------------------------------------------------------------------------------------------------------------****** 
TargetID: ID04
Relevancy: 1
tj = 9.043
Label: 1
Comment: Target is relevant and Turning, since the velocity ratio is highly changing at the end
DATA:
0,-0,-0,5.5635,0.0003428,0.04398,-0.025086,0,0,Inf
0.040897,0.46445,-0.018954,5.6227,0.002447,0.12667,-0.072245,0.0002,0.0033,1703.9
0.08005,0.68934,-0.017894,5.6307,0.0031291,0.13036,-0.074346,0.0003,0.0033,1706.3
0.12094,0.92686,0.088093,5.6929,0.089656,0.21516,-0.12267,0.0153,0.0065,875.94
0.16001,1.1552,0.088622,5.7092,0.091699,0.22019,-0.12554,0.0156,0.0065,878.45
0.20096,1.4033,0.097935,5.8254,0.10688,0.34226,-0.19509,0.0176,0.0095,613.3
0.24008,1.6299,0.26211,5.8819,0.21839,0.30366,-0.17309,0.0365,0.0117,503.07
0.28009,1.8889,0.25512,5.9794,0.21398,0.37091,-0.2114,0.035,0.0123,486.44
0.32008,2.1096,0.40481,5.9616,0.31684,0.26042,-0.14852,0.0531,0.0171,349.12
0.36018,2.3492,0.4379,6.0195,0.34341,0.30145,-0.17183,0.0563,0.0181,333.11
0.40101,2.591,0.45055,6.0582,0.35012,0.30759,-0.17533,0.0571,0.0181,335.26
0.44011,2.8257,0.52828,6.0754,0.40406,0.30329,-0.17288,0.0658,0.021,289.94
0.48105,3.0579,0.68911,6.0612,0.53158,0.16403,-0.093528,0.0871,0.0316,192.55
0.52015,3.3314,0.69836,6.1308,0.53534,0.17865,-0.10186,0.0867,0.0312,197.25
0.56016,3.5513,0.83139,6.0767,0.64629,0.039921,-0.022772,0.1061,0.0432,141.46
0.60109,3.7951,0.79575,6.0904,0.60464,0.056757,-0.032375,0.0988,0.0383,159.8
0.64018,3.9958,1.0143,6.0174,0.79109,-0.068061,0.038822,0.1306,0.0574,105.74
0.68111,4.2368,1.0447,6.0314,0.80722,-0.072854,0.041555,0.1329,0.0574,106.01
0.72022,4.4798,1.1247,6.056,0.87114,-0.19391,0.11059,0.1424,0.0618,99.002
0.76022,4.7358,1.1637,6.1383,0.90548,-0.11131,0.063474,0.1462,0.063,98.487
0.80021,3.817,1.9577,6.1041,1.1494,-0.15568,0.088833,0.1895,0.1,62.114
0.84025,4.0596,2.0006,6.1253,1.1773,-0.16679,0.095178,0.1935,0.1,62.374
0.88027,4.3031,2.0428,6.1462,1.2054,-0.17802,0.10159,0.1975,0.1,62.633
0.92027,4.5525,1.9612,6.1391,1.0727,-0.18794,0.10723,0.177,0.0844,73.84
0.96121,4.7967,2.0029,6.1583,1.096,-0.19928,0.11371,0.1804,0.0844,74.112
1.0004,5.0418,2.0444,6.1773,1.1195,-0.21062,0.12019,0.1837,0.0844,74.383
1.0412,5.3135,2.1016,6.2772,1.1483,-0.37253,0.21413,0.1887,0.0853,74.811
1.0803,5.5653,2.1495,6.3015,1.1726,-0.38966,0.22405,0.192,0.0853,75.143
1.1213,5.8063,2.2022,6.3361,1.188,-0.4886,0.28412,0.1955,0.0852,75.663
1.1604,6.0612,2.2524,6.3596,1.2121,-0.50813,0.29571,0.1988,0.0852,75.987
1.2004,6.3068,2.3621,6.301,1.3257,-0.50591,0.29185,0.2181,0.0958,67.213
1.2403,6.5594,2.4132,6.3191,1.3525,-0.52488,0.30294,0.2219,0.0958,67.456
1.2804,6.8173,2.4256,6.3382,1.3157,-0.53823,0.31066,0.2159,0.0897,72.167
1.3213,7.0714,2.4781,6.3555,1.3406,-0.55719,0.32175,0.2195,0.0897,72.412
1.3604,7.3534,2.5442,6.4396,1.4127,-0.56302,0.32861,0.2275,0.0931,70.814
1.4005,7.6059,2.6752,6.3746,1.5715,-0.33074,0.19014,0.2486,0.104,63.129
1.4404,7.9053,2.8464,6.4262,1.7709,-0.46723,0.27211,0.2788,0.1208,55.18
1.4814,8.1452,2.9096,6.3569,1.7841,-0.42027,0.24235,0.2827,0.12,55.021
1.5204,8.4052,3.0559,6.3998,1.9291,-0.55808,0.32675,0.3048,0.1304,51.26
1.5605,8.6639,3.1334,6.4084,1.9655,-0.57467,0.33676,0.31,0.1304,51.403
1.6005,8.9323,3.1994,6.4469,1.9749,-0.72055,0.42514,0.3127,0.1291,52.228
1.6405,9.1942,3.284,6.3863,2.0323,-0.57768,0.33489,0.3206,0.1308,51.237
1.6814,9.4509,3.4042,6.4627,2.1357,-0.67844,0.39973,0.3337,0.135,50.418
1.7205,9.7118,3.4896,6.4731,2.1753,-0.69681,0.41096,0.3391,0.135,50.584
1.7605,9.9435,3.5076,6.4824,2.0957,-0.76968,0.45535,0.3292,0.126,54.069
1.8006,10.204,3.5918,6.4931,2.1325,-0.78945,0.46755,0.3342,0.126,54.241
1.8415,10.465,3.6781,6.5037,2.1694,-0.80898,0.47962,0.3392,0.126,54.412
1.8806,10.727,3.7654,6.5139,2.2065,-0.82802,0.49142,0.3443,0.126,54.583
1.9206,11.019,4.0171,6.5099,2.5036,-0.78444,0.45826,0.3838,0.1449,48.135
1.9607,11.225,3.8711,6.5487,2.2257,-0.63466,0.37291,0.3409,0.1186,58.319
2.0006,11.467,3.8098,6.56,2.0533,-0.59847,0.35072,0.3157,0.1028,66.866
2.0416,11.727,3.8267,6.5527,2.0274,-0.35247,0.20421,0.3073,0.0963,71.227
2.0807,11.991,3.9054,6.5661,2.0581,-0.3627,0.21024,0.3111,0.0963,71.455
2.1216,12.239,3.9416,6.5129,2.0429,-0.15842,0.090735,0.3072,0.0923,73.952
2.1607,12.501,4.0227,6.5242,2.072,-0.16404,0.09397,0.3109,0.0923,74.164
2.2007,12.757,4.0263,6.5244,2.011,-0.037438,0.021361,0.2997,0.0849,80.416
2.2407,13.016,4.1052,6.537,2.0384,-0.040627,0.023182,0.3031,0.0849,80.654
2.2808,13.294,4.1466,6.584,2.02,-0.027013,0.015419,0.2982,0.0807,85.339
2.3207,13.566,4.3195,6.6288,2.1629,-0.16429,0.094111,0.3187,0.0889,78.433
2.3607,13.822,4.3367,6.6417,2.1084,-0.15147,0.086727,0.3104,0.0832,83.753
2.4009,14.089,4.421,6.66,2.1377,-0.15721,0.09003,0.3137,0.0832,84.07
2.4408,14.36,4.4487,6.7027,2.0979,-0.15098,0.086441,0.3063,0.078,90.043
2.4817,14.629,4.5329,6.7238,2.1266,-0.15673,0.089745,0.3093,0.078,90.411
2.5208,14.885,4.6157,6.7237,2.1608,-0.13392,0.076462,0.3135,0.0786,89.852
2.5608,15.154,4.7,6.7444,2.19,-0.13905,0.079397,0.3166,0.0786,90.217
2.6009,15.437,4.8167,6.7942,2.2524,-0.18704,0.10718,0.3237,0.0803,89.139
2.6408,15.707,5.1438,6.7865,2.5753,-0.34754,0.20011,0.3693,0.1002,72.443
2.6818,15.973,5.1411,6.8172,2.4755,-0.36664,0.21115,0.3553,0.0918,79.006
2.7208,16.269,5.4073,6.8687,2.7198,-0.47525,0.2746,0.386,0.1041,70.966
2.7609,16.545,5.5154,6.8914,2.7609,-0.48615,0.28098,0.3901,0.1041,71.315
2.8009,16.822,5.6265,6.9139,2.802,-0.49682,0.28723,0.3943,0.1041,71.663
2.8409,17.073,5.6225,6.8622,2.689,-0.44365,0.25611,0.3818,0.0967,76.218
2.8809,17.348,5.7318,6.8772,2.724,-0.45335,0.26178,0.3856,0.0967,76.495
2.9209,17.623,5.6892,6.8997,2.5796,-0.38356,0.22097,0.3649,0.0855,86.154
2.961,17.876,5.7877,6.8494,2.6114,-0.29101,0.16647,0.3697,0.0862,85.038
3.001,18.14,5.8502,6.8826,2.6146,-0.27156,0.156,0.3681,0.0839,87.753
3.0419,18.423,6.0128,6.9503,2.7186,-0.3633,0.2092,0.3795,0.0871,85.684
3.081,18.711,6.1825,6.9722,2.8227,-0.38747,0.22329,0.3917,0.091,82.658
3.121,18.97,6.1715,7.0058,2.7247,-0.35016,0.20267,0.3772,0.0827,90.895
3.161,19.252,6.2819,7.025,2.7577,-0.3587,0.20768,0.3805,0.0827,91.256
3.2011,19.528,6.3627,7.0576,2.7583,-0.41501,0.24081,0.38,0.0808,93.78
3.241,19.814,6.5464,6.9843,2.8483,-0.3622,0.20739,0.3938,0.0853,88.426
3.2811,20.09,6.6772,6.9842,2.9061,-0.2949,0.16875,0.3996,0.0864,87.554
3.321,20.36,6.7043,7.0055,2.8404,-0.26026,0.14947,0.3899,0.0802,94.256
3.3611,20.641,6.792,7.0092,2.8329,-0.26967,0.15425,0.3889,0.078,96.924
3.4012,20.934,6.8213,7.0703,2.7633,-0.26516,0.15226,0.3773,0.0707,107.37
3.4411,21.21,6.9323,7.0505,2.7897,-0.21542,0.12314,0.3806,0.0709,106.94
3.4811,21.48,6.9808,7.0343,2.738,-0.17031,0.097306,0.3742,0.0664,113.68
3.5211,21.75,7.0683,7.024,2.7393,-0.13844,0.079072,0.3743,0.0651,115.81
3.5611,22.019,7.042,7.0671,2.5938,-0.14183,0.081182,0.3543,0.0538,139.93
3.6012,22.314,7.0992,7.1163,2.5521,-0.16752,0.095934,0.3472,0.0491,153.97
3.6412,22.595,7.2039,7.1279,2.5729,-0.2006,0.11461,0.3499,0.0493,153.71
3.6812,22.898,7.3258,7.2022,2.6305,-0.22019,0.12624,0.3539,0.0502,152.74
3.7211,23.174,7.3794,7.2048,2.5684,-0.20627,0.11822,0.3459,0.0451,169.6
3.7612,23.451,7.4685,7.2117,2.553,-0.1976,0.11322,0.3436,0.0428,178.74
3.8012,23.721,7.4742,7.2316,2.4573,-0.1707,0.097989,0.3304,0.035,218.22
3.8413,24.017,7.6091,7.2334,2.5037,-0.16595,0.09501,0.336,0.0372,205.76
3.8812,24.291,7.8008,7.2158,2.627,-0.19121,0.10926,0.3524,0.0452,169.89
3.9212,24.582,7.9818,7.2386,2.771,-0.20894,0.1198,0.3691,0.0532,145.69
3.9613,24.87,8.0792,7.2332,2.7358,-0.21089,0.12094,0.3651,0.05,154.67
4.0013,25.165,8.1736,7.2077,2.7352,-0.1929,0.11027,0.366,0.0494,156.06
4.0413,25.44,8.2303,7.2313,2.6686,-0.20051,0.11496,0.3569,0.0432,178.43
4.0813,25.731,8.305,7.1924,2.6366,-0.16569,0.094684,0.3542,0.0407,188.22
4.1213,26.025,8.4419,7.2061,2.6841,-0.15653,0.089445,0.3592,0.0426,180.51
4.1613,26.295,8.4505,7.2162,2.5538,-0.1636,0.093712,0.3429,0.032,239.21
4.2013,26.593,8.5601,7.2212,2.5779,-0.14371,0.082104,0.3453,0.0326,235.2
4.2413,26.877,8.7088,7.2221,2.6457,-0.13417,0.076654,0.3534,0.0364,211.3
4.2813,27.164,8.8271,7.2173,2.6811,-0.13576,0.077564,0.358,0.038,202.61
4.3213,27.371,8.927,7.2266,2.6911,-0.12694,0.072537,0.3588,0.0357,216.01
4.3614,27.648,9.0221,7.2082,2.6634,-0.13183,0.075333,0.3563,0.0333,230.77
4.4024,27.951,9.1048,7.2307,2.6307,-0.13538,0.077347,0.3514,0.0295,260.83
4.4414,28.24,9.1559,7.2228,2.5495,-0.11375,0.064968,0.3414,0.023,333.02
4.4814,28.523,9.2203,7.2341,2.5126,-0.11931,0.068267,0.3365,0.0195,392.72
4.5214,28.8,9.2359,7.2288,2.3786,-0.11082,0.063287,0.3199,0.0089,855.07
4.5614,29.091,9.3119,7.2511,2.3742,-0.10067,0.057472,0.3182,0.0075,1017.3
4.6015,29.369,9.3399,7.2876,2.2758,-0.1054,0.060356,0.3045,-0.0009,-8483
4.6415,29.666,9.4314,7.2888,2.2668,-0.090392,0.051596,0.3031,-0.0017,-4490.1
4.6815,29.978,9.5159,7.3269,2.264,-0.076758,0.043736,0.2997,-0.0036,-2130.2
4.7215,30.292,9.6032,7.3715,2.2418,-0.081107,0.046346,0.2966,-0.0053,-1453.8
4.7615,30.571,9.6992,7.3679,2.2367,-0.093877,0.05373,0.2964,-0.0052,-1480.7
4.8015,30.866,9.7879,7.3389,2.2231,-0.088318,0.050398,0.2957,-0.0056,-1369.3
4.8415,31.146,9.8338,7.3344,2.1364,-0.096334,0.055127,0.2851,-0.0119,-641.95
4.8815,31.432,10.009,7.3059,2.2607,-0.077499,0.044147,0.3001,-0.0022,-3476.2
4.9216,31.717,10.057,7.2783,2.1786,-0.082928,0.04732,0.2923,-0.0071,-1070
4.9616,32.002,10.17,7.2738,2.2147,-0.089913,0.051297,0.2971,-0.0041,-1854.5
5.0016,32.294,10.258,7.2866,2.1868,-0.093833,0.053535,0.2932,-0.0066,-1152.7
5.0416,32.588,10.358,7.2987,2.2112,-0.094936,0.054165,0.2958,-0.0048,-1588.8
5.0816,32.874,10.413,7.3113,2.1475,-0.10574,0.060427,0.2875,-0.0101,-754.47
5.1216,33.153,10.468,7.3055,2.0943,-0.10734,0.061327,0.2811,-0.0142,-535.19
5.1616,33.413,10.46,7.3032,1.9593,-0.098184,0.056158,0.2638,-0.025,-302.46
5.2016,33.708,10.567,7.3185,1.9725,-0.078533,0.044786,0.2646,-0.024,-315.82
5.2417,33.979,10.575,7.317,1.8632,-0.072545,0.041401,0.2506,-0.0325,-232.32
5.2817,34.265,10.666,7.3153,1.8769,-0.057941,0.03303,0.2521,-0.0307,-246
5.3217,34.536,10.685,7.3295,1.7692,-0.055006,0.03138,0.2378,-0.0392,-192.35
5.3617,34.833,10.775,7.3338,1.8014,-0.044451,0.025332,0.2416,-0.0358,-210.94
5.4017,35.105,10.801,7.318,1.7153,-0.031444,0.017926,0.2308,-0.0419,-179.39
5.4417,35.393,10.935,7.3245,1.7915,-0.037947,0.021624,0.2405,-0.0344,-219.2
5.4818,35.691,11.058,7.3552,1.8426,-0.023461,0.013369,0.2459,-0.03,-252.75
5.5218,35.998,11.123,7.3986,1.8253,-0.01511,0.0086104,0.2421,-0.0317,-240.39
5.5618,36.292,11.222,7.3934,1.8517,-0.01364,0.0077683,0.2454,-0.0287,-265.57
5.6018,36.59,11.305,7.4037,1.8444,-0.014991,0.008538,0.2441,-0.0287,-265.85
5.6418,36.888,11.326,7.4066,1.7291,-0.08519,0.048601,0.2307,-0.0364,-208.95
5.6818,37.195,11.388,7.412,1.6936,-0.065312,0.037213,0.2257,-0.0388,-195.95
5.7218,37.486,11.469,7.3945,1.6987,-0.053781,0.030642,0.2267,-0.0372,-203.95
5.7618,37.784,11.587,7.4037,1.7558,-0.083825,0.047767,0.2342,-0.0312,-243.88
5.8019,38.069,11.664,7.3956,1.7528,-0.070829,0.040359,0.2339,-0.0307,-247.57
5.8419,38.364,11.705,7.4212,1.7036,-0.070476,0.040186,0.2268,-0.0345,-220.7
5.8819,38.663,11.751,7.4349,1.6553,-0.068147,0.038855,0.2202,-0.0379,-200.97
5.9219,38.918,11.847,7.3513,1.6979,-0.090435,0.051426,0.227,-0.0325,-232.15
5.9619,39.21,11.967,7.3686,1.76,-0.070346,0.040065,0.2356,-0.026,-291.38
6.0019,39.524,12.05,7.4176,1.7852,-0.058452,0.033281,0.2371,-0.0244,-312.68
6.0419,39.828,12.169,7.45,1.8264,-0.055139,0.031395,0.2413,-0.021,-365.27
6.0819,40.109,12.315,7.4355,1.9609,-0.10406,0.059253,0.2596,-0.0087,-883.88
6.122,40.431,12.386,7.47,1.8843,-0.088261,0.050239,0.2485,-0.017,-453.18
6.162,40.763,12.391,7.5098,1.7556,-0.059445,0.033823,0.2306,-0.0288,-267.79
6.202,41.056,12.485,7.4786,1.7525,-0.055889,0.031792,0.2311,-0.0278,-276.3
6.242,41.361,12.601,7.464,1.7943,-0.054293,0.030884,0.2368,-0.0236,-325.28
6.282,41.672,12.622,7.4704,1.7093,-0.055893,0.031786,0.2258,-0.0297,-258.03
6.322,41.968,12.762,7.4365,1.7782,-0.086807,0.049375,0.2361,-0.0224,-341.35
6.362,42.29,12.871,7.4459,1.8157,-0.076209,0.043286,0.2392,-0.0197,-389.04
6.4021,42.57,12.926,7.405,1.7779,-0.075522,0.042955,0.2369,-0.0208,-366.13
6.4421,42.873,12.995,7.4096,1.766,-0.071847,0.040854,0.2352,-0.0214,-355.94
6.4821,43.176,13.074,7.378,1.7437,-0.10569,0.060105,0.2338,-0.0214,-354.27
6.5221,43.474,13.155,7.3702,1.7364,-0.123,0.070074,0.2334,-0.021,-360.57
6.5621,43.768,13.227,7.3371,1.726,-0.12297,0.069922,0.2331,-0.0204,-369.48
6.6021,44.05,13.284,7.3017,1.695,-0.10533,0.059873,0.2299,-0.0222,-337.65
6.6421,44.336,13.362,7.29,1.6942,-0.10435,0.059316,0.2301,-0.0216,-346.49
6.6822,44.634,13.466,7.302,1.7446,-0.097981,0.055682,0.2362,-0.0169,-444.23
6.7222,44.924,13.586,7.3025,1.8232,-0.10904,0.062067,0.2465,-0.0092,-818.12
6.7622,45.219,13.651,7.2834,1.7927,-0.11049,0.06278,0.2432,-0.0111,-675.75
6.8022,45.501,13.755,7.2745,1.8289,-0.1051,0.059703,0.2481,-0.0075,-1000.1
6.8422,45.792,13.833,7.2619,1.8226,-0.10963,0.062281,0.2478,-0.0075,-998.28
6.8822,46.073,13.924,7.2385,1.8545,-0.10485,0.059564,0.2526,-0.0038,-1966.4
6.9222,46.358,13.962,7.2355,1.7908,-0.11567,0.065821,0.2446,-0.0096,-776.44
6.9623,46.621,14.004,7.1515,1.6946,-0.12275,0.069717,0.2348,-0.0167,-440.09
7.0023,46.881,14.042,7.122,1.6366,-0.098382,0.055951,0.2276,-0.0217,-336.76
7.0423,47.172,14.208,7.2119,1.8451,-0.045134,0.025597,0.2505,-0.0028,-2658.6
7.0823,47.455,14.317,7.2112,1.8829,-0.039333,0.022327,0.2561,0.0013,5733
7.1223,47.756,14.383,7.2228,1.876,-0.040071,0.022745,0.2548,0.0005,14925
7.1623,48.041,14.482,7.2154,1.9068,-0.043144,0.024485,0.2591,0.0035,2132.3
7.2023,48.343,14.568,7.2315,1.9253,-0.084881,0.048172,0.2617,0.0052,1439.1
7.2423,48.599,14.572,7.1715,1.7688,-0.11619,0.066043,0.2439,-0.0079,-934.99
7.2824,48.887,14.638,7.1644,1.764,-0.12122,0.068896,0.2436,-0.0079,-933.96
7.3224,49.176,14.723,7.1628,1.77,-0.090547,0.051338,0.2439,-0.0074,-997.07
7.3624,49.469,14.819,7.1367,1.8193,-0.099759,0.056526,0.2514,-0.0017,-4332.3
7.4025,49.745,14.889,7.1143,1.8024,-0.099285,0.056218,0.2499,-0.0027,-2718.2
7.4424,50.017,14.971,7.0876,1.795,-0.10816,0.061316,0.25,-0.0025,-2924.5
7.4824,50.323,15.121,7.1081,1.9337,-0.072007,0.040659,0.2656,0.0091,809.49
7.5224,50.596,15.129,7.0545,1.7741,-0.10512,0.05952,0.2483,-0.0036,-2020.6
7.5625,50.875,15.208,7.035,1.7679,-0.10968,0.062065,0.2482,-0.0036,-2014.9
7.6025,51.151,15.249,6.9918,1.6924,-0.10561,0.059632,0.2394,-0.0099,-726.64
7.6425,51.427,15.311,6.9588,1.682,-0.079716,0.044973,0.2386,-0.0103,-695.07
7.6825,51.698,15.374,6.9275,1.661,-0.06301,0.035529,0.2365,-0.0116,-614.13
7.7225,51.974,15.45,6.9179,1.6647,-0.049861,0.028094,0.2371,-0.0109,-652.78
7.7625,52.228,15.585,6.9171,1.8495,-0.012817,0.0072128,0.2613,0.0127,563.79
7.8025,52.526,15.655,6.9595,1.8398,-0.056518,0.031809,0.2595,0.0108,666.53
7.8425,52.823,15.73,6.9758,1.8491,-0.049672,0.027906,0.2591,0.0103,700.65
7.8826,53.102,15.804,6.9649,1.8495,-0.052392,0.029412,0.2596,0.0103,699.64
7.9226,53.075,15.744,6.9101,1.6538,-0.060592,0.034049,0.2363,-0.0103,-689.83
7.9626,53.371,15.881,6.9627,1.7854,-0.10067,0.056557,0.2534,0.002,3594
8.0026,53.496,15.844,6.8854,1.5108,-0.10006,0.056191,0.2186,-0.0283,-249.09
8.0426,53.798,15.93,6.9624,1.5623,-0.060124,0.033725,0.2223,-0.0248,-287.72
8.0826,54.004,15.876,6.9409,1.1725,-0.075785,0.04258,0.1692,-0.0716,-98.313
8.1226,54.286,15.936,6.9348,1.2282,-0.049189,0.027552,0.1765,-0.0607,-116.03
8.1627,54.551,15.981,6.9765,1.192,-0.044024,0.024639,0.1703,-0.0646,-109.56
8.2027,55.244,15.975,6.9097,0.85098,-0.095446,0.053505,0.1242,-0.1011,-68.862
8.2427,55.548,16.038,6.935,0.85969,-0.052434,0.029302,0.1242,-0.0979,-71.38
8.2827,55.853,16.159,6.9528,0.95474,-0.072284,0.040377,0.1377,-0.0854,-82.179
8.3228,56.159,16.195,6.9808,0.91241,-0.076854,0.042909,0.1313,-0.0874,-80.551
8.3629,56.448,16.212,6.9533,0.73789,-0.085747,0.047838,0.1071,-0.1102,-63.451
8.4027,56.727,16.261,6.9631,0.71585,-0.072072,0.04019,0.1036,-0.1098,-63.751
8.4428,57.034,16.347,7.0008,0.77549,-0.065297,0.036395,0.1114,-0.1003,-70.226
8.4828,57.328,16.405,7.0153,0.79004,-0.046797,0.026071,0.1129,-0.0958,-73.691
8.5228,57.597,16.426,6.9348,0.70784,-0.10687,0.059498,0.1035,-0.1014,-68.746
8.5628,57.846,16.45,6.9136,0.70871,-0.09616,0.053589,0.1038,-0.0972,-71.501
8.6029,58.139,16.524,6.9516,0.77401,-0.051876,0.028853,0.1117,-0.087,-80.397
8.6429,58.443,16.558,7.0166,0.71203,-0.019771,0.010994,0.1015,-0.0937,-75.268
8.6829,58.708,16.546,6.8582,0.57399,-0.12221,0.067918,0.0855,-0.1047,-65.733
8.7229,58.974,16.666,6.9768,1.1223,-0.035589,0.019768,0.1601,-0.0191,-369.97
8.7629,59.263,16.698,6.9367,1.0765,-0.064121,0.035591,0.1551,-0.0225,-311.99
8.8029,59.575,16.745,7.0963,1.0379,-0.0069248,0.0038414,0.1453,-0.0321,-223.42
8.8429,59.793,16.695,6.9633,0.66467,-0.1086,0.060384,0.0969,-0.0806,-86.786
8.8829,60.078,16.733,6.8585,0.63132,-0.16471,0.091257,0.0945,-0.0801,-85.986
8.9229,60.329,16.901,6.7704,0.72141,-0.20449,0.11318,0.1097,-0.0576,-118.21
8.9629,60.602,16.924,6.6782,0.67496,-0.24917,0.13782,0.1051,-0.0593,-113.19
9.003,60.859,16.906,6.4109,0.48148,-0.44116,0.24377,0.0832,-0.0778,-82.634
9.043,61.09,16.941,6.2118,0.53836,-0.512,0.28274,0.0968,-0.0563,-110.75
9.083,61.321,16.966,6.0314,0.64765,-0.51922,0.28665,0.1184,-0.0259,-234.21
9.1231,61.569,16.938,5.8536,0.52194,-0.62865,0.34658,0.1034,-0.0352,-166.96
9.163,61.736,16.891,5.6457,0.32501,-0.93164,0.53429,0.0807,-0.0535,-105.7
9.203,61.935,16.846,5.497,0.15329,-1.0811,0.62292,0.0554,-0.0748,-73.518
9.243,62.141,16.871,5.3424,0.12287,-1.094,0.6318,0.0524,-0.0748,-71.442
9.283,62.248,16.771,4.8886,-0.21173,-1.67,0.99171,0.008,-0.1152,-42.476
9.3231,62.353,16.71,4.4526,-0.42921,-2.1266,1.306,-0.0187,-0.1324,-33.786
9.3631,62.472,16.715,3.3322,-0.37894,-2.1507,1.1468,0.0162,-0.0801,-41.868
9.4031,62.614,16.661,3.8428,-0.50155,-2.2932,1.5164,-0.0068,-0.0956,-40.537
9.4431,62.684,16.6,3.352,-0.77502,-2.6354,2.0119,-0.0195,-0.097,-35.468
9.4832,62.901,16.599,2.2542,-0.69753,-2.4731,1.2566,-0.0249,-0.0976,-24.176
9.5231,63.076,16.584,1.8394,-0.82801,-2.5722,1.2603,-0.0362,-0.103,-19.584
9.5632,63.289,16.129,2.8791,-1.0061,-2.9192,2.0348,-0.1008,-0.1559,-19.562
9.6032,63.382,16.128,2.6216,-1.0891,-2.847,2.1098,-0.107,-0.1559,-18.209
9.6432,63.505,16.032,3.3974,-3.3068,-2.59,1.7942,-0.12591,-0.16167,-29.325
9.6832,63.644,15.897,3.4428,-2.9737,-2.3333,1.4788,-0.1448,-0.16743,-27.171
9.7232,63.77,15.828,2.758,-0.090254,-2.0763,1.1633,-0.1637,-0.1732,-15.932
9.7632,63.864,15.794,2.623,-0.066232,-2.1111,1.1856,-0.1707,-0.1732,-15.149
9.8032,64.026,15.634,3.0711,-0.61767,-0.56498,0.31257,-0.1985,-0.1831,-17.109
9.8432,64.144,15.602,3.0235,-0.63077,-0.56692,0.31338,-0.2057,-0.1831,-16.868
9.8832,64.224,15.599,3.0425,-0.65536,-0.13191,0.072145,-0.2067,-0.1772,-17.564
9.9233,64.276,15.571,3.1546,-0.63189,0.34497,-0.18829,-0.2109,-0.1739,-18.501
9.9633,64.402,15.56,3.1648,-0.65674,0.35756,-0.19509,-0.2178,-0.1739,-18.587
******-------------------------------------------------------------------------------------------------------------------****** 
TargetID: ID12
Target can not be processed due to lack of Data
******-------------------------------------------------------------------------------------------------------------------****** 
TargetID: ID05
Target can not be processed due to lack of Data
******-------------------------------------------------------------------------------------------------------------------****** 
