******-------------------------------------------------------------------------------------------------------------------****** 
Duration of the scene is: 62.4368 seconds
Original Targets Numbers in the hole Scene: 10
Number of Targets in the hole Scene after preprocessing: 26
Number of static portions: 1
******-------------------------------------------------------------------------------------------------------------------****** 
TargetID: ID01
Relevancy: 0
tj = Inf
Label: -1
Comment: Target is irrelevant as it is not crossing the estimated holding line
DATA:
22.644,-0,-0,11.596,0.00042378,0.30739,0.11824,0,-0.0742,-156.29
22.69,0.46159,-0.19541,11.65,-0.5141,0.3561,0.13368,-0.0438,-0.1255,-92.917
22.722,0.97414,-0.22419,11.702,-0.58406,0.39741,0.14527,-0.0496,-0.1262,-92.838
22.768,1.3679,-0.26684,11.547,-0.52084,0.16677,0.059475,-0.045,-0.1145,-100.95
22.8,1.7825,-0.51384,11.528,-1.0083,0.20433,0.07118,-0.0874,-0.158,-73.238
22.846,2.2121,-0.82679,11.518,-1.6776,0.3086,0.10504,-0.1449,-0.2151,-54.113
22.88,2.6787,-0.93273,11.528,-1.8304,0.3495,0.11627,-0.1575,-0.2192,-53.249
22.924,3.1413,-0.95192,11.539,-1.8029,0.38821,0.12593,-0.1546,-0.2066,-56.531
22.956,3.5972,-1.1862,11.567,-2.1524,0.47442,0.15091,-0.1844,-0.2283,-51.534
23.003,4.0642,-1.4223,11.583,-2.5028,0.59357,0.18462,-0.2133,-0.2477,-47.842
23.049,4.5447,-1.6005,11.609,-2.8028,0.72189,0.21931,-0.2376,-0.2613,-45.705
23.081,4.9885,-1.5814,11.588,-2.5101,0.53051,0.15688,-0.2128,-0.2268,-52.279
23.127,5.4382,-1.6442,11.594,-2.5389,0.54619,0.15731,-0.2156,-0.2204,-53.853
23.159,5.9115,-1.7719,11.629,-2.6728,0.64477,0.18054,-0.2259,-0.221,-53.991
23.205,6.3766,-1.959,11.674,-2.8694,0.80482,0.21868,-0.2403,-0.225,-53.429
23.237,6.8607,-1.9205,11.656,-2.4214,0.60316,0.15859,-0.2043,-0.1836,-64.843
23.283,7.3215,-2.0038,11.673,-2.4946,0.64532,0.16405,-0.2105,-0.1821,-65.551
23.33,7.7946,-2.0709,11.713,-2.5062,0.73265,0.17976,-0.2114,-0.1755,-68.252
23.361,8.2631,-2.2152,11.756,-2.6339,0.84526,0.1994,-0.2204,-0.1764,-68.294
23.409,8.7449,-2.3283,11.791,-2.7331,0.92726,0.20971,-0.2278,-0.176,-68.773
23.44,9.2075,-2.2093,11.707,-2.1261,0.60598,0.13063,-0.1792,-0.1277,-93.177
23.486,8.0386,-2.0082,11.711,-2.1926,0.61649,0.12614,-0.1819,-0.1255,-94.94
23.52,8.498,-2.045,11.724,-2.2245,0.68551,0.1323,-0.1841,-0.1223,-97.573
23.564,8.9599,-2.1217,11.748,-2.2676,0.73116,0.13241,-0.1871,-0.1202,-99.543
23.611,9.4211,-2.1743,11.766,-2.3012,0.75939,0.12791,-0.1896,-0.1177,-101.86
23.642,9.8869,-2.3152,11.794,-2.3914,0.76144,0.11833,-0.1966,-0.1198,-100.45
23.689,10.353,-2.4449,11.808,-2.4656,0.75661,0.10715,-0.2025,-0.1209,-99.772
23.72,10.819,-2.5385,11.807,-2.4559,0.72029,0.09175,-0.202,-0.1163,-103.69
23.767,11.264,-2.6362,11.807,-2.4729,0.71158,0.080615,-0.2036,-0.1139,-105.91
23.799,11.72,-2.6942,11.81,-2.4723,0.71215,0.070677,-0.2036,-0.1098,-109.89
23.845,12.189,-2.7499,11.825,-2.4712,0.72853,0.06217,-0.2033,-0.1053,-114.72
23.876,12.651,-2.8016,11.83,-2.4428,0.72048,0.051774,-0.2011,-0.0997,-121.16
23.923,13.099,-2.8822,11.842,-2.4454,0.75003,0.043885,-0.2011,-0.0965,-125.3
23.97,13.55,-2.9244,11.829,-2.3217,0.70124,0.031822,-0.1917,-0.0854,-141.15
24.001,13.993,-2.9614,11.818,-2.2316,0.68583,0.022262,-0.1847,-0.077,-156.19
24.048,14.447,-2.9827,11.791,-2.1409,0.60183,0.011823,-0.1781,-0.0691,-173.42
24.079,14.902,-3.0608,11.813,-2.1478,0.64067,0.0041288,-0.1783,-0.0671,-178.94
24.126,15.338,-3.0859,11.795,-2.0599,0.61686,-0.0043546,-0.1716,-0.0597,-200.56
24.157,15.762,-3.1105,11.749,-1.943,0.54783,-0.011434,-0.1629,-0.0516,-230.79
24.204,16.238,-3.2339,11.806,-2.0073,0.63172,-0.022099,-0.1673,-0.0533,-224.67
24.25,16.702,-3.3045,11.835,-1.9814,0.67131,-0.032967,-0.1649,-0.0497,-241.44
24.282,17.28,-3.3916,11.965,-1.9457,0.85201,-0.053808,-0.1602,-0.0428,-283.22
24.328,17.727,-3.3984,11.967,-1.813,0.85169,-0.06588,-0.1496,-0.0333,-363.48
24.36,18.162,-3.3761,11.915,-1.6711,0.73445,-0.067308,-0.1389,-0.0245,-491.08
24.407,18.621,-3.4304,11.94,-1.7456,0.72159,-0.076623,-0.1448,-0.0281,-429.41
24.438,19.083,-3.5033,11.942,-1.7514,0.67869,-0.082106,-0.1454,-0.028,-431.05
24.484,19.549,-3.5576,11.956,-1.7424,0.65904,-0.089579,-0.1446,-0.0265,-455.95
24.516,19.928,-3.4995,11.807,-1.4626,0.44399,-0.067008,-0.1234,-0.0113,-1052.9
24.562,20.338,-3.4877,11.758,-1.4117,0.35952,-0.059714,-0.1197,-0.0086,-1377
24.61,20.807,-3.5459,11.787,-1.4448,0.3714,-0.067386,-0.1223,-0.01,-1187.5
24.641,21.263,-3.577,11.803,-1.4633,0.37103,-0.07316,-0.1237,-0.0105,-1132.7
24.687,21.689,-3.5951,11.719,-1.4135,0.24372,-0.051942,-0.1203,-0.0086,-1372.6
24.72,22.142,-3.6595,11.739,-1.4586,0.23199,-0.053238,-0.124,-0.0109,-1085.2
24.765,22.602,-3.6928,11.707,-1.4167,0.18292,-0.04503,-0.1207,-0.0084,-1403.8
24.797,23.068,-3.7334,11.706,-1.3849,0.18329,-0.048184,-0.1181,-0.0063,-1871
24.853,23.516,-3.742,11.645,-1.2764,0.13497,-0.037771,-0.1095,-0.0003,-39048
24.89,23.991,-3.7983,11.682,-1.2833,0.15836,-0.047024,-0.1098,-0.0001,-1.1752e+05
24.922,24.421,-3.7807,11.578,-1.1484,0.09188,-0.028882,-0.0991,0.0069,1686.2
24.968,24.878,-3.8256,11.572,-1.1438,0.07879,-0.026159,-0.0988,0.0069,1685.2
25,25.324,-3.8627,11.574,-1.1566,0.07489,-0.026202,-0.0999,0.0059,1971.4
25.046,25.844,-3.9694,11.696,-1.2449,0.14734,-0.054205,-0.1066,0.0016,7351.1
25.078,26.308,-4.0329,11.762,-1.3224,0.16374,-0.063246,-0.1126,-0.0025,-4734.3
25.124,26.749,-4.0675,11.74,-1.3084,0.12795,-0.05182,-0.1115,-0.0018,-6562.7
25.171,27.211,-4.1307,11.794,-1.3349,0.15536,-0.065865,-0.1133,-0.0026,-4565
25.202,27.699,-4.194,11.859,-1.3533,0.1848,-0.081896,-0.1144,-0.0028,-4262.8
25.249,28.18,-4.2551,11.899,-1.3765,0.18629,-0.086166,-0.116,-0.0037,-3237.4
25.28,28.632,-4.3049,11.861,-1.3573,0.1599,-0.07711,-0.1147,-0.0031,-3851.1
25.327,29.13,-4.3706,11.921,-1.36,0.17685,-0.088831,-0.1145,-0.0023,-5216.8
25.358,29.472,-4.3189,11.764,-1.1254,0.15961,-0.083391,-0.0963,0.0127,930.49
25.405,30.01,-4.3756,11.83,-1.1165,0.17194,-0.093356,-0.0951,0.0138,861.03
25.436,30.55,-4.4581,11.96,-1.2149,0.19113,-0.10778,-0.1024,0.0074,1624.5
25.483,31.035,-4.5056,12.004,-1.2247,0.1934,-0.1132,-0.1029,0.007,1723.8
25.53,31.55,-4.5774,12.104,-1.275,0.20282,-0.12313,-0.1062,0.0041,2968.5
25.561,31.948,-4.6207,13.02,-1.4477,0.18065,-0.11221,-0.10709,0.0028889,4534.6
25.608,32.558,-4.6895,13.02,-1.4748,0.14802,-0.096136,-0.10841,0.0011059,11849
25.639,32.954,-4.734,12.11,-1.3399,0.12596,-0.085266,-0.1093,-0.0001,-1.2184e+05
******-------------------------------------------------------------------------------------------------------------------****** 
TargetID: ID15
Target can not be processed due to lack of Data
******-------------------------------------------------------------------------------------------------------------------****** 
TargetID: ID17
Target can not be processed due to lack of Data
******-------------------------------------------------------------------------------------------------------------------****** 
TargetID: ID18
Relevancy: 0
tj = Inf
Label: -1
Comment: Target is irrelevant as it is not crossing the estimated holding line
DATA:
44.609,0,0,NaN,NaN,NaN,NaN,0,NaN,NaN
44.64,0.55661,0.68935,NaN,NaN,NaN,NaN,0.3036,NaN,NaN
44.687,0.97772,0.65104,NaN,NaN,NaN,NaN,0.2308,NaN,NaN
44.719,1.3296,-0.10456,NaN,NaN,NaN,NaN,-0.1115,NaN,NaN
44.765,1.786,-0.19169,NaN,NaN,NaN,NaN,-0.124,NaN,NaN
44.797,2.2567,-0.35341,NaN,NaN,NaN,NaN,-0.1603,NaN,NaN
44.843,2.6868,-0.44034,NaN,NaN,NaN,NaN,-0.1648,NaN,NaN
44.89,3.2095,0.0188,NaN,NaN,NaN,NaN,-0.0143,NaN,NaN
44.925,3.6399,-0.16449,NaN,NaN,NaN,NaN,-0.0599,NaN,NaN
44.967,3.9836,0.31789,11.362,-0.66678,0,0,-0.0586,0,Inf
44.999,4.4346,0.22994,11.309,-0.83827,-0.013994,0.012778,-0.074,0.0015,7560
45.046,4.9157,0.39634,11.348,-0.33672,-0.015659,0.01431,-0.0297,0.0064,1773.9
45.077,5.3793,0.38846,11.335,-0.34192,-0.054578,0.049915,-0.0301,0.0073,1553.5
45.124,5.8787,0.30044,11.323,-0.54425,-0.076047,0.069606,-0.048,0.0041,2764.8
45.17,6.3261,0.28937,11.283,-0.50415,-0.08635,0.079088,-0.0446,0.0072,1568.7
45.202,6.8224,0.55417,11.334,0.13269,-0.067986,0.062291,0.0117,0.0412,275.11
45.248,7.2729,0.55435,11.307,0.1483,-0.087369,0.080067,0.0132,0.0428,264.21
45.28,7.7259,0.56865,11.289,0.18052,-0.096224,0.088205,0.0159,0.0443,254.87
45.326,7.6766,1.06,11.178,-0.33815,-0.11981,0.10986,-0.0297,-0.0034,-3289.1
45.358,8.0941,0.91972,11.087,-0.62474,-0.14385,0.13202,-0.0557,-0.0301,-368.91
45.404,8.5462,0.93817,11.08,-0.54928,-0.13164,0.12086,-0.049,-0.0206,-538.51
45.451,8.9793,0.92145,11.061,-0.49058,-0.12519,0.11493,-0.0438,-0.0162,-683.45
45.482,9.426,0.90686,11.039,-0.48788,-0.11779,0.10809,-0.0437,-0.0147,-751.7
45.529,9.8179,0.78055,10.96,-0.81779,-0.14672,0.13483,-0.0739,-0.0567,-193.83
45.56,10.255,0.73619,10.932,-0.84025,-0.15308,0.14066,-0.0761,-0.0567,-193.38
45.607,10.721,0.78211,10.978,-0.63597,-0.10983,0.10073,-0.0579,-0.0267,-411.86
45.639,11.145,0.65822,10.91,-0.9249,-0.12717,0.11675,-0.084,-0.059,-185.58
45.685,11.575,0.71105,10.936,-0.65867,-0.097384,0.089368,-0.0597,-0.0264,-414.98
45.717,12.037,0.72639,10.965,-0.54192,-0.087809,0.080606,-0.049,-0.0101,-1086.9
45.763,12.497,0.82863,11.014,-0.22363,-0.066687,0.061174,-0.0203,0.0278,396.29
45.81,12.916,0.70582,10.926,-0.52293,-0.085625,0.078563,-0.0475,-0.0085,-1286.9
45.841,13.337,0.71428,10.913,-0.40611,-0.077396,0.071014,-0.0369,0.0026,4200.4
45.888,13.774,0.80578,10.96,-0.073501,-0.056878,0.052191,-0.0065,0.0371,295.43
45.922,14.129,0.81772,10.974,-0.0005602,-0.048436,0.044455,0.0002,0.0444,247.17
45.966,14.2,0.80003,10.966,-0.052117,-0.049471,0.045411,-0.0044,0.0378,290.12
45.998,14.629,0.79992,10.959,-0.01629,-0.04843,0.044468,-0.0011,0.0381,287.63
46.044,15.078,0.84336,10.986,0.11993,-0.042078,0.038625,0.0113,0.0496,221.51
46.091,15.553,0.96999,11.061,0.45879,-0.034268,0.031463,0.0417,0.0779,142.12
46.122,15.989,0.96744,11.046,0.35923,-0.032498,0.029831,0.0328,0.0624,177.11
46.169,16.383,0.91051,10.986,0.16688,-0.030312,0.027823,0.0154,0.0405,271.3
46.2,17.086,0.6668,10.955,0.11818,-0.031251,0.028685,0.011,0.0359,305.16
46.247,17.489,0.69271,10.504,-0.76519,-0.11589,0.10649,-0.072,-0.0525,-200.61
46.278,17.92,0.57843,10.522,-0.71053,-0.097889,0.08985,-0.0668,-0.0453,-232.81
46.325,18.332,0.55089,10.497,-0.71101,-0.0983,0.090309,-0.067,-0.0441,-238.58
46.357,18.73,0.54696,10.505,-0.66512,-0.087893,0.080678,-0.0627,-0.0379,-277.73
46.403,19.155,0.54391,10.52,-0.63461,-0.077067,0.070741,-0.0597,-0.0344,-306.36
46.45,19.598,0.50637,10.54,-0.61253,-0.065719,0.060341,-0.0576,-0.0306,-345.03
46.481,19.955,0.51564,10.55,-0.52265,-0.060927,0.055928,-0.0491,-0.0206,-512.77
46.527,20.425,0.45983,10.562,-0.44284,-0.056347,0.051723,-0.0415,-0.0119,-888.36
46.559,20.923,0.47901,10.578,-0.42384,-0.048122,0.044171,-0.0397,-0.0097,-1091.4
46.607,21.363,0.48098,10.603,-0.39454,-0.041562,0.03815,-0.0369,-0.0064,-1657.9
46.637,21.756,0.51379,10.546,-0.49418,-0.048643,0.044649,-0.0465,-0.0157,-672.48
46.684,21.963,0.54957,10.534,-0.49552,-0.048535,0.044553,-0.0466,-0.015,-703.01
46.73,22.354,0.54533,10.542,-0.44621,-0.045098,0.041398,-0.0419,-0.0098,-1076.6
46.762,22.755,0.55312,10.532,-0.47541,-0.043535,0.039965,-0.0447,-0.0124,-850.21
46.808,23.103,0.5058,10.39,-0.7862,-0.066334,0.060896,-0.0749,-0.0406,-256.63
46.84,23.515,0.49256,10.405,-0.77817,-0.056654,0.052008,-0.0741,-0.0394,-264.81
46.886,23.966,0.50501,10.432,-0.71175,-0.053114,0.048757,-0.0676,-0.0311,-336.22
46.918,24.365,0.50046,10.411,-0.67138,-0.059255,0.054397,-0.0638,-0.0257,-405.95
46.964,24.783,0.50682,10.44,-0.5772,-0.054465,0.05,-0.0547,-0.0154,-678.98
47.011,25.212,0.52925,10.504,-0.46578,-0.042076,0.038626,-0.0439,-0.0046,-2285.8
47.042,25.646,0.55109,10.538,-0.34604,-0.038848,0.035662,-0.0324,0.0071,1485
47.089,25.944,0.5571,10.559,-0.31205,-0.033537,0.030787,-0.0292,0.0098,1077.9
47.121,26.38,0.55951,10.584,-0.2683,-0.028019,0.025721,-0.025,0.0131,808.2
47.167,26.823,0.5762,10.59,-0.24136,-0.026769,0.024573,-0.0225,0.015,706.21
47.199,27.27,0.59719,10.619,-0.17959,-0.023332,0.021418,-0.0166,0.0199,533.7
47.245,27.732,0.63082,10.653,-0.12047,-0.020625,0.018933,-0.0111,0.0243,438.43
47.277,28.19,0.63795,10.688,-0.097427,-0.017605,0.016162,-0.0089,0.0254,420.81
47.323,28.619,0.62479,10.675,-0.097455,-0.019062,0.0175,-0.0089,0.0246,433.98
47.37,29.038,0.60513,10.648,-0.13634,-0.021145,0.019412,-0.0126,0.0206,516.91
47.402,29.469,0.623,10.663,-0.070238,-0.019895,0.018263,-0.0063,0.0256,416.54
47.448,29.911,0.65377,10.72,0.0019076,-0.014584,0.013387,0.0003,0.0305,351.49
47.479,30.351,0.74701,10.752,0.11924,-0.013646,0.012527,0.0113,0.0393,273.6
47.526,30.811,0.81853,10.827,0.30705,-0.010729,0.0098496,0.0285,0.0533,203.21
47.557,31.274,0.86962,10.893,0.45313,-0.0090636,0.0083194,0.0417,0.0628,173.61
47.604,31.731,0.8971,10.915,0.47384,-0.0086464,0.0079366,0.0435,0.0623,175.36
47.651,32.175,0.91696,10.905,0.47215,-0.0082302,0.0075541,0.0434,0.0601,181.61
47.682,32.631,0.95337,10.939,0.53109,-0.0075004,0.0068849,0.0486,0.0625,175.24
47.729,33.136,1.0005,11.038,0.63069,-0.0082302,0.0075541,0.0572,0.0675,163.79
47.76,33.584,1.0301,11.049,0.66592,-0.0075004,0.0068849,0.0603,0.0678,163.27
47.807,34.028,1.0572,11.08,0.69586,-0.0075004,0.0068849,0.0628,0.0676,164.23
47.838,34.515,1.0925,11.146,0.74955,-0.0094798,0.0087019,0.0673,0.069,161.9
47.885,34.956,1.1191,11.176,0.76904,-0.0096884,0.0088932,0.0688,0.068,164.75
47.916,35.406,1.1463,11.203,0.79337,-0.010941,0.010041,0.0706,0.0674,166.63
47.963,35.841,1.1679,11.186,0.80255,-0.010212,0.0093706,0.0715,0.0659,170.17
48.01,36.274,1.1873,11.175,0.79766,-0.0093781,0.0086064,0.0711,0.0634,176.7
48.041,36.756,1.2263,11.249,0.82978,-0.011775,0.010805,0.0735,0.0631,178.75
48.088,37.133,1.25,11.267,0.85025,-0.012608,0.01157,0.0752,0.0624,181.08
48.119,37.578,1.2682,11.271,0.83803,-0.012087,0.011092,0.0741,0.0594,190.27
48.166,38.13,1.3022,12.365,0.64407,-0.015455,0.014182,0.074558,0.05775,214.41
48.197,38.527,1.3214,12.777,0.58316,-0.017734,0.016272,0.074869,0.056633,225.84
48.244,39.128,1.3484,12.897,0.59731,-0.021109,0.019368,0.075328,0.05498,234.83
48.29,39.719,1.3789,12.438,0.73531,-0.024472,0.022453,0.075785,0.053332,233.62
48.322,40.106,1.4049,11.786,0.90188,-0.026784,0.024573,0.0761,0.0522,226.45
48.368,40.565,1.4305,11.764,0.90796,-0.02522,0.023139,0.0767,0.0512,230.45
48.4,41.034,1.4449,11.776,0.90627,-0.023866,0.021896,0.0765,0.0499,236.69
48.447,41.499,1.4664,11.766,0.90353,-0.022301,0.020462,0.0764,0.0481,245.33
48.478,41.959,1.4843,11.748,0.89476,-0.020113,0.018454,0.0758,0.046,256.13
48.524,42.411,1.5064,11.704,0.89756,-0.017612,0.016159,0.0763,0.0451,260.27
48.571,42.858,1.5279,11.658,0.89431,-0.014798,0.013578,0.0764,0.0438,266.94
48.603,43.286,1.5479,11.568,0.88668,-0.01042,0.009562,0.0764,0.0426,272.35
48.65,43.748,1.5854,11.578,0.90799,-0.010941,0.010041,0.0781,0.0426,272.62
48.681,43.099,1.2256,11.069,0.20143,0.0071888,-0.0065988,0.0183,0.0426,259.89
48.727,43.369,1.5403,2.1712,11.236,-0.027332,0.025004,0.076492,0.072538,157.76
48.759,43.418,1.9148,1.7141,11.577,-0.050709,0.046403,0.1159,0.092811,126.1
48.805,43.633,2.2686,9.2007,1.6321,-0.085058,0.077849,0.1738,0.1226,76.219
48.853,44.103,2.1973,9.4713,1.2768,-0.041394,0.037947,0.1332,0.0161,593.6
48.883,44.64,2.2553,9.9219,1.7314,-0.21395,0.19519,0.169,0.2533,39.762
48.93,45.049,2.2742,9.8146,1.8658,-0.17705,0.16165,0.1847,0.2965,33.694
48.961,45.46,2.2859,9.7303,1.9995,-0.1319,0.12058,0.2002,0.3255,30.518
49.008,45.957,2.1929,10.114,1.6169,-0.12361,0.11308,0.1565,0.2273,45.06
49.04,46.425,2.188,10.337,1.5264,-0.12757,0.11671,0.1446,0.1853,56.388
49.086,46.922,2.1172,10.608,1.2413,-0.078856,0.072248,0.1153,0.1142,93.527
49.118,47.417,2.0524,10.841,0.98481,-0.029601,0.027152,0.0902,0.0584,186.39
49.164,47.925,1.9316,11.09,0.60577,0.046649,-0.042854,0.0552,-0.0046,-2414.4
49.211,48.509,1.6609,11.579,-0.34176,0.285,-0.26198,-0.0264,-0.1396,-82.977
49.243,48.783,1.6875,11.071,0.28075,0.077548,-0.071274,0.0263,-0.0255,-434.28
49.289,49.233,1.6612,11.132,0.18893,0.087637,-0.080557,0.0181,-0.0356,-312.73
49.32,49.682,1.6468,11.155,0.13248,0.088782,-0.081608,0.013,-0.0389,-286.78
49.367,50.174,1.5845,11.156,-0.067583,0.085873,-0.078926,-0.005,-0.0533,-209.31
49.398,50.598,1.6873,11.03,0.2181,0.042175,-0.038739,0.0203,-0.0024,-4596.6
49.445,51.066,1.6927,11.124,0.063949,0.054873,-0.050411,0.0064,-0.0234,-475.38
49.477,52.375,1.7922,10.673,-0.087093,0.047066,-0.043235,-0.0075,-0.0111,-961.58
49.523,52.647,1.6634,10.517,0.24487,0.034366,-0.031564,0.0238,0.0039,2697.5
49.57,52.965,1.7102,10.485,0.34347,0.025309,-0.023242,0.0331,-0.0067,-1565.7
49.601,53.405,1.6936,10.434,0.15384,0.061109,-0.056155,0.0156,-0.0739,-141.21
******-------------------------------------------------------------------------------------------------------------------****** 
TargetID: ID20
Target can not be processed due to lack of Data
******-------------------------------------------------------------------------------------------------------------------****** 
TargetID: ID21
Target can not be processed due to lack of Data
******-------------------------------------------------------------------------------------------------------------------****** 
TargetID: ID22
Target can not be processed due to lack of Data
******-------------------------------------------------------------------------------------------------------------------****** 
TargetID: ID23
Target can not be processed due to lack of Data
******-------------------------------------------------------------------------------------------------------------------****** 
TargetID: ID24
Target can not be processed due to lack of Data
******-------------------------------------------------------------------------------------------------------------------****** 
TargetID: ID25
Relevancy: 0
tj = Inf
Label: -1
Comment: Target is irrelevant as it is not crossing the estimated holding line
DATA:
49.118,0,0,NaN,NaN,NaN,NaN,0,NaN,NaN
49.164,0.19887,1.6034,NaN,NaN,NaN,NaN,0.638,NaN,NaN
49.211,0.71195,1.7935,NaN,NaN,NaN,NaN,0.5542,NaN,NaN
49.243,1.1457,2.062,NaN,NaN,NaN,NaN,0.5542,NaN,NaN
49.289,1.6321,1.7891,NaN,NaN,NaN,NaN,0.396,NaN,NaN
49.32,2.0658,1.9705,NaN,NaN,NaN,NaN,0.396,NaN,NaN
49.367,2.511,2.1622,NaN,NaN,NaN,NaN,0.3952,NaN,NaN
49.398,2.9335,1.6363,NaN,NaN,NaN,NaN,0.2246,NaN,NaN
49.445,3.3636,1.1921,NaN,NaN,NaN,NaN,0.0888,NaN,NaN
49.477,3.7921,0.47,NaN,NaN,NaN,NaN,-0.0977,NaN,NaN
49.523,4.1982,0.52483,NaN,NaN,NaN,NaN,-0.0741,NaN,NaN
49.57,4.4901,1.5932,10.665,0.63034,0,0,0.059,0,Inf
49.601,4.8919,1.856,10.643,1.1725,-0.012198,0.0094247,0.1097,0.0008,13385
49.647,5.3371,2.0402,10.656,1.4434,-0.079789,0.06165,0.1347,-0,-Inf
49.679,5.7449,2.4482,10.659,2.1472,-0.14785,0.1142,0.1987,-0,-Inf
49.726,6.1831,2.5391,10.689,2.1326,-0.18765,0.14499,0.1971,-0.0026,-4192.3
49.757,6.6293,2.5041,10.708,1.8785,-0.1825,0.14101,0.1738,-0.0084,-1294.3
49.804,7.0836,2.6185,10.73,1.9248,-0.17322,0.13383,0.1776,-0.0036,-3028
49.85,7.5139,2.6372,10.69,1.8124,-0.15587,0.12043,0.1681,-0.0003,-36141
49.882,7.9448,2.7686,10.689,1.9265,-0.14972,0.1157,0.1784,0.0112,969.72
49.928,8.3685,2.7684,10.651,1.7782,-0.14122,0.10911,0.1655,0.0044,2454.3
49.96,8.795,2.775,10.621,1.6352,-0.1335,0.10314,0.1529,-0.0049,-2193
50.006,9.2092,2.7212,10.557,1.3589,-0.12924,0.099871,0.1281,-0.0288,-369.6
50.038,9.6526,3.0169,10.597,1.8999,-0.11212,0.086652,0.1775,0.0327,329.25
50.085,10.071,2.9561,10.558,1.5835,-0.11335,0.087593,0.149,-0.0013,-8212.4
50.131,10.507,2.923,10.523,1.3221,-0.11514,0.088976,0.1251,-0.0254,-417.56
50.163,10.924,2.9354,10.489,1.2093,-0.10977,0.084826,0.1149,-0.0357,-295.76
50.209,11.336,2.8207,10.415,0.72394,-0.12721,0.098327,0.0695,-0.0884,-118.1
50.241,11.768,2.9193,10.424,0.83181,-0.098909,0.076449,0.0797,-0.0702,-148.96
50.287,12.189,2.9216,10.403,0.71859,-0.096216,0.074383,0.069,-0.0789,-132.16
50.319,12.662,3.1251,10.462,1.0257,-0.069143,0.053452,0.0978,-0.0356,-295.29
50.365,13.082,3.2217,10.446,1.1628,-0.062768,0.048522,0.1109,-0.0177,-593.81
50.397,13.494,3.0405,10.379,0.55692,-0.095427,0.073787,0.0537,-0.081,-128.33
50.443,13.907,2.956,10.324,0.2633,-0.10772,0.083313,0.0256,-0.1084,-95.269
50.49,14.308,2.8716,10.259,-0.031813,-0.12035,0.0931,-0.003,-0.1352,-75.883
50.521,14.718,2.8184,10.22,-0.22192,-0.12202,0.09441,-0.0216,-0.1488,-68.7
50.568,15.127,2.8098,10.187,-0.30546,-0.12133,0.093923,-0.0299,-0.1512,-67.402
50.6,15.533,2.8172,10.156,-0.33553,-0.11998,0.092909,-0.033,-0.1485,-68.427
50.646,15.929,2.6752,10.1,-0.64441,-0.1326,0.10271,-0.0638,-0.1732,-58.435
50.678,16.332,2.6254,10.072,-0.75599,-0.13033,0.10101,-0.0748,-0.1769,-57.099
50.725,16.736,2.6087,10.052,-0.78987,-0.1255,0.097325,-0.0783,-0.1734,-58.152
50.771,17.142,2.6807,10.036,-0.67203,-0.12168,0.094403,-0.0668,-0.1563,-64.356
50.803,17.546,2.65,10.016,-0.73807,-0.11986,0.093057,-0.0736,-0.1565,-64.176
50.849,17.959,2.922,10.005,-0.23839,-0.1004,0.078013,-0.0239,-0.1069,-93.622
50.881,18.377,2.934,10.008,-0.26656,-0.098337,0.0765,-0.0266,-0.1044,-95.892
50.927,18.783,2.8367,9.9977,-0.52652,-0.1061,0.082636,-0.0525,-0.1224,-81.793
50.958,19.182,2.8167,9.9847,-0.5734,-0.10192,0.079492,-0.0574,-0.1223,-81.776
51.005,19.584,2.7912,9.9766,-0.6242,-0.095956,0.074953,-0.0624,-0.1223,-81.735
51.052,19.98,2.6938,9.9614,-0.82027,-0.093453,0.073101,-0.0821,-0.1342,-74.479
51.083,20.377,2.7647,9.9606,-0.67367,-0.080496,0.063054,-0.0676,-0.1187,-84.105
51.13,19.407,3.4017,9.9581,-0.60606,-0.071057,0.055765,-0.06,-0.108,-92.375
51.161,19.805,3.4177,9.9782,-0.50911,-0.05546,0.043595,-0.0504,-0.0963,-103.75
51.208,20.187,3.347,9.9598,-0.65298,-0.062968,0.049616,-0.0648,-0.1047,-95.331
51.239,20.57,3.2147,9.938,-0.7931,-0.066802,0.052747,-0.0789,-0.1123,-88.777
51.286,20.959,3.3043,9.9621,-0.50314,-0.047689,0.037701,-0.0499,-0.0865,-115.32
51.317,21.35,3.3116,9.904,-0.40539,-0.078766,0.062455,-0.04,-0.0765,-129.57
51.364,21.754,3.3844,9.9006,-0.23213,-0.066528,0.052845,-0.0227,-0.0622,-159.22
51.411,22.168,3.4486,9.9102,-0.11883,-0.058735,0.04675,-0.0113,-0.051,-194.33
51.442,22.576,3.474,9.9247,-0.054087,-0.048524,0.038699,-0.0049,-0.0446,-222.53
51.489,22.985,3.5069,9.9293,-0.0059959,-0.043735,0.034956,-0.0001,-0.0389,-255.25
51.52,23.38,3.4871,9.9153,-0.028005,-0.046788,0.037484,-0.0023,-0.0387,-256.21
51.566,23.409,3.5752,9.9367,0.17433,-0.035498,0.028496,0.0181,-0.0225,-441.7
51.6,24.042,3.5817,9.9467,0.22256,-0.027542,0.022157,0.0228,-0.0184,-540.72
51.645,24.452,3.6578,9.9478,0.32495,-0.024988,0.020146,0.033,-0.0103,-966.32
51.679,25.186,3.5402,9.9599,0.26883,-0.017712,0.014306,0.0272,-0.0148,-673.21
51.723,25.265,3.5692,9.942,0.41423,-0.021213,0.017167,0.0419,-0.0034,-2926.6
51.769,25.655,3.5725,9.9403,0.4017,-0.017902,0.014519,0.0406,-0.0045,-2210.8
51.801,26.065,3.6245,9.9528,0.45063,-0.014925,0.012129,0.0455,-0.0008,-12454
51.847,26.446,3.597,9.9234,0.41187,-0.018531,0.015091,0.0417,-0.0034,-2921.2
51.879,26.845,3.6762,9.9496,0.53415,-0.013587,0.011083,0.0538,0.0057,1748.1
51.925,27.272,3.7632,9.9698,0.66072,-0.0086502,0.007069,0.0663,0.0147,679.71
51.957,27.677,3.8276,9.9709,0.72788,-0.0085358,0.0069866,0.073,0.0191,523.42
52.004,28.078,3.8558,9.9615,0.73385,-0.009403,0.0077127,0.0737,0.0194,514.87
52.05,28.472,3.8764,9.9606,0.73741,-0.00721,0.0059266,0.074,0.019,525.68
52.081,28.873,3.941,9.9557,0.79208,-0.0073135,0.0060231,0.0795,0.0224,445.86
52.128,29.27,4.0008,9.9537,0.82317,-0.0071993,0.0059398,0.0826,0.024,416.15
52.16,29.757,4.0882,9.9579,0.92284,-0.0052317,0.0043249,0.0925,0.0309,323.64
52.206,30.143,4.1833,9.9836,1.0632,-0.0037031,0.0030664,0.1061,0.0402,249.75
52.239,30.533,4.2326,9.9575,1.0828,-0.0040277,0.0033406,0.1084,0.0408,245.49
52.284,30.951,4.319,9.9693,1.1653,-0.0038075,0.0031632,0.1164,0.0457,219.63
52.331,31.296,4.4259,10.012,1.3243,-0.006413,0.0053374,0.1316,0.056,180.35
52.363,31.693,4.5108,10.004,1.3917,-0.0045621,0.0038032,0.1383,0.0597,169.19
52.409,32.092,4.5868,9.9627,1.3542,0.00043467,-0.00036278,0.1351,0.0553,181.81
52.441,32.462,4.6236,9.8588,1.3621,0.012483,-0.010427,0.1371,0.056,177.72
52.487,32.856,4.6452,9.7831,1.3072,0.019425,-0.01624,0.1325,0.0508,194.29
52.518,33.246,4.7473,9.6558,1.4304,0.045681,-0.038207,0.1463,0.0615,158.72
52.571,33.599,4.7954,9.4883,1.3794,0.064331,-0.053845,0.1433,0.0582,164.74
52.612,33.955,4.8702,9.3001,1.4172,0.10105,-0.084662,0.1494,0.0627,150.04
52.643,34.296,4.8809,9.0851,1.3124,0.10916,-0.091371,0.1414,0.0549,167.2
52.69,34.617,4.9122,8.7584,1.3545,0.17812,-0.14896,0.1498,0.0626,141.57
52.721,34.936,4.9525,8.6141,1.4407,0.22287,-0.18646,0.161,0.0707,123.53
52.768,35.243,5.001,8.2474,1.562,0.34416,-0.28629,0.1792,0.0866,96.929
52.799,35.555,5.0673,8.1394,1.6309,0.37872,-0.31544,0.1885,0.0917,90.526
52.837,35.856,5.1388,7.6757,1.7695,0.55984,-0.45889,0.2113,0.1115,70.646
52.877,35.916,5.3191,5.9434,0.049236,-0.29185,0.24671,0.0202,0.1115,53.306
52.924,36.154,5.2198,5.7194,0.083225,-0.27869,0.2368,0.027,0.1247,45.87
52.97,36.364,5.275,5.6017,0.41981,-0.060251,0.050722,0.0777,0.2685,20.921
53.002,36.591,5.2399,5.5106,0.52338,0.0020576,-0.0017282,0.0946,0.2811,19.692
53.048,36.607,5.1087,5.3481,0.76329,0.14759,-0.12254,0.1336,0.3712,14.553
53.08,36.844,5.1509,5.1006,0.38049,-0.043433,0.036533,0.077,0.1537,33.277
53.126,37.062,5.1635,4.875,0.40054,-0.017852,0.014999,0.0831,0.1547,31.619
53.158,37.242,5.1882,4.6986,0.53374,0.091453,-0.076412,0.1066,0.2025,23.352
53.205,37.418,5.2426,4.3106,0.65834,0.24107,-0.19929,0.1312,0.2455,17.762
53.251,37.571,5.278,4.0019,0.51614,0.15198,-0.12624,0.1134,0.1803,22.379
53.283,37.719,5.3051,3.7246,0.56709,0.23067,-0.18999,0.1252,0.1904,19.788
53.329,37.85,5.3273,3.328,0.62428,0.33911,-0.27053,0.1389,0.2033,16.655
53.361,38.007,5.3312,3.0648,0.65416,0.40046,-0.31332,0.1466,0.2026,15.468
53.407,38.124,5.3526,2.8395,0.53661,0.29723,-0.2392,0.1305,0.1583,18.255
53.439,38.36,5.5235,2.5344,0.68977,0.49621,-0.35766,0.1586,0.1933,13.588
53.485,38.51,5.5489,2.3289,0.71801,0.54424,-0.37769,0.1652,0.1911,12.753
53.517,38.586,5.6161,2.1823,0.82399,0.67335,-0.45944,0.1784,0.1996,11.687
53.563,38.708,5.6719,2.1369,0.9981,0.87338,-0.59536,0.1971,0.2153,10.955
53.61,38.818,5.6719,2.1937,-0.20026,0.47667,-0.70417,0.2001,0.207,10.642
53.641,38.9,5.6612,1.5236,0.99688,0.92938,-0.50342,0.1968,0.191,9.5326
53.688,38.935,5.6668,1.3163,0.99635,0.92847,-0.46452,0.1923,0.1755,9.4065
53.72,39.204,5.4312,1.3163,0.99635,NaN,NaN,0.05736,NaN,NaN
53.766,39.601,5.0846,1.3163,0.99635,NaN,NaN,-0.14114,NaN,NaN
53.798,39.871,4.8482,1.3163,0.99635,NaN,NaN,-0.2765,NaN,NaN
53.844,40.269,4.5007,NaN,NaN,NaN,NaN,-0.4755,NaN,NaN
53.891,40.336,4.4672,NaN,NaN,NaN,NaN,-0.4755,NaN,NaN
53.922,40.402,4.4329,NaN,NaN,NaN,NaN,-0.4755,NaN,NaN
53.969,40.469,4.3984,NaN,NaN,NaN,NaN,-0.4755,NaN,NaN
******-------------------------------------------------------------------------------------------------------------------****** 
TargetID: ID26
Relevancy: 0
tj = Inf
Label: -1
Comment: Target is irrelevant as it is not crossing the estimated holding line
DATA:
56.2,0,0,2.5638,-0.002613,-0.0038909,0.003905,0,0.0003,8546
56.247,0.25546,0.04429,2.9572,-0.0041164,0.00089865,-0.00090105,-0.0016,0.0007,4224.6
56.278,0.46486,0.043008,3.2326,-0.0070167,0.006999,-0.0070089,-0.0033,0.0004,8081.5
56.325,0.68147,0.048807,3.4607,-0.0086715,0.0085988,-0.0086115,-0.0037,0.0004,8651.8
56.371,0.8254,0.034505,3.6118,0.036247,-0.074138,0.07486,0.02,0.0053,681.5
56.403,0.98549,0.031247,3.7581,0.098288,-0.16806,0.17134,0.0477,0.0111,338.68
56.45,1.197,0.052468,3.9536,0.1188,-0.17608,0.18063,0.0506,0.0119,332.38
56.481,1.3627,0.059099,4.0649,0.19241,-0.26166,0.26892,0.0768,0.0172,236.59
56.527,1.551,0.081205,4.2076,0.26838,-0.33451,0.34609,0.0993,0.0218,193.4
56.559,2.0152,0.58832,4.8675,1.6548,-1.2442,1.528,0.4505,0.0218,235.83
56.606,2.3301,0.53797,5.1356,2.0679,-1.3982,1.73,0.5038,0.0358,154.65
56.637,2.4521,0.47816,4.9068,1.6239,-1.2224,1.4857,0.4377,-0.0216,-239.28
56.685,2.6473,0.47639,5.0212,1.3353,-1.1905,1.4037,0.3684,-0.1789,-29.043
56.73,2.7638,0.61161,5.4033,1.1337,-1.17,1.3199,0.2952,-0.3649,-15.13
56.762,4.3505,0.59136,4.6521,0.2429,-0.32603,0.33434,0.0797,-0.3649,-12.766
56.808,3.4036,0.7212,4.8711,0.14868,-0.20189,0.20468,0.0455,-0.1968,-24.763
56.84,3.5591,0.68601,5.0041,0.22712,-0.24381,0.2478,0.0628,-0.1619,-30.94
56.886,3.6438,0.65524,5.0483,0.26013,-0.29483,0.30059,0.0724,-0.1255,-40.279
56.918,3.8411,0.66032,5.0887,0.25709,-0.26183,0.26627,0.0685,-0.104,-48.992
56.964,3.985,0.64897,5.1754,0.21369,-0.23696,0.24043,0.0569,-0.1117,-46.373
57.011,4.1764,0.69788,5.2579,0.37463,-0.3254,0.33219,0.0926,-0.0318,-165.76
57.042,4.3766,0.75259,5.403,0.56256,-0.4325,0.44499,0.1316,0.0418,129.96
57.089,4.5812,0.80459,5.5752,0.74565,-0.54362,0.5639,0.1668,0.1073,52.422
57.12,4.7625,0.8612,5.6848,0.74616,-0.54984,0.56962,0.1633,0.0898,63.849
57.167,4.9882,0.92941,5.6722,0.62184,-0.38813,0.39738,0.1318,0.0092,620.23
57.198,5.2167,0.98025,5.7826,0.63653,-0.38576,0.39448,0.1311,0.0032,1818
57.245,5.4108,1.0747,5.7989,0.5322,-0.29869,0.30356,0.1077,-0.0502,-116
57.292,5.6651,1.1213,6.1325,0.76381,-0.46593,0.47738,0.1473,0.0365,169.31
57.323,5.8947,1.1718,6.2111,0.75666,-0.42784,0.43723,0.1421,0.0208,300.82
57.37,5.9025,0.46818,5.1646,-0.34873,0.22657,-0.22585,-0.0802,0.0278,186.2
57.401,6.0979,0.7329,5.6715,-0.42834,0.18829,-0.19098,-0.0662,0.0307,185.26
57.448,6.3166,0.85556,5.9619,-0.174,0.067804,-0.068264,-0.0261,0.0875,68.165
57.48,6.5682,0.97858,6.116,0.028197,-0.033206,0.033223,0.0031,0.1476,41.437
57.526,6.8499,1.1443,6.4632,0.68885,-0.30679,0.30142,0.0932,0.2873,22.624
57.557,7.1195,1.1803,6.5046,0.80591,-0.34685,0.3398,0.1087,0.3047,21.511
57.605,7.3784,1.191,6.5848,0.87156,-0.37631,0.36804,0.1162,0.2944,22.562
57.651,7.6322,1.229,6.6263,0.88707,-0.36375,0.35604,0.1183,0.2723,24.551
57.682,7.8752,1.2098,6.5125,0.76188,-0.25937,0.25553,0.1056,0.2149,30.512
57.729,8.1249,1.258,6.6282,1.0235,-0.36718,0.35907,0.1383,0.2849,23.541
57.76,8.369,1.2771,6.6685,1.1015,-0.38668,0.37768,0.1482,0.2836,23.833
57.807,8.6353,1.2782,6.686,1.0678,-0.3502,0.34295,0.1444,0.2451,27.624
57.84,8.8795,1.2117,6.6332,0.80021,-0.23397,0.23101,0.1107,0.136,49.127
57.885,9.1618,1.258,6.7218,0.84288,-0.2443,0.24112,0.1152,0.1334,50.783
57.931,9.386,1.2359,6.6458,0.7395,-0.1868,0.18503,0.1033,0.0957,69.873
57.963,9.6312,1.2328,6.6039,0.6707,-0.14802,0.14699,0.0952,0.0712,93.229
58.009,9.8283,1.1963,6.4072,0.52421,-0.083498,0.083246,0.0781,0.0328,195.99
58.041,10.059,1.2055,6.3621,0.49117,-0.070128,0.069976,0.074,0.0225,283.6
58.087,10.377,1.2208,7.3779,0.17633,-0.0361,0.035938,0.049128,-0.0095813,-770.25
58.119,10.619,1.2233,7.9283,-0.015745,-0.012781,0.012612,0.032084,-0.031566,-251.17
58.165,11.001,1.2167,8.5209,-0.26244,0.021392,-0.02157,0.0071059,-0.063784,-133.65
58.197,11.275,1.206,8.7791,-0.40697,0.044699,-0.044883,-0.0099293,-0.085757,-102.48
58.243,11.688,1.1828,8.9439,-0.58504,0.079075,-0.079269,-0.035056,-0.11817,-75.851
58.29,12.104,1.1522,8.8512,-0.72126,0.11345,-0.11365,-0.060182,-0.15057,-58.978
58.322,12.379,1.1284,8.6431,-0.78955,0.13665,-0.13686,-0.077141,-0.17245,-50.328
58.368,12.772,1.0897,8.1156,-0.85594,0.17122,-0.17144,-0.10241,-0.20504,-39.8
58.399,13.018,1.0627,7.6209,-0.87665,0.1942,-0.19442,-0.1192,-0.2267,-33.838
58.446,13.286,1.0314,7.583,-0.87001,0.17348,-0.1737,-0.1185,-0.2135,-35.751
58.48,13.551,1.0059,7.5438,-0.84247,0.15007,-0.15028,-0.115,-0.1978,-38.375
58.559,13.861,0.98623,7.6319,-0.92057,0.16001,-0.1612,-0.1161,-0.1874,-41.021
58.563,14.157,0.96762,7.6733,-0.93653,0.16081,-0.162,-0.1176,-0.1796,-43.042
58.603,14.452,0.94805,7.6974,-0.95114,0.15884,-0.15999,-0.1191,-0.1727,-44.91
58.649,14.771,0.92575,7.802,-0.97449,0.17184,-0.17314,-0.1203,-0.1644,-47.826
58.68,15.004,0.96049,7.6191,-0.90805,0.12061,-0.12137,-0.1157,-0.1556,-49.312
58.727,15.254,0.97085,7.5085,-0.85751,0.091185,-0.091687,-0.1114,-0.1446,-52.263
58.758,15.57,0.93806,7.5822,-0.9204,0.10392,-0.10452,-0.1182,-0.1472,-51.888
58.805,15.895,0.89143,7.6895,-0.98126,0.12609,-0.12688,-0.1239,-0.1462,-53.022
58.837,16.207,0.90336,7.7665,-0.96837,0.13155,-0.1324,-0.121,-0.138,-56.715
58.878,16.528,0.86153,7.8585,-1.0139,0.14844,-0.14945,-0.1249,-0.1358,-58.348
58.918,16.846,0.86613,7.9329,-1.0146,0.15272,-0.15376,-0.1238,-0.1306,-61.236
58.958,17.175,0.79871,8.0314,-1.095,0.17775,-0.17903,-0.1317,-0.1324,-61.221
58.998,17.513,0.77809,8.1532,-1.1315,0.1974,-0.19889,-0.1338,-0.1305,-63.075
59.038,17.834,0.74358,8.203,-1.1626,0.20118,-0.2027,-0.1367,-0.1286,-64.425
59.078,18.136,0.74166,8.2024,-1.1491,0.18512,-0.18645,-0.1354,-0.1241,-66.74
59.118,18.471,0.69948,8.2873,-1.1945,0.19981,-0.20129,-0.1392,-0.1231,-68.017
59.158,18.79,0.66901,8.3286,-1.2145,0.20042,-0.20189,-0.1408,-0.1205,-69.848
59.198,19.113,0.67132,8.3796,-1.1965,0.19596,-0.19737,-0.138,-0.1147,-73.797
59.238,19.459,0.6055,8.4658,-1.2715,0.21394,-0.21552,-0.145,-0.1167,-73.357
59.277,19.808,0.5503,8.5663,-1.3288,0.23429,-0.23608,-0.1496,-0.1166,-74.346
59.318,20.132,0.56484,8.6157,-1.288,0.22457,-0.22625,-0.1443,-0.1091,-79.848
59.358,20.458,0.54245,8.7269,-1.2515,0.23321,-0.23499,-0.1383,-0.1012,-87.117
59.398,20.849,0.63004,9.0101,-1.0754,0.24421,-0.24615,-0.1145,-0.0732,-123.96
59.438,21.206,0.64355,9.1788,-1.005,0.2465,-0.24847,-0.1048,-0.0603,-153.13
59.478,21.546,0.71902,9.2696,-0.8895,0.21854,-0.22017,-0.0919,-0.0493,-188.89
59.518,21.915,0.79966,9.3823,-0.79183,0.19295,-0.19428,-0.0809,-0.0415,-226.88
59.558,22.289,0.77488,9.4917,-0.79352,0.19494,-0.19628,-0.0802,-0.0386,-246.76
59.598,22.685,0.74493,9.6294,-0.81514,0.2068,-0.20792,-0.0811,-0.0381,-253.64
59.638,23.086,0.76336,9.7672,-0.78266,0.19875,-0.20009,-0.0768,-0.0338,-289.9
59.677,23.433,0.76541,9.7851,-0.72754,0.17292,-0.174,-0.0715,-0.0293,-334.88
59.718,23.795,0.7978,9.8385,-0.64807,0.14877,-0.14963,-0.0634,-0.0225,-438.21
59.757,24.175,0.784,9.9045,-0.65209,0.14529,-0.14612,-0.0635,-0.0227,-437.27
59.798,24.556,0.77484,9.9643,-0.64689,0.13873,-0.1395,-0.0627,-0.0224,-445.77
59.838,24.849,0.92282,9.8867,-0.35326,0.067441,-0.067719,-0.0346,0.0039,2536.7
59.878,25.186,0.9734,9.8828,-0.24889,0.043912,-0.044071,-0.0245,0.0119,830.75
59.918,25.556,1.0521,9.9442,-0.13757,0.023461,-0.023535,-0.0135,0.0192,517.98
59.957,25.953,1.0596,9.9927,-0.1245,0.020268,-0.020329,-0.0121,0.019,525.97
59.998,26.348,1.0721,10.039,-0.10922,0.016973,-0.017024,-0.0106,0.0183,548.61
60.038,26.747,1.1678,10.16,0.042806,-0.0092888,0.009312,0.0041,0.0308,329.87
60.079,27.124,1.2324,10.166,0.1246,-0.022479,0.022526,0.0119,0.035,290.47
60.118,27.545,1.2853,10.327,0.23214,-0.046673,0.046743,0.0218,0.0446,231.6
60.158,27.969,1.2705,10.368,0.25304,-0.047973,0.048044,0.0237,0.0476,217.88
60.198,28.387,1.2478,10.358,0.23641,-0.038673,0.038738,0.0222,0.0454,228.21
60.238,28.774,1.3043,10.287,0.3205,-0.041573,0.04164,0.0305,0.0518,198.69
60.278,29.164,1.357,10.243,0.40341,-0.043474,0.04354,0.0387,0.0576,177.97
******-------------------------------------------------------------------------------------------------------------------****** 
TargetID: ID28
Relevancy: 0
tj = Inf
Label: -1
Comment: Target is irrelevant as it is not crossing the estimated holding line
DATA:
50.006,0,0,NaN,NaN,NaN,NaN,0,NaN,NaN
50.038,0.46485,-0.00097228,NaN,NaN,NaN,NaN,0,NaN,NaN
50.085,0.90472,-0.34322,NaN,NaN,NaN,NaN,-0.1299,NaN,NaN
50.131,1.37,-0.40184,NaN,NaN,NaN,NaN,-0.1299,NaN,NaN
50.163,1.9589,1.2935,NaN,NaN,NaN,NaN,0.4255,NaN,NaN
50.209,2.4188,1.523,NaN,NaN,NaN,NaN,0.4254,NaN,NaN
50.241,2.9043,1.0677,NaN,NaN,NaN,NaN,0.2592,NaN,NaN
50.287,3.3681,1.1908,NaN,NaN,NaN,NaN,0.2591,NaN,NaN
50.319,3.799,0.54973,NaN,NaN,NaN,NaN,0.0811,NaN,NaN
50.365,4.2598,0.5815,NaN,NaN,NaN,NaN,0.0811,NaN,NaN
50.397,4.7033,0.46637,NaN,NaN,NaN,NaN,0.0466,NaN,NaN
50.443,5.163,0.481,NaN,NaN,NaN,NaN,0.0466,NaN,NaN
50.49,5.6109,0.23451,NaN,NaN,NaN,NaN,-0.0062,NaN,NaN
50.521,6.0673,0.23608,NaN,NaN,NaN,NaN,-0.0062,NaN,NaN
50.568,6.5276,0.36472,NaN,NaN,NaN,NaN,0.0146,NaN,NaN
50.6,6.9835,0.37456,NaN,NaN,NaN,NaN,0.0147,NaN,NaN
50.646,7.4398,0.38184,NaN,NaN,NaN,NaN,0.0147,NaN,NaN
50.678,7.8953,0.38808,NaN,NaN,NaN,NaN,0.0147,NaN,NaN
50.725,8.1547,0.40503,11.322,-0.62397,0,0,-0.0551,0,Inf
50.771,8.6173,-0.14216,11.266,-1.4821,-0.024915,0.019102,-0.1308,-0.0023,-4940.4
50.803,9.0721,0.40064,11.211,-0.65154,-0.020644,0.015841,-0.0581,-0.0071,-1581.7
50.849,9.5188,0.3851,11.194,-0.65348,-0.018731,0.014385,-0.0583,-0.0071,-1579.4
50.881,9.9487,0.69158,11.062,-0.18511,-0.086216,0.066284,-0.0167,-0.0029,-3815.1
50.927,10.394,0.7991,11.028,-0.063634,-0.10691,0.082295,-0.0057,0.0001,1.1028e+05
50.958,10.835,0.98333,10.999,0.17898,-0.092182,0.071058,0.0163,0.0096,1145.9
51.005,11.279,0.98082,10.997,0.14995,-0.095263,0.073541,0.0137,0.0058,1896.2
51.052,11.727,1.1039,10.998,0.30534,-0.076751,0.059337,0.0278,0.0163,674.96
51.083,12.183,1.1569,10.99,0.34358,-0.075815,0.058698,0.0313,0.0201,547.01
51.13,12.623,1.2649,10.971,0.52031,-0.064705,0.050179,0.0474,0.0361,304.26
51.161,13.066,1.2932,10.96,0.52829,-0.06634,0.051529,0.0482,0.0355,309.08
51.208,13.495,1.3235,10.941,0.55281,-0.065517,0.050983,0.0504,0.035,313.01
51.239,13.931,1.3517,10.923,0.56698,-0.065354,0.050962,0.0518,0.035,312.52
51.286,14.367,1.4752,10.899,0.80517,-0.05249,0.041009,0.0737,0.0602,181.54
51.317,14.811,1.6748,10.888,1.1866,-0.039753,0.031122,0.1086,0.0984,111.3
51.364,15.259,1.8634,10.864,1.5274,-0.03883,0.030468,0.1397,0.1315,83.426
51.411,15.697,1.9459,10.868,1.5568,-0.047361,0.037237,0.1423,0.1261,87.062
51.442,16.131,1.9994,10.851,1.6102,-0.048434,0.038159,0.1473,0.1261,86.99
51.489,16.566,2.0734,10.86,1.6265,-0.054718,0.043209,0.1487,0.1193,92.046
51.52,16.996,2.2319,10.84,1.8665,-0.05401,0.042737,0.1705,0.1367,80.468
51.566,17.437,2.2326,10.843,1.7333,-0.055617,0.044118,0.1585,0.1185,92.667
51.6,17.87,2.299,10.829,1.7845,-0.057455,0.04567,0.1634,0.1185,92.619
51.645,18.303,2.3772,10.815,1.8343,-0.059285,0.047231,0.1681,0.1185,92.571
51.679,18.736,2.4993,10.814,1.9795,-0.053829,0.042961,0.1811,0.1257,87.458
51.723,19.173,2.5766,10.817,2.013,-0.05169,0.041337,0.1839,0.1233,89.237
51.769,19.604,2.6217,10.813,1.9957,-0.048227,0.038646,0.1825,0.1166,94.304
51.801,20.035,2.7072,10.802,2.0458,-0.049953,0.040112,0.1871,0.1166,94.286
51.847,20.466,2.7877,10.79,2.0958,-0.051786,0.041668,0.1918,0.1166,94.269
51.879,20.897,2.8793,10.778,2.1463,-0.05362,0.043224,0.1965,0.1166,94.25
51.925,21.328,3.0377,10.774,2.3223,-0.047198,0.038119,0.2123,0.126,87.469
51.957,21.763,3.1378,10.769,2.3951,-0.044857,0.036289,0.2189,0.1273,86.659
52.004,22.197,3.1927,10.767,2.3515,-0.040648,0.03295,0.215,0.12,91.836
52.05,22.628,3.1994,10.75,2.234,-0.030736,0.024966,0.2049,0.1082,101.47
52.081,23.057,3.2899,10.738,2.2802,-0.031807,0.02589,0.2092,0.1082,101.45
52.128,23.533,3.3915,10.761,2.2723,-0.02444,0.01993,0.2081,0.1072,102.59
52.16,23.98,3.4997,10.737,2.3102,-0.012156,0.0099313,0.2119,0.1085,101.23
52.206,24.399,3.4787,10.68,2.146,0.0033926,-0.0027768,0.1983,0.0949,114.79
52.239,24.819,3.5821,10.623,2.1842,0.020014,-0.016408,0.2028,0.0959,113.09
52.284,25.241,3.5547,10.56,2.0204,0.030821,-0.025309,0.1891,0.0831,129.38
52.331,25.601,3.5089,10.45,1.889,0.041828,-0.034411,0.1789,0.0699,151.92
52.363,26.015,3.5637,10.39,1.8484,0.051195,-0.042174,0.176,0.0659,160.14
52.409,26.424,3.59,10.325,1.795,0.058262,-0.048054,0.1721,0.0611,171.53
52.441,26.832,3.6515,10.258,1.7779,0.067393,-0.055653,0.1715,0.059,176.46
52.487,27.241,3.7158,10.219,1.7966,0.069873,-0.05776,0.174,0.059,175.86
52.518,27.646,3.4463,10.124,1.2642,0.029632,-0.024528,0.1243,0.0224,455.46
52.571,28.009,3.449,9.9512,1.2312,0.035171,-0.029148,0.1231,0.0204,491.52
52.612,28.407,3.6785,9.8559,1.4997,0.083498,-0.069241,0.1509,0.0397,251.12
52.643,27.569,4.1096,9.7373,1.1426,0.034731,-0.028817,0.1164,0.0129,760.01
52.69,27.943,4.2212,9.641,1.2605,0.061203,-0.050785,0.1293,0.0209,465.22
52.721,28.326,4.2874,9.5507,1.3018,0.073953,-0.061372,0.1345,0.0242,398.3
52.768,28.707,4.3723,9.4714,1.3554,0.090094,-0.07476,0.141,0.028,341.71
52.799,29.086,4.3959,9.3426,1.3549,0.099924,-0.082893,0.1427,0.0293,322.2
52.837,29.464,4.4989,9.2169,1.4301,0.13017,-0.10796,0.1522,0.0363,256.95
52.877,29.82,4.5049,9.0607,1.3841,0.13683,-0.1135,0.1497,0.0343,267.23
52.924,30.17,4.5781,8.9284,1.4261,0.16141,-0.13391,0.156,0.0377,239.83
52.97,30.519,4.6418,8.82,1.4417,0.17061,-0.14153,0.1595,0.039,229.15
53.002,30.873,4.6971,8.7434,1.4228,0.1645,-0.13646,0.1588,0.0373,237.49
53.048,30.789,4.665,8.6348,1.3505,0.15031,-0.12456,0.152,0.0313,279.23
53.08,31.124,4.6982,8.5674,1.2879,0.12899,-0.10688,0.1465,0.0256,338.42
53.126,31.46,4.7273,8.4659,1.207,0.11029,-0.091395,0.1392,0.0191,447.72
53.158,31.806,4.7426,8.3742,1.1238,0.092046,-0.076278,0.1314,0.0133,635.28
53.205,32.14,4.7529,8.2752,1.0311,0.069213,-0.057386,0.1224,0.0066,1263.5
53.251,32.474,4.7766,8.1683,1.0122,0.068233,-0.056573,0.1217,0.0066,1247.1
53.283,32.795,4.7949,8.0793,0.97218,0.06037,-0.050069,0.1183,0.0038,2141.5
53.329,33.108,4.8271,7.9667,0.96103,0.061574,-0.051065,0.1186,0.0037,2168.8
53.361,33.564,4.7072,7.8589,0.8815,0.041608,-0.034516,0.1107,-0.0019,-4162.2
53.407,33.869,4.7389,7.7539,0.863,0.039428,-0.032709,0.1099,-0.0026,-3000.7
53.439,34.189,4.7771,7.6954,0.85173,0.038012,-0.031533,0.1093,-0.0027,-2867.5
53.485,34.484,4.7908,7.6112,0.79777,0.02428,-0.020146,0.1038,-0.007,-1093.3
53.517,34.784,4.8086,7.5141,0.76799,0.018834,-0.015628,0.1014,-0.0084,-899.2
53.563,35.08,4.8512,7.4129,0.76134,0.020904,-0.017345,0.1018,-0.008,-931.48
53.61,35.366,4.7988,7.294,0.66318,-0.0054405,0.004516,0.0908,-0.0152,-481.85
53.641,35.663,4.8573,7.1889,0.63099,-0.012293,0.010205,0.0879,-0.0169,-427.01
53.688,35.944,4.8934,7.0952,0.61882,-0.014467,0.012011,0.0874,-0.017,-418.95
53.72,36.219,4.9236,6.9693,0.52975,-0.041959,0.034869,0.0771,-0.0236,-296.16
53.766,36.481,4.9376,6.8122,0.51521,-0.044561,0.037012,0.0768,-0.0232,-294.47
53.798,36.737,4.8969,6.6948,0.44301,-0.069403,0.057726,0.0682,-0.0287,-233.78
53.844,36.994,4.9505,6.5502,0.46107,-0.060395,0.050178,0.0722,-0.0251,-261.61
53.891,37.252,4.9956,6.4295,0.4779,-0.050413,0.041879,0.0759,-0.0218,-295.74
53.922,37.48,5.0396,6.3195,0.46492,-0.052577,0.043683,0.0753,-0.0214,-296.1
53.969,37.738,5.091,6.1903,0.47036,-0.046825,0.038902,0.0776,-0.0193,-321.67
54.001,37.985,5.1515,6.0361,0.49666,-0.030544,0.025368,0.0833,-0.0145,-417.69
54.047,38.221,5.1811,5.8738,0.49035,-0.027937,0.023202,0.0844,-0.0132,-446.54
54.079,38.436,5.1859,5.6906,0.47067,-0.031299,0.025999,0.0839,-0.0134,-426.12
54.125,38.653,5.1875,5.5049,0.44924,-0.035637,0.029606,0.0831,-0.0136,-406.12
54.157,38.833,5.1356,5.3177,0.37458,-0.072012,0.059892,0.074,-0.0196,-271.98
54.203,39.036,5.1743,5.1272,0.37552,-0.064319,0.053491,0.0766,-0.0171,-300.64
54.25,39.227,5.1932,4.9238,0.35928,-0.066462,0.055286,0.0768,-0.0165,-299.2
54.281,39.412,5.2234,4.7338,0.3534,-0.061042,0.050777,0.0784,-0.0149,-318.59
54.328,39.593,5.2399,4.5243,0.34021,-0.059725,0.04969,0.0793,-0.0138,-328.78
54.359,39.742,5.2697,4.3357,0.35676,-0.035491,0.029506,0.0849,-0.0094,-462.81
54.406,39.892,5.2607,4.1372,0.32266,-0.049099,0.040858,0.0821,-0.0109,-380.71
54.437,40.048,5.2774,3.9318,0.30712,-0.047891,0.03986,0.0826,-0.0103,-382.89
54.484,40.202,5.3059,3.7341,0.30156,-0.038482,0.03202,0.0847,-0.0084,-445.98
54.53,40.341,5.3469,3.5352,0.30077,-0.023984,0.019942,0.0877,-0.0061,-581.63
54.562,40.486,5.3806,3.3814,0.3027,-0.0098902,0.008216,0.0906,-0.0039,-870.48
54.609,40.618,5.4068,3.2319,0.31101,0.0094798,-0.0078617,0.0946,-0.0011,-2951.6
54.64,40.748,5.4173,3.0708,0.29169,0.0056635,-0.0046985,0.0938,-0.0016,-1927.9
54.687,40.863,5.4304,2.9148,0.27709,0.0055554,-0.0046079,0.0938,-0.0016,-1830
54.719,40.975,5.419,2.7531,0.24396,-0.01021,0.008485,0.0904,-0.004,-690.96
54.765,41.071,5.4173,2.5781,0.22,-0.016914,0.014072,0.0889,-0.0051,-507.34
54.811,41.168,5.422,2.4048,0.1996,-0.020572,0.01713,0.0881,-0.0055,-438.74
54.843,41.243,5.3776,2.2305,0.14045,-0.056759,0.047584,0.08,-0.0112,-199.54
54.889,41.317,5.3781,2.0574,0.11349,-0.064759,0.054472,0.0781,-0.0124,-166.17
54.921,41.402,5.3755,1.8938,0.087223,-0.072046,0.060853,0.0763,-0.0132,-143.62
54.967,41.473,5.3774,1.7078,0.062698,-0.075034,0.063695,0.0757,-0.0133,-128.49
54.999,41.527,5.3414,1.517,0.0042407,-0.10016,0.086343,0.0694,-0.0173,-87.687
55.045,41.587,5.3461,1.3594,-0.017053,-0.097934,0.085177,0.0694,-0.0169,-80.443
55.077,41.644,5.3468,1.3594,-0.017053,NaN,NaN,0.066664,NaN,NaN
55.123,41.728,5.3479,1.3594,-0.017053,NaN,NaN,0.062675,NaN,NaN
55.17,41.812,5.3491,1.3594,-0.017053,NaN,NaN,0.058665,NaN,NaN
55.202,41.869,5.3498,1.3594,-0.017053,NaN,NaN,0.055946,NaN,NaN
55.248,41.953,5.3509,1.3594,-0.017053,NaN,NaN,0.051933,NaN,NaN
55.28,42.01,5.3517,1.3594,-0.017053,NaN,NaN,0.049209,NaN,NaN
55.326,42.093,5.3528,1.3594,-0.017053,NaN,NaN,0.04523,NaN,NaN
55.358,42.15,5.3535,1.3594,-0.017053,NaN,NaN,0.042507,NaN,NaN
55.407,42.238,5.3547,1.3594,-0.017053,NaN,NaN,0.038289,NaN,NaN
55.451,42.317,5.3557,1.3594,-0.017053,NaN,NaN,0.034507,NaN,NaN
55.482,42.374,5.3565,1.3594,-0.017053,NaN,NaN,0.031784,NaN,NaN
55.529,42.458,5.3576,1.3594,-0.017053,NaN,NaN,0.027786,NaN,NaN
55.56,42.514,5.3583,1.3594,-0.017053,NaN,NaN,0.025094,NaN,NaN
55.607,42.598,5.3594,1.3594,-0.017053,NaN,NaN,0.021051,NaN,NaN
55.639,42.655,5.3602,1.3594,-0.017053,NaN,NaN,0.018359,NaN,NaN
55.685,42.738,5.3613,1.3594,-0.017053,NaN,NaN,0.014365,NaN,NaN
55.732,42.823,5.3624,1.3594,-0.017053,NaN,NaN,0.010332,NaN,NaN
55.763,42.879,5.3631,1.3594,-0.017053,NaN,NaN,0.0076401,NaN,NaN
55.81,42.962,5.3642,1.3594,-0.017053,NaN,NaN,0.0036397,NaN,NaN
55.841,43.019,5.365,1.3594,-0.017053,NaN,NaN,0.00091919,NaN,NaN
55.888,43.104,5.3661,1.3594,-0.017053,NaN,NaN,-0.0031288,NaN,NaN
55.919,43.16,5.3668,1.3594,-0.017053,NaN,NaN,-0.0057836,NaN,NaN
55.966,43.243,5.3679,1.3594,-0.017053,NaN,NaN,-0.0097821,NaN,NaN
55.997,43.3,5.3687,1.3594,-0.017053,NaN,NaN,-0.012492,NaN,NaN
56.044,43.384,5.3698,1.3594,-0.017053,NaN,NaN,-0.01651,NaN,NaN
56.091,43.469,5.3709,1.3594,-0.017053,NaN,NaN,-0.020581,NaN,NaN
56.122,43.524,5.3716,1.3594,-0.017053,NaN,NaN,-0.023234,NaN,NaN
56.169,43.608,5.3727,1.3594,-0.017053,NaN,NaN,-0.027236,NaN,NaN
56.2,43.665,5.3735,1.3594,-0.017053,NaN,NaN,-0.029961,NaN,NaN
56.247,43.748,5.3746,1.3594,-0.017053,NaN,NaN,-0.033939,NaN,NaN
56.278,43.804,5.3753,1.3594,-0.017053,NaN,NaN,-0.036623,NaN,NaN
56.325,43.889,5.3764,1.3594,-0.017053,NaN,NaN,-0.040673,NaN,NaN
56.371,43.973,5.3775,1.3594,-0.017053,NaN,NaN,-0.044671,NaN,NaN
56.403,44.029,5.3783,1.3594,-0.017053,NaN,NaN,-0.047377,NaN,NaN
56.45,44.114,5.3794,1.3594,-0.017053,NaN,NaN,-0.051432,NaN,NaN
56.481,44.17,5.3801,1.3594,-0.017053,NaN,NaN,-0.054105,NaN,NaN
56.527,44.254,5.3812,1.3594,-0.017053,NaN,NaN,-0.058098,NaN,NaN
56.559,44.31,5.382,1.3594,-0.017053,NaN,NaN,-0.060801,NaN,NaN
56.606,44.395,5.3831,1.3594,-0.017053,NaN,NaN,-0.064886,NaN,NaN
56.637,44.45,5.3838,1.3594,-0.017053,NaN,NaN,-0.067509,NaN,NaN
56.685,44.537,5.385,1.3594,-0.017053,NaN,NaN,-0.071631,NaN,NaN
56.73,44.618,5.386,1.3594,-0.017053,NaN,NaN,-0.075536,NaN,NaN
56.762,44.675,5.3868,1.3594,-0.017053,NaN,NaN,-0.078252,NaN,NaN
56.808,44.759,5.3879,1.3594,-0.017053,NaN,NaN,-0.082263,NaN,NaN
56.84,44.815,5.3886,1.3594,-0.017053,NaN,NaN,-0.084954,NaN,NaN
56.886,44.899,5.3897,1.3594,-0.017053,NaN,NaN,-0.088965,NaN,NaN
56.918,44.955,5.3905,1.3594,-0.017053,NaN,NaN,-0.091657,NaN,NaN
56.964,45.039,5.3916,1.3594,-0.017053,NaN,NaN,-0.095671,NaN,NaN
57.011,45.123,5.3927,1.3594,-0.017053,NaN,NaN,-0.099684,NaN,NaN
57.042,45.18,5.3934,1.3594,-0.017053,NaN,NaN,-0.1024,NaN,NaN
57.089,45.264,5.3945,1.3594,-0.017053,NaN,NaN,-0.10641,NaN,NaN
57.12,45.32,5.3953,1.3594,-0.017053,NaN,NaN,-0.10911,NaN,NaN
57.167,45.405,5.3964,1.3594,-0.017053,NaN,NaN,-0.11314,NaN,NaN
57.198,45.461,5.3971,1.3594,-0.017053,NaN,NaN,-0.11583,NaN,NaN
57.245,45.545,5.3983,1.3594,-0.017053,NaN,NaN,-0.11986,NaN,NaN
57.292,45.629,5.3994,1.3594,-0.017053,NaN,NaN,-0.12385,NaN,NaN
57.323,45.685,5.4001,1.3594,-0.017053,NaN,NaN,-0.12655,NaN,NaN
57.37,45.769,5.4012,1.3594,-0.017053,NaN,NaN,-0.13058,NaN,NaN
57.401,45.825,5.4019,1.3594,-0.017053,NaN,NaN,-0.13327,NaN,NaN
57.448,45.909,5.4031,1.3594,-0.017053,NaN,NaN,-0.13727,NaN,NaN
57.48,45.967,5.4038,1.3594,-0.017053,NaN,NaN,-0.14002,NaN,NaN
57.526,46.049,5.4049,1.3594,-0.017053,NaN,NaN,-0.14398,NaN,NaN
57.557,46.106,5.4056,1.3594,-0.017053,NaN,NaN,-0.14669,NaN,NaN
57.605,46.192,5.4068,NaN,NaN,NaN,NaN,-0.1508,NaN,NaN
57.651,46.133,5.0905,NaN,NaN,NaN,NaN,-0.2749,NaN,NaN
57.682,46.207,4.9789,NaN,NaN,NaN,NaN,-0.2532,NaN,NaN
57.729,46.213,5.0164,NaN,NaN,NaN,NaN,-0.2063,NaN,NaN
57.76,46.291,4.9414,NaN,NaN,NaN,NaN,-0.2593,NaN,NaN
57.807,46.39,4.9181,NaN,NaN,NaN,NaN,-0.2593,NaN,NaN
57.84,46.48,4.8717,NaN,NaN,NaN,NaN,-0.282,NaN,NaN
57.885,46.555,4.8918,NaN,NaN,NaN,NaN,-0.2133,NaN,NaN
57.931,46.44,5.3204,2.3245,-0.58636,0,0,-0.2471,0,Inf
57.963,46.615,5.369,2.4862,-0.40722,0.14848,-0.12306,-0.1639,0.0018,1399.6
58.009,46.76,5.3834,2.6199,-0.34129,0.20884,-0.17318,-0.1295,0.004,660.51
58.041,46.887,5.351,2.7389,-0.34784,0.27008,-0.22411,-0.1288,0.0068,406.02
58.087,47.031,5.3538,2.8288,-0.28011,0.25274,-0.20971,-0.101,0.0142,200.19
58.119,47.161,5.3571,2.9055,-0.22654,0.23586,-0.19531,-0.0799,0.0221,131.87
58.165,47.277,5.2909,2.9309,-0.28273,0.24421,-0.20263,-0.0982,0.0284,103.68
58.197,47.403,5.2932,2.9982,-0.22621,0.22426,-0.18591,-0.0772,0.0424,70.913
58.243,47.532,5.2902,3.0621,-0.18883,0.20844,-0.17281,-0.0633,0.0537,57.13
58.29,47.655,5.3267,3.0935,-0.048294,0.12787,-0.1061,-0.0167,0.0946,32.704
58.322,47.795,5.3624,3.1783,0.048656,0.092665,-0.076835,0.0145,0.1128,28.18
58.368,47.95,5.4097,3.271,0.17094,0.041472,-0.034406,0.0519,0.1378,23.77
58.399,48.109,5.4815,3.3584,0.35401,-0.042317,0.035144,0.1054,0.1806,18.699
58.446,48.271,5.5269,3.4578,0.45867,-0.091016,0.075579,0.1326,0.1957,17.823
58.48,48.424,5.5622,3.5508,0.5354,-0.12743,0.10594,0.1506,0.203,17.689
58.559,48.575,5.601,3.6253,0.63407,-0.17411,0.14474,0.1744,0.2219,16.585
58.563,48.738,5.6504,3.6998,0.75454,-0.23093,0.19192,0.2028,0.2457,15.368
58.603,48.885,5.6962,3.7381,0.93219,-0.30418,0.25151,0.2423,0.2922,13.185
58.649,48.159,6.1828,3.7981,1.0683,-0.42697,0.3617,0.3007,0.3435,11.486
58.68,48.317,6.2396,3.8684,1.1434,-0.46332,0.39328,0.3152,0.3428,11.767
58.727,48.473,6.2798,3.9278,1.1756,-0.46925,0.39823,0.3181,0.3318,12.357
58.758,47.86,6.1237,4.0346,1.1433,-0.48294,0.4268,0.33,0.3291,12.742
58.805,48.014,6.1924,4.0921,1.2758,-0.54947,0.49133,0.3624,0.3532,12.136
58.837,48.092,6.2355,4.1791,1.3863,-0.61875,0.56286,0.39,0.3699,11.903
58.878,48.254,6.3039,4.2314,1.4285,-0.62034,0.56325,0.3935,0.3588,12.447
58.918,48.427,6.3935,4.3087,1.4828,-0.64151,0.58273,0.3991,0.346,13.17
58.958,48.591,6.4664,4.3514,1.5593,-0.65686,0.59786,0.4119,0.3473,13.309
58.998,48.762,6.5486,4.4032,1.5712,-0.64105,0.58027,0.407,0.3244,14.412
59.038,48.921,6.609,4.4247,1.6543,-0.65062,0.59023,0.4222,0.332,14.229
59.078,49.105,6.7101,4.4848,1.7714,-0.68923,0.62862,0.4425,0.3404,14.166
59.118,49.287,6.8139,4.5284,1.9094,-0.72622,0.66638,0.4672,0.355,13.844
59.158,49.453,6.9006,4.5347,2.0297,-0.73751,0.67898,0.4893,0.3682,13.493
59.198,49.582,6.9631,4.4715,1.9443,-0.62802,0.56894,0.4696,0.33,14.775
59.238,49.738,7.0453,4.4721,1.9536,-0.60325,0.54431,0.4687,0.3142,15.532
59.277,49.923,7.157,4.5131,2.0493,-0.6246,0.56505,0.4837,0.317,15.636
59.318,50.119,7.2702,4.5976,2.3133,-0.74999,0.69125,0.532,0.3599,14.301
59.358,50.352,7.3272,4.738,2.2918,-0.8149,0.75276,0.5188,0.3244,16.224
59.398,51.669,7.5328,5.7931,6.2994,-1.4078,1.2589,0.8642,0.3244,26.382
59.438,51.721,7.6184,5.4652,5.1761,-1.3866,1.2638,0.8058,0.1566,48.067
59.478,51.809,7.8282,5.7059,4.9306,-1.4733,1.3474,0.7629,-0.0827,-91.186
59.518,52.462,8.4353,5.8994,5.2765,-1.6057,1.4093,0.7595,-0.1434,-55.194
******-------------------------------------------------------------------------------------------------------------------****** 
TargetID: ID04
Target can not be processed due to lack of Data
******-------------------------------------------------------------------------------------------------------------------****** 
TargetID: ID29
Target can not be processed due to lack of Data
******-------------------------------------------------------------------------------------------------------------------****** 
TargetID: ID30
Target can not be processed due to lack of Data
******-------------------------------------------------------------------------------------------------------------------****** 
TargetID: ID05
Relevancy: 0
tj = Inf
Label: -1
Comment: Target is irrelevant as it is not crossing the estimated holding line
DATA:
35.81,-0,0,NaN,NaN,NaN,NaN,0,NaN,NaN
35.843,-0.87789,0.48075,NaN,NaN,NaN,NaN,1.5592,NaN,NaN
35.888,-0.43813,0.38734,NaN,NaN,NaN,NaN,0.7277,NaN,NaN
35.92,-1.9072,1.2375,NaN,NaN,NaN,NaN,2.1871,NaN,NaN
35.966,-1.5814,1.2484,NaN,NaN,NaN,NaN,2.0162,NaN,NaN
35.998,NaN,NaN,NaN,NaN,NaN,NaN,1.9559,NaN,NaN
36.047,-2.4192,1.843,-3.2584,5.6187,-0,0,2.0963,0,Inf
36.076,-2.0892,1.7386,-1.8605,4.4912,-0.096341,-0.04008,1.9631,-0.051,-95.319
36.122,-2.0608,0.17366,-1.7296,4.5155,-0.094374,-0.038579,1.9445,-0.1016,-47.592
36.169,-2.0005,0.12479,-1.4657,3.7065,0.26352,0.12083,1.9144,0.0273,146
36.2,-2.1031,0.20093,-0.88763,3.4449,0.048912,0.021034,1.8155,-0.2103,-16.916
36.247,-2.2826,0.57129,-1.1999,3.9482,0.038821,0.016635,1.8614,-0.165,-25.009
36.279,-2.3198,0.73754,-1.3798,3.8616,0.28436,0.13166,1.8804,-0.0941,-43.578
36.325,-2.3703,0.87842,-1.4084,3.9174,0.23775,0.10886,1.8878,-0.0765,-54.417
36.357,-2.4268,1.0391,-1.3835,3.9072,0.22141,0.10108,1.8847,-0.0765,-54.182
36.403,-2.4689,1.2052,-1.7203,3.7553,0.60811,0.31409,1.9254,0.0033,1251.7
36.45,-2.5801,1.4364,-1.68,3.8533,0.41136,0.19967,1.9335,0.0114,368.74
36.481,-2.644,1.5926,-1.663,3.827,0.39162,0.18964,1.934,0.0114,366.03
36.528,-2.4739,2.8824,-1.663,3.827,NaN,NaN,1.1375,NaN,NaN
36.56,-2.3581,3.761,NaN,NaN,NaN,NaN,0.5949,NaN,NaN
36.606,-2.2832,3.8073,NaN,NaN,NaN,NaN,0.5949,NaN,NaN
36.639,-2.2154,3.857,NaN,NaN,NaN,NaN,0.5949,NaN,NaN
36.684,-2.1467,3.9059,NaN,NaN,NaN,NaN,0.5949,NaN,NaN
36.731,-2.0794,3.9563,NaN,NaN,NaN,NaN,0.5949,NaN,NaN
36.762,-2.0106,4.0053,NaN,NaN,NaN,NaN,0.5949,NaN,NaN
36.809,-1.9419,4.0543,NaN,NaN,NaN,NaN,0.5949,NaN,NaN
36.84,-2.417,4.102,NaN,NaN,NaN,NaN,1.1195,NaN,NaN
36.887,-2.3808,4.1743,NaN,NaN,NaN,NaN,1.1194,NaN,NaN
36.918,-2.3475,4.2465,NaN,NaN,NaN,NaN,1.1194,NaN,NaN
36.965,-2.314,4.3186,NaN,NaN,NaN,NaN,1.1195,NaN,NaN
36.996,-2.2815,4.3919,NaN,NaN,NaN,NaN,1.1195,NaN,NaN
37.043,-2.2476,4.4638,NaN,NaN,NaN,NaN,1.1195,NaN,NaN
******-------------------------------------------------------------------------------------------------------------------****** 
TargetID: ID06
Relevancy: 0
tj = Inf
Label: -1
Comment: Target is irrelevant as it is not crossing the estimated holding line
DATA:
41.239,0,0,NaN,NaN,NaN,NaN,0,NaN,NaN
41.286,0.25124,2.0793,NaN,NaN,NaN,NaN,0.8417,NaN,NaN
41.319,0.76788,1.9658,NaN,NaN,NaN,NaN,0.652,NaN,NaN
41.364,1.245,2.1385,NaN,NaN,NaN,NaN,0.5995,NaN,NaN
41.411,1.2252,2.5327,10.291,6.1259,0,0,0.5369,0,Inf
41.442,1.6128,2.936,10.392,6.6667,-0.060447,0.0031227,0.5704,-0.0082,-1505.7
41.489,2.0197,3.1804,10.372,6.6047,-0.12541,0.0065927,0.5671,-0.0023,-5346.4
41.521,1.1017,2.5591,10.429,6.2096,-0.080191,0.0043381,0.5376,-0.0534,-227.3
41.567,1.2196,3.267,10.382,6.0304,-0.11531,0.0064626,0.5269,-0.047,-255.46
41.598,1.6314,3.4571,10.353,5.7638,-0.13335,0.0078093,0.5089,-0.0622,-190.5
41.646,1.5377,3.4351,10.458,5.9286,-0.095096,0.0058493,0.5165,-0.0638,-188.43
41.676,1.9715,3.6901,10.483,6.0875,-0.072654,0.0047081,0.5267,-0.0392,-309.25
41.723,2.6504,4.2976,10.539,6.4946,-0.0074781,0.0005107,0.5523,0.0073,1695.8
41.769,3.1621,4.516,10.538,6.6331,-0.0057834,0.00041754,0.5618,0.0272,457.8
41.801,3.5748,4.7267,10.511,6.3884,-0.043142,0.0032876,0.5465,-0.0014,-8785.5
41.847,4.0141,4.9301,10.525,6.3416,-0.057642,0.0046201,0.5427,-0.0072,-1706.6
41.879,4.4539,5.2125,10.511,6.5273,-0.032831,0.002756,0.556,0.0213,580.89
41.926,4.959,5.5592,10.682,6.7243,0.0059175,-0.00051671,0.5618,0.0189,667.84
41.957,5.385,5.8548,10.734,6.8845,0.044797,-0.0040613,0.57,0.0293,435.22
42.004,5.8587,6.1262,10.811,6.9177,0.046334,-0.0043459,0.5689,0.0235,546.17
42.05,6.262,6.3806,10.813,6.9541,0.063222,-0.0061058,0.5711,0.027,476.16
42.082,6.6884,6.6341,10.803,6.9954,0.061374,-0.006095,0.5742,0.0327,393.57
42.128,7.1326,6.8962,10.824,7.0472,0.066989,-0.0068209,0.5766,0.0351,367.98
42.16,7.5697,7.1863,10.86,7.1273,0.064862,-0.0067615,0.5803,0.039,333.08
42.206,7.9955,7.4463,10.864,7.0353,0.071459,-0.0076219,0.5741,0.0278,465.59
42.238,8.4368,7.725,10.844,6.9868,0.066236,-0.0072197,0.5719,0.0239,539.75
42.284,8.8598,7.9765,10.838,6.9222,0.062985,-0.0070122,0.5679,0.0177,726.54
42.331,9.2881,8.2008,10.801,6.812,0.049613,-0.0056352,0.5623,0.0096,1330.2
42.362,9.7141,8.455,10.799,6.7938,0.04904,-0.0056652,0.5612,0.0079,1614.9
42.409,10.137,8.6993,10.782,6.8194,0.04903,-0.0057478,0.5636,0.0115,1109.4
42.441,10.554,8.9535,10.776,6.7846,0.04537,-0.0053886,0.5616,0.0087,1463.7
42.487,10.956,9.1982,10.733,6.7994,0.040727,-0.0048867,0.5644,0.0126,1008.4
42.52,11.354,9.455,10.671,6.751,0.024708,-0.0029871,0.5643,0.0124,1018.3
42.565,11.715,9.6849,10.514,6.6992,-0.0023865,0.00028963,0.5673,0.0168,742.07
42.597,12.147,9.9522,10.56,6.7947,0.010249,-0.0012423,0.5718,0.0215,584.04
42.643,12.371,10.029,10.167,6.289,-0.082519,0.0099979,0.5546,0.0006,19925
42.69,12.724,10.227,10.05,6.2098,-0.10118,0.012222,0.5543,0.0005,23627
42.721,13.101,10.447,9.9519,6.1463,-0.12039,0.014413,0.5522,-0.0016,-7310.5
42.768,13.668,10.826,10.254,6.3793,-0.055475,0.006642,0.5561,0.0023,5250.6
42.799,13.729,10.862,9.612,6.1235,-0.13502,0.01608,0.566,0.0145,785.99
42.847,14.164,11.179,9.7054,6.235,-0.10508,0.012498,0.5701,0.0172,670.67
42.879,14.552,11.426,9.6771,6.2269,-0.10523,0.012473,0.5708,0.0172,669.03
42.924,14.918,11.651,9.6005,6.143,-0.11788,0.014035,0.5703,0.0163,699.24
42.971,15.299,11.902,9.5697,6.1322,-0.11803,0.014003,0.571,0.0163,697.3
43.002,15.696,12.135,9.5306,6.1353,-0.11817,0.013879,0.5709,0.0159,712.87
43.049,16.123,12.398,9.5862,6.1738,-0.10398,0.012199,0.5712,0.0159,717.12
43.08,16.513,12.631,9.5555,6.141,-0.10665,0.01251,0.5702,0.0146,777.99
43.127,16.951,12.896,9.6288,6.1804,-0.091042,0.010715,0.5698,0.014,817.26
43.158,17.255,13.092,9.7133,6.23,-0.087857,0.010313,0.56967,0.013852,833.07
43.205,17.709,13.383,9.8301,6.2984,-0.083155,0.0097202,0.56949,0.013633,856.36
43.236,18.022,13.583,9.9045,6.3419,-0.079948,0.0093157,0.56936,0.013484,872.22
43.283,18.484,13.879,10.006,6.4009,-0.075248,0.0087229,0.56917,0.013265,895.42
43.329,18.953,14.178,10.098,6.4544,-0.070536,0.0081286,0.56899,0.013046,918.63
43.361,19.274,14.384,10.155,6.4877,-0.067322,0.0077231,0.56886,0.012896,934.43
43.408,19.748,14.687,10.232,6.5316,-0.062618,0.0071298,0.56867,0.012678,957.5
43.439,20.069,14.892,10.278,6.558,-0.059451,0.0067303,0.56855,0.01253,973.01
43.487,20.566,15.208,10.341,6.5937,-0.05458,0.0061159,0.56836,0.012304,996.79
43.517,20.873,15.404,10.374,6.6127,-0.05158,0.0057375,0.56824,0.012164,1011.4
43.564,21.359,15.714,10.42,6.6379,-0.046851,0.0051409,0.56805,0.011944,1034.4
43.61,21.848,16.025,10.456,6.6575,-0.042106,0.0045425,0.56786,0.011723,1057.4
43.642,22.177,16.234,10.475,6.6675,-0.038931,0.004142,0.56774,0.011576,1072.7
43.688,22.664,16.545,10.495,6.6775,-0.034223,0.0035482,0.56755,0.011356,1095.4
43.72,22.999,16.758,10.504,6.6811,-0.031002,0.0031418,0.56742,0.011207,1110.8
43.766,23.484,17.066,10.508,6.6816,-0.026325,0.002552,0.56724,0.010989,1133.2
43.798,23.815,17.277,10.506,6.6788,-0.023142,0.0021504,0.56711,0.010841,1148.4
43.844,24.303,17.587,10.495,6.6699,-0.018435,0.0015567,0.56693,0.010622,1170.7
43.891,24.793,17.898,10.475,6.6554,-0.013712,0.00096093,0.56674,0.010402,1193.1
43.922,25.12,18.106,10.456,6.6424,-0.010553,0.00056255,0.56661,0.010255,1207.9
43.969,25.608,18.416,10.42,6.6183,-0.0058173,-3.4818e-05,0.56643,0.010035,1230.1
44.001,25.939,18.626,10.39,6.5987,-0.0026002,-0.00044061,0.5663,0.0098852,1245.2
44.047,26.419,18.931,10.339,6.5655,0.002083,-0.0010313,0.56611,0.0096673,1266.9
44.079,26.745,19.138,10.299,6.5395,0.0052816,-0.0014348,0.56599,0.0095185,1281.7
44.125,27.222,19.44,10.232,6.4967,0.009978,-0.0020272,0.5658,0.0093,1303.2
44.157,27.665,19.663,10.296,6.5058,0.012741,-0.0026318,0.5636,0.0092,1323.8
44.203,28.105,19.897,10.346,6.5095,0.013286,-0.0027877,0.5617,0.0095,1286.7
44.25,28.473,20.168,10.278,6.5464,0.0070545,-0.0015004,0.5672,0.0146,834.66
44.281,28.856,20.447,10.25,6.5624,0.0038714,-0.00083292,0.5695,0.0156,780.18
44.328,29.33,20.661,10.311,6.5312,0.0053898,-0.0011705,0.5647,0.0127,961.05
******-------------------------------------------------------------------------------------------------------------------****** 
TargetID: ID07
Relevancy: 0
tj = Inf
Label: -1
Comment: Target is irrelevant as it is not crossing the estimated holding line
DATA:
22.52,-0,-0,11.783,-0.038234,0.35852,0.22761,0,-0.033,-357.08
22.566,0.41667,0.040021,11.715,0.095405,0.29814,0.1855,0.0108,-0.0233,-502.81
22.597,0.83473,0.070499,11.535,0.5566,0.1158,0.070716,0.0492,0.0099,1166.5
22.644,1.2189,0.13153,11.476,0.64194,0.12368,0.074081,0.0569,0.0156,736.8
22.69,1.7443,0.19494,11.551,0.72156,0.18386,0.10807,0.0624,0.0202,572.95
22.722,2.2194,0.18679,11.585,0.65604,0.2056,0.11853,0.0582,0.0163,711.87
22.768,2.617,0.34305,11.383,1.2168,0.095408,0.054,0.1072,0.0552,207.38
22.8,2.9847,0.44321,11.31,1.3377,0.11016,0.061238,0.1185,0.062,183.69
22.846,3.4621,0.41253,11.384,1.3236,0.21022,0.11484,0.1171,0.0597,191.97
22.88,3.9664,0.07365,11.409,1.3752,0.26375,0.14176,0.1216,0.0617,186.24
22.924,4.4316,0.15291,11.43,1.4235,0.31452,0.16626,0.1258,0.0632,182.25
22.956,4.8782,0.26536,11.474,1.3499,0.31034,0.16147,0.119,0.0553,208.92
23.003,5.3631,0.23765,11.504,1.3471,0.31391,0.16071,0.1184,0.0532,217.71
23.049,6.287,0.19983,11.553,1.3352,0.35629,0.1794,0.1166,0.0502,231.67
23.081,6.6909,0.20488,11.599,1.3012,0.38455,0.19032,0.1135,0.0459,254.29
23.127,7.1299,0.26126,11.587,1.3333,0.3719,0.18063,0.1162,0.0467,249.75
23.159,8.0371,0.35353,11.569,1.3899,0.29805,0.1421,0.1205,0.0489,238.28
23.205,8.5929,0.37265,11.67,1.1861,0.35965,0.16809,0.1024,0.03,391
23.237,9.0906,0.42765,11.671,1.1846,0.27515,0.12591,0.1019,0.0285,411.61
23.283,9.5443,0.52334,11.668,1.2207,0.27605,0.12352,0.105,0.0306,383.37
23.33,9.9396,0.567,11.676,1.2273,0.25453,0.11134,0.1055,0.0298,393.98
23.361,10.435,0.54825,11.784,1.0413,0.35624,0.15208,0.0891,0.0131,903.08
23.409,10.875,0.57583,11.779,1.0922,0.32523,0.13528,0.0934,0.0166,712.6
23.44,11.286,0.68597,11.736,1.1532,0.29557,0.11955,0.0987,0.0214,551.04
23.486,11.786,0.73766,11.702,1.1918,0.20616,0.080994,0.102,0.0234,502.66
23.52,12.244,0.7967,11.702,1.2155,0.21628,0.082266,0.104,0.0247,476.3
23.564,12.773,0.80926,11.792,1.0785,0.28453,0.10453,0.0918,0.0123,962.7
23.611,13.295,0.82155,11.816,1.0259,0.25565,0.09036,0.0871,0.007,1694.3
23.642,13.718,0.85906,11.822,1.0329,0.25011,0.084731,0.0877,0.0074,1603.6
23.689,14.217,0.87992,11.84,1.0272,0.25311,0.081956,0.087,0.0063,1886.4
23.72,14.733,0.88233,11.88,0.96605,0.25301,0.078028,0.0816,0.0008,14899
23.767,15.224,0.89575,11.906,0.94252,0.25719,0.075417,0.0794,-0.0015,-7962.5
23.799,15.032,0.86867,11.922,0.92749,0.26313,0.0732,0.0783,-0.0025,-4783.3
23.845,15.499,0.92117,11.882,1.0043,0.21049,0.055436,0.0848,0.0033,3613.5
23.876,16.106,0.95978,11.92,0.99467,0.25499,0.063516,0.0837,0.0023,5200.6
23.923,16.45,0.98524,11.937,0.9863,0.25347,0.059568,0.0829,0.0015,7985.2
23.97,16.927,1.0026,11.965,0.98798,0.29358,0.064948,0.0829,0.0013,9235.1
24.001,17.388,1.0373,11.951,1.0161,0.28304,0.058795,0.0852,0.0031,3869.2
24.048,17.966,1.0764,11.984,1.0136,0.31153,0.060565,0.0848,0.0028,4295.3
24.079,18.299,1.1365,11.723,1.1042,-0.0006961,-0.00012603,0.0939,0.0088,1338.1
24.126,18.747,1.1866,11.692,1.1814,-0.014507,-0.0024203,0.1007,0.0144,816.09
24.157,19.308,1.1957,11.899,1.1483,0.23808,0.03635,0.096,0.0112,1067.3
24.204,19.779,1.237,11.933,1.167,0.31338,0.043333,0.0976,0.0126,951.62
24.25,20.233,1.2883,11.912,1.1956,0.28729,0.035606,0.1,0.0141,849.08
24.282,20.682,1.3324,11.934,1.1969,0.29507,0.032382,0.1,0.0138,869.1
24.328,21.158,1.3808,11.941,1.2302,0.29099,0.027788,0.1026,0.0157,764.6
24.36,21.621,1.4262,11.942,1.246,0.26697,0.021674,0.1039,0.016,750.46
24.407,22.112,1.4713,11.994,1.2301,0.29478,0.019663,0.1021,0.014,861.21
24.438,22.587,1.5112,12.022,1.2248,0.298,0.015512,0.1014,0.0129,936.72
24.484,23.081,1.5865,12.134,1.2996,0.47316,0.017665,0.1063,0.0183,666.87
24.516,23.553,1.6369,12.147,1.3113,0.45386,0.010269,0.1071,0.0182,671.31
24.562,24.133,1.6459,12.372,1.2602,0.63846,0.004995,0.1022,0.0139,894.64
24.61,24.747,1.6507,12.634,1.2337,0.85591,-0.0060497,0.0983,0.0106,1197.6
24.641,25.24,1.7023,12.672,1.2397,0.83958,-0.018693,0.0986,0.0106,1201.1
24.687,25.833,1.7588,12.968,1.2093,0.81832,-0.032474,0.099104,0.0106,1228.7
24.72,26.26,1.7984,13.05,1.208,0.80322,-0.042263,0.099462,0.0106,1236.4
24.765,26.851,1.8536,12.985,1.234,0.78236,-0.055785,0.099957,0.0106,1230.6
24.797,27.257,1.8929,12.82,1.2709,0.7679,-0.065156,0.1003,0.0106,1215.4
******-------------------------------------------------------------------------------------------------------------------****** 
TargetID: ID34
Relevancy: 0
tj = Inf
Label: -1
Comment: Target is irrelevant as it is not crossing the estimated holding line
DATA:
24.641,0,0,11.254,-0.0011667,-0.57857,0.012036,0,-0.0778,-144.65
24.687,0.52972,0.016111,11.538,0.45969,-0.57472,0.022308,-0.0042683,-0.078385,-147.31
24.72,0.90396,0.024246,11.205,-0.084318,-0.57198,0.029604,-0.0073,-0.0788,-142.2
24.765,1.3586,0.10691,11.179,-0.013652,-0.56579,0.038261,-0.0008,-0.0734,-152.31
24.797,1.7846,0.069821,11.13,-0.11045,-0.5802,0.0484,-0.0095,-0.0765,-145.5
24.853,2.232,0.12688,11.09,-0.06578,-0.59708,0.059331,-0.0053,-0.0723,-153.39
24.89,2.6808,0.12472,11.064,-0.098633,-0.58735,0.067759,-0.0082,-0.0723,-153.04
24.922,3.1134,0.11742,11.028,-0.15282,-0.58366,0.076764,-0.0131,-0.0734,-150.26
24.968,3.5449,0.19254,10.94,-0.16448,-0.66501,0.098218,-0.0141,-0.0728,-150.3
25,3.9887,0.33236,10.922,6.016e-05,-0.64964,0.10658,0.0012,-0.0629,-173.64
25.046,4.4166,0.3274,10.915,-0.061941,-0.60192,0.10883,-0.0045,-0.0649,-168.18
25.078,4.8575,0.25537,10.841,0.00067096,-0.65137,0.12845,0.0015,-0.0605,-179.19
25.124,5.2999,0.25531,10.808,-0.026811,-0.63632,0.13623,-0.001,-0.0605,-178.64
25.171,5.7227,0.37647,10.74,0.083987,-0.68298,0.15782,0.0097,-0.0535,-200.76
25.202,6.1707,0.46723,10.764,0.14178,-0.60514,0.15049,0.015,-0.05,-215.29
25.249,6.6075,0.47247,10.73,0.11949,-0.58868,0.15653,0.013,-0.05,-214.61
25.28,7.0431,0.478,10.696,0.097,-0.57205,0.16204,0.011,-0.05,-213.93
25.327,7.4912,0.64672,10.677,0.26045,-0.53819,0.1619,0.0264,-0.0408,-261.77
25.358,7.9253,0.65849,10.644,0.24114,-0.52108,0.16597,0.0247,-0.0408,-260.94
25.405,8.3994,0.80045,10.666,0.3794,-0.46074,0.15493,0.0375,-0.0335,-318.59
25.436,8.8334,0.81556,10.635,0.36376,-0.44431,0.15744,0.0362,-0.0335,-317.64
25.483,9.2665,0.82886,10.603,0.34788,-0.4278,0.1594,0.0348,-0.0335,-316.69
25.53,9.7704,0.89466,10.912,2.1248,-0.39087,0.15261,0.03941,-0.030426,-365.37
25.561,10.115,0.96454,10.909,2.1536,-0.36596,0.14803,0.042521,-0.028353,-392.19
25.608,10.615,1.0335,10.596,0.47991,-0.32928,0.14129,0.0471,-0.0253,-419.22
25.639,11.076,1.195,10.588,0.61875,-0.3007,0.13469,0.0602,-0.0182,-582.75
25.685,11.509,1.2175,10.56,0.60953,-0.28496,0.13343,0.0594,-0.0182,-581.18
25.717,11.982,1.3795,10.598,0.7818,-0.24467,0.11978,0.0752,-0.0096,-1107
25.764,12.39,1.3919,10.598,0.70463,-0.20732,0.10625,0.0678,-0.0145,-732.54
25.81,12.832,1.4809,10.571,0.69133,-0.19043,0.10179,0.0666,-0.016,-662.11
25.842,13.126,1.5939,10.641,0.84177,-0.14598,0.08149,0.0802,-0.0083,-1286
25.888,13.543,1.6009,10.6,0.81565,-0.1403,0.081836,0.078,-0.009,-1181.3
25.92,13.974,1.6331,10.578,0.81164,-0.12742,0.077512,0.0777,-0.009,-1178.8
25.967,14.427,1.743,10.565,0.83575,-0.11568,0.073297,0.08,-0.0081,-1308.4
25.998,14.856,1.8097,10.506,0.79437,-0.11653,0.076914,0.0766,-0.0105,-1003.4
26.045,15.283,1.8428,10.481,0.78968,-0.10228,0.070257,0.0763,-0.0105,-1001
26.077,16.269,1.9367,10.451,0.7194,-0.088693,0.063338,0.0693,-0.016,-654.72
26.123,16.643,2.0355,10.506,0.7835,-0.065284,0.048431,0.0749,-0.0129,-816.68
26.169,17.071,2.0638,10.486,0.77708,-0.05466,0.042096,0.0744,-0.0129,-815.06
26.201,17.482,2.1312,10.529,0.79262,-0.03977,0.031765,0.0755,-0.0131,-805.98
26.247,17.879,2.1643,7.0356,0.65172,-0.029913,0.02412,0.07458,-0.013456,-525.08
26.279,18.085,2.1842,6.3344,0.61891,-0.02324,0.018944,0.073956,-0.013697,-464.65
26.325,18.401,2.2135,7.7562,0.6629,-0.013382,0.011298,0.073036,-0.014054,-553.9
26.357,18.69,2.2362,10.45,0.75769,-0.0065715,0.0060161,0.0724,-0.0143,-732.7
26.404,19.165,2.3803,10.497,0.8456,0.0046244,-0.0043726,0.0804,-0.0081,-1300.2
26.45,19.518,2.3678,10.356,0.80398,0.019536,-0.019064,0.0775,-0.0087,-1193.9
26.481,19.905,2.4213,10.415,0.77285,0.002892,-0.0029084,0.0741,-0.0153,-682.57
26.528,20.24,2.4597,10.33,0.75238,0.0054044,-0.0055937,0.0728,-0.0168,-616.49
26.56,20.516,2.4401,7.6837,-1.4972,0.023847,-0.025871,0.062904,-0.023601,-331.69
26.606,20.893,2.3927,9.8924,0.47115,0.050688,-0.055383,0.0485,-0.0335,-295.63
26.639,21.214,2.3981,9.5532,-0.032543,0.061571,-0.068961,0.043489,-0.036658,-260.6
26.684,21.65,2.4004,9.6839,0.34034,0.076533,-0.087629,0.0366,-0.041,-236.34
******-------------------------------------------------------------------------------------------------------------------****** 
TargetID: ID35
Target can not be processed due to lack of Data
******-------------------------------------------------------------------------------------------------------------------****** 
TargetID: ID36
Target can not be processed due to lack of Data
******-------------------------------------------------------------------------------------------------------------------****** 
TargetID: ID37
Relevancy: 0
tj = Inf
Label: -1
Comment: Target is irrelevant as it is not crossing the estimated holding line
DATA:
22.88,0,0,1.1081,0.90591,1.6753,0.56251,0,-0.0164,-87.272
22.924,0.040322,-0.017995,1.1998,0.9444,1.8945,0.62326,-0.0076,-0.023,-66.387
22.956,0.12491,-0.016934,1.3306,-0.86713,2.834,0.64403,-0.0008,-0.0166,-95.676
23.003,0.20644,-0.014009,1.4666,-0.77906,2.7704,0.66384,0.0064,-0.0098,-169.46
23.049,0.30101,-0.0089252,1.605,-0.7183,2.7667,0.68191,0.0091,-0.0071,-247.66
23.081,0.33497,-0.057439,1.5047,0.64685,1.7432,0.53523,-0.015,-0.031,-52.834
23.127,0.34801,-0.029058,1.4331,-0.62305,1.9854,0.46575,-0.012,-0.0286,-54.638
23.159,0.42108,-0.02786,1.5068,-0.59253,1.962,0.46067,-0.0132,-0.0286,-56.613
23.205,0.49904,-0.028991,1.5799,-0.56379,1.9406,0.45417,-0.0144,-0.0286,-58.652
23.237,0.537,-0.048855,0.83568,-0.68763,1.9976,0.44738,-0.016304,-0.026365,-41.048
23.283,0.55357,-0.08421,-0.090517,-0.82073,2.0817,0.43739,-0.019107,-0.023074,-35.786
23.33,0.53169,-0.12441,-0.81495,-0.89518,2.1658,0.42739,-0.02191,-0.019782,-61.197
23.361,0.49987,-0.15295,-1.1903,-0.91227,2.2226,0.42063,-0.023806,-0.017556,-85.424
23.409,0.43374,-0.19563,-1.5795,-0.88769,2.3077,0.41051,-0.026644,-0.014223,-127.39
23.44,0.38211,-0.22256,-1.723,-0.83852,2.3639,0.40383,-0.028517,-0.012024,-159.37
23.486,0.30091,-0.25862,-1.7699,-0.7177,2.447,0.39395,-0.031289,-0.0087691,-217.8
23.52,0.24201,-0.28096,-1.6779,-0.59175,2.5084,0.38666,-0.033334,-0.0063674,-279.42
23.564,0.17316,-0.30272,-1.396,-0.38042,2.5884,0.37714,-0.036004,-0.0032332,-447.53
23.611,0.11886,-0.31416,-0.90331,-0.10143,2.6724,0.36715,-0.038805,5.602e-05,16226
23.642,0.097285,-0.31395,-0.45765,0.11956,2.729,0.36042,-0.040692,0.002272,208.19
23.689,0.094627,-0.2997,0.37814,0.49901,2.8135,0.35038,-0.04351,0.0055806,112.19
23.72,0.11686,-0.27957,1.0532,0.78677,2.8702,0.34364,-0.0454,0.0078,168.54
23.767,0.18424,-0.28119,1.2163,0.65525,2.9548,0.33728,-0.0451,0.0078,177.12
23.799,0.23095,-0.26881,1.6964,0.16046,2.9751,0.3161,-0.044815,0.0078,218.46
23.845,0.31966,-0.27096,2.0672,-0.17691,3.0048,0.28518,-0.0444,0.0078,266
23.876,0.38535,-0.27656,2.096,-0.14616,3.0248,0.26427,-0.044119,0.0078,269.37
23.923,0.47798,-0.27508,1.8066,0.2871,3.0547,0.23312,-0.0437,0.0078,234.52
23.97,0.56599,-0.27563,1.9435,0.22228,3.0476,0.19882,-0.0434,0.0078,250.8
******-------------------------------------------------------------------------------------------------------------------****** 
TargetID: ID14
Relevancy: 0
tj = Inf
Label: -1
Comment: Target is irrelevant as it is not crossing the estimated holding line
DATA:
24.001,-0,-0,10.341,-0.0027445,-1.3077,-0.15725,0,-0.062,-166.78
24.048,0.4275,-0.025458,10.318,-0.048164,-1.3026,-0.13992,-0.0049,-0.0636,-162.24
24.079,0.79767,0.11368,10.262,0.092764,-1.2015,-0.11297,0.0092,-0.0522,-196.6
24.126,1.2032,0.11954,10.225,0.074356,-1.1942,-0.096112,0.0071,-0.0521,-196.27
24.157,1.565,0.069535,10.163,0.101,-1.0973,-0.073056,0.01,-0.049,-207.42
24.204,1.9759,0.00018125,10.136,0.028735,-1.0763,-0.056436,0.0028,-0.0525,-193.07
24.25,2.304,0.014994,10.089,0.061391,-0.92959,-0.03562,0.0061,-0.0491,-205.49
24.282,2.7117,-0.040832,10.065,0.0085976,-0.91218,-0.022172,0.0008,-0.0512,-196.58
24.328,3.0565,-0.14915,10.02,-0.070637,-0.82939,-0.0084662,-0.0071,-0.0553,-181.2
24.36,3.4597,-0.19954,10.002,-0.15139,-0.81034,0.0032376,-0.0152,-0.0589,-169.83
24.407,3.8247,-0.039597,9.9861,-0.24474,-0.78009,0.014351,-0.0245,-0.0629,-158.81
24.438,4.2319,-0.10925,9.9799,-0.3535,-0.75125,0.024796,-0.0354,-0.0678,-147.29
24.484,4.6554,-0.11065,10.071,-0.288,-0.48876,0.023329,-0.0286,-0.0608,-165.71
24.516,5.0722,-0.18651,10.08,-0.37621,-0.45703,0.028554,-0.0373,-0.0643,-156.88
24.562,5.5438,-0.34906,10.23,-0.49722,-0.19402,0.015007,-0.0486,-0.0679,-150.84
24.61,5.9583,-0.39403,10.234,-0.54823,-0.1787,0.016505,-0.0535,-0.0691,-148.32
24.641,6.3643,-0.25899,10.299,-0.49726,-0.046681,0.0050279,-0.0482,-0.0633,-162.89
24.687,6.7805,-0.2929,10.297,-0.50488,-0.045617,0.0056209,-0.049,-0.0623,-165.47
24.72,7.1828,-0.26978,10.273,-0.42932,-0.065414,0.0090979,-0.0418,-0.0569,-180.71
24.765,7.5601,-0.16158,10.239,-0.31831,-0.089298,0.013861,-0.0311,-0.0495,-206.96
24.797,7.9518,-0.14532,10.219,-0.20661,-0.074295,0.012731,-0.0202,-0.0422,-242.2
24.853,8.4511,-0.35132,10.367,-0.40289,0.065189,-0.012233,-0.0389,-0.0509,-203.82
24.89,8.8591,-0.3688,10.368,-0.42426,0.064433,-0.013148,-0.0409,-0.0509,-203.87
24.922,9.2702,-0.39375,10.37,-0.44557,0.063664,-0.014049,-0.043,-0.0509,-203.92
24.968,9.6783,-0.41644,10.372,-0.46671,0.062742,-0.014902,-0.045,-0.0509,-203.97
25,10.085,-0.43404,10.373,-0.48784,0.061948,-0.015765,-0.047,-0.0509,-204.02
25.046,10.49,-0.45387,10.375,-0.50899,0.061006,-0.016568,-0.049,-0.0509,-204.07
25.078,10.897,-0.47315,10.376,-0.53043,0.060188,-0.017392,-0.0511,-0.0509,-204.12
25.124,11.302,-0.49162,10.378,-0.55215,0.059222,-0.018157,-0.0532,-0.0509,-204.17
25.171,11.716,-0.52691,10.379,-0.57295,0.058382,-0.018939,-0.0552,-0.0509,-204.22
25.202,12.122,-0.54941,10.38,-0.59449,0.057399,-0.019654,-0.0572,-0.0509,-204.27
25.249,12.53,-0.57537,10.382,-0.61545,0.056409,-0.020335,-0.0592,-0.0509,-204.32
25.28,12.938,-0.60162,10.383,-0.63678,0.055413,-0.020991,-0.0613,-0.0509,-204.37
******-------------------------------------------------------------------------------------------------------------------****** 
