******-------------------------------------------------------------------------------------------------------------------****** 
Duration of the scene is: 26.3674 seconds
Original Targets Numbers in the hole Scene: 4
Number of Targets in the hole Scene after preprocessing: 6
Number of static portions: 2
******-------------------------------------------------------------------------------------------------------------------****** 
TargetID: ID04
Target can not be processed due to lack of Data
******-------------------------------------------------------------------------------------------------------------------****** 
TargetID: ID01
Relevancy: 0
tj = Inf
Label: -1
Comment: Target is irrelevant as it is not crossing the estimated holding line
DATA:
15.205,0,-0,3.802,0.0030506,0.10122,-0.014526,0,-0.4234,-8.9796
15.245,-0.42055,-0.11531,-17.666,-4.3534,0.16996,-0.024506,-0.034653,-0.44915,-40.509
15.285,-0.84245,-0.23565,3.7283,-0.24971,0.23869,-0.034483,-0.0693,-0.4749,-7.8683
15.325,-0.62981,-0.23645,3.8778,-0.32573,0.27433,-0.039684,-0.0838,-0.4734,-8.2202
15.365,-0.60452,-0.38488,3.6657,-0.49297,0.3562,-0.051577,-0.1337,-0.5164,-7.1625
15.405,-0.75616,-0.62118,3.7769,-0.85027,1.3216,-0.19221,-0.2214,-0.6325,-6.1208
15.445,-0.6767,-0.60195,3.6805,-0.86835,1.0817,-0.15759,-0.2317,-0.6101,-6.1982
15.485,-0.55101,-0.59081,3.6542,-0.86753,0.83528,-0.12177,-0.2331,-0.5778,-6.5002
15.524,-0.44739,-0.58577,3.5903,-0.87607,0.57932,-0.084579,-0.2393,-0.5549,-6.66
15.565,-0.3388,-0.58656,3.5352,-0.87882,0.35696,-0.052183,-0.2436,-0.5322,-6.8448
15.604,-0.19958,-0.64592,3.5313,-0.95814,0.35819,-0.052515,-0.265,-0.5322,-6.8751
15.645,-0.0042214,-0.75635,3.5841,-1.0831,0.44516,-0.06554,-0.2935,-0.5397,-6.9375
15.685,-0.01354,-0.88495,3.1878,-1.2246,0.0085351,-0.0012521,-0.3668,-0.6003,-5.6887
15.724,0.14439,-0.71413,3.3588,-0.99687,-0.18821,0.027577,-0.2885,-0.4896,-7.156
15.765,0.17935,-0.71345,3.1717,-0.98126,-0.48749,0.071106,-0.3,-0.483,-6.8738
15.805,0.24679,-0.6521,3.126,-0.90163,-0.60615,0.08854,-0.2808,-0.4448,-7.3144
15.845,0.27966,-0.7735,2.8954,-1.0519,-0.75078,0.10813,-0.3485,-0.4955,-6.217
15.885,0.47526,-0.77962,2.9528,-1.1521,-0.68357,0.099707,-0.3458,-0.4732,-6.6982
15.925,0.66046,-0.7917,3.0095,-1.1591,-0.6519,0.095391,-0.3438,-0.4532,-7.1161
15.965,0.7575,-0.93688,2.8852,-1.2869,-0.77957,0.11357,-0.3839,-0.4734,-6.6735
16.005,0.87879,-1.0053,2.8898,-1.2229,-0.81396,0.11629,-0.4003,-0.4713,-6.6579
16.045,0.9421,-1.179,2.6645,-1.4951,-0.97901,0.14151,-0.4502,-0.4984,-6.1302
16.085,0.87887,-1.4418,2.318,-1.5464,-1.4303,0.1611,-0.5883,-0.5989,-4.6526
16.125,0.84134,-1.7349,1.7124,-2.1954,-1.8199,0.28167,-0.6746,-0.6497,-4.2854
16.165,0.87819,-1.9221,1.5779,-2.2993,-1.7686,0.28908,-0.7252,-0.6683,-4.1727
16.205,0.89917,-2.0529,-0.40393,-4.1148,-1.6128,0.25348,0.24782,-0.69913,-5.9139
16.245,0.85578,-2.2419,-1.637,-5.199,-1.4569,0.21783,1.2221,-0.72999,-7.4667
16.285,0.77821,-2.4592,-2.118,-5.5492,-1.3012,0.18225,2.1945,-0.7608,-7.8071
16.325,0.69636,-2.676,-1.8499,-5.1679,-1.1455,0.14666,3.1672,-0.79162,-6.9339
16.365,0.64017,-2.8631,-0.83068,-4.053,-0.98955,0.11102,4.1412,-0.82248,-5.0302
16.405,0.63981,-2.9907,0.93762,-2.2069,-0.8338,0.075425,5.1141,-0.8533,-2.81
16.445,0.66877,-3.149,0.41712,-2.4125,-0.69224,0.17469,5.0744,-0.8556,-2.8615
16.485,0.66886,-3.2421,0.32238,-2.415,-0.68677,0.1801,5.0402,-0.8556,-2.8476
16.525,0.59563,-3.3285,0.51436,-1.8669,-0.4291,0.081514,4.9812,-0.8715,-2.222
16.565,0.58368,-3.4159,0.44508,-1.8681,-0.42215,0.07946,4.9463,-0.8715,-2.2035
16.605,0.56939,-3.5057,0.37665,-1.8672,-0.4149,0.077214,4.9114,-0.8715,-2.1857
16.645,0.54564,-3.5889,0.30898,-1.8643,-0.40747,0.07483,4.8766,-0.8715,-2.1684
16.685,0.5308,-3.6814,0.24176,-1.8597,-0.39964,0.072316,4.8417,-0.8715,-2.1518
16.725,0.48085,-4.1247,-0.74571,-2.4941,0.4937,-0.15037,4.5674,-1.0064,-2.5866
16.765,0.43056,-4.226,-0.82899,-2.4873,0.46858,-0.13843,4.5272,-1.0064,-2.6052
16.805,0.2827,-4.6413,-1.5231,-3.1054,1.3543,-0.55997,4.4953,-0.9955,-3.4744
16.845,0.21613,-4.7658,-1.6058,-3.1198,1.2814,-0.49947,4.4555,-0.9955,-3.5247
16.885,0.14142,-4.8903,-1.6919,-3.1326,1.2094,-0.44261,4.4158,-0.9955,-3.5764
16.925,0.0062062,-5.1404,-1.9431,-3.4116,1.4727,-0.5393,4.3937,-0.9841,-3.9895
16.965,-0.082924,-5.2707,-2.0422,-3.4313,1.3858,-0.47296,4.3543,-0.9841,-4.0575
17.005,-0.17695,-5.404,-2.1469,-3.4479,1.2984,-0.41234,4.3149,-0.9841,-4.1273
17.045,-0.27842,-5.5342,-2.2574,-3.4608,1.21,-0.35704,4.2755,-0.9841,-4.1987
17.085,-0.38177,-5.6724,-2.3737,-3.4697,1.1205,-0.30709,4.2363,-0.9841,-4.2719
17.125,-0.4993,-5.7965,-2.4961,-3.4733,1.0291,-0.26229,4.1969,-0.9841,-4.3463
17.165,-0.61824,-5.926,-2.6239,-3.4716,0.93581,-0.2221,4.1575,-0.9841,-4.422
17.205,-0.74151,-6.0563,-2.7579,-3.4636,0.84048,-0.18637,4.1181,-0.9841,-4.499
17.245,-0.87732,-6.1776,-2.8968,-3.449,0.74302,-0.15444,4.0788,-0.9841,-4.5769
17.285,-1.0156,-6.2992,-3.0414,-3.4268,0.6431,-0.12585,4.0394,-0.9841,-4.6558
17.325,-1.1639,-6.417,-3.1905,-3.3969,0.54085,-0.10011,4,-0.9841,-4.7356
17.365,-1.3163,-6.5331,-3.3441,-3.3583,0.4365,-0.076873,3.9607,-0.9841,-4.8159
******-------------------------------------------------------------------------------------------------------------------****** 
TargetID: ID07
Target can not be processed due to lack of Data
******-------------------------------------------------------------------------------------------------------------------****** 
TargetID: ID03
Relevancy: 0
tj = Inf
Label: -1
Comment: Target is irrelevant as it is not crossing the estimated holding line
DATA:
16.165,0,-0,NaN,NaN,NaN,NaN,0,NaN,NaN
16.205,-0.61972,-0.53696,2.4146,-9.5487,-0.016815,-0.0096231,4.9601,-0.03,-328.31
16.245,-0.43658,-0.56546,2.3749,-7.7755,-0.015836,-0.0090561,5.0089,-0.0135,-602.23
16.285,-0.29642,-0.61794,2.3782,-6.7241,0.02652,0.015162,5.0523,0.056,127.36
16.325,-0.2202,-0.029629,1.8742,-3.6266,0.12315,0.070519,5.1883,0.2472,16.514
16.365,-0.13559,-0.23001,2.1824,-4.0645,0.43596,0.25055,5.2022,0.3097,14.896
16.405,-0.070595,-0.39395,2.4615,-4.1998,0.76199,0.43959,5.2379,0.4,12.17
16.445,0.097614,-0.67467,2.8136,-4.5728,1.1248,0.63361,5.2696,0.4758,11.284
16.485,0.23965,-0.60292,3.0146,-3.8564,1.3184,0.76664,5.368,0.6378,7.6746
16.525,0.41229,-0.73687,3.2924,-3.779,1.6048,0.93593,5.42,0.6988,7.1724
16.565,0.57359,-0.88866,3.5634,-3.7867,1.962,1.1216,5.4674,0.7426,7.0021
16.605,0.76778,-0.96944,3.8006,-3.4909,1.9853,1.1604,5.5299,0.8012,6.4411
16.645,0.96041,-1.2293,3.9885,-3.8187,2.3792,1.3226,5.5302,0.7514,7.3488
16.685,1.1221,-1.388,4.2327,-3.7797,2.4163,1.381,5.5543,0.7418,7.6499
16.725,1.2838,-1.1905,4.2076,-2.6585,1.514,0.87777,5.7118,0.9365,5.3146
16.765,1.4799,-1.241,4.2789,-2.4125,1.4047,0.7929,5.7769,0.9773,5.0262
16.805,1.5766,-1.4088,4.3775,-2.4305,1.3528,0.7815,5.7696,0.9129,5.4847
16.845,1.7628,-1.4502,4.4123,-2.1478,1.11,0.63336,5.8302,0.9461,5.1869
16.885,1.9268,-1.4554,3.8389,1.5294,0.71088,0.4059,4.355,1.012,4.0836
16.925,2.074,-1.3562,3.5646,3.0688,0.31132,0.17816,2.878,1.0779,4.3637
16.965,2.2161,-1.2384,3.5899,2.4665,-0.087783,-0.049311,1.4027,1.1437,3.8081
17.005,2.3652,-1.1874,3.9144,-0.27443,-0.48688,-0.27678,-0.0725,1.2096,3.244
17.045,2.5189,-1.191,3.9065,-0.085387,-0.47626,-0.27055,-0.0242,1.2096,3.2304
17.085,2.6746,-1.1359,3.8651,0.17917,-0.42841,-0.24281,0.0482,1.2344,3.1346
17.125,2.8348,-1.1246,3.893,0.3662,-0.31329,-0.17769,0.0938,1.2297,3.1798
17.165,3.0051,-1.1479,3.951,0.47056,-0.20222,-0.11474,0.1185,1.2048,3.3025
17.205,3.1749,-1.2096,4.0011,0.48874,-0.16583,-0.094045,0.1216,1.1613,3.471
17.245,3.3103,-1.2247,3.8937,0.58476,-0.38367,-0.21749,0.1503,1.1461,3.4355
17.285,3.4788,-1.1777,3.8591,0.80595,-0.32484,-0.18409,0.205,1.1538,3.4168
17.325,3.6672,-1.1148,3.8615,1.045,-0.19388,-0.10988,0.2639,1.1641,3.4365
17.365,3.8115,-1.106,3.7765,1.1382,-0.31319,-0.17754,0.2921,1.1491,3.4325
17.405,2.2847,-0.52988,3.6685,0.85601,-0.92797,-0.54052,0.1883,1.0243,3.6776
17.445,2.4652,-0.46547,3.6561,0.98308,-0.78573,-0.45246,0.2334,1.027,3.6865
17.485,2.6421,-0.39306,3.6408,1.1092,-0.66531,-0.38043,0.2749,1.0268,3.7066
17.525,2.7697,-0.31635,3.5642,1.2334,-0.6489,-0.36984,0.316,1.0268,3.6732
17.579,2.9416,-0.25786,3.4401,1.3091,-0.88111,-0.50222,0.3424,1.0164,3.6213
17.605,3.0666,-0.17579,3.348,1.4124,-0.85656,-0.48671,0.3831,1.0164,3.5751
17.645,3.1793,-0.088185,3.2534,1.5112,-0.83018,-0.4708,0.4238,1.0164,3.5294
17.685,3.2963,0.0024091,3.1565,1.6052,-0.80185,-0.45412,0.4644,1.0164,3.484
17.725,3.4067,0.095935,3.0573,1.695,-0.77164,-0.43682,0.505,1.0164,3.4393
17.765,3.5097,0.19438,2.9561,1.7807,-0.73992,-0.41891,0.5457,1.0164,3.3953
17.805,3.6059,0.29671,2.853,1.8622,-0.70654,-0.40014,0.5864,1.0164,3.352
17.845,3.6945,0.40298,2.748,1.9397,-0.67181,-0.38068,0.627,1.0164,3.3094
17.885,3.7927,0.50784,2.6414,2.0134,-0.63572,-0.3604,0.6676,1.0164,3.2677
17.925,3.5467,1.09,2.3562,2.6942,-0.14991,-0.085155,0.8452,1.0992,3.2561
17.965,3.5989,1.3194,2.4107,3.0226,0.11223,0.063172,0.9029,1.1064,3.4944
18.005,3.6625,1.4641,2.2798,3.1346,0.099323,0.055877,0.9472,1.1064,3.5032
18.045,3.7236,1.6107,2.1432,3.2409,0.086287,0.048527,0.9914,1.1064,3.5118
18.085,3.7708,1.7632,2.0009,3.3412,0.073122,0.041129,1.0357,1.1064,3.52
18.125,3.816,1.916,1.8533,3.4352,0.059708,0.033598,1.08,1.1064,3.5279
18.165,3.8579,2.0703,1.701,3.5226,0.046291,0.026068,1.1242,1.1064,3.5356
18.205,3.8874,2.2278,1.5439,3.6032,0.032748,0.018462,1.1684,1.1064,3.543
18.245,3.909,2.388,1.382,3.6767,0.01908,0.010775,1.2127,1.1064,3.5501
18.285,3.9235,2.5489,1.2165,3.7429,0.005538,0.0031342,1.257,1.1064,3.5571
18.325,3.9348,2.7103,1.0475,3.8014,-0.0079947,-0.0045392,1.3012,1.1064,3.5639
18.365,3.939,2.872,0.87489,3.8523,-0.021386,-0.01219,1.3456,1.1064,3.5705
18.405,3.9306,3.0359,0.70008,3.895,-0.03475,-0.019895,1.3898,1.1064,3.5769
18.445,3.919,3.1976,0.52252,3.9298,-0.047828,-0.02753,1.4341,1.1064,3.5832
18.485,3.9011,3.3606,0.34315,3.9565,-0.060734,-0.035166,1.4784,1.1064,3.5894
******-------------------------------------------------------------------------------------------------------------------****** 
TargetID: ID05
Target can not be processed due to lack of Data
******-------------------------------------------------------------------------------------------------------------------****** 
TargetID: ID09
Target can not be processed due to lack of Data
******-------------------------------------------------------------------------------------------------------------------****** 
