******-------------------------------------------------------------------------------------------------------------------****** 
Duration of the scene is: 16.2823 seconds
Original Targets Numbers in the hole Scene: 2
Number of Targets in the hole Scene after preprocessing: 1
Number of static portions: 1
******-------------------------------------------------------------------------------------------------------------------****** 
TargetID: ID01
Relevancy: 1
tj = 12.1617
Label: 1
Comment: Target is relevant and Turning, since the velocity ratio is highly changing at the end
DATA:
6.4809,0,-0,8.5961,-0.00037031,-0.00052786,0.00066447,0,-0.1093,-78.646
6.5209,0.33985,-0.023561,8.5847,-0.15198,-0.0013191,0.0016616,-0.0177,-0.1335,-64.315
6.5609,0.68482,0.014579,8.6066,0.13176,-0.0021105,0.0026578,0.0153,-0.0596,-144.42
6.6009,1.0374,-0.023257,8.6414,-0.038528,-0.0069487,0.0087492,-0.0044,-0.089,-97.095
6.641,1.4188,-0.057334,8.7489,-0.14515,-0.037028,0.046618,-0.0166,-0.1007,-86.893
6.6809,1.7682,-0.065419,8.7508,-0.18775,-0.040635,0.051158,-0.0215,-0.1018,-85.981
6.7209,2.0769,-0.061224,8.6305,-0.17667,-0.011961,0.015062,-0.0204,-0.093,-92.82
6.761,2.4025,-0.043658,8.5579,-0.1417,0.0047498,-0.0059801,-0.0166,-0.0816,-104.89
6.801,2.7084,-0.020112,8.4455,-0.00014461,0.027968,-0.035216,-0.0001,-0.0499,-169.25
6.841,3.0276,0.0015422,8.3752,0.053914,0.039666,-0.049943,0.0063,-0.0371,-225.75
6.881,3.2986,-0.024779,8.1457,-0.06806,0.059635,-0.075077,-0.0085,-0.0567,-143.67
6.921,3.6348,-0.046274,8.1414,-0.19397,0.041954,-0.052823,-0.0239,-0.0756,-107.72
6.961,3.9264,-0.046239,8.0089,-0.19329,0.051718,-0.065112,-0.0243,-0.0716,-111.89
7.001,4.2736,-0.071471,8.0727,-0.25163,-0.037811,0.047624,-0.0311,-0.0762,-105.99
7.041,4.5693,-0.11712,7.9382,-0.43076,-0.023918,0.030127,-0.0541,-0.1021,-77.864
7.081,4.8934,-0.13738,7.8871,-0.5545,-0.015653,0.019715,-0.0702,-0.1179,-67.062
7.121,5.2034,-0.12673,7.819,-0.47403,0.011696,-0.014729,-0.0606,-0.1008,-77.712
7.161,5.5234,-0.13357,7.7831,-0.49819,0.018295,-0.023034,-0.064,-0.1007,-77.448
7.201,5.8202,-0.1402,7.6992,-0.4717,0.032283,-0.040638,-0.0613,-0.093,-82.942
7.2411,6.122,-0.16499,7.6188,-0.5738,0.021463,-0.027019,-0.0752,-0.1044,-73.184
7.281,6.4116,-0.18688,7.5443,-0.56021,0.02674,-0.033663,-0.0742,-0.0985,-76.802
7.3211,6.7375,-0.20173,7.535,-0.62208,0.014513,-0.018272,-0.0824,-0.1037,-72.909
7.361,7.0332,-0.19108,7.4598,-0.56708,0.023925,-0.03012,-0.0759,-0.093,-80.444
7.4011,7.3604,-0.16843,7.4807,-0.51646,0.027532,-0.034659,-0.069,-0.0828,-90.561
7.4411,7.6669,-0.18498,7.4672,-0.50465,0.027708,-0.034881,-0.0675,-0.0781,-95.829
7.4811,7.9832,-0.20445,7.4826,-0.52677,0.014513,-0.018273,-0.0703,-0.0778,-96.415
7.5211,8.2956,-0.15694,7.4774,-0.36938,0.033158,-0.041748,-0.0494,-0.0558,-134.17
7.5611,8.6255,-0.15776,7.5223,-0.36859,0.028232,-0.035548,-0.049,-0.0536,-140.51
7.6011,8.9228,-0.18227,7.4677,-0.44469,0.023655,-0.029792,-0.0595,-0.061,-122.64
7.6411,9.2622,-0.17894,7.5521,-0.41911,0.021017,-0.02647,-0.0555,-0.0555,-136.28
7.6811,9.5722,-0.16176,7.5374,-0.37876,0.024796,-0.031235,-0.0503,-0.0493,-153.08
7.7211,9.9102,-0.17888,7.6011,-0.44559,0.012573,-0.015839,-0.0586,-0.0547,-139.2
7.7611,10.248,-0.14238,7.6883,-0.34363,0.013364,-0.016837,-0.0447,-0.0417,-184.56
7.8011,10.581,-0.13443,7.7494,-0.30061,0.01099,-0.013846,-0.0388,-0.0356,-217.84
7.8411,10.923,-0.14141,7.8237,-0.33811,0.0021979,-0.002769,-0.0432,-0.038,-206.08
7.8811,11.235,-0.17326,7.8223,-0.37014,-0.0035159,0.0044315,-0.0473,-0.0399,-196.27
7.9211,11.57,-0.18131,7.8855,-0.37061,-0.0059782,0.0075333,-0.0469,-0.0384,-205.58
7.9611,11.911,-0.19562,7.9575,-0.40575,-0.010461,0.013183,-0.0509,-0.0402,-198.2
8.0011,12.23,-0.16764,7.9528,-0.33861,-0.0072088,0.0090846,-0.0425,-0.033,-241.21
8.0411,12.581,-0.1602,8.0319,-0.35769,-0.013623,0.017173,-0.0445,-0.0335,-240
8.0812,12.897,-0.1825,8.0289,-0.38755,-0.011427,0.014402,-0.0482,-0.0351,-229.01
8.1212,13.176,-0.17502,7.8956,-0.37782,-0.0072942,0.0091956,-0.0478,-0.0339,-233.18
8.1611,13.547,-0.17781,7.8569,-0.36841,-0.0032514,0.0040997,-0.0468,-0.0324,-242.76
8.2012,13.83,-0.14551,7.7283,-0.30189,0.012303,-0.015512,-0.0391,-0.0263,-294.07
8.2412,14.151,-0.19466,7.7581,-0.40222,0.0021968,-0.0027699,-0.0518,-0.0342,-227.15
8.2812,14.461,-0.17095,7.7235,-0.35688,0.0077313,-0.0097525,-0.0462,-0.0296,-261.21
8.3212,14.749,-0.24258,7.687,-0.43572,0.0027235,-0.0034362,-0.0566,-0.0355,-216.88
8.3612,15.066,-0.25613,7.6932,-0.45653,0.0044798,-0.0056528,-0.0593,-0.0363,-212.31
8.4012,15.413,-0.27417,7.7921,-0.49883,-0.0010536,0.0013297,-0.0639,-0.0385,-202.81
8.4412,15.722,-0.28703,7.7734,-0.52698,-0.0015814,0.0019952,-0.0677,-0.0399,-195.27
8.4812,15.967,-0.36956,7.6907,-0.65303,-0.0018448,0.0023279,-0.0847,-0.0495,-155.93
8.5212,16.298,-0.35356,7.7225,-0.60983,0.00026338,-0.00033268,-0.0788,-0.0446,-173.69
8.5612,16.669,-0.39857,7.9038,-0.69565,-0.010548,0.013295,-0.0878,-0.0491,-161.6
8.6012,16.984,-0.37449,7.8769,-0.62444,-0.0096733,0.012184,-0.0791,-0.0427,-185.05
8.6412,17.321,-0.38447,7.937,-0.62895,-0.010645,0.013399,-0.0791,-0.0417,-190.93
8.6812,17.414,-0.34175,7.1524,-0.5394,0.031334,-0.039404,-0.0753,-0.0384,-186.79
8.7212,17.601,-0.38815,6.7876,-0.5946,0.029229,-0.036741,-0.0875,-0.0447,-152.43
8.7612,17.954,-0.37991,6.9529,-0.57276,0.02783,-0.034972,-0.0823,-0.0406,-171.83
8.8013,18.326,-0.40759,7.1811,-0.6392,0.01163,-0.014602,-0.0888,-0.0436,-165.35
8.8414,18.74,-0.39639,7.519,-0.62593,0.00017595,-0.00022149,-0.0831,-0.0393,-191.98
8.8813,19.108,-0.39869,7.7014,-0.6274,-0.0059083,0.0074077,-0.0813,-0.0374,-206.6
8.9213,19.46,-0.38781,7.8163,-0.56964,-0.01332,0.016691,-0.0727,-0.0315,-248.79
8.9613,19.768,-0.45804,7.8604,-0.62953,-0.018006,0.02254,-0.0799,-0.0349,-225.95
9.0013,20.004,-0.4354,7.563,-0.58345,-0.00070611,0.00088317,-0.077,-0.0324,-234.12
9.0413,20.324,-0.52074,7.6642,-0.65293,-0.010954,0.013694,-0.085,-0.0362,-212.49
9.0813,20.669,-0.49255,7.7302,-0.62077,-0.0088383,0.01104,-0.0801,-0.0326,-237.88
9.1213,21.006,-0.52558,7.8384,-0.65323,-0.014767,0.018431,-0.0831,-0.0336,-234.1
9.1613,21.333,-0.52811,7.8468,-0.64198,-0.011855,0.014785,-0.0816,-0.032,-246.03
9.2013,21.59,-0.61155,7.7188,-0.69705,-0.016196,0.020187,-0.09,-0.036,-215.28
9.2413,21.821,-0.57144,7.3674,-0.59912,0.0060218,-0.0074984,-0.0812,-0.0301,-245.57
9.2813,22.136,-0.56419,7.3644,-0.58893,0.013199,-0.016425,-0.0798,-0.0287,-257.42
9.3213,22.492,-0.5384,7.5004,-0.54622,0.01099,-0.013665,-0.0727,-0.0241,-312.05
9.3613,22.763,-0.59441,7.422,-0.58111,0.008599,-0.010688,-0.0782,-0.0265,-280.93
9.4013,23.113,-0.57602,7.5345,-0.52651,0.0080689,-0.010025,-0.0698,-0.0212,-356.27
9.4413,23.391,-0.61717,7.4824,-0.56705,0,-0,-0.0756,-0.024,-312.66
9.4813,23.728,-0.58868,7.5367,-0.4824,0.0060329,-0.0074885,-0.0639,-0.0169,-446.87
9.5213,23.993,-0.62637,7.4314,-0.51706,0.0078973,-0.0098012,-0.0695,-0.0195,-382.02
9.5613,24.335,-0.60357,7.5065,-0.4532,0.010472,-0.012992,-0.0603,-0.014,-537.16
9.6014,24.644,-0.61001,7.4966,-0.44513,0.030184,-0.037425,-0.0594,-0.0131,-573.26
9.6414,24.932,-0.58221,7.4005,-0.38721,0.035254,-0.043691,-0.0524,-0.0089,-832.65
9.6814,25.273,-0.60109,7.5436,-0.40262,0.027535,-0.034113,-0.0534,-0.0093,-812.29
9.7214,25.572,-0.62341,7.5218,-0.41694,0.019542,-0.024208,-0.0554,-0.0102,-738.56
9.7614,25.903,-0.63518,7.6004,-0.41657,0.010662,-0.013202,-0.0548,-0.0096,-792.9
9.8014,26.216,-0.67281,7.641,-0.44211,8.8524e-05,-0.0001103,-0.0578,-0.0111,-689.53
9.8414,26.451,-0.68362,7.3776,-0.43625,0.015913,-0.019688,-0.0591,-0.0116,-637.11
9.8814,26.716,-0.71596,7.2402,-0.49283,0.016715,-0.020676,-0.068,-0.0164,-442.49
9.9214,27.001,-0.79027,7.2233,-0.54819,0.0038241,-0.0047284,-0.0758,-0.0204,-355.1
9.9614,27.283,-0.82634,7.1728,-0.60485,0.0019574,-0.0024185,-0.0841,-0.0248,-290.25
10.001,27.533,-0.87875,7.0395,-0.63446,-0.00071148,0.00087969,-0.0899,-0.0274,-257.96
10.041,27.85,-0.91376,7.1193,-0.69267,-0.0040044,0.0049463,-0.097,-0.031,-230.74
10.081,28.27,-0.90661,7.5085,-0.69409,-0.0051629,0.0063739,-0.0922,-0.0277,-272.22
10.121,28.54,-0.9373,7.493,-0.73412,-0.0025814,0.003187,-0.0977,-0.0304,-247.66
10.161,28.867,-0.92397,7.5063,-0.6949,0.0072131,-0.0088991,-0.0923,-0.0267,-282.34
10.201,29.131,-0.95793,7.3746,-0.73909,0.0048985,-0.0060411,-0.0999,-0.0306,-242.21
10.241,29.609,-0.94074,7.8992,-0.72258,0.013453,-0.016584,-0.0913,-0.0252,-314.77
10.281,29.913,-0.97185,7.862,-0.77087,0.009446,-0.011639,-0.0978,-0.0285,-277.18
10.321,30.138,-0.97149,7.5372,-0.71237,0.0036547,-0.0045016,-0.0942,-0.026,-291.18
10.361,30.4,-0.97952,7.3756,-0.7049,-0.0038339,0.0047204,-0.0953,-0.0259,-286.07
10.401,30.613,-1.034,7.517,-0.79176,-0.0054405,0.006695,-0.1049,-0.0311,-243.04
10.441,30.961,-1.062,7.6751,-0.80621,-0.0075826,0.0093278,-0.1046,-0.0301,-256.39
10.481,31.387,-1.0624,8.0568,-0.80472,-0.0066918,0.0082293,-0.0995,-0.0265,-305.54
10.521,31.697,-1.0425,8.0244,-0.7391,-0.011603,0.01426,-0.0919,-0.0215,-374.81
10.561,32.068,-1.0432,8.1922,-0.72128,-0.010533,0.012942,-0.0879,-0.0186,-442.14
10.602,32.301,-0.99037,7.8595,-0.59006,-0.0069651,0.0085539,-0.075,-0.0106,-743.55
10.642,32.686,-0.97513,8.0812,-0.56278,-0.010271,0.01261,-0.0696,-0.0072,-1125.1
10.682,32.903,-0.93587,7.7106,-0.47439,0.0066995,-0.008223,-0.0614,-0.0023,-3358.8
10.722,33.176,-0.92094,7.566,-0.43217,0.022871,-0.028065,-0.0569,0.0003,25261
10.762,33.469,-0.91269,7.5169,-0.38957,0.022877,-0.02806,-0.0517,0.0035,2150.6
10.802,33.806,-0.93199,7.6279,-0.40516,0.017878,-0.021918,-0.053,0.0026,2937.9
10.842,34.101,-0.92696,7.5824,-0.37828,0.016631,-0.020381,-0.0498,0.0045,1687.1
10.882,34.406,-0.92772,7.5707,-0.36257,0.018601,-0.022788,-0.0478,0.0056,1353.5
10.922,34.662,-0.95101,7.3871,-0.38291,0.026213,-0.032096,-0.0518,0.0029,2550.7
10.962,34.943,-0.96754,7.3158,-0.38037,0.03006,-0.036801,-0.0518,0.0028,2616.3
11.002,35.195,-1.0194,7.1566,-0.40953,0.031151,-0.038107,-0.0572,-0.0004,-17921
11.042,35.439,-1.0014,6.9589,-0.38306,0.043507,-0.053208,-0.0547,0.001,6969.4
11.082,35.688,-1.0634,6.8183,-0.4194,0.040032,-0.048927,-0.0612,-0.0028,-2439.7
11.122,36.035,-1.05,7.0127,-0.40714,0.02903,-0.035452,-0.0578,-0.0007,-10035
11.162,36.282,-1.0994,6.8788,-0.4251,0.038727,-0.047261,-0.0617,-0.003,-2297.3
11.202,36.596,-1.1017,6.9671,-0.42032,0.030402,-0.037076,-0.0603,-0.0021,-3323.7
11.242,36.911,-1.1105,7.0561,-0.42186,0.025389,-0.030943,-0.0597,-0.0018,-3927.1
11.282,37.235,-1.1449,7.1831,-0.45701,0.026558,-0.032359,-0.0634,-0.0039,-1845.5
11.322,37.503,-1.2106,7.0987,-0.54882,0.017501,-0.021313,-0.0771,-0.0126,-565.07
11.362,37.766,-1.2359,7.0084,-0.55172,0.019933,-0.024259,-0.0786,-0.0132,-532.58
11.402,38.032,-1.2629,6.9297,-0.5557,0.015898,-0.019335,-0.08,-0.0138,-503.77
11.442,38.311,-1.3015,6.9147,-0.57472,0.011411,-0.01387,-0.0829,-0.0152,-456.48
11.482,38.594,-1.3377,6.9043,-0.61798,0.008271,-0.010044,-0.0893,-0.0187,-370.69
11.522,38.899,-1.3906,6.9899,-0.65382,0.0034175,-0.0041474,-0.0932,-0.0207,-339.15
11.562,39.208,-1.4573,7.067,-0.72138,0.003599,-0.0043644,-0.1017,-0.0253,-280.78
11.602,39.495,-1.51,7.0714,-0.75914,0.0072897,-0.0088364,-0.1069,-0.0279,-254.91
11.642,39.789,-1.5929,7.0822,-0.85485,-0.0010798,0.0013092,-0.1201,-0.0353,-202.09
11.682,40.073,-1.6889,7.0612,-0.93954,-0.0072024,0.0087242,-0.1323,-0.0419,-170.01
11.722,40.31,-1.767,6.887,-0.98515,-0.026029,0.031507,-0.1421,-0.047,-148.02
11.762,40.526,-1.8674,6.6324,-1.0506,-0.047122,0.056998,-0.1571,-0.0552,-121.65
11.802,40.795,-1.9637,6.6095,-1.1474,-0.062554,0.075609,-0.1719,-0.0632,-106.15
11.842,41.027,-2.0909,6.4303,-1.2416,-0.10594,0.12785,-0.1914,-0.0738,-88.741
11.882,41.271,-2.2107,6.3335,-1.344,-0.13382,0.16132,-0.2099,-0.0838,-77.261
11.922,41.483,-2.3437,6.1371,-1.4612,-0.18895,0.22752,-0.2349,-0.0979,-64.44
11.962,41.679,-2.47,5.9167,-1.544,-0.25066,0.30151,-0.2568,-0.1097,-55.742
12.002,41.853,-2.5901,5.6281,-1.5801,-0.33755,0.40539,-0.2759,-0.1189,-49.165
12.042,42.017,-2.7033,5.349,-1.6247,-0.42209,0.507,-0.2949,-0.1279,-43.708
12.082,42.251,-2.8343,5.3499,-1.7144,-0.40197,0.48266,-0.3101,-0.1342,-41.862
12.122,42.461,-2.9198,5.2578,-1.7397,-0.41661,0.49988,-0.3195,-0.1368,-40.483
12.162,42.677,-3.0088,5.205,-1.7753,-0.41563,0.49833,-0.3287,-0.1391,-39.536
12.202,42.864,-3.0528,5.0373,-1.7407,-0.45822,0.54882,-0.3327,-0.1381,-38.592
12.242,43.048,-3.1782,4.9185,-1.7811,-0.48647,0.58209,-0.3474,-0.1439,-36.352
12.282,43.199,-3.2614,4.6846,-1.79,-0.55823,0.66866,-0.3607,-0.1486,-33.748
12.322,43.309,-3.3345,4.3488,-1.7361,-0.68002,0.81351,-0.374,-0.1532,-30.565
12.362,43.5,-3.4842,4.3339,-1.8279,-0.66116,0.79055,-0.3938,-0.1617,-29.089
12.402,43.695,-3.6085,4.3292,-1.9041,-0.63147,0.75471,-0.4094,-0.1674,-28.252
12.442,43.983,-3.8358,4.8199,-2.288,-0.22798,0.27266,-0.4419,-0.1843,-28.949
12.482,44.157,-4.0294,4.8619,-2.4814,-0.091612,0.10954,-0.4714,-0.1978,-27.596
12.522,44.326,-4.2061,4.8378,-2.6276,-0.022233,0.026572,-0.4974,-0.2089,-26.354
12.562,44.46,-4.3998,4.6148,-2.7102,-0.16162,0.19307,-0.5303,-0.2239,-23.903
12.602,44.625,-4.5464,4.5355,-2.7798,-0.17498,0.20899,-0.5491,-0.2299,-23.139
12.642,44.797,-4.6867,4.6409,-2.9413,0.09132,-0.10912,-0.5652,-0.2346,-23.42
12.682,44.915,-4.8687,4.34,-2.9517,-0.20828,0.24881,-0.5964,-0.248,-21.164
12.722,44.979,-4.9831,3.6203,-2.6414,-1.168,1.3929,-0.6248,-0.26,-17.236
12.762,45.077,-5.1413,3.2807,-2.5701,-1.5668,1.8675,-0.657,-0.2735,-15.238
12.802,45.182,-5.3421,2.9703,-2.5144,-1.9854,2.3656,-0.6934,-0.2891,-13.461
12.842,45.297,-5.5526,2.7481,-6.6175,-2.5553,3.0467,-0.73412,-0.30679,-23.356
12.882,45.399,-5.7596,2.3164,-2.3192,-3.1261,3.7288,-0.7749,-0.3245,-10.101
12.922,45.477,-5.8994,1.8382,-1.9785,-4.0454,4.8266,-0.8081,-0.3376,-7.9995
12.962,45.548,-5.9816,1.628,-1.8006,-4.11,4.9063,-0.8216,-0.3376,-7.1904
13.002,45.612,-6.0395,1.4249,-1.6174,-4.1676,4.9771,-0.8351,-0.3376,-6.3849
13.042,45.769,-6.248,1.6083,-1.8757,-3.6697,4.3856,-0.8583,-0.343,-7.2035
13.082,45.844,-6.3412,1.4979,-1.7906,-3.6488,4.3603,-0.8742,-0.3442,-6.7823
13.122,45.939,-6.4796,1.4919,-1.8363,-3.4589,4.1317,-0.8932,-0.3471,-6.8164
******-------------------------------------------------------------------------------------------------------------------****** 
