******-------------------------------------------------------------------------------------------------------------------****** 
Duration of the scene is: 11.122 seconds
Original Targets Numbers in the hole Scene: 3
Number of Targets in the hole Scene after preprocessing: 5
Number of static portions: 1
******-------------------------------------------------------------------------------------------------------------------****** 
TargetID: ID01
Relevancy: 1
tj = 4.5208
Label: 1
Comment: Target is relevant and Turning, since the velocity ratio is highly changing at the end
DATA:
2.8805,0,0,NaN,NaN,NaN,NaN,0,NaN,NaN
2.9205,0.23034,0.014142,NaN,NaN,NaN,NaN,0.0171,NaN,NaN
2.9605,0.29599,0.067896,NaN,NaN,NaN,NaN,0.0964,NaN,NaN
3.0005,0.40454,0.13533,NaN,NaN,NaN,NaN,0.1916,NaN,NaN
3.0405,0.50074,0.32704,NaN,NaN,NaN,NaN,0.4168,NaN,NaN
3.0805,0.62578,0.38891,NaN,NaN,NaN,NaN,0.4167,NaN,NaN
3.1206,0.70872,0.74263,NaN,NaN,NaN,NaN,0.6701,NaN,NaN
3.1606,0.81549,0.55305,NaN,NaN,NaN,NaN,0.4471,NaN,NaN
3.2006,0.91236,0.63418,NaN,NaN,NaN,NaN,0.4613,NaN,NaN
3.2406,1.049,0.99571,NaN,NaN,NaN,NaN,0.6541,NaN,NaN
3.2806,1.1491,0.93452,NaN,NaN,NaN,NaN,0.5703,NaN,NaN
3.3206,NaN,NaN,NaN,NaN,NaN,NaN,0.6733,NaN,NaN
3.3606,NaN,NaN,NaN,NaN,NaN,NaN,0.6734,NaN,NaN
3.4006,NaN,NaN,NaN,NaN,NaN,NaN,0.6789,NaN,NaN
3.4406,NaN,NaN,NaN,NaN,NaN,NaN,0.651,NaN,NaN
3.4806,NaN,NaN,NaN,NaN,NaN,NaN,0.7442,NaN,NaN
3.5206,NaN,NaN,NaN,NaN,NaN,NaN,0.7225,NaN,NaN
3.5607,NaN,NaN,NaN,NaN,NaN,NaN,0.7226,NaN,NaN
3.6006,NaN,NaN,NaN,NaN,NaN,NaN,0.7226,NaN,NaN
3.6406,NaN,NaN,NaN,NaN,NaN,NaN,0.7462,NaN,NaN
3.6807,NaN,NaN,NaN,NaN,NaN,NaN,0.6276,NaN,NaN
3.7207,NaN,NaN,NaN,NaN,NaN,NaN,0.6617,NaN,NaN
3.7607,NaN,NaN,NaN,NaN,NaN,NaN,0.7105,NaN,NaN
3.8007,NaN,NaN,NaN,NaN,NaN,NaN,0.7105,NaN,NaN
3.8407,NaN,NaN,NaN,NaN,NaN,NaN,0.711,NaN,NaN
3.8807,NaN,NaN,NaN,NaN,NaN,NaN,0.6958,NaN,NaN
3.9207,2.4663,2.7951,3.8483,3.2433,0,0,0.7003,0,Inf
3.9607,2.6834,3.0898,3.9722,3.4973,0.030419,0.0050675,0.7213,-0.0077,-687.33
4.0007,2.895,3.3917,4.0704,3.7483,0.084733,0.014132,0.7427,-0.021,-263.49
4.0407,3.5064,4.3297,4.1408,3.4178,0.10272,0.017014,0.6899,-0.049,-109.57
4.0807,3.6745,4.4652,4.1562,3.4171,0.10342,0.01712,0.688,-0.049,-109.81
4.1207,3.8558,4.7611,4.3489,3.7081,0.34058,0.056013,0.7056,-0.0731,-78.183
4.1608,4.0668,4.9906,4.5145,3.8401,0.48772,0.080882,0.7043,-0.0882,-67.197
4.2008,4.2512,5.1426,4.5718,3.8615,0.49428,0.081919,0.7009,-0.0882,-67.85
4.2408,4.4517,5.3897,4.7505,4.0835,0.61991,0.10116,0.7094,-0.0927,-67.577
4.2808,4.6321,5.6636,4.8713,4.3147,0.67862,0.11052,0.7243,-0.0885,-73.53
4.3208,4.8246,5.8649,4.9781,4.4159,0.71665,0.11648,0.7256,-0.088,-75.619
4.3608,5.0256,6.1277,5.1161,4.6486,0.77806,0.12639,0.7369,-0.0807,-85.658
4.4008,5.2498,6.3165,5.265,4.7217,0.85281,0.13838,0.7304,-0.086,-82.234
4.4408,5.4823,6.5673,5.4431,4.9392,0.93067,0.15086,0.7362,-0.0789,-93.157
4.4809,5.7065,6.674,5.4879,4.7382,0.87472,0.14158,0.7128,-0.0955,-75.92
4.5208,5.9506,6.8687,5.6126,4.8104,0.91277,0.14799,0.708,-0.0952,-77.646
4.5608,6.162,7.0239,5.6697,4.7225,0.87977,0.1424,0.6951,-0.1055,-69.942
4.6008,6.3966,7.1555,5.7478,4.5831,0.88119,0.14266,0.6737,-0.1243,-59.142
4.6408,6.6361,7.2668,5.7992,4.3892,0.85189,0.13803,0.6479,-0.1474,-49.342
4.6808,6.8778,7.3406,5.8226,4.0927,0.7944,0.12894,0.6122,-0.1812,-39.277
4.7209,7.1296,7.4321,5.8954,3.8999,0.81599,0.13221,0.5849,-0.2039,-34.667
4.7609,6.6547,7.0804,5.821,3.2803,0.65891,0.10731,0.5088,-0.2821,-23.686
4.8009,6.8885,7.1942,5.9381,3.1842,0.83433,0.13553,0.4871,-0.2934,-22.965
4.8409,7.1173,7.2148,5.8886,2.7401,0.71732,0.1163,0.4316,-0.3418,-19.002
4.8809,7.3559,7.2928,6.0103,2.5803,0.98124,0.15851,0.4008,-0.36,-18.169
4.9209,7.6247,7.3822,6.1791,2.4798,1.2771,0.20545,0.3763,-0.37,-17.995
4.9609,7.8742,7.45,6.2886,2.2867,1.465,0.23506,0.3435,-0.3893,-17.188
5.0009,8.147,7.5327,6.4039,2.1401,1.5494,0.24799,0.3178,-0.3994,-16.906
5.0409,8.3977,7.536,6.3565,1.7261,1.3276,0.21234,0.2624,-0.4411,-14.932
5.0809,8.6776,7.6013,6.494,1.5627,1.5572,0.24838,0.2339,-0.4516,-14.79
5.1209,8.9443,7.6479,6.5546,1.3489,1.5759,0.2507,0.2016,-0.4662,-14.354
5.161,9.2293,7.7018,6.6857,1.1816,1.7996,0.28525,0.1743,-0.4745,-14.308
5.2009,9.5076,7.7551,6.7575,1.0244,1.7826,0.28165,0.1506,-0.4793,-14.26
5.2409,10.053,7.7817,6.8984,1.0683,1.8741,0.29496,0.1537,-0.4528,-15.417
5.281,10.327,7.7861,6.8439,0.80108,1.43,0.22429,0.1172,-0.4708,-14.636
5.3209,10.597,7.8338,6.9011,0.69294,1.462,0.22866,0.1011,-0.4686,-14.801
5.361,10.898,7.82,6.9523,0.41408,1.4896,0.23219,0.0613,-0.4884,-14.26
5.401,11.276,7.8598,6.9564,0.31893,1.1957,0.18586,0.0472,-0.48,-14.508
5.441,11.649,7.8669,6.9392,0.12284,0.95462,0.14803,0.0189,-0.4867,-14.26
5.481,11.949,7.8977,6.9712,0.1741,0.77658,0.12009,0.0258,-0.4574,-15.246
5.521,12.265,7.8698,6.8955,-0.042519,0.34357,0.053007,-0.0057,-0.4676,-14.747
5.561,12.544,7.8646,6.7411,-0.10833,-0.47867,-0.073821,-0.0168,-0.4572,-14.746
5.601,12.789,7.7597,6.8226,-0.45705,-0.087362,-0.013405,-0.0671,-0.4851,-14.096
5.641,13.146,7.8197,7.0953,-0.32843,1.0272,0.15658,-0.0448,-0.4434,-16.019
5.681,13.437,7.7569,6.913,-0.50525,-0.10835,-0.016528,-0.0731,-0.4491,-15.434
5.721,13.738,7.6518,6.5723,-0.7786,-2.1268,-0.32911,-0.1227,-0.4737,-13.971
5.7611,14.078,7.5124,6.4678,-1.0835,-2.8867,-0.45325,-0.1735,-0.4971,-13.192
5.801,14.406,7.4382,6.4216,-1.2531,-3.2158,-0.50953,-0.2019,-0.4993,-13.104
5.841,14.622,7.372,6.1985,-1.3832,-2.7227,-0.39694,-0.2284,-0.5026,-12.636
5.881,14.825,7.3967,6.1427,-1.371,-2.2019,-0.32167,-0.2273,-0.4806,-13.096
5.9211,14.982,7.451,5.7896,-1.2215,-2.635,-0.3806,-0.2182,-0.4527,-13.071
5.9611,15.331,7.2422,6.4254,-1.8439,-0.65837,-0.096781,-0.2819,-0.4933,-13.551
6.0011,15.586,7.146,6.8243,-2.2616,0.72964,0.10807,-0.3169,-0.5043,-14.256
6.0411,15.761,7.1229,6.6928,-2.235,0.2773,0.040702,-0.3208,-0.4856,-14.531
6.0811,16.012,7.0521,6.6565,-2.3675,0.27889,0.040739,-0.3402,-0.4856,-14.549
6.1211,16.272,6.9688,6.617,-2.5007,0.28062,0.040765,-0.3597,-0.4856,-14.567
6.1611,16.418,6.9774,6.5513,-2.6994,0.20848,0.030083,-0.3893,-0.494,-14.343
6.2011,16.093,7.1858,3.0518,-2.1584,-8.9192,-0.40226,-0.3868,-0.4727,-7.9076
6.2411,16.176,7.1227,1.1996,-1.0676,-8.4609,-0.28779,-0.39027,-0.44006,-3.6493
6.2811,16.197,7.0952,-0.039397,-0.36798,-8.0024,-0.17327,-0.39373,-0.40741,-0.90837
6.3211,16.181,7.088,-0.66435,-0.05996,-7.5438,-0.058736,-0.3972,-0.37476,-1.7799
6.3611,16.152,7.0852,-0.67504,-0.14368,-7.0853,0.055772,-0.40067,-0.34211,-2.0174
6.4011,16.135,7.0713,-0.071468,-0.61918,-6.6268,0.17031,-0.40413,-0.30945,-2.0142
6.4411,16.154,7.0305,1.1463,-1.4864,-6.1682,0.28484,-0.4076,-0.2768,-6.7812
******-------------------------------------------------------------------------------------------------------------------****** 
TargetID: ID02
Target can not be processed due to lack of Data
******-------------------------------------------------------------------------------------------------------------------****** 
TargetID: ID04
Target can not be processed due to lack of Data
******-------------------------------------------------------------------------------------------------------------------****** 
TargetID: ID05
Target can not be processed due to lack of Data
******-------------------------------------------------------------------------------------------------------------------****** 
TargetID: ID03
Target can not be processed due to lack of Data
******-------------------------------------------------------------------------------------------------------------------****** 
