******-------------------------------------------------------------------------------------------------------------------****** 
Duration of the scene is: 17.725 seconds
Original Targets Numbers in the hole Scene: 3
Number of Targets in the hole Scene after preprocessing: 3
Number of static portions: 1
******-------------------------------------------------------------------------------------------------------------------****** 
TargetID: ID01
Relevancy: 1
tj = 9.4822
Label: 0
Comment: Target is relevant and going straight, since the velocity ratio is almost not changing
DATA:
6.2023,0,0,NaN,NaN,NaN,NaN,0,NaN,NaN
6.242,0.21647,0.00065156,NaN,NaN,NaN,NaN,0.0052,NaN,NaN
6.2824,0.2994,-0.27627,NaN,NaN,NaN,NaN,-0.4064,NaN,NaN
6.3221,0.60015,0.30957,NaN,NaN,NaN,NaN,0.4233,NaN,NaN
6.3624,0.84818,0.54955,NaN,NaN,NaN,NaN,0.5627,NaN,NaN
6.4021,1.0422,0.30511,NaN,NaN,NaN,NaN,0.2705,NaN,NaN
6.4424,1.2424,0.25232,NaN,NaN,NaN,NaN,0.1845,NaN,NaN
6.4821,1.358,0.26584,NaN,NaN,NaN,NaN,0.1711,NaN,NaN
6.5225,1.5368,0.33511,NaN,NaN,NaN,NaN,0.1995,NaN,NaN
6.5621,1.7056,0.082251,NaN,NaN,NaN,NaN,-0.0014,NaN,NaN
6.6013,1.8925,0.21259,NaN,NaN,NaN,NaN,0.0849,NaN,NaN
6.6422,2.059,0.26902,NaN,NaN,NaN,NaN,0.1112,NaN,NaN
6.6825,2.2322,0.23006,NaN,NaN,NaN,NaN,0.077,NaN,NaN
6.7222,2.3711,0.35417,NaN,NaN,NaN,NaN,0.145,NaN,NaN
6.7613,2.5284,0.33792,NaN,NaN,NaN,NaN,0.1249,NaN,NaN
6.8015,2.7018,0.35961,NaN,NaN,NaN,NaN,0.1249,NaN,NaN
6.8414,2.604,0.83356,4.3151,0.53131,0,0,0.1225,0,Inf
6.8815,2.7981,0.92628,4.3389,0.68219,-0.0018896,0.00096393,0.156,0.0001,43923
6.9214,2.9827,1.0136,4.3234,0.8091,-0.049504,0.025259,0.1852,0.0033,1332.9
6.9623,3.149,1.2728,4.3452,1.2569,-0.12934,0.066033,0.2821,0.0028,1615.5
7.0014,3.328,1.3004,4.4008,1.1814,-0.11624,0.059323,0.2627,-0.018,-253.15
7.0423,3.5221,1.3585,4.411,1.1904,-0.093827,0.04787,0.2639,-0.0144,-317.28
7.0815,3.6947,1.3866,4.3939,1.1516,-0.081002,0.041311,0.2563,-0.0144,-315.44
7.1223,3.8949,1.4386,4.3639,1.1595,-0.097478,0.049732,0.2601,0.0061,740.21
7.1615,4.0717,1.4949,4.3626,1.1904,-0.11095,0.056607,0.2668,0.0162,279.15
7.2015,4.2464,1.5437,4.3631,1.1932,-0.11989,0.061168,0.2674,0.0162,279.22
7.2415,4.3997,1.539,4.2962,1.1132,-0.11492,0.058579,0.2531,0.01,443.81
7.2816,4.5708,1.5878,4.2754,1.1028,-0.10229,0.052166,0.2524,0.0084,525.63
7.3215,4.7222,1.5778,4.2093,1.0117,-0.11455,0.058387,0.2354,-0.0065,-666.03
7.3616,4.8814,1.5884,4.176,0.95252,-0.11417,0.058195,0.2238,-0.0206,-207.92
7.4015,5.028,1.5656,4.1275,0.84132,-0.12513,0.063782,0.2006,-0.0497,-84.756
7.4425,5.1915,1.5882,4.1176,0.81416,-0.11539,0.058845,0.1952,-0.0539,-77.872
7.4815,5.356,1.6203,4.1024,0.802,-0.12081,0.061607,0.1931,-0.0539,-77.553
7.5217,5.5478,1.7461,4.1303,0.98695,-0.082373,0.042041,0.2349,0.0036,1179.6
7.5616,5.6951,1.7577,4.1067,0.92497,-0.097504,0.049724,0.2215,-0.0162,-259.85
7.6017,5.8828,1.8436,4.1259,1.0148,-0.078973,0.040305,0.2415,0.0097,438.03
7.6416,6.0455,1.8666,4.1142,0.98204,-0.078482,0.040026,0.2343,0.0006,7049.6
7.6817,6.2331,1.9654,4.125,1.0959,-0.065242,0.033285,0.2599,0.0319,133.8
7.7217,6.3942,1.9704,4.1027,1.0166,-0.074215,0.037838,0.2426,0.0101,418.49
7.7618,6.5479,2.0305,4.0895,1.0701,-0.066528,0.033919,0.2557,0.0241,175.4
7.8017,6.7143,2.088,4.0812,1.1001,-0.063504,0.032378,0.263,0.0315,134.19
7.8418,6.8764,2.1258,4.0681,1.0909,-0.064385,0.032828,0.2617,0.0285,147.78
7.8817,7.0305,2.1278,4.0512,1.0127,-0.073305,0.037413,0.2453,0.0089,469.19
7.9218,7.1943,2.1815,4.0456,1.04,-0.064742,0.03304,0.2519,0.0153,273.02
7.9618,7.3436,2.184,3.999,0.98776,-0.076199,0.038883,0.2425,0.006,686.52
8.0017,7.517,2.2604,4.0064,1.0516,-0.060711,0.030983,0.2569,0.0204,203.04
8.0417,7.6624,2.2748,3.9665,1.005,-0.06363,0.032443,0.2479,0.0101,405.14
8.0819,7.8508,2.3873,3.9921,1.1315,-0.043583,0.022239,0.2764,0.0379,109.48
8.1219,8.0122,2.4083,3.9758,1.0797,-0.04673,0.023839,0.2654,0.0267,154.3
8.1619,8.1709,2.4517,3.9629,1.0808,-0.047611,0.024289,0.2664,0.0267,153.84
8.2018,8.3264,2.5289,3.953,1.1512,-0.037672,0.019211,0.2832,0.0403,102.17
8.2419,8.4843,2.5752,3.9399,1.1544,-0.038175,0.019468,0.2848,0.0403,101.87
8.2819,8.6373,2.634,3.9319,1.1878,-0.033262,0.016962,0.2932,0.0455,90.274
8.3219,8.797,2.7049,3.933,1.24,-0.028972,0.014783,0.3056,0.054,76.367
8.3619,8.954,2.7547,3.9216,1.2458,-0.029477,0.01504,0.3077,0.054,76.199
8.4019,9.0926,2.7812,3.8802,1.2195,-0.030616,0.015613,0.3044,0.0488,83.346
8.4419,9.2939,2.9166,3.9241,1.3618,-0.021163,0.010796,0.3341,0.0726,57.213
8.482,9.4711,3.0152,3.9319,1.4467,-0.018644,0.0095109,0.3526,0.0854,49.058
8.522,9.6317,3.0738,3.9183,1.4533,-0.018139,0.0092536,0.3553,0.0852,49.051
8.5619,9.7796,3.1044,3.8951,1.4177,-0.019024,0.0097027,0.349,0.0776,53.416
8.6019,9.9155,3.1403,3.8581,1.3994,-0.017008,0.0086739,0.3479,0.0736,55.761
8.642,10.056,3.1847,3.8485,1.4017,-0.017512,0.0089313,0.3492,0.0714,57.364
8.6819,10.191,3.2121,3.8351,1.3769,-0.019276,0.0098304,0.3446,0.0649,62.785
8.7221,10.338,3.2915,3.8503,1.4412,-0.020284,0.010344,0.3581,0.0715,57.498
8.762,10.499,3.3642,3.865,1.4784,-0.022802,0.011631,0.3654,0.0745,55.545
8.8021,10.67,3.4487,3.8887,1.5294,-0.026831,0.013688,0.3748,0.0795,52.561
8.842,10.849,3.5525,3.9173,1.6129,-0.03275,0.016708,0.3907,0.0889,47.653
8.8821,10.981,3.5899,3.8905,1.5933,-0.030364,0.015484,0.3885,0.0839,50.109
8.9221,11.164,3.695,3.9157,1.6712,-0.034387,0.017543,0.4035,0.0927,45.927
8.9621,11.299,3.7324,3.8891,1.6452,-0.031246,0.015933,0.4,0.087,48.538
9.0021,11.432,3.7564,3.8582,1.5947,-0.026962,0.01375,0.3918,0.0786,53.114
9.0422,11.626,3.8888,3.9088,1.7183,-0.03653,0.01864,0.4144,0.0922,46.31
9.0822,11.801,3.9898,3.9278,1.7875,-0.041818,0.021338,0.4273,0.0988,43.678
9.1222,11.999,4.1343,3.9887,1.9354,-0.065623,0.033496,0.452,0.1128,39.303
9.1622,12.129,4.1408,3.9347,1.8328,-0.047374,0.024154,0.4357,0.0992,43.757
9.2022,12.311,4.2487,3.9796,1.9098,-0.064489,0.032917,0.4477,0.1048,42.12
9.2422,12.472,4.3424,3.9876,1.9639,-0.070688,0.036032,0.4573,0.1079,41.195
9.2822,12.619,4.3926,3.974,1.9372,-0.067915,0.03462,0.4533,0.1024,43.174
9.3222,12.817,4.5091,4.0378,2.0225,-0.091422,0.046653,0.4648,0.1082,41.738
9.3622,13.003,4.6255,4.0967,2.1153,-0.12113,0.06182,0.4772,0.1133,40.694
9.4023,13.15,4.6887,4.0742,2.1067,-0.1114,0.056762,0.4767,0.1099,41.735
9.4423,13.289,4.7198,4.0355,2.0347,-0.094004,0.047907,0.4666,0.1007,44.881
9.4822,13.43,4.7614,3.9938,1.9839,-0.075854,0.038664,0.4607,0.0946,47.14
9.5223,13.589,4.8411,3.997,2.0046,-0.077871,0.039691,0.4645,0.0946,47.267
9.5623,13.746,4.918,4.0007,2.0206,-0.080139,0.040847,0.4673,0.0938,47.782
9.6022,13.824,4.8642,3.8317,1.8025,-0.030237,0.015419,0.4396,0.0739,57.3
9.6423,13.978,4.9368,3.829,1.815,-0.031119,0.015868,0.4425,0.0739,57.339
9.6823,14.034,4.8563,3.6451,1.5878,-0.006047,0.0030843,0.4108,0.0516,77.053
9.7223,14.17,4.9032,3.6744,1.5948,-0.022804,0.01163,0.4094,0.0483,82.931
9.7623,14.334,4.9732,3.7441,1.6331,-0.043973,0.022419,0.4111,0.0479,85.277
9.8023,14.484,5.0334,3.7779,1.649,-0.055692,0.028392,0.4113,0.0463,89.031
9.8424,14.665,5.1256,3.8656,1.7124,-0.078456,0.040034,0.4174,0.049,86.284
9.8824,14.771,5.1248,3.7901,1.6205,-0.061238,0.031217,0.4037,0.0389,105.96
9.9223,14.915,5.1834,3.8178,1.6279,-0.069651,0.035555,0.4034,0.0369,112.48
9.9624,15.107,5.2926,3.9121,1.7183,-0.089799,0.045847,0.4143,0.0431,99.137
10.002,15.25,5.3495,3.907,1.7124,-0.086147,0.043981,0.4135,0.0413,103.29
10.042,15.378,5.3834,3.8454,1.6653,-0.066782,0.034042,0.4084,0.0372,112.65
10.082,15.595,5.5192,4.0028,1.8057,-0.10554,0.05389,0.4243,0.0464,94.639
10.122,15.754,5.5916,4.0165,1.8208,-0.10552,0.053849,0.4261,0.0464,95.043
10.162,15.933,5.684,4.0845,1.8789,-0.12191,0.062255,0.4317,0.0486,92.509
10.202,16.048,5.71,4.0007,1.8061,-0.094635,0.04823,0.4236,0.0417,105.26
10.242,16.239,5.8099,4.1076,1.8772,-0.12266,0.06264,0.4292,0.0439,102.88
10.282,16.396,5.8838,4.104,1.8935,-0.11657,0.059397,0.4318,0.0444,101.8
10.323,16.646,6.0421,4.3411,2.0862,-0.19014,0.097144,0.4487,0.054,89.192
10.363,16.674,5.9805,4.0055,1.809,-0.077116,0.039307,0.4238,0.0363,121.08
10.402,16.883,6.092,4.1476,1.9054,-0.11184,0.057105,0.4311,0.0401,113.82
10.443,17.061,6.1826,4.2035,1.9591,-0.12566,0.064132,0.4366,0.0428,108.36
10.483,17.289,6.3253,4.3596,2.1165,-0.16862,0.086132,0.4526,0.0525,92.309
10.523,17.477,6.4251,4.4249,2.1802,-0.18745,0.095684,0.4585,0.055,89.688
10.563,17.722,6.5681,4.6264,2.3383,-0.25069,0.12812,0.4688,0.0602,86.108
******-------------------------------------------------------------------------------------------------------------------****** 
TargetID: ID03
Relevancy: 1
tj = 13.8837
Label: 0
Comment: Target is relevant and going straight, since the velocity ratio is almost not changing
DATA:
10.523,0,0,NaN,NaN,NaN,NaN,0,NaN,NaN
10.563,0.19952,0.086488,NaN,NaN,NaN,NaN,0.2376,NaN,NaN
10.603,0.35928,0.63658,NaN,NaN,NaN,NaN,0.9867,NaN,NaN
10.643,0.52519,0.27549,NaN,NaN,NaN,NaN,0.3808,NaN,NaN
10.683,0.64404,0.32424,NaN,NaN,NaN,NaN,0.3807,NaN,NaN
10.723,0.76289,0.37247,NaN,NaN,NaN,NaN,0.3807,NaN,NaN
10.763,0.8815,0.42035,NaN,NaN,NaN,NaN,0.3806,NaN,NaN
10.803,1.06,0.21363,NaN,NaN,NaN,NaN,0.1077,NaN,NaN
10.843,1.1791,0.22633,NaN,NaN,NaN,NaN,0.1077,NaN,NaN
10.883,1.3137,0.094544,NaN,NaN,NaN,NaN,-0.0302,NaN,NaN
10.923,1.42,0.088475,NaN,NaN,NaN,NaN,-0.0319,NaN,NaN
10.963,1.5655,0.16283,NaN,NaN,NaN,NaN,0.0322,NaN,NaN
11.003,1.6849,0.16641,NaN,NaN,NaN,NaN,0.0322,NaN,NaN
11.043,1.8277,0.12511,NaN,NaN,NaN,NaN,-0.0068,NaN,NaN
11.083,1.9736,0.12878,NaN,NaN,NaN,NaN,-0.0074,NaN,NaN
11.123,2.0523,0.11901,NaN,NaN,NaN,NaN,-0.0101,NaN,NaN
11.163,2.1689,0.11692,NaN,NaN,NaN,NaN,-0.01,NaN,NaN
11.203,2.2881,-0.07595,NaN,NaN,NaN,NaN,-0.1588,NaN,NaN
11.243,2.408,0.0037995,NaN,NaN,NaN,NaN,-0.0833,NaN,NaN
11.283,2.5379,-0.00040986,NaN,NaN,NaN,NaN,-0.0808,NaN,NaN
11.323,2.6558,-0.010285,NaN,NaN,NaN,NaN,-0.0808,NaN,NaN
11.363,2.7739,-0.019121,NaN,NaN,NaN,NaN,-0.0808,NaN,NaN
11.403,2.8918,-0.028997,NaN,NaN,NaN,NaN,-0.0808,NaN,NaN
11.443,2.9751,0.097589,NaN,NaN,NaN,NaN,0.0219,NaN,NaN
11.483,3.1328,0.12483,NaN,NaN,NaN,NaN,0.0324,NaN,NaN
11.523,3.2001,0.17448,NaN,NaN,NaN,NaN,0.0762,NaN,NaN
11.563,3.3131,0.18342,NaN,NaN,NaN,NaN,0.0762,NaN,NaN
11.603,3.4127,0.27686,NaN,NaN,NaN,NaN,0.1459,NaN,NaN
11.643,3.5328,0.29575,NaN,NaN,NaN,NaN,0.1463,NaN,NaN
11.683,3.633,0.37423,NaN,NaN,NaN,NaN,0.2001,NaN,NaN
11.723,3.7544,0.45621,NaN,NaN,NaN,NaN,0.245,NaN,NaN
11.763,3.8652,0.48458,NaN,NaN,NaN,NaN,0.245,NaN,NaN
11.803,3.9613,0.3912,NaN,NaN,NaN,NaN,0.1502,NaN,NaN
11.843,4.076,0.45656,NaN,NaN,NaN,NaN,0.1894,NaN,NaN
11.883,4.1853,0.47739,NaN,NaN,NaN,NaN,0.1894,NaN,NaN
11.923,4.291,0.49894,NaN,NaN,NaN,NaN,0.191,NaN,NaN
11.963,4.3845,0.55015,NaN,NaN,NaN,NaN,0.2203,NaN,NaN
12.003,4.4914,0.57427,NaN,NaN,NaN,NaN,0.2203,NaN,NaN
12.043,4.6214,0.72375,NaN,NaN,NaN,NaN,0.3144,NaN,NaN
12.083,4.7287,0.75816,NaN,NaN,NaN,NaN,0.3144,NaN,NaN
12.123,4.8352,0.72948,NaN,NaN,NaN,NaN,0.2653,NaN,NaN
12.163,4.9563,0.75879,NaN,NaN,NaN,NaN,0.2628,NaN,NaN
12.203,4.8505,1.3846,2.7005,0.93827,0,0,0.3344,0,Inf
12.243,4.966,1.3397,2.6961,0.72958,-0.017763,0.011847,0.2645,-0.0008,-3491.4
12.283,5.0738,1.3691,2.697,0.72974,-0.018117,0.012082,0.2644,-0.0008,-3492.5
12.323,5.1909,1.3781,2.7406,0.69398,-0.015767,0.010512,0.248,-0.0035,-807.74
12.363,5.2995,1.4299,2.7664,0.75032,-0.024473,0.016316,0.2649,-0.0023,-1246.2
12.403,5.4216,1.4623,2.7717,0.7485,-0.029524,0.019691,0.2641,-0.0013,-2208.5
12.443,5.5293,1.4927,2.7652,0.75068,-0.032474,0.021649,0.2651,-0.0006,-4775.4
12.483,5.64,1.5225,2.7719,0.75253,-0.034944,0.023296,0.2651,-0.0006,-4787.1
12.523,5.7509,1.5524,2.7788,0.7543,-0.037414,0.024943,0.2651,-0.0006,-4798.9
12.563,5.8622,1.5825,2.7855,0.75606,-0.040003,0.026668,0.2651,-0.0006,-4810.5
12.603,5.9721,1.6073,2.7114,0.51751,-0.043413,0.028954,0.26033,-0.0036028,-766.17
12.643,6.0804,1.627,2.7162,0.50423,-0.046817,0.031236,0.25557,-0.006601,-418.51
12.683,6.1905,1.6506,2.7997,0.71578,-0.050222,0.033519,0.2508,-0.0096,-301.01
12.723,6.3024,1.6791,2.8064,0.71634,-0.053161,0.035482,0.2505,-0.0096,-301.71
12.763,6.4246,1.7228,3.173,1.2856,-0.056224,0.037528,0.25832,-0.0028871,-1185.8
12.803,6.5472,1.7676,2.8559,0.77665,-0.059275,0.039567,0.2661,0.0038,778.85
12.843,6.6508,1.7635,2.8356,0.71809,-0.050851,0.033876,0.2475,-0.0117,-250.01
12.883,6.7644,1.7922,2.8426,0.71845,-0.053559,0.035678,0.247,-0.0117,-250.6
12.923,6.8725,1.8584,2.8447,0.78909,-0.055443,0.036932,0.27,0.0085,347.31
12.963,6.9864,1.89,2.8514,0.79214,-0.058152,0.038734,0.2704,0.0085,348.17
13.003,7.0967,1.9288,2.8579,0.80874,-0.059862,0.039961,0.2764,0.0132,225.01
13.043,7.2189,1.9721,2.8833,0.83644,-0.0655,0.043712,0.283,0.0194,154.75
13.084,7.3289,2.0361,2.9015,0.91623,-0.079844,0.05332,0.3067,0.04,76.068
13.123,7.4718,2.1549,2.9474,1.1219,-0.1259,0.084155,0.365,0.0996,31.664
13.163,7.5853,2.2077,2.9461,1.162,-0.13316,0.088734,0.3757,0.1063,29.793
13.203,7.6986,2.2461,2.9676,1.1555,-0.13647,0.091237,0.3727,0.0973,32.73
13.243,7.8075,2.2594,2.9616,1.1001,-0.12,0.079837,0.3545,0.0728,43.397
13.283,7.9264,2.304,2.9729,1.1141,-0.12366,0.082263,0.3574,0.0728,43.61
13.323,8.0449,2.3633,3.0032,1.1608,-0.13636,0.091154,0.3701,0.0817,39.409
13.363,8.176,2.46,3.0363,1.3091,-0.17629,0.11793,0.4087,0.1172,28.212
13.404,8.3236,2.565,3.0711,1.4685,-0.22618,0.15145,0.448,0.1544,22.047
13.443,8.4465,2.625,3.0845,1.4982,-0.2324,0.15563,0.4542,0.1544,22.209
13.484,8.5696,2.6858,3.0975,1.5281,-0.23862,0.15981,0.4604,0.1544,22.37
13.524,8.689,2.7334,3.1055,1.5185,-0.23089,0.15446,0.4568,0.1447,23.89
13.564,8.8093,2.8087,3.1101,1.5896,-0.24533,0.16286,0.4704,0.1511,23.116
13.604,8.9342,2.873,3.1228,1.6199,-0.25134,0.16684,0.4764,0.1511,23.282
13.644,9.031,2.8726,3.084,1.5014,-0.18648,0.12392,0.4514,0.1221,28.092
13.684,9.1547,2.9333,3.0939,1.525,-0.19084,0.12681,0.4563,0.1221,28.25
13.724,9.2662,2.9407,3.0754,1.4344,-0.1504,0.10001,0.4351,0.0996,34.071
13.764,9.38,2.9759,3.0459,1.396,-0.11446,0.076283,0.4297,0.0924,36.262
13.804,9.4986,3.0353,3.0517,1.4188,-0.1147,0.076441,0.4352,0.0934,36.032
13.844,9.6208,3.0926,3.0575,1.4354,-0.11705,0.078008,0.4389,0.0934,36.164
13.884,9.7739,3.233,3.0858,1.6129,-0.13344,0.089198,0.4828,0.1274,27.33
13.924,9.8972,3.2984,3.0889,1.6345,-0.13626,0.091088,0.4879,0.1274,27.431
13.964,10.02,3.3644,3.0918,1.6563,-0.13896,0.092899,0.493,0.1274,27.532
14.004,10.144,3.4313,3.0946,1.6781,-0.14178,0.094788,0.4981,0.1274,27.632
14.044,10.265,3.517,3.0843,1.7376,-0.14119,0.093902,0.5118,0.1337,26.478
14.084,10.389,3.5873,3.0858,1.7603,-0.1439,0.0957,0.5172,0.1337,26.571
14.124,10.508,3.6497,3.0759,1.7647,-0.13377,0.088975,0.5197,0.1317,26.926
14.164,10.747,3.8969,3.283,2.1463,-0.33073,0.2217,0.5814,0.1746,22.465
14.204,10.882,3.957,3.2608,2.1383,-0.30151,0.20007,0.5782,0.1687,23.114
14.244,11.016,4.0364,3.2832,2.1454,-0.30369,0.20314,0.581,0.1661,23.612
14.284,11.147,4.1235,3.2901,2.1813,-0.30897,0.20668,0.5876,0.1661,23.766
14.324,11.264,4.1489,3.2366,2.1003,-0.23971,0.15921,0.5738,0.1527,25.267
14.364,11.332,4.1251,3.0929,1.9059,-0.10054,0.066916,0.5514,0.1327,27.378
14.404,11.437,4.1619,3.0486,1.8511,-0.068977,0.045934,0.5451,0.1246,28.624
14.444,11.549,4.2044,3.025,1.8147,-0.060617,0.040373,0.5398,0.1174,30.047
14.484,11.678,4.2794,3.0559,1.8468,-0.096653,0.064331,0.5428,0.1158,30.834
14.524,11.777,4.3161,3.0071,1.7931,-0.068742,0.045776,0.5371,0.1082,32.358
14.564,11.912,4.3881,3.0507,1.8154,-0.10848,0.072425,0.5377,0.1057,33.585
14.604,12.009,4.4188,2.9998,1.7596,-0.084406,0.05619,0.5297,0.0967,35.965
14.644,12.135,4.508,2.997,1.8099,-0.069839,0.046607,0.5439,0.1049,33.375
14.684,12.262,4.5878,3.0086,1.8419,-0.079238,0.052886,0.55,0.1066,33.092
14.724,12.487,4.7953,3.2191,2.1427,-0.22966,0.15352,0.589,0.1315,29.407
******-------------------------------------------------------------------------------------------------------------------****** 
TargetID: ID06
Target can not be processed due to lack of Data
******-------------------------------------------------------------------------------------------------------------------****** 
