******-------------------------------------------------------------------------------------------------------------------****** 
Duration of the scene is: 13.1905 seconds
Original Targets Numbers in the hole Scene: 3
Number of Targets in the hole Scene after preprocessing: 5
Number of static portions: 1
******-------------------------------------------------------------------------------------------------------------------****** 
TargetID: ID01
Relevancy: 1
tj = 9.4704
Label: 0
Comment: Target is relevant and going straight, since the velocity ratio is almost not changing
DATA:
7.1918,0,-0,NaN,NaN,NaN,NaN,0,NaN,NaN
7.2385,-0.053147,-1.5032,NaN,NaN,NaN,NaN,-0.667,NaN,NaN
7.2705,NaN,NaN,NaN,NaN,NaN,NaN,-0.4714,NaN,NaN
7.3164,NaN,NaN,NaN,NaN,NaN,NaN,-0.0705,NaN,NaN
7.363,NaN,NaN,NaN,NaN,NaN,NaN,-0.0331,NaN,NaN
7.3943,NaN,NaN,NaN,NaN,NaN,NaN,0.0299,NaN,NaN
7.4411,3.0003,0.65802,14.352,1.2966,0,-0,0.0901,0,Inf
7.4724,3.5741,0.71673,14.352,1.2964,0,-0,0.0901,0,Inf
7.519,3.935,0.22916,13.723,-0.21472,-9.9778e-05,9.9787e-05,-0.0156,0.0007,19607
7.5506,4.5787,0.55203,13.964,0.69118,0.061261,-0.06154,0.0494,0.0288,485.46
7.5972,5.1001,0.39314,13.824,0.23227,-0.030006,0.030193,0.0168,0.0152,909.61
7.6287,5.6629,0.4218,13.794,0.29509,-0.049205,0.049592,0.0214,0.0222,621.48
7.6754,4.5075,0.57419,13.561,-0.28715,-0.079979,0.080747,-0.0204,-0.009,-1507.2
7.7219,5.0615,0.60315,13.513,-0.18927,-0.084208,0.085107,-0.0132,-0.0028,-4826.5
7.7532,5.5691,0.47979,13.314,-0.52115,-0.11981,0.12122,-0.038,-0.0211,-631.46
7.8001,5.9172,0.33116,13.054,-0.99135,-0.16133,0.16335,-0.0741,-0.0576,-227.29
7.8311,6.4459,0.32503,12.949,-0.98018,-0.16989,0.17215,-0.0738,-0.0622,-208.77
7.8779,6.9759,0.36463,12.923,-0.73248,-0.14506,0.14706,-0.0551,-0.0388,-333.61
7.9092,7.5375,0.40802,12.864,-0.55217,-0.1346,0.13656,-0.0414,-0.0223,-577.41
7.9561,8.0636,0.41576,12.761,-0.41924,-0.12859,0.13061,-0.0314,-0.0075,-1702.3
8.0026,8.5294,0.36183,12.556,-0.51709,-0.15444,0.15707,-0.0394,-0.0186,-675.64
8.0343,9.0035,0.32612,12.378,-0.57932,-0.17195,0.17509,-0.0447,-0.0272,-455.59
8.0808,9.4911,0.27777,12.17,-0.73631,-0.20601,0.20996,-0.0579,-0.0454,-268.55
8.1124,9.807,0.077896,11.665,-1.4568,-0.33663,0.34418,-0.1202,-0.1337,-87.924
8.1589,10.268,0.011243,11.494,-1.474,-0.35062,0.35839,-0.1232,-0.1301,-89.07
8.1902,10.751,0.093886,11.464,-0.97518,-0.22578,0.23102,-0.0819,-0.0616,-186.77
8.237,11.469,0.11633,11.395,-0.57489,-0.12224,0.12512,-0.0489,-0.0137,-832.84
8.2686,11.945,0.16388,11.292,-0.30362,-0.047694,0.048865,-0.0263,0.0172,656.75
8.3148,12.428,0.20016,11.202,-0.085265,0.016882,-0.01732,-0.0078,0.042,266.73
8.3616,12.896,0.22354,11.049,-0.05664,0.0288,-0.029608,-0.0055,0.0419,263.71
8.3931,13.32,0.17321,10.818,-0.12515,0.012704,-0.013097,-0.0117,0.0356,303.9
8.4395,13.73,0.1552,10.581,-0.14754,0.010225,-0.010574,-0.0141,0.0332,318.74
8.4708,14.116,0.065354,10.297,-0.28335,-0.033838,0.035128,-0.027,0.0195,528.25
8.5177,14.528,0.077492,10.091,-0.27451,-0.025351,0.026429,-0.0268,0.0194,520.36
8.5488,14.939,0.075974,9.8861,-0.27764,-0.020213,0.021168,-0.0277,0.0179,552.51
8.5955,15.321,0.040891,9.6413,-0.33025,-0.034558,0.036393,-0.0336,0.0109,885.04
8.6424,15.658,-0.020056,9.3589,-0.43304,-0.072147,0.076476,-0.0449,-0.0018,-5204.9
8.6735,15.984,-0.064899,9.0767,-0.51095,-0.10207,0.10904,-0.0542,-0.0118,-770.43
8.7203,16.355,-0.073752,8.8868,-0.46229,-0.068228,0.073364,-0.0506,-0.0065,-1369.1
8.7518,16.711,-0.066008,8.7029,-0.4151,-0.03327,0.036053,-0.0469,-0.0021,-4148.9
8.7982,17.042,-0.065955,8.3642,-0.66525,-0.14948,0.16394,-0.0759,-0.0339,-247.51
8.8297,17.359,-0.10096,8.1494,-0.66981,-0.13905,0.15388,-0.0786,-0.0353,-231.64
8.8766,17.677,-0.13514,7.9721,-0.62873,-0.10105,0.1129,-0.0761,-0.031,-257.96
8.923,17.994,-0.1732,7.7656,-0.60027,-0.070882,0.080068,-0.0752,-0.0284,-274.25
8.9543,18.302,-0.10707,7.6436,-0.47621,0.016497,-0.018833,-0.0627,-0.0141,-543.15
9.0012,18.621,-0.10926,7.4528,-0.39609,0.081286,-0.093892,-0.0557,-0.0059,-1265
9.0325,18.919,-0.11508,7.2312,-0.32358,0.14686,-0.17179,-0.0499,0.0006,12064
9.0791,19.164,-0.16542,6.9645,-0.3128,0.18101,-0.21516,-0.0518,-0.0014,-4979.6
9.1106,19.465,-0.13768,6.6999,-0.19035,0.28939,-0.34692,-0.0406,0.0104,644.48
9.1571,19.728,-0.12373,6.4819,-0.077758,0.40009,-0.48801,-0.0306,0.0204,317.76
9.1887,20.004,-0.096891,6.2409,0.19497,0.63993,-0.78398,-0.0017,0.0483,129.28
9.2352,20.241,-0.073799,5.8729,0.33652,0.80964,-0.98886,0.0099,0.0582,101.07
9.2819,20.511,-0.024777,5.6058,0.55151,1.0396,-1.2629,0.0309,0.0766,73.535
9.3133,20.725,-0.007631,5.2626,0.71788,1.2618,-1.5155,0.0438,0.0865,61.403
9.36,20.962,0.03901,4.9992,0.91059,1.4932,-1.7643,0.0614,0.1,50.814
9.3913,21.18,0.081003,4.7741,1.0281,1.6321,-1.9114,0.0711,0.1054,46.334
9.4379,21.398,0.12101,4.5669,1.1548,1.7796,-2.0573,0.0823,0.1117,42.172
9.4704,21.61,0.17901,4.1857,1.5276,2.3572,-2.5041,0.1136,0.1367,32.595
9.5161,21.823,0.24779,3.9424,1.7101,2.6398,-2.6806,0.1286,0.1455,29.535
9.5627,22.002,0.28754,3.4138,1.8679,2.9706,-2.6515,0.1409,0.1513,25.72
9.5943,22.193,0.35307,3.4182,2.0964,3.3434,-2.983,0.157,0.1605,24.983
9.6407,23.989,1.3792,7.3378,10.806,5.0854,-7.3514,0.8912,0.0734,177.96
9.6722,24.385,2.0144,7.2554,9.913,5.0005,-7.274,0.8447,0.0586,209.63
9.7188,24.566,2.226,6.8075,10.261,4.9453,-7.5046,0.892,0.1276,96.501
9.7502,24.912,2.6166,6.8887,9.4202,4.6533,-8.8085,0.9394,0.3681,31.704
******-------------------------------------------------------------------------------------------------------------------****** 
TargetID: ID05
Target can not be processed due to lack of Data
******-------------------------------------------------------------------------------------------------------------------****** 
TargetID: ID06
Target can not be processed due to lack of Data
******-------------------------------------------------------------------------------------------------------------------****** 
TargetID: ID08
Target can not be processed due to lack of Data
******-------------------------------------------------------------------------------------------------------------------****** 
TargetID: ID09
Target can not be processed due to lack of Data
******-------------------------------------------------------------------------------------------------------------------****** 
