******-------------------------------------------------------------------------------------------------------------------****** 
Duration of the scene is: 28.4077 seconds
Original Targets Numbers in the hole Scene: 7
Number of Targets in the hole Scene after preprocessing: 29
Number of static portions: 1
******-------------------------------------------------------------------------------------------------------------------****** 
TargetID: ID01
Target can not be processed due to lack of Data
******-------------------------------------------------------------------------------------------------------------------****** 
TargetID: ID12
Relevancy: 1
tj = 20.2033
Label: 0
Comment: Target is relevant and going straight, since target is crossing Ego X-axis in EFC
DATA:
17.722,0,-0,NaN,NaN,NaN,NaN,0,NaN,NaN
17.768,0.70234,-0.00025487,NaN,NaN,NaN,NaN,0,NaN,NaN
17.8,1.5861,-0.53502,NaN,NaN,NaN,NaN,-0.0946,NaN,NaN
17.846,2.291,-0.60199,NaN,NaN,NaN,NaN,-0.0946,NaN,NaN
17.878,2.9958,-0.67051,NaN,NaN,NaN,NaN,-0.0945,NaN,NaN
17.924,3.7001,-0.73686,NaN,NaN,NaN,NaN,-0.0945,NaN,NaN
17.956,NaN,NaN,NaN,NaN,NaN,NaN,-0.0582,NaN,NaN
18.004,NaN,NaN,NaN,NaN,NaN,NaN,-0.0582,NaN,NaN
18.049,NaN,NaN,NaN,NaN,NaN,NaN,-0.0582,NaN,NaN
18.081,NaN,NaN,NaN,NaN,NaN,NaN,-0.0332,NaN,NaN
18.127,NaN,NaN,NaN,NaN,NaN,NaN,-0.0332,NaN,NaN
18.158,NaN,NaN,NaN,NaN,NaN,NaN,-0.0127,NaN,NaN
18.205,NaN,NaN,NaN,NaN,NaN,NaN,-0.0126,NaN,NaN
18.237,NaN,NaN,NaN,NaN,NaN,NaN,0.0938,NaN,NaN
18.283,NaN,NaN,NaN,NaN,NaN,NaN,0.1347,NaN,NaN
18.33,10.28,1.5791,17.51,1.8605,0,-0,0.1059,0,Inf
18.361,10.98,1.6552,17.51,1.8598,0,-0,0.1058,0,Inf
18.408,11.762,1.781,17.489,2.041,-0.074705,0.046172,0.1162,0.0036,4891.1
18.44,12.462,1.8623,17.483,2.0429,-0.077471,0.047882,0.1163,0.0036,4889.4
18.486,13.162,1.9464,17.477,2.0437,-0.080358,0.049667,0.1164,0.0036,4887.7
18.517,13.728,2.1097,18.455,7.255,-0.086879,0.053697,0.12519,0.0015927,12451
18.564,14.58,2.3949,17.592,2.4491,-0.096601,0.059705,0.1383,-0.0014,-12687
18.596,15.245,2.4654,17.356,0.22589,-0.12763,0.078884,0.013,-0.1007,-172.36
18.642,15.931,2.3858,17.265,0.084835,-0.18464,0.11418,0.005,-0.0967,-178.55
18.689,16.605,2.5949,17.307,0.10966,-0.1399,0.086466,0.0063,-0.1043,-165.94
18.72,17.341,2.6312,17.313,0.054441,-0.14628,0.090433,0.0032,-0.1066,-162.41
18.767,16.756,2.5863,17.34,-0.45916,-0.11739,0.072579,-0.0262,-0.1663,-104.31
18.798,17.39,2.9705,17.439,0.68198,-0.031398,0.019401,0.0392,-0.0107,-1631.1
18.845,18.088,2.9984,17.437,0.67378,-0.034165,0.021111,0.0387,-0.0107,-1630.9
18.876,18.785,3.0247,17.435,0.6661,-0.036931,0.02282,0.0383,-0.0107,-1630.7
18.923,19.423,3.4722,17.282,2.122,-0.051244,0.031665,0.1224,0.1414,123.14
18.97,20.09,3.4762,17.318,1.8492,-0.054495,0.033677,0.1066,0.1037,167.95
19.001,20.78,3.566,17.303,1.9195,-0.056059,0.034643,0.1107,0.1037,167.88
19.047,21.473,3.9164,17.264,2.6075,-0.038135,0.02356,0.15,0.1576,110.79
19.079,22.157,4.2312,17.249,2.8172,-0.041751,0.025785,0.1619,0.1618,108.02
19.126,22.846,4.3545,17.227,2.9267,-0.043312,0.026754,0.1683,0.1618,107.99
19.157,23.532,4.4849,17.203,3.0375,-0.044997,0.027795,0.1748,0.1618,107.97
19.204,24.334,4.6974,16.982,5.885,-0.059809,0.036946,0.20386,0.18311,98.152
19.25,25.117,5.0205,16.819,7.9306,-0.074426,0.045977,0.23254,0.20415,91.085
19.282,25.643,5.2846,16.739,8.883,-0.084305,0.05208,0.25192,0.21836,86.784
19.328,26.422,5.7201,16.667,9.6588,-0.099019,0.061171,0.28078,0.23954,80.42
19.36,26.946,6.0263,16.649,9.7474,-0.10895,0.067304,0.30026,0.25382,76.01
19.407,27.724,6.4728,16.67,9.233,-0.12369,0.076411,0.32918,0.27503,69.286
19.438,28.254,6.7543,16.715,8.4434,-0.1337,0.082596,0.34882,0.28944,64.7
19.484,29.028,7.1059,16.827,6.6579,-0.14827,0.091597,0.3774,0.3104,58.299
19.516,29.979,7.4727,16.839,6.6681,-0.13927,0.086008,0.3775,0.2963,61.126
19.563,30.856,8.1275,17.053,7.1318,-0.21151,0.13061,0.3968,0.299,61.821
19.609,31.514,8.5619,17.136,7.4665,-0.27167,0.16781,0.4119,0.2998,62.349
19.641,32.212,8.9016,17.248,7.1019,-0.22087,0.13641,0.3914,0.2638,70.708
19.687,32.993,9.1509,17.258,7.0239,-0.20766,0.12824,0.3873,0.2473,75.342
19.719,33.743,9.4103,17.268,6.8182,-0.17943,0.11079,0.3767,0.2245,82.696
19.765,34.524,9.697,17.283,6.6785,-0.1602,0.098914,0.3693,0.2059,89.986
19.797,35.282,9.9309,17.313,6.7405,-0.17054,0.1053,0.3718,0.1987,93.502
19.843,36.02,10.235,17.321,6.8997,-0.19074,0.11778,0.3797,0.1978,94.261
19.89,36.67,10.399,17.208,6.1521,-0.086506,0.053391,0.3436,0.1527,119.68
19.922,37.366,10.681,17.261,6.3255,-0.10491,0.064752,0.3516,0.1541,119.3
19.969,37.86,10.821,17.235,5.9976,-0.074474,0.045968,0.3352,0.1307,139.62
20,38.534,11.062,17.237,5.8467,-0.065329,0.040331,0.3273,0.117,155.57
20.046,39.417,11.417,17.324,5.9988,-0.084694,0.052286,0.3337,0.1179,155.5
20.078,40.02,11.637,17.404,6.012,-0.095628,0.059055,0.333,0.1117,164.85
20.124,40.71,11.853,17.443,5.9862,-0.098994,0.061135,0.331,0.1048,175.97
20.156,41.5,12.183,17.582,6.1687,-0.12991,0.080199,0.338,0.1062,175.45
20.203,43.326,12.795,19.824,8.551,-0.2088,0.12887,0.4079,0.0201,1074.1
20.249,43.696,12.458,17.793,5.1963,-0.061737,0.038078,0.2844,0.0048,3861.7
20.281,44.403,12.662,17.882,5.5742,-0.084349,0.05204,0.3025,0.0401,467.1
20.327,45.097,12.895,17.885,5.4127,-0.088428,0.054582,0.2942,0.0158,1182.7
20.358,45.814,13.05,17.601,4.7997,-0.049085,0.030314,0.2664,-0.0229,-796.66
20.405,46.454,13.206,17.437,4.9593,-0.053648,0.033149,0.2773,0.0239,758.51
20.436,47.174,13.388,17.441,4.8644,-0.043544,0.026909,0.2722,0.0109,1661.2
20.483,47.856,13.601,17.474,4.999,-0.050882,0.031439,0.2789,0.0299,607.87
20.53,48.557,13.814,17.492,5.0727,-0.0516,0.03189,0.2825,0.0381,478.04
20.561,49.381,13.89,17.932,4.498,-0.040064,0.024755,0.2456,-0.0847,-218.27
20.608,50.052,14.059,17.887,4.3407,-0.031879,0.019707,0.2379,-0.0969,-189.95
20.64,50.74,14.233,17.884,4.2353,-0.032596,0.020159,0.2324,-0.1024,-179.48
20.686,51.374,14.393,17.746,4.1354,-0.031988,0.019797,0.2288,-0.1014,-179.7
20.717,51.818,14.45,16.988,3.7573,-0.045454,0.028141,0.2175,-0.1157,-150.38
20.764,52.318,14.519,16.363,3.4525,-0.085023,0.052633,0.2075,-0.125,-133.78
20.81,52.824,14.619,15.819,3.2722,-0.11846,0.07334,0.2034,-0.1214,-133.06
20.842,53.454,14.75,15.714,3.1725,-0.1377,0.08526,0.1985,-0.1214,-132.06
20.888,54.218,15.04,16.806,8.3176,-0.074723,0.046247,0.2213,-0.075949,-246.9
20.92,54.747,15.312,16.871,8.5839,-0.032416,0.02004,0.23662,-0.045418,-416.79
20.966,55.518,15.633,15.975,4.237,0.030518,-0.018943,0.2594,0,Inf
20.998,56.064,15.779,15.894,4.251,0.034357,-0.021337,0.2615,0.0032,5141.6
21.044,56.662,16.097,15.834,4.4705,0.053325,-0.033145,0.2755,0.0203,810.49
21.076,57.378,16.341,16.081,4.6956,0.040473,-0.02516,0.2843,0.0317,528.47
21.123,58.025,16.532,16.038,4.695,0.042032,-0.026135,0.285,0.031,539.06
21.169,58.799,16.81,16.42,5.0197,0.0010808,-0.00067189,0.2967,0.0455,377.38
21.201,59.437,16.982,16.326,4.9318,0.015492,-0.0096345,0.2934,0.0383,445.29
21.247,60.251,17.227,16.801,5.1331,-0.040471,0.025173,0.2963,0.0407,431.64
21.279,61.01,17.382,17.008,5.2439,-0.068809,0.042817,0.2987,0.0426,417.79
21.325,61.691,17.593,17.03,5.283,-0.070954,0.04419,0.3004,0.0426,418.57
21.357,62.407,17.807,17.168,5.334,-0.086795,0.054073,0.3008,0.0414,434.24
21.404,63.13,18.011,17.28,5.3365,-0.092318,0.057513,0.2991,0.0378,478.45
21.436,62.983,19.802,12.165,8.5719,-0.44194,0.27317,0.6099,0.0115,1294.1
21.481,65.435,18.913,17.054,5.7805,-0.24421,0.15192,0.3255,0.0195,923.44
21.528,65.246,19.182,16.767,6.3271,-0.26572,0.16528,0.3594,-0.0303,-591.46
21.559,65.943,19.25,16.968,5.9582,-0.17204,0.10719,0.3368,-0.0809,-222.29
21.606,66.573,19.443,17.047,5.5864,-0.044634,0.027854,0.3164,-0.1618,-110.87
21.637,67.201,19.816,17.036,5.8479,-0.097067,0.060585,0.3302,-0.0821,-219.39
21.684,67.94,19.929,17.334,5.3927,-0.070538,0.04405,0.3013,-0.1572,-115.48
21.716,68.724,20.134,17.387,5.1684,-0.013551,0.008469,0.2889,-0.1679,-108.03
21.762,69.327,20.314,17.185,5.3719,0.0077941,-0.0048727,0.303,-0.1043,-172.63
21.809,69.998,20.622,17.077,5.5463,0.010552,-0.0065971,0.3141,-0.0662,-271.23
21.84,70.634,20.791,16.983,5.5958,0.02458,-0.015372,0.3184,-0.045,-397.35
21.887,71.446,20.881,17.378,5.1113,-0.025659,0.016046,0.2861,-0.1109,-163.34
21.918,72.173,21.035,17.545,4.9212,-0.026981,0.016871,0.2733,-0.1288,-141.48
21.965,72.899,21.193,17.621,4.8524,-0.031894,0.019945,0.2687,-0.1227,-148.96
21.996,73.642,21.325,17.745,4.6628,-0.019306,0.012072,0.2569,-0.1331,-137.84
22.043,74.348,21.483,17.826,4.5347,-0.011631,0.0072737,0.2491,-0.1386,-132.71
22.09,74.992,21.734,17.685,4.758,-0.023981,0.014999,0.2627,-0.1008,-181.69
22.121,75.732,21.923,17.768,4.6047,-0.014867,0.0092997,0.2536,-0.1112,-165.06
22.168,76.37,22.084,17.712,4.5284,-0.006354,0.0039766,0.2503,-0.1129,-161.93
22.2,77.076,22.265,17.739,4.4762,-0.0052742,0.0033012,0.2471,-0.1104,-165.72
22.246,77.743,22.494,17.713,4.5918,-0.011868,0.0074278,0.2536,-0.0923,-198.25
22.277,78.456,22.655,17.737,4.5505,-0.010069,0.006303,0.2511,-0.0886,-206.68
22.324,79.112,22.91,17.654,4.7443,-0.017621,0.01103,0.2625,-0.0659,-277.4
22.37,79.779,23.161,17.583,4.9124,-0.023977,0.015007,0.2723,-0.0468,-390.08
22.402,80.421,23.436,17.446,5.0929,-0.021579,0.013505,0.2839,-0.027,-673.12
22.448,81.079,23.69,17.399,5.2446,-0.02997,0.01876,0.2926,-0.0135,-1346.1
22.48,81.747,23.935,17.337,5.3788,-0.033324,0.020863,0.3007,-0.0013,-13963
22.526,82.453,24.128,17.349,5.3562,-0.028887,0.018091,0.2993,-0.002,-9078.4
22.558,83.131,24.345,17.335,5.3244,-0.017859,0.011184,0.2979,-0.005,-3626.9
22.604,83.781,24.596,17.264,5.4488,-0.016901,0.010582,0.3056,0.0052,3481.4
******-------------------------------------------------------------------------------------------------------------------****** 
TargetID: ID13
Target can not be processed due to lack of Data
******-------------------------------------------------------------------------------------------------------------------****** 
TargetID: ID14
Target can not be processed due to lack of Data
******-------------------------------------------------------------------------------------------------------------------****** 
TargetID: ID15
Target can not be processed due to lack of Data
******-------------------------------------------------------------------------------------------------------------------****** 
TargetID: ID16
Target can not be processed due to lack of Data
******-------------------------------------------------------------------------------------------------------------------****** 
TargetID: ID17
Relevancy: 1
tj = 6.77
Label: 0
Comment: Target is relevant and going straight, since target is crossing Ego X-axis in EFC
DATA:
4.8827,0,-0,16.483,6.2616e-06,0,-0,0,0,Inf
4.9293,0.77599,0.9058,16.665,1.1624,-0.065606,0.067777,0.0696,0.0062,2694.5
4.9607,1.4434,0.95455,16.66,1.1652,-0.066688,0.068895,0.0698,0.0062,2693.7
5.0074,2.2217,1.0059,16.66,1.1652,NaN,NaN,0.078364,NaN,NaN
5.0397,2.761,1.0415,16.66,1.1652,NaN,NaN,0.084299,NaN,NaN
5.0854,3.5247,1.0918,16.66,1.1652,NaN,NaN,0.092702,NaN,NaN
5.1167,4.048,1.1264,16.66,1.1652,NaN,NaN,0.09846,NaN,NaN
5.1635,4.8294,1.1779,16.66,1.1652,NaN,NaN,0.10706,NaN,NaN
5.1947,5.3508,1.2123,16.66,1.1652,NaN,NaN,0.1128,NaN,NaN
5.2415,6.131,1.2638,16.66,1.1652,NaN,NaN,0.12138,NaN,NaN
5.2881,6.9095,1.3151,16.66,1.1652,NaN,NaN,0.12995,NaN,NaN
5.3196,7.4352,1.3498,16.66,1.1652,NaN,NaN,0.13573,NaN,NaN
5.3662,8.2137,1.4011,16.66,1.1652,NaN,NaN,0.1443,NaN,NaN
5.3979,8.7436,1.4361,16.66,1.1652,NaN,NaN,0.15013,NaN,NaN
5.4441,9.5144,1.4869,16.66,1.1652,NaN,NaN,0.15861,NaN,NaN
5.4757,10.043,1.5218,16.66,1.1652,NaN,NaN,0.16442,NaN,NaN
5.5223,10.821,1.5731,16.66,1.1652,NaN,NaN,0.17299,NaN,NaN
5.5689,11.598,1.6244,16.66,1.1652,NaN,NaN,0.18154,NaN,NaN
5.6003,12.123,1.659,16.66,1.1652,NaN,NaN,0.18731,NaN,NaN
5.647,12.903,1.7104,16.66,1.1652,NaN,NaN,0.19589,NaN,NaN
5.6783,13.427,1.745,16.66,1.1652,NaN,NaN,0.20166,NaN,NaN
5.7249,14.204,1.7963,16.66,1.1652,NaN,NaN,0.21022,NaN,NaN
5.7569,14.738,1.8315,16.66,1.1652,NaN,NaN,0.21609,NaN,NaN
5.803,15.508,1.8823,16.66,1.1652,NaN,NaN,0.22456,NaN,NaN
5.8497,16.288,1.9337,16.66,1.1652,NaN,NaN,0.23314,NaN,NaN
5.8812,16.815,1.9685,16.66,1.1652,NaN,NaN,0.23894,NaN,NaN
5.9278,17.592,2.0198,16.66,1.1652,NaN,NaN,0.24749,NaN,NaN
5.9591,18.115,2.0542,16.66,1.1652,NaN,NaN,0.25325,NaN,NaN
6.0058,18.894,2.1056,16.66,1.1652,NaN,NaN,0.26182,NaN,NaN
6.0373,19.42,2.1403,16.66,1.1652,NaN,NaN,0.2676,NaN,NaN
6.0837,20.196,2.1915,16.66,1.1652,NaN,NaN,0.27614,NaN,NaN
6.1153,20.723,2.2263,16.66,1.1652,NaN,NaN,0.28195,NaN,NaN
6.1618,21.5,2.2775,16.66,1.1652,NaN,NaN,0.29049,NaN,NaN
6.2085,22.28,2.329,16.66,1.1652,NaN,NaN,0.29908,NaN,NaN
6.24,22.806,2.3637,16.66,1.1652,NaN,NaN,0.30486,NaN,NaN
6.2865,23.582,2.4149,16.66,1.1652,NaN,NaN,0.31341,NaN,NaN
6.3178,24.106,2.4494,16.66,1.1652,NaN,NaN,0.31916,NaN,NaN
6.3645,24.885,2.5008,16.66,1.1652,NaN,NaN,0.32774,NaN,NaN
6.396,25.411,2.5355,16.66,1.1652,NaN,NaN,0.33353,NaN,NaN
6.4428,26.192,2.587,16.66,1.1652,NaN,NaN,0.34211,NaN,NaN
6.4893,26.969,2.6382,16.66,1.1652,NaN,NaN,0.35066,NaN,NaN
6.5207,27.493,2.6728,16.66,1.1652,NaN,NaN,0.35644,NaN,NaN
6.5673,28.271,2.7241,16.66,1.1652,NaN,NaN,0.36499,NaN,NaN
6.5992,28.804,2.7593,16.66,1.1652,NaN,NaN,0.37086,NaN,NaN
6.6453,29.574,2.8101,16.66,1.1652,NaN,NaN,0.37933,NaN,NaN
6.6768,30.1,2.8448,16.66,1.1652,NaN,NaN,0.38512,NaN,NaN
6.7234,30.878,2.8961,16.66,1.1652,NaN,NaN,0.39368,NaN,NaN
6.77,31.657,2.9475,16.66,1.1652,NaN,NaN,0.40225,NaN,NaN
6.8014,32.181,2.9821,16.66,1.1652,NaN,NaN,0.40802,NaN,NaN
6.8481,32.961,3.0335,16.66,1.1652,NaN,NaN,0.4166,NaN,NaN
6.8795,33.485,3.0681,16.66,1.1652,NaN,NaN,0.42237,NaN,NaN
6.9261,34.264,3.1194,16.66,1.1652,NaN,NaN,0.43094,NaN,NaN
6.9579,34.794,3.1544,16.66,1.1652,NaN,NaN,0.43677,NaN,NaN
7.0041,35.566,3.2054,16.66,1.1652,NaN,NaN,0.44527,NaN,NaN
7.0356,36.092,3.24,16.66,1.1652,NaN,NaN,0.45105,NaN,NaN
7.0822,36.869,3.2913,16.66,1.1652,NaN,NaN,0.45961,NaN,NaN
7.1289,37.65,3.3428,16.66,1.1652,NaN,NaN,0.46819,NaN,NaN
7.1609,38.184,3.378,16.66,1.1652,NaN,NaN,0.47407,NaN,NaN
7.207,38.953,3.4288,16.66,1.1652,NaN,NaN,0.48254,NaN,NaN
7.2384,39.479,3.4634,16.66,1.1652,NaN,NaN,0.48832,NaN,NaN
7.285,40.256,3.5147,16.66,1.1652,NaN,NaN,0.49687,NaN,NaN
7.3166,40.784,3.5495,16.66,1.1652,NaN,NaN,0.50268,NaN,NaN
7.363,41.56,3.6007,16.66,1.1652,NaN,NaN,0.51121,NaN,NaN
7.4097,42.34,3.6521,16.66,1.1652,NaN,NaN,0.5198,NaN,NaN
7.4413,42.866,3.6869,16.66,1.1652,NaN,NaN,0.52559,NaN,NaN
7.4878,43.643,3.7381,16.66,1.1652,NaN,NaN,0.53414,NaN,NaN
7.5192,44.167,3.7727,16.66,1.1652,NaN,NaN,0.53991,NaN,NaN
7.5657,44.944,3.8239,16.66,1.1652,NaN,NaN,0.54846,NaN,NaN
7.5971,45.468,3.8585,16.66,1.1652,NaN,NaN,0.55422,NaN,NaN
7.6438,46.248,3.9099,16.66,1.1652,NaN,NaN,0.5628,NaN,NaN
7.6754,46.776,3.9448,16.66,1.1652,NaN,NaN,0.56862,NaN,NaN
7.722,47.553,3.996,16.66,1.1652,NaN,NaN,0.57717,NaN,NaN
7.7686,48.333,4.0474,16.66,1.1652,NaN,NaN,0.58574,NaN,NaN
7.8006,48.867,4.0827,16.66,1.1652,NaN,NaN,0.59162,NaN,NaN
7.8465,49.633,4.1332,16.66,1.1652,NaN,NaN,0.60005,NaN,NaN
7.878,50.16,4.168,16.66,1.1652,NaN,NaN,0.60585,NaN,NaN
7.9245,50.936,4.2191,16.66,1.1652,NaN,NaN,0.61438,NaN,NaN
7.9559,51.461,4.2538,16.66,1.1652,NaN,NaN,0.62016,NaN,NaN
8.0036,52.256,4.3062,16.66,1.1652,NaN,NaN,0.62891,NaN,NaN
8.0494,53.021,4.3567,16.66,1.1652,NaN,NaN,0.63732,NaN,NaN
8.0808,53.546,4.3913,16.66,1.1652,NaN,NaN,0.64311,NaN,NaN
8.1274,54.323,4.4426,16.66,1.1652,NaN,NaN,0.65166,NaN,NaN
8.1599,54.867,4.4784,16.66,1.1652,NaN,NaN,0.65764,NaN,NaN
8.2054,55.627,4.5286,NaN,NaN,NaN,NaN,0.666,NaN,NaN
8.2368,52.471,10.118,-13.687,37.834,0,-0,1.9179,0,Inf
8.2835,53.802,8.9791,-4.0135,20.301,0.15953,-0.16482,1.766,0.0477,433.83
8.3148,53.617,9.9833,-5.1744,22.944,-0.1258,0.12997,1.7926,0.0574,409.76
8.3615,53.409,10.901,-5.2291,22.937,-0.1257,0.12986,1.7949,0.0574,409.85
8.4081,53.199,11.818,-5.2827,22.93,-0.1257,0.12986,1.7972,0.0574,409.94
8.4396,52.985,12.736,-5.3375,22.923,-0.1256,0.12976,1.7996,0.0574,410.03
8.4861,52.771,13.653,-5.391,22.915,-0.1255,0.12966,1.8018,0.0574,410.12
******-------------------------------------------------------------------------------------------------------------------****** 
TargetID: ID18
Target can not be processed due to lack of Data
******-------------------------------------------------------------------------------------------------------------------****** 
TargetID: ID19
Target can not be processed due to lack of Data
******-------------------------------------------------------------------------------------------------------------------****** 
TargetID: ID22
Relevancy: 1
tj = 15.6001
Label: 0
Comment: Target is relevant and going straight, since the velocity ratio is almost not changing
DATA:
13.525,0,-0,NaN,NaN,NaN,NaN,0,NaN,NaN
13.557,0.59616,0.14529,NaN,NaN,NaN,NaN,0.042,NaN,NaN
13.603,1.5184,-1.1598,NaN,NaN,NaN,NaN,-0.3333,NaN,NaN
13.65,2.3266,-0.96775,NaN,NaN,NaN,NaN,-0.2224,NaN,NaN
13.681,3.0253,-0.66731,NaN,NaN,NaN,NaN,-0.1174,NaN,NaN
13.728,3.7617,0.78038,NaN,NaN,NaN,NaN,0.2024,NaN,NaN
13.759,NaN,NaN,NaN,NaN,NaN,NaN,0.0417,NaN,NaN
13.806,4.9931,0.92794,17.908,1.7646,0,-0,0.0982,0,Inf
13.837,5.6946,1.7256,17.793,3.8866,-0.019408,0.011634,0.2151,0.0005,36424
13.884,6.4062,1.8816,17.794,3.887,-0.020014,0.011997,0.2151,0.0005,36427
13.915,7.1177,2.0362,17.795,3.888,-0.020621,0.01236,0.2151,0.0005,36429
13.962,7.8909,3.5391,17.909,6.6531,-0.45192,0.27095,0.3558,-0.0491,-389.11
14.009,8.6093,3.8052,18.001,6.6469,-0.45192,0.27095,0.3538,-0.0491,-390.81
14.04,9.3312,4.0705,18.092,6.6406,-0.45192,0.27095,0.3519,-0.0491,-392.52
14.087,10.185,4.2088,18.761,0.18979,-0.37319,0.22374,0.33068,-0.043061,-435.7
14.118,10.778,4.1852,18.893,-1.3027,-0.31964,0.19163,0.31624,-0.038954,-486.15
14.165,11.652,4.1534,18.608,0.79096,-0.24037,0.1441,0.29487,-0.032874,-566.54
14.197,12.239,4.2427,18.08,5.2023,-0.18594,0.11146,0.2802,-0.0287,-655.54
14.243,12.962,4.3842,18.054,5.0946,-0.14749,0.088414,0.2751,-0.0228,-822.77
14.289,13.418,5.4982,18.069,5.3342,-0.13438,0.080527,0.2871,0.0094,2004.2
14.321,14.142,5.7119,18.096,5.3496,-0.14142,0.08474,0.2875,0.0094,2007.4
14.367,14.867,5.927,18.123,5.3647,-0.14857,0.089026,0.2878,0.0094,2010.7
14.399,15.416,5.9457,16.78,-2.4504,-0.12741,0.076357,0.28029,0.013744,1233.8
14.445,16.204,5.9166,17.828,4.9195,-0.096436,0.057823,0.2693,0.0201,920.1
14.477,16.917,6.1135,17.83,4.9354,-0.10189,0.061097,0.2701,0.0201,920.4
14.524,17.517,6.1414,17.551,4.7676,-0.080905,0.048497,0.2653,0.0267,681.16
14.57,18.34,6.9254,17.897,6.0296,-0.13475,0.080744,0.325,0.0896,210.78
14.602,19.041,7.1797,17.862,6.3227,-0.1247,0.074779,0.3402,0.108,175.45
14.648,19.755,7.4354,17.858,6.4075,-0.13089,0.078491,0.3445,0.108,175.67
14.68,20.403,7.4268,17.746,5.8913,-0.069992,0.041964,0.3206,0.0787,237.59
14.726,21.113,7.6641,17.738,5.9503,-0.073389,0.044001,0.3237,0.0787,237.73
14.758,21.806,7.776,17.683,5.7427,-0.055678,0.03338,0.314,0.0674,275.84
14.804,22.513,8.0061,17.673,5.7927,-0.058225,0.034908,0.3168,0.0674,275.94
14.836,23.223,8.1596,17.668,5.6299,-0.050825,0.030471,0.3085,0.056,331.13
14.882,23.929,8.3858,17.66,5.6708,-0.053131,0.031853,0.3107,0.056,331.22
14.929,24.538,8.3904,17.478,5.2873,-0.028991,0.01738,0.2938,0.0385,474.29
14.96,25.238,8.6038,17.463,5.3111,-0.030325,0.01818,0.2953,0.0385,474.1
15.007,25.936,8.8167,17.448,5.3361,-0.03178,0.019052,0.2968,0.0385,473.92
15.039,26.481,8.9806,17.313,5.1245,-0.029708,0.01781,0.2954,0.036557,493.89
15.085,27.282,9.2125,17.134,4.8491,-0.026633,0.015966,0.29333,0.033674,528.82
15.117,27.822,9.3633,17.029,4.6882,-0.024543,0.014714,0.29193,0.031715,556.92
15.163,28.611,9.5764,16.897,4.4903,-0.021471,0.012872,0.28986,0.028835,606.34
15.21,29.397,9.7823,16.793,4.3378,-0.018386,0.011022,0.28778,0.025942,668.56
15.241,29.927,9.9182,16.737,4.2609,-0.016297,0.0097702,0.28637,0.023983,720.13
15.288,30.703,10.114,16.679,4.1863,-0.013227,0.0079295,0.2843,0.021105,814.82
15.319,31.226,10.245,16.655,4.162,-0.011153,0.0066868,0.28291,0.019161,895.97
15.366,32.001,10.439,16.643,4.1645,-0.0080757,0.0048417,0.28083,0.016275,1054.1
15.398,32.534,10.572,16.651,4.1929,-0.0059626,0.0035749,0.27941,0.014294,1201.2
15.444,33.301,10.767,16.684,4.272,-0.0029178,0.0017497,0.27736,0.011439,1505.5
15.475,33.828,10.903,16.723,4.3522,-0.00083579,0.00050158,0.27596,0.0094873,1821.4
15.522,34.61,11.11,16.803,4.5096,0.0022475,-0.0013468,0.27388,0.0065965,2637.4
15.569,35.398,11.325,16.911,4.7138,0.0053369,-0.0031988,0.2718,0.0037,4744.8
15.6,36.074,11.513,16.889,4.7105,0.0050945,-0.0030542,0.272,0.0037,4738.7
15.647,37.176,12.15,17.579,5.2886,-0.020257,0.012142,0.2922,0.0172,1067.3
15.678,37.879,12.362,17.579,5.3023,-0.020863,0.012505,0.2929,0.0172,1067.5
15.725,38.583,12.574,17.58,5.3157,-0.021469,0.012868,0.2936,0.0172,1067.8
15.756,39.242,12.745,17.509,5.3662,-0.01492,0.0089437,0.2974,0.0217,843.9
15.803,39.983,13.012,17.605,5.5419,-0.024138,0.01447,0.305,0.0277,666.3
15.849,40.687,13.234,17.606,5.5631,-0.024624,0.014761,0.3061,0.0277,666.57
15.881,41.392,13.457,17.607,5.5842,-0.02523,0.015124,0.3071,0.0277,666.84
******-------------------------------------------------------------------------------------------------------------------****** 
TargetID: ID23
Target can not be processed due to lack of Data
******-------------------------------------------------------------------------------------------------------------------****** 
TargetID: ID26
Relevancy: 1
tj = 22.0895
Label: 0
Comment: Target is relevant and going straight, since the velocity ratio is almost not changing
DATA:
21.762,0,0,NaN,NaN,NaN,NaN,0,NaN,NaN
21.809,0.58756,2.319,NaN,NaN,NaN,NaN,0.9615,NaN,NaN
21.84,0.99686,2.8957,NaN,NaN,NaN,NaN,0.9615,NaN,NaN
21.887,0.83064,2.7819,9.3709,9.7923,0,0,0.8074,0,Inf
21.918,1.2058,3.173,9.3704,9.7927,0,0,0.8074,0,Inf
21.965,1.5825,3.5633,9.3705,9.7925,0,0,0.8074,0,Inf
21.996,1.9567,3.9552,9.3707,9.7923,0,0,0.8074,0,Inf
22.043,2.3812,4.3598,8.8315,7.6598,-0.00091436,7.3113e-05,0.80088,0.0056878,2055.4
22.09,2.784,4.6823,8.4584,6.2821,-0.0018282,0.00014618,0.79437,0.011372,926.48
22.121,3.0473,4.871,8.3005,5.7788,-0.0024437,0.0001954,0.78998,0.015201,665.34
22.168,3.431,5.1344,8.2048,5.6615,-0.0033554,0.0002683,0.78348,0.020872,477.6
22.2,3.6948,5.321,8.2349,6.0175,-0.0039841,0.00031858,0.77899,0.024784,411.53
22.246,4.0767,5.6207,8.4144,7.1471,-0.0048837,0.00039051,0.77258,0.030379,363.41
22.277,4.3439,5.8627,8.6292,8.3377,-0.0054979,0.00043962,0.7682,0.0342,350.85
22.324,4.6962,6.1869,8.601,8.3335,-0.011983,0.00095709,0.7696,0.0342,350.18
22.37,5.0993,6.5052,8.6174,6.2694,-0.020423,0.0016311,0.76721,0.03432,310.51
22.402,5.3667,6.7235,8.453,8.124,-0.026079,0.0020828,0.7656,0.0344,340.81
22.448,5.7109,7.0412,8.4222,8.1167,-0.033833,0.0027054,0.7669,0.0344,340.02
22.48,5.8706,7.2474,7.9526,8.0034,0.021709,-0.001739,0.7886,0.076,148.46
22.526,6.1413,7.4828,7.7665,7.8688,0.047788,-0.0038324,0.792,0.0818,135.16
22.558,6.4567,7.7904,7.7099,7.8626,0.044546,-0.0035722,0.7952,0.0818,134.62
******-------------------------------------------------------------------------------------------------------------------****** 
TargetID: ID29
Relevancy: 0
tj = Inf
Label: -1
Comment: Target is irrelevant as it is not crossing the estimated holding line
DATA:
26.926,0,-0,NaN,NaN,NaN,NaN,0,NaN,NaN
26.957,0.72685,-0.0022141,NaN,NaN,NaN,NaN,0,NaN,NaN
27.004,1.4548,-0.003045,NaN,NaN,NaN,NaN,0,NaN,NaN
27.05,2.0632,0.89437,NaN,NaN,NaN,NaN,0.0935,NaN,NaN
27.082,2.5911,1.2274,NaN,NaN,NaN,NaN,0.1336,NaN,NaN
27.128,3.3162,1.3289,NaN,NaN,NaN,NaN,0.1336,NaN,NaN
27.16,3.6995,1.948,18.084,2.6124,0,-0,0.1435,0,Inf
27.207,4.4223,1.6992,18.077,2.3209,0.0656,-0.052249,0.1277,-0.0006,-30375
27.238,5.1456,1.7936,18.077,2.3199,0.065036,-0.051821,0.1276,-0.0006,-30376
27.285,5.8688,1.8831,18.078,2.32,0.064367,-0.051299,0.1276,-0.0006,-30377
27.316,6.5916,1.9763,18.079,2.3199,0.063804,-0.050871,0.1276,-0.0006,-30378
27.363,7.2671,2.0187,17.951,2.2599,0.071635,-0.05715,0.1253,0.005,3618.6
27.409,7.9851,2.1038,17.937,2.2621,0.068529,-0.054695,0.1255,0.005,3615.8
27.441,8.7504,2.0179,17.991,1.8875,0.029619,-0.023649,0.1045,-0.0049,-3691.8
27.487,9.47,2.0931,17.984,1.884,0.025859,-0.020651,0.1044,-0.0049,-3690.2
27.519,10.233,2.1027,18.022,1.7023,0.014144,-0.011297,0.0942,-0.0114,-1587.9
27.565,11.011,1.874,18.003,1.2726,-0.044527,0.035574,0.0706,-0.0199,-906.94
27.597,11.732,2.3902,17.997,1.9524,-0.021321,0.017041,0.1081,-0.0059,-3068.2
27.643,12.452,2.4707,17.99,1.9475,-0.025292,0.020227,0.1078,-0.0059,-3066.9
27.69,13.192,2.71,17.981,2.1828,-0.025946,0.020768,0.1208,0.0001,1.8113e+05
27.722,13.855,2.8225,17.878,2.5506,-0.038855,0.031118,0.1417,0.0234,771.77
27.768,14.574,3.0749,17.858,2.7698,-0.03719,0.029805,0.1539,0.0298,606.42
27.799,15.288,3.1821,17.843,2.7909,-0.041162,0.032988,0.1552,0.0298,606.04
27.846,15.84,4.1801,17.697,4.2381,-0.039617,0.031746,0.2351,0.1433,126.99
27.877,16.619,4.0185,17.788,3.4674,-0.028807,0.023075,0.1925,0.0902,200.91
27.924,17.262,4.6027,17.749,4.3524,-0.054857,0.043929,0.2405,0.153,119.44
27.956,17.964,4.7752,17.639,4.8586,-0.0585,0.046872,0.2688,0.1921,95.242
28.002,18.683,5.1293,17.629,5.1082,-0.078456,0.062862,0.2821,0.1925,95.347
28.049,19.388,5.3429,17.597,5.2457,-0.082849,0.066421,0.2897,0.1925,95.39
28.08,20.123,5.6601,17.595,5.4951,-0.10127,0.081282,0.3027,0.1969,93.617
28.127,20.826,5.8769,17.562,5.6382,-0.10634,0.085357,0.3107,0.1969,93.674
28.158,21.525,6.2599,17.517,5.9917,-0.13193,0.10584,0.3296,0.2079,89.049
28.205,22.171,7.2105,17.323,7.6641,-0.34729,0.27834,0.4167,0.3008,62.973
28.236,22.843,7.4307,17.312,7.734,-0.32162,0.25817,0.4202,0.2908,65.204
28.283,23.599,7.5741,17.367,7.4239,-0.28682,0.22986,0.4041,0.2539,74.387
28.33,24.301,7.7541,17.392,7.3425,-0.26772,0.21476,0.3996,0.2349,80.366
28.361,25.031,7.7999,17.329,7.1645,-0.20375,0.16345,0.3921,0.2227,84.2
28.408,25.752,7.7326,17.348,6.7135,-0.14864,0.11926,0.3692,0.1859,100.06
******-------------------------------------------------------------------------------------------------------------------****** 
TargetID: ID03
Relevancy: 1
tj = 1.3257
Label: 0
Comment: Target is relevant and going straight, since target is crossing Ego X-axis in EFC
DATA:
0,0,-0,13.901,-0.0011839,-0.021257,0.02033,0,0.0035,3971.8
0.04646,1.1665,0.27301,14.042,0.49742,-0.013491,0.012902,0.0355,0.0303,463.72
0.077914,1.7544,0.36984,14.081,0.65515,-0.013082,0.012511,0.0466,0.0381,369.99
0.12455,2.3156,0.38789,14.068,0.6238,-0.012264,0.011729,0.0444,0.0353,398.92
0.15587,2.9057,0.44084,14.083,0.67263,-0.011038,0.010556,0.0477,0.0376,374.97
0.20244,3.4595,0.59889,14.067,0.69424,-0.010015,0.0095787,0.0494,0.0377,373.59
0.24916,4.1157,0.65998,14.088,0.76076,-0.01022,0.0097743,0.054,0.0405,348.37
0.28061,4.6544,0.71799,14.104,0.88818,-0.0089938,0.0086016,0.0629,0.0465,303.91
0.32721,5.2136,0.74799,14.098,0.90619,-0.0082781,0.0079176,0.0642,0.046,307.11
0.35943,5.7488,0.54442,14.032,0.72382,-0.0077668,0.0074281,0.0516,0.0351,400.3
0.40527,6.3204,0.60924,14.039,0.81381,-0.0060296,0.0057669,0.0579,0.0393,357.84
0.43712,6.91,0.67321,14.062,0.90975,-0.0059274,0.0056696,0.0646,0.0432,326.19
0.48326,7.486,0.71007,14.073,0.94243,-0.0071544,0.0068422,0.0669,0.0433,325.74
0.51464,8.0664,0.74405,14.109,0.9327,-0.012775,0.012218,0.0661,0.0406,348.28
0.56133,8.6227,0.75475,14.125,1.0165,-0.011957,0.011435,0.0719,0.044,321.86
0.60802,9.1842,0.82544,14.156,1.1093,-0.013592,0.012999,0.0783,0.0475,298.94
0.63963,9.7498,0.72524,13.985,0.74252,-0.0060296,0.0057669,0.0531,0.027,518.71
0.68606,10.341,0.74758,13.965,0.74941,-0.0051104,0.0048871,0.0536,0.027,517.95
0.71763,10.864,0.78573,13.894,0.73978,-0.0011247,0.0010753,0.0532,0.0269,517.24
0.764,11.388,0.88855,14.018,0.87516,-0.0056206,0.0053757,0.0624,0.0327,429.52
0.7955,11.946,0.95173,14.044,0.86455,-0.0081758,0.0078193,0.0615,0.0307,458.32
0.84209,12.605,1.0315,14.094,0.89596,-0.010424,0.0099699,0.0635,0.0311,454.11
0.88881,13.199,1.1056,14.148,0.97262,-0.012673,0.01212,0.0687,0.0342,414.66
0.92013,13.794,1.1803,14.197,1.0377,-0.015636,0.014954,0.073,0.0365,390.01
0.96679,14.387,1.2585,14.259,1.1448,-0.018804,0.017984,0.0802,0.0411,348.06
0.99826,14.871,1.3362,14.345,1.2802,-0.025037,0.023945,0.0891,0.0469,307.07
1.0448,15.436,1.3618,14.316,1.2437,-0.020848,0.019939,0.0868,0.0437,328.84
1.0765,16.049,1.484,14.341,1.2392,-0.023299,0.022284,0.0863,0.0419,343.53
1.1231,16.632,1.5309,14.367,1.2438,-0.025752,0.02463,0.0865,0.0407,354.33
1.1547,17.205,1.5654,14.371,1.2093,-0.025446,0.024337,0.0841,0.0375,384.59
1.2011,17.8,1.6398,14.436,1.3071,-0.029635,0.028343,0.0904,0.0415,349.29
1.2476,18.42,1.7419,14.558,1.4786,-0.041383,0.039581,0.1014,0.0489,299.23
1.279,19.024,1.8182,14.644,1.5767,-0.050985,0.048767,0.1075,0.0521,282.7
1.3257,19.641,1.9117,14.753,1.693,-0.064058,0.061275,0.1146,0.056,265.17
1.357,20.227,1.9715,14.779,1.7281,-0.06559,0.062741,0.1167,0.056,265.71
1.4049,20.824,2.0315,14.8,1.7426,-0.064161,0.061373,0.1175,0.0551,270.46
1.4354,21.409,2.0908,14.808,1.7748,-0.063752,0.060982,0.1196,0.0551,270.67
1.4819,21.968,2.1229,14.739,1.7156,-0.051495,0.049257,0.1161,0.0504,294.42
1.5284,22.51,2.143,14.628,1.6205,-0.033516,0.032058,0.1105,0.0441,333.74
1.5601,23.068,2.1753,14.57,1.5759,-0.025343,0.024239,0.1079,0.0404,362.75
1.6065,23.611,2.222,14.568,1.5729,-0.024219,0.023164,0.1077,0.0389,376.67
1.6378,24.21,2.2823,14.598,1.592,-0.026672,0.025509,0.1088,0.0385,381.42
1.6845,24.816,2.3441,14.646,1.6122,-0.031269,0.029907,0.1098,0.038,387.74
1.7159,25.396,2.3964,14.635,1.5969,-0.028,0.02678,0.1088,0.0359,410.07
1.7625,25.973,2.4297,14.613,1.5643,-0.024328,0.023261,0.1065,0.0324,453.61
1.8091,26.518,2.4476,14.495,1.484,-0.0088925,0.0085032,0.102,0.0276,527.92
1.8406,26.973,2.4911,14.4,1.2852,-0.00775,0.0074106,0.10036,0.025852,559.22
1.8872,27.64,2.5448,14.272,1.024,-0.0060609,0.0057951,0.097924,0.023267,614.97
1.9188,28.09,2.5746,14.194,0.8691,-0.0049151,0.0046993,0.096274,0.021514,660.99
1.9653,28.747,2.6103,14.092,0.674,-0.0032296,0.0030872,0.093847,0.018935,745.11
1.9968,29.19,2.6298,14.032,0.56388,-0.0020867,0.0019942,0.092202,0.017186,817.14
2.0433,29.842,2.6529,13.956,0.43397,-0.00039773,0.00037888,0.089771,0.014602,956.25
2.0747,30.279,2.6654,13.914,0.36856,0.00073936,-0.00070864,0.088134,0.012862,1082.2
2.1213,30.926,2.6809,13.863,0.30407,0.0024315,-0.002327,0.085698,0.010273,1349.9
2.168,31.573,2.6944,13.829,0.27887,0.004124,-0.0039457,0.083261,0.0076828,1800.3
2.1995,32.008,2.7032,13.814,0.28408,0.0052666,-0.0050385,0.081616,0.0059344,2328.3
2.2461,32.652,2.7172,13.805,0.32467,0.0069577,-0.0066558,0.079182,0.0033469,4125.9
2.2778,33.089,2.7283,13.808,0.37456,0.0081051,-0.0077532,0.07753,0.0015911,8681.5
2.3241,33.728,2.7479,13.825,0.48012,0.0097841,-0.0093589,0.075113,-0.00097793,-14146
2.3556,34.165,2.7645,13.845,0.57427,0.010929,-0.010454,0.073465,-0.0027295,-5076.9
2.4021,34.81,2.795,13.888,0.74586,0.012616,-0.012068,0.071035,-0.0053116,-2618.4
2.4488,35.459,2.8346,13.947,0.95708,0.014308,-0.013685,0.0686,-0.0079,-1769.5
2.4801,36.08,2.8703,14.094,0.95492,0.0054172,-0.005181,0.0677,-0.0083,-1702
2.5269,36.55,2.8849,13.946,0.94548,0.010016,-0.0095796,0.0677,-0.0069,-2025.9
2.5583,37.106,2.9096,13.927,0.91869,0.010015,-0.0095797,0.0659,-0.008,-1744.7
2.605,37.691,2.9247,13.962,0.86528,0.0074611,-0.0071351,0.0619,-0.0112,-1249
2.6366,38.271,2.9512,13.994,0.85585,0.0055184,-0.0052784,0.0611,-0.0109,-1286.3
2.6829,38.843,2.9755,14.009,0.83426,0.0043947,-0.004203,0.0595,-0.0117,-1199.5
2.7297,39.453,3.0258,14.108,0.87199,-0.00051122,0.00048849,0.0617,-0.0075,-1884.6
2.761,40.123,3.0607,14.409,0.89024,-0.014412,0.013782,0.0616,-0.0068,-2123
2.8077,40.699,3.0873,14.417,0.87784,-0.013492,0.012902,0.0607,-0.0071,-2034.4
2.8391,41.278,3.1216,14.437,0.87047,-0.013287,0.012706,0.0601,-0.0076,-1903.1
2.8856,41.885,3.1426,14.515,0.86476,-0.016661,0.015931,0.0594,-0.0067,-2170.2
2.917,42.461,3.1738,14.526,0.86125,-0.016048,0.015345,0.0591,-0.0067,-2171.9
2.9637,43.049,3.1961,14.545,0.85453,-0.015639,0.014954,0.0586,-0.0059,-2469.4
2.9952,43.711,3.1826,14.618,0.76694,-0.013083,0.012511,0.0523,-0.0107,-1368.1
3.0417,44.26,3.2448,14.538,0.79683,-0.0087903,0.0084059,0.0547,-0.009,-1617.8
3.0889,44.813,3.2927,14.478,0.80395,-0.0045992,0.0043986,0.0554,-0.009,-1611.2
3.12,45.385,3.3294,14.48,0.81563,-0.0051104,0.0048871,0.0562,-0.0076,-1908.2
3.1665,45.974,3.3938,14.486,0.84124,-0.0047014,0.0044959,0.058,-0.0062,-2340.3
3.198,46.526,3.4657,14.456,0.89414,-0.0039857,0.0038118,0.0617,-0.0025,-5793.6
3.2445,47.094,3.5412,14.444,0.91567,-0.0039857,0.0038118,0.0633,0.0003,48242
3.2759,47.662,3.5518,14.317,0.85923,0.010221,-0.0097752,0.0599,-0.0037,-3876.5
******-------------------------------------------------------------------------------------------------------------------****** 
TargetID: ID31
Relevancy: 1
tj = 15.6467
Label: 0
Comment: Target is relevant and going straight, since target is crossing Ego X-axis in EFC
DATA:
14.602,NaN,NaN,NaN,NaN,NaN,NaN,0,NaN,NaN
14.648,NaN,NaN,18.624,2.7071,0,-0,0.1443,0,Inf
14.68,NaN,NaN,18.584,2.6167,-0.010343,0.0085746,0.1399,0.0041,4577.3
14.726,NaN,NaN,18.523,2.5731,-0.026782,0.022204,0.138,0.0139,1345.4
14.758,NaN,NaN,18.385,2.3148,-0.042896,0.035562,0.1253,0.009,2058.9
14.804,NaN,NaN,18.374,2.2043,-0.066955,0.055508,0.1194,-0.0048,-3855.3
14.836,NaN,NaN,18.302,2.1088,-0.070308,0.058306,0.1151,-0.0059,-3122.6
14.882,NaN,NaN,18.326,2.1876,-0.069872,0.057944,0.1192,-0.0001,-1.8456e+05
14.929,NaN,NaN,18.468,2.5518,-0.08216,0.068144,0.1378,0.0286,651.87
14.96,NaN,NaN,18.437,2.5574,-0.086509,0.071746,0.1384,0.0315,590.9
15.007,NaN,NaN,18.408,2.5669,-0.08901,0.073821,0.1391,0.0343,541.86
15.039,NaN,NaN,18.447,2.5955,-0.077376,0.064167,0.1402,0.0315,591.38
15.085,NaN,NaN,18.412,2.3573,-0.06454,0.053517,0.1277,0.0022,8437.2
15.117,NaN,NaN,18.463,2.3734,-0.060949,0.05054,0.1282,-0.0011,-16923
15.163,NaN,NaN,18.403,2.3681,-0.052245,0.04332,0.1282,0.0043,4315
15.21,NaN,NaN,18.189,2.0646,-0.036683,0.030415,0.1132,-0.019,-963.44
15.241,NaN,NaN,18.137,1.8978,-0.035595,0.029513,0.1045,-0.0348,-524.04
15.288,NaN,NaN,18.234,2.1291,-0.032221,0.026716,0.1164,-0.0115,-1596.3
15.319,NaN,NaN,18.214,2.1092,-0.02482,0.020579,0.1154,-0.0133,-1378.7
15.366,NaN,NaN,18.244,2.1688,-0.023623,0.019586,0.1185,-0.0076,-2417.5
15.398,NaN,NaN,18.48,2.6499,-0.032873,0.027257,0.1426,0.0318,587.07
15.444,NaN,NaN,18.462,2.5728,-0.026017,0.021572,0.1386,0.0227,821.17
15.475,NaN,NaN,18.589,2.8443,-0.039512,0.032763,0.1521,0.0422,445.62
15.522,NaN,NaN,18.687,3.0137,-0.049523,0.041066,0.1602,0.0514,368.26
15.569,NaN,NaN,18.817,3.1577,-0.063929,0.052972,0.1659,0.0567,336.52
15.6,NaN,NaN,18.759,3.0409,-0.047129,0.039081,0.161,0.0461,412.23
15.647,NaN,NaN,18.782,3.0758,-0.049305,0.040886,0.1626,0.0458,415.54
15.678,NaN,NaN,18.766,3.0502,-0.041797,0.034658,0.1614,0.0411,462.59
15.725,NaN,NaN,18.759,3.0014,-0.035376,0.029334,0.1589,0.0352,539.7
15.756,NaN,NaN,18.841,3.0739,-0.043865,0.036374,0.162,0.0375,509.06
15.803,NaN,NaN,18.808,3.039,-0.036356,0.030146,0.1604,0.0335,568.71
15.849,NaN,NaN,18.833,3.0485,-0.036682,0.030417,0.1607,0.0322,592.5
15.881,NaN,NaN,18.871,3.0687,-0.039621,0.032854,0.1614,0.0316,605.02
15.927,NaN,NaN,18.907,3.068,-0.040383,0.033486,0.1611,0.0296,647.09
15.959,NaN,NaN,18.955,3.0416,-0.041489,0.034385,0.1589,0.0254,755.8
16.005,NaN,NaN,19.027,3.0952,-0.04541,0.037634,0.161,0.0276,698.44
16.037,NaN,NaN,18.905,2.9313,-0.025262,0.020939,0.1537,0.0175,1093.2
16.084,NaN,NaN,16.331,1.7055,-0.0057816,0.0047838,0.15225,0.015517,1058.2
16.13,NaN,NaN,15.151,1.1746,0.013645,-0.011327,0.1508,0.013539,1122.4
16.162,NaN,NaN,15.135,1.2053,0.026662,-0.022121,0.14983,0.012213,1243.1
16.208,NaN,NaN,16.267,1.8274,0.046084,-0.038228,0.14838,0.010236,1599.1
16.24,NaN,NaN,17.815,2.6384,0.059206,-0.04911,0.1474,0.0089,2023.5
16.286,NaN,NaN,17.743,2.613,0.060403,-0.050103,0.1466,0.0079,2270.2
16.318,NaN,NaN,18.085,2.6634,0.033962,-0.028164,0.1464,0.0075,2437.4
16.364,NaN,NaN,17.815,2.8377,0.059315,-0.0492,0.1583,0.0179,1007.8
16.396,NaN,NaN,17.764,2.8113,0.060403,-0.050103,0.1573,0.0162,1110.2
16.442,NaN,NaN,17.777,2.8706,0.058118,-0.048207,0.1605,0.0193,933.01
16.489,NaN,NaN,17.747,2.8384,0.057466,-0.047666,0.159,0.017,1057.2
16.521,NaN,NaN,14.673,4.4623,0.13223,-0.10986,0.2965,0.0057,2690.6
16.567,NaN,NaN,16.691,3.2002,0.058333,-0.048391,0.1899,-0.0202,-841.36
16.599,NaN,NaN,16.977,3.4638,0.033634,-0.027894,0.2015,0.0739,234.46
16.645,NaN,NaN,17.578,3.3541,-0.00021785,0.00018062,0.1885,0.0882,202.89
16.677,NaN,NaN,18.121,3.2957,-0.04563,0.037812,0.1796,0.1426,129.16
16.723,NaN,NaN,18.297,3.438,-0.077769,0.064427,0.1853,0.1634,113.94
16.756,NaN,NaN,18.399,3.3748,-0.068616,0.056849,0.181,0.1356,137.95
16.803,NaN,NaN,18.414,3.1306,-0.014916,0.012365,0.1683,0.0737,253.44
16.848,NaN,NaN,18.372,2.9737,0.031132,-0.025816,0.1607,0.0472,394.3
16.879,NaN,NaN,18.574,2.6991,0.015894,-0.013179,0.1444,0.002,9384.8
16.926,NaN,NaN,18.613,2.5764,0.020684,-0.01715,0.1377,-0.0103,-1824.3
16.957,NaN,NaN,18.631,2.5687,0.021881,-0.018144,0.1371,-0.011,-1709.8
17.004,NaN,NaN,18.556,2.6538,0.028086,-0.023289,0.1422,-0.0022,-8520.5
17.035,NaN,NaN,18.569,2.5933,0.028629,-0.023741,0.1389,-0.0102,-1838.2
17.082,NaN,NaN,18.566,2.602,0.025473,-0.021123,0.1394,-0.0101,-1856.2
17.129,NaN,NaN,18.639,2.5498,0.015132,-0.012547,0.136,-0.0161,-1168.5
17.16,NaN,NaN,18.515,2.6269,0.023732,-0.019677,0.1411,-0.0076,-2460.6
17.207,NaN,NaN,18.536,2.6264,0.02014,-0.016699,0.1409,-0.0085,-2202.4
17.238,NaN,NaN,18.537,2.6195,0.02199,-0.018233,0.1405,-0.0085,-2202.5
17.285,NaN,NaN,18.538,2.6122,0.023732,-0.019677,0.1401,-0.0085,-2202.5
17.316,NaN,NaN,18.539,2.6058,0.025581,-0.021213,0.1398,-0.0085,-2202.5
17.363,NaN,NaN,18.541,2.5992,0.027323,-0.022657,0.1394,-0.0085,-2202.6
17.41,NaN,NaN,18.542,2.5932,0.029065,-0.024101,0.1391,-0.0085,-2202.6
17.441,NaN,NaN,18.543,2.586,0.030915,-0.025636,0.1387,-0.0085,-2202.6
17.487,NaN,NaN,19.285,2.3576,0.029649,-0.024585,0.13727,-0.0094846,-2048.5
17.519,NaN,NaN,19.435,2.3009,0.028791,-0.023872,0.1363,-0.010152,-1927.9
17.566,NaN,NaN,19.133,2.3624,0.027519,-0.022817,0.13486,-0.01114,-1730.5
17.597,NaN,NaN,18.583,2.5003,0.02667,-0.022113,0.1339,-0.0118,-1589
17.644,NaN,NaN,19.035,2.2971,0.021352,-0.017703,0.13202,-0.013153,-1457.7
17.69,NaN,NaN,19.268,2.2,0.016017,-0.013279,0.13013,-0.014511,-1336.4
17.722,NaN,NaN,19.299,2.1949,0.012437,-0.010311,0.12887,-0.015422,-1259.5
17.768,NaN,NaN,19.163,2.2762,0.007117,-0.0059001,0.12698,-0.016776,-1150.3
17.8,NaN,NaN,18.943,2.3928,0.0034843,-0.0028881,0.1257,-0.0177,-1078.7
******-------------------------------------------------------------------------------------------------------------------****** 
TargetID: ID33
Target can not be processed due to lack of Data
******-------------------------------------------------------------------------------------------------------------------****** 
TargetID: ID35
Relevancy: 1
tj = 27.8461
Label: 0
Comment: Target is relevant and going straight, since target is crossing Ego X-axis in EFC
DATA:
24.04,0,-0,NaN,NaN,NaN,NaN,0,NaN,NaN
24.086,0.70466,0.0033361,NaN,NaN,NaN,NaN,-0.0001,NaN,NaN
24.119,1.4052,-0.59302,NaN,NaN,NaN,NaN,-0.0846,NaN,NaN
24.164,2.1102,-0.65364,NaN,NaN,NaN,NaN,-0.0846,NaN,NaN
24.196,2.815,-0.71326,NaN,NaN,NaN,NaN,-0.0846,NaN,NaN
24.243,3.5201,-0.77427,NaN,NaN,NaN,NaN,-0.0846,NaN,NaN
24.289,4.2248,-0.8339,NaN,NaN,NaN,NaN,-0.0846,NaN,NaN
24.321,4.9295,-0.89002,NaN,NaN,NaN,NaN,-0.0846,NaN,NaN
24.367,5.6242,-2.4345,NaN,NaN,NaN,NaN,-0.2809,NaN,NaN
24.399,6.3272,-2.6373,NaN,NaN,NaN,NaN,-0.2809,NaN,NaN
24.445,7.0084,-1.7792,NaN,NaN,NaN,NaN,-0.1988,NaN,NaN
24.477,7.7094,-1.9208,NaN,NaN,NaN,NaN,-0.1988,NaN,NaN
24.523,8.3926,-1.4411,NaN,NaN,NaN,NaN,-0.1488,NaN,NaN
24.571,9.092,-1.5458,NaN,NaN,NaN,NaN,-0.1488,NaN,NaN
24.602,9.7695,-1.3562,NaN,NaN,NaN,NaN,-0.1244,NaN,NaN
24.648,10.467,-1.4417,NaN,NaN,NaN,NaN,-0.1244,NaN,NaN
24.679,11.132,-1.2756,NaN,NaN,NaN,NaN,-0.1039,NaN,NaN
24.726,11.827,-1.3586,NaN,NaN,NaN,NaN,-0.1038,NaN,NaN
24.757,12.49,-0.54987,NaN,NaN,NaN,NaN,-0.0248,NaN,NaN
24.804,13.183,-0.56679,NaN,NaN,NaN,NaN,-0.0249,NaN,NaN
24.836,13.876,-0.58431,NaN,NaN,NaN,NaN,-0.0248,NaN,NaN
24.882,14.569,-0.60295,NaN,NaN,NaN,NaN,-0.0248,NaN,NaN
24.929,15.262,-0.61948,NaN,NaN,NaN,NaN,-0.0248,NaN,NaN
24.961,15.955,-0.6352,NaN,NaN,NaN,NaN,-0.0249,NaN,NaN
25.007,16.458,1.0108,17.226,1.1191,0,-0,0.0649,0,Inf
25.038,17.148,1.0451,17.226,1.1186,0,-0,0.0648,0,Inf
25.085,17.835,1.4641,17.141,1.6383,-0.07742,0.06416,0.0953,0.0045,3826.5
25.116,18.521,1.526,17.128,1.6414,-0.078842,0.065325,0.0956,0.0045,3823.7
25.163,19.254,1.3298,17.176,1.3585,-0.12218,0.10123,0.079,-0.0001,-1.7229e+05
25.21,19.941,1.3847,17.168,1.3578,-0.12577,0.10421,0.079,-0.0001,-1.7222e+05
25.241,20.666,1.4125,17.09,1.42,-0.091473,0.075789,0.0829,0.0073,2349.2
25.288,21.349,1.4706,17.072,1.4232,-0.095393,0.079038,0.0832,0.0073,2346.7
25.319,22.033,1.5258,17.053,1.4256,-0.099197,0.082205,0.0834,0.0073,2344.2
25.366,22.715,1.571,17.035,1.4298,-0.10312,0.085454,0.0838,0.0073,2341.7
25.397,23.41,1.8954,16.971,1.8545,-0.073826,0.06118,0.1089,0.0266,641.81
25.444,24.111,2.0989,16.957,2.1126,-0.071649,0.059375,0.124,0.0371,460.61
25.49,24.796,2.4167,16.967,2.3415,-0.070125,0.058114,0.1372,0.0372,460.44
25.522,25.475,2.5077,16.947,2.364,-0.074589,0.061814,0.1386,0.0372,459.98
25.569,26.201,2.7197,16.938,2.7189,-0.066749,0.055315,0.1592,0.0556,308.55
25.6,26.897,2.9942,16.942,2.9627,-0.061626,0.05108,0.1731,0.0603,285.23
25.646,27.575,3.1141,16.923,3.0022,-0.065437,0.054239,0.1756,0.0603,285.03
25.678,28.251,3.2368,16.904,3.0396,-0.069351,0.057495,0.1779,0.0603,284.82
25.725,28.926,3.3618,16.884,3.0792,-0.073161,0.060653,0.1804,0.0603,284.62
25.756,29.607,3.3821,16.904,2.7471,-0.07305,0.06057,0.1611,0.0316,541.97
25.803,29.168,5.4199,17.014,4.3416,-0.082487,0.068408,0.2502,0.0864,203.23
25.849,29.845,5.7862,16.992,4.7289,-0.095857,0.079515,0.2718,0.1015,173.77
25.881,30.553,6.0161,17.005,4.8017,-0.10075,0.083576,0.2756,0.0975,181.23
25.927,31.17,6.0801,17.048,4.4314,-0.070078,0.058129,0.2546,0.0687,256.4
25.959,31.895,6.1828,17.089,4.1765,-0.060718,0.050374,0.2399,0.0471,373.5
26.005,32.604,6.316,17.121,4.0525,-0.06539,0.054261,0.2327,0.0348,505.56
26.037,33.281,6.458,17.127,4.3036,-0.083879,0.069606,0.2465,0.0512,344.92
26.083,33.955,6.5225,17.089,3.9906,-0.051463,0.042712,0.2296,0.0313,560.66
26.13,34.685,6.6728,17.049,3.5284,-0.014363,0.011922,0.2041,-0.0015,-11607
26.162,35.37,6.7446,17.037,3.4072,-0.012185,0.010119,0.1974,-0.0086,-2020.3
26.208,36.061,6.8735,17.071,3.6726,-0.025021,0.020778,0.212,0.0086,2030.4
26.24,36.751,7.0386,17.068,3.6641,-0.021105,0.017526,0.2116,0.0074,2359
26.286,37.586,7.2562,17.036,4.2039,-0.013489,0.011204,0.242,0.0434,404.31
26.317,38.245,7.3795,16.985,4.3024,-0.0016321,0.0013559,0.2481,0.05,350.44
26.364,38.936,7.4811,16.998,4.0745,-0.012508,0.010393,0.2353,0.033,529.69
26.396,39.617,7.6042,17.004,3.9801,-0.019031,0.015819,0.23,0.0255,684.83
26.443,40.298,7.6155,16.934,3.7297,0.00010859,-9.03e-05,0.2168,0.0116,1494.8
26.489,40.989,7.6468,16.948,3.4734,-0.013046,0.010853,0.2022,-0.0046,-3760.9
26.52,41.667,7.7228,16.928,3.3916,-0.0073919,0.0061511,0.1978,-0.0087,-1984.4
26.567,42.34,7.7198,16.943,3.0365,-0.019998,0.016646,0.1774,-0.0294,-585.48
26.598,43,7.7935,16.907,2.9549,-0.010652,0.0088668,0.1731,-0.0323,-531.37
26.645,43.672,7.814,16.897,2.8688,-0.0092369,0.0076925,0.1682,-0.0355,-482.77
26.676,44.338,7.9527,16.792,3.1886,0.018692,-0.015569,0.1876,-0.0144,-1186.9
26.723,44.992,8.0765,16.715,3.3729,0.038467,-0.032052,0.199,-0.0026,-6558.3
26.77,45.656,8.2577,16.691,3.547,0.044546,-0.037132,0.2092,0.007,2437.7
26.801,46.287,8.3121,16.637,3.5598,0.047251,-0.039411,0.2106,0.008,2126.6
26.848,46.973,8.387,16.658,3.553,0.029321,-0.024466,0.21,0.0066,2580.7
26.879,47.605,8.4349,16.622,3.56,0.02606,-0.02175,0.2109,0.0068,2499.9
26.926,48.255,8.5237,16.576,3.5071,0.032354,-0.027014,0.2084,0.0044,3850.6
26.957,48.911,8.5346,16.665,3.3119,-0.016281,0.013597,0.1962,-0.0089,-1909.1
27.004,49.501,8.5744,16.613,3.2177,-0.0074888,0.0062557,0.1913,-0.013,-1301.6
27.05,50.175,8.655,16.693,3.1774,-0.032226,0.02693,0.1882,-0.0163,-1042.5
27.082,50.787,8.6943,16.766,3.0894,-0.051744,0.04326,0.1824,-0.0217,-785.63
27.128,51.446,8.722,16.792,2.9538,-0.056393,0.047176,0.1743,-0.0284,-600.36
27.16,52.13,8.6958,16.817,2.6644,-0.054871,0.045911,0.1573,-0.0425,-400.63
27.207,52.788,8.7055,16.794,2.4309,-0.043805,0.036666,0.1439,-0.0525,-323.23
27.238,53.448,8.6937,16.821,2.2292,-0.04033,0.033771,0.1319,-0.0614,-276.35
27.285,54.116,8.7198,16.807,2.1616,-0.033064,0.027692,0.128,-0.0619,-273.76
27.316,54.782,8.7437,16.794,2.061,-0.026448,0.022159,0.1222,-0.0643,-263.14
27.363,55.447,8.7476,16.746,1.9223,-0.018748,0.015717,0.1144,-0.0685,-246.07
27.409,56.111,8.8192,16.733,1.991,-0.016144,0.01354,0.1185,-0.0617,-273.11
27.441,56.788,8.8899,16.786,2.0581,-0.018092,0.015179,0.1221,-0.0565,-299.33
27.487,57.46,8.9551,16.811,2.0573,-0.017981,0.01509,0.1218,-0.0546,-310.19
27.519,58.096,8.9722,16.791,1.9472,-0.015164,0.012728,0.1155,-0.0582,-290.43
27.565,58.758,9.0103,16.778,1.8762,-0.012997,0.010911,0.1114,-0.0596,-283.26
27.597,59.303,9.0208,16.751,1.7766,-0.010937,0.0091865,0.1057,-0.0624,-269.95
27.643,59.986,9.0745,16.756,1.7159,-0.0097432,0.0081891,0.1021,-0.0631,-266.93
27.69,60.657,9.1692,16.781,1.7194,-0.0091993,0.0077378,0.1021,-0.0604,-279.28
27.722,61.35,9.2452,16.798,1.6819,-0.0081146,0.0068295,0.0998,-0.06,-281.36
27.768,61.997,9.301,16.779,1.6189,-0.0068144,0.0057393,0.0962,-0.0605,-278.63
27.799,62.571,9.3247,16.723,1.4796,-0.0056254,0.0047369,0.0883,-0.0647,-259.48
27.846,63.234,9.3514,16.666,1.4265,-0.0058408,0.0049189,0.0854,-0.0637,-262.59
27.877,64.177,9.5645,15.832,1.5001,0.00086581,-0.00072901,0.0945,-0.0196,-811.38
27.924,64.976,9.6628,16.664,2.64,0.0023807,-0.0020033,0.1571,0.0054,3124.4
27.956,65.643,9.6889,16.728,2.6702,-0.012334,0.010381,0.1584,-0.0103,-1644.6
28.002,66.095,9.7469,16.919,2.8201,-0.031364,0.026416,0.1653,-0.0126,-1361.3
28.049,66.753,9.7903,16.757,2.3753,-0.015788,0.013304,0.1409,-0.0766,-220.95
28.08,67.462,9.8849,16.878,2.4141,-0.024864,0.020966,0.1422,-0.0616,-276.78
28.127,68.163,9.9707,16.993,2.4133,-0.032322,0.027255,0.1413,-0.0599,-286.54
28.158,68.787,10.055,16.771,2.3367,-0.023467,0.019778,0.1383,-0.0504,-335.96
28.205,69.467,10.021,16.861,1.8267,-0.027471,0.023147,0.1078,-0.1466,-115.69
28.236,70.09,10.077,16.739,1.7084,-0.02293,0.019317,0.1016,-0.1456,-115.56
28.283,70.69,10.137,16.656,1.6721,-0.019144,0.016129,0.0999,-0.1365,-122.64
28.33,71.237,10.17,16.386,1.5624,-0.013843,0.011665,0.095,-0.1349,-122.02
28.361,71.751,10.228,16.294,2.0358,-0.014015,0.011814,0.095,-0.12536,-130.99
28.408,72.511,10.317,16.315,1.5558,-0.014271,0.012035,0.095,-0.1112,-147.38
******-------------------------------------------------------------------------------------------------------------------****** 
TargetID: ID04
Target can not be processed due to lack of Data
******-------------------------------------------------------------------------------------------------------------------****** 
TargetID: ID36
Target can not be processed due to lack of Data
******-------------------------------------------------------------------------------------------------------------------****** 
TargetID: ID37
Target can not be processed due to lack of Data
******-------------------------------------------------------------------------------------------------------------------****** 
TargetID: ID39
Target can not be processed due to lack of Data
******-------------------------------------------------------------------------------------------------------------------****** 
TargetID: ID44
Target can not be processed due to lack of Data
******-------------------------------------------------------------------------------------------------------------------****** 
TargetID: ID45
Target can not be processed due to lack of Data
******-------------------------------------------------------------------------------------------------------------------****** 
TargetID: ID46
Relevancy: 1
tj = 22.2456
Label: 0
Comment: Target is relevant and going straight, since target is crossing Ego X-axis in EFC
DATA:
19.079,0,-0,NaN,NaN,NaN,NaN,0,NaN,NaN
19.126,0.50943,0.14395,NaN,NaN,NaN,NaN,0.0547,NaN,NaN
19.157,1.0794,1.478,NaN,NaN,NaN,NaN,0.5183,NaN,NaN
19.204,1.7206,-0.81224,NaN,NaN,NaN,NaN,-0.3275,NaN,NaN
19.25,2.2623,-0.63826,NaN,NaN,NaN,NaN,-0.2172,NaN,NaN
19.282,2.6967,0.021721,NaN,NaN,NaN,NaN,0.0055,NaN,NaN
19.328,3.2285,0.29018,NaN,NaN,NaN,NaN,0.0753,NaN,NaN
19.36,3.7357,0.82914,NaN,NaN,NaN,NaN,0.1952,NaN,NaN
19.407,4.2779,0.74862,NaN,NaN,NaN,NaN,0.1534,NaN,NaN
19.438,4.6803,1.353,13.055,2.1102,0,-0,0.1603,0,Inf
19.484,5.2091,1.4973,13.071,2.2491,-0.018064,0.01565,0.1704,-0.0014,-9473.9
19.516,5.734,1.4279,13.099,1.8421,-0.056013,0.048516,0.1397,-0.0081,-1633.1
19.563,6.2691,1.48,13.142,1.787,-0.052704,0.045641,0.1352,-0.0121,-1096.1
19.609,6.796,1.9361,13.149,2.6646,-0.074405,0.064437,0.2,0.0022,6098.4
19.641,7.3251,1.6748,13.225,1.7012,-0.10711,0.092762,0.128,-0.0439,-303.72
19.687,7.8537,1.633,13.203,1.5249,-0.084773,0.073413,0.115,-0.0371,-358.23
19.719,8.4026,1.6406,13.17,1.4955,-0.07687,0.066562,0.113,-0.0162,-818.2
19.765,8.9252,1.6735,13.17,1.4399,-0.071625,0.062027,0.1089,-0.0176,-752.77
19.797,9.4616,1.7351,13.185,1.4537,-0.086377,0.074802,0.1099,-0.0144,-921.2
19.843,10.008,1.9443,13.231,1.6834,-0.090974,0.078788,0.1266,-0.0002,-66687
19.89,10.536,1.9838,13.24,1.5748,-0.084464,0.073127,0.1184,-0.0163,-817.98
19.922,11.065,2.0047,13.236,1.5204,-0.089592,0.077571,0.1144,-0.0158,-843.26
19.969,11.59,1.9923,13.232,1.3409,-0.074411,0.064427,0.101,-0.0329,-404.24
20,12.093,1.8553,13.174,0.97326,-0.059977,0.051936,0.0737,-0.0635,-208.03
20.046,12.61,1.8823,13.163,0.94321,-0.051635,0.044715,0.0716,-0.0607,-217.42
20.078,13.141,1.9676,13.184,1.0015,-0.044468,0.038518,0.0759,-0.0521,-253.77
20.124,11.652,2.2044,13.176,1.1278,-0.041991,0.036386,0.0859,-0.0335,-394.76
20.156,12.168,2.1245,13.115,0.73055,-0.038689,0.033508,0.0561,-0.07,-187.65
20.203,12.693,2.1524,13.114,0.69328,-0.041794,0.036184,0.0533,-0.07,-187.61
20.249,13.216,2.1915,13.114,0.6549,-0.044896,0.038863,0.0504,-0.07,-187.57
20.281,13.771,2.3416,13.191,1.0375,-0.029612,0.025634,0.0788,-0.0313,-422.75
20.327,14.344,2.5529,13.27,1.4945,-0.036764,0.031843,0.1126,0.0102,1309.2
20.358,14.87,2.5858,13.285,1.3582,-0.036968,0.032039,0.1023,-0.0023,-5806.1
20.405,15.382,2.617,13.171,1.0509,-0.026611,0.023061,0.0796,-0.0326,-405.32
20.436,15.919,2.6523,13.194,1.0606,-0.022649,0.019638,0.0805,-0.0294,-450.21
20.483,16.463,2.7552,13.233,1.1995,-0.020194,0.017505,0.0906,-0.0171,-777.03
20.53,16.998,2.7923,13.262,1.1107,-0.020833,0.018063,0.0838,-0.024,-554.52
20.561,17.527,2.8078,13.264,1.0662,-0.01955,0.016953,0.0804,-0.0261,-509.86
20.608,18.034,2.7834,13.24,0.92779,-0.018265,0.015846,0.0702,-0.035,-379.2
20.64,18.575,2.8308,13.262,0.95744,-0.015379,0.013347,0.0722,-0.0314,-423.47
20.686,19.077,2.7497,13.229,0.70779,-0.012708,0.011033,0.0534,-0.049,-270.37
20.717,19.607,2.7761,13.225,0.71882,-0.011957,0.010387,0.0544,-0.0456,-290.45
20.764,20.083,3.2647,13.243,0.86577,-0.0098207,0.008533,0.0654,-0.0324,-409.6
20.81,20.62,3.36,13.261,1.0173,-0.0093922,0.0081633,0.0767,-0.02,-664.99
20.842,21.165,3.4744,13.283,1.1742,-0.0097112,0.0084432,0.0883,-0.008,-1666.8
20.888,21.702,3.4504,13.199,0.66063,-0.0089639,0.0077947,0.0501,-0.0443,-298.31
20.92,22.25,3.5803,13.221,0.78599,-0.0071485,0.0062181,0.0595,-0.034,-389.53
20.966,22.748,3.5907,13.141,0.46386,-0.01344,0.011697,0.0354,-0.0554,-237.36
20.998,23.528,3.6564,13.141,0.52011,-0.012052,0.010492,0.0397,-0.0495,-265.67
21.044,24.033,3.6004,13.054,0.25436,-0.022283,0.019414,0.0197,-0.066,-197.82
21.076,24.59,3.5828,13.072,0.29076,-0.017484,0.015235,0.0224,-0.0611,-214
21.123,25.144,3.4773,13.096,0.332,-0.012793,0.011149,0.0255,-0.056,-233.93
21.169,25.73,3.5236,13.064,0.4548,-0.014817,0.012916,0.0349,-0.045,-290.49
21.201,26.259,3.5685,13.045,0.51527,-0.015029,0.013103,0.0396,-0.0389,-335.61
21.247,26.839,3.6564,13.043,0.67345,-0.01055,0.0092034,0.0517,-0.0265,-492.83
21.279,27.351,3.5996,13.091,0.83023,-0.0051143,0.004464,0.0634,-0.0152,-863.01
21.325,27.849,3.6552,13.077,0.85015,-0.0051125,0.0044653,0.065,-0.0131,-1000.4
21.357,28.347,3.7371,13.081,0.80204,-0.0055376,0.0048394,0.0613,-0.0159,-824.27
21.404,28.872,3.8176,13.056,0.91338,-0.0031946,0.0027918,0.0699,-0.0077,-1699.7
21.436,29.386,3.8923,13.044,0.93037,-0.0030876,0.0026986,0.0712,-0.0063,-2075.8
21.481,29.916,4.0001,12.99,1.1368,0.0066031,-0.0057699,0.0872,0.0083,1571
21.528,30.41,4.1017,12.923,1.2736,0.018531,-0.016195,0.098,0.0178,729.53
21.559,30.923,4.1815,12.828,1.3695,0.033864,-0.029608,0.106,0.0247,522.31
21.606,31.417,4.1887,12.769,1.3507,0.033858,-0.029615,0.105,0.023,558.28
21.637,31.924,4.2796,12.649,1.4748,0.057177,-0.050029,0.1154,0.0321,396.71
21.684,32.394,4.5837,12.486,1.4435,0.071342,-0.062414,0.1143,0.0311,404.16
21.716,32.924,4.6592,12.394,1.5511,0.093405,-0.081738,0.1234,0.0385,324.42
21.762,33.442,4.7401,12.263,1.637,0.11952,-0.10453,0.1313,0.0448,276.15
21.809,33.924,4.7946,12.13,1.5762,0.12219,-0.10686,0.1278,0.0405,302.03
21.84,34.404,4.8867,12.015,1.6979,0.1555,-0.13604,0.1385,0.0494,245.63
21.887,34.898,4.9584,11.892,1.7657,0.17876,-0.15625,0.1452,0.054,222.64
21.918,35.367,5.005,11.733,1.7663,0.19897,-0.17385,0.1469,0.0541,219.32
21.965,35.829,5.0537,11.599,1.8068,0.22261,-0.19443,0.1516,0.0567,207.03
21.996,36.34,5.215,11.546,1.9339,0.25437,-0.22229,0.1626,0.0656,178.46
22.043,36.804,5.2827,11.46,1.9021,0.24591,-0.21492,0.1612,0.0617,188.28
22.09,37.248,5.3232,11.321,1.8493,0.24323,-0.21262,0.1586,0.0569,201.6
22.121,37.734,5.4553,11.292,1.9279,0.24699,-0.21588,0.1657,0.0615,186.27
22.168,38.188,5.5339,11.204,1.9475,0.25318,-0.22135,0.1686,0.062,183.41
22.2,38.689,5.4731,11.13,1.9793,0.25722,-0.22484,0.1724,0.0631,179.15
22.246,39.178,5.6136,11.11,2.06,0.2628,-0.22969,0.1797,0.0677,166.9
22.277,39.666,5.7274,11.105,2.1223,0.25799,-0.22549,0.1852,0.0702,161.05
22.324,40.112,5.7945,11.037,2.1236,0.25447,-0.22241,0.1865,0.0685,164.07
22.37,40.56,5.8687,10.991,2.1188,0.24312,-0.21251,0.187,0.0661,169.33
22.402,41,5.9444,10.924,2.0878,0.23477,-0.20524,0.1854,0.062,179.38
22.448,41.432,6.0345,10.862,2.033,0.22073,-0.19305,0.1818,0.056,197.33
22.48,41.855,6.0773,10.766,1.9086,0.20295,-0.17758,0.1724,0.0453,241.36
22.526,42.312,6.1651,10.732,1.925,0.19941,-0.17452,0.1745,0.0453,240.7
22.558,42.777,6.2676,10.742,2.0076,0.19984,-0.17489,0.1818,0.0501,218.13
22.604,43.251,6.3731,10.767,2.0417,0.19205,-0.16806,0.1845,0.0506,216.57
22.636,43.773,6.4708,10.865,2.105,0.17108,-0.14975,0.1889,0.0525,210.79
22.682,44.213,6.562,10.824,2.1174,0.17067,-0.14936,0.1907,0.0522,211.29
22.729,44.696,6.6377,10.868,2.0519,0.14905,-0.1312,0.1888,0.0479,230.89
22.761,45.153,6.6922,10.861,2.0038,0.13686,-0.12046,0.1845,0.0416,265.48
22.807,45.6,6.7374,10.868,1.957,0.12246,-0.10775,0.1799,0.0353,312.82
22.839,46.062,6.801,10.883,1.9541,0.11293,-0.099333,0.1793,0.0332,333.06
22.885,46.514,6.8617,10.855,1.9192,0.11059,-0.097277,0.1766,0.0292,377.51
22.917,46.976,6.94,10.863,1.9218,0.10467,-0.092034,0.1766,0.0281,392.58
22.963,47.376,6.9935,10.716,1.9137,0.12282,-0.10756,0.1749,0.0252,431.97
23.01,47.8,7.0488,10.652,1.8459,0.1266,-0.11138,0.1735,0.0228,474.17
23.041,48.362,7.1449,10.896,1.9182,0.081318,-0.071271,0.1731,0.0215,514.57
23.088,48.767,7.1889,10.764,1.8367,0.093685,-0.082096,0.1676,0.0147,742.83
23.119,49.646,6.9732,10.969,1.574,0.07183,-0.06297,0.1415,0.0064,1731.4
23.166,50.528,7.2276,10.32,1.4945,0.093905,-0.082287,0.1423,0.0217,480.52
23.197,50.957,7.3009,10.409,1.5632,0.079299,-0.069502,0.1478,0.0466,225.87
23.244,51.367,7.357,10.391,1.5955,0.075883,-0.066523,0.1512,0.0495,212.38
23.276,51.75,7.4219,10.253,1.9221,0.095827,-0.083972,0.1838,0.1615,64.59
23.322,52.143,7.4865,10.215,1.5882,0.12762,-0.11234,0.1563,0.0232,445.6
23.369,52.565,7.5339,10.281,1.5439,0.081214,-0.071412,0.1504,0.0043,2417.7
23.4,52.945,7.6698,10.229,1.5669,0.080789,-0.071044,0.1533,0.0096,1077.9
23.447,53.405,7.6818,10.478,1.4078,0.011796,-0.010356,0.1337,-0.0477,-221.63
23.478,53.893,7.6784,10.821,1.197,-0.025731,0.02257,0.1098,-0.1068,-101.93
23.525,54.354,7.6984,11.032,1.0819,-0.028391,0.024902,0.0974,-0.1287,-86.127
23.556,54.829,7.6939,11.277,0.90648,-0.011162,0.0097943,0.0801,-0.1577,-71.742
23.603,55.267,7.7177,11.369,1.0119,-0.035198,0.03087,0.0883,-0.1286,-88.754
23.65,55.715,7.775,11.452,1.0181,-0.037538,0.032922,0.0882,-0.1197,-96.051
23.681,56.161,7.8401,11.505,1.0422,-0.039453,0.0346,0.0899,-0.1095,-105.5
23.728,56.599,7.9063,11.519,1.0699,-0.041793,0.036651,0.0921,-0.0992,-116.62
23.759,57.062,7.9305,11.589,0.97555,-0.026155,0.022944,0.0837,-0.1076,-108.09
23.806,57.512,7.974,11.634,0.95552,-0.022646,0.019867,0.0817,-0.1046,-111.6
23.837,57.963,8.0139,11.678,0.91428,-0.015947,0.013991,0.0779,-0.1049,-111.67
23.884,58.409,8.065,11.689,0.90662,-0.014246,0.012499,0.0772,-0.1004,-116.77
23.93,58.862,8.0912,11.724,0.8512,-0.0063779,0.0055964,0.0724,-0.1017,-115.58
23.962,59.295,8.1868,11.729,0.93824,-0.019137,0.016791,0.0796,-0.0889,-132.35
24.008,59.708,8.2919,11.659,1.0186,-0.022114,0.019401,0.0869,-0.0772,-151.6
24.04,60.128,8.4282,11.577,1.1393,-0.031049,0.027237,0.0977,-0.0617,-188.53
24.086,60.581,8.4848,11.561,1.1174,-0.024667,0.021638,0.0961,-0.0611,-190.1
24.119,61.027,8.5378,11.556,1.1027,-0.020519,0.018001,0.0949,-0.0608,-190.94
24.164,61.431,8.665,11.495,1.2386,-0.029135,0.025555,0.107,-0.0456,-253.55
24.196,61.865,8.7501,11.464,1.2836,-0.028709,0.025182,0.1111,-0.0395,-292.04
24.243,62.36,8.7403,11.52,1.1767,-0.022646,0.019867,0.1015,-0.0464,-249.56
24.289,62.797,8.8327,11.497,1.2306,-0.024136,0.021172,0.1063,-0.0399,-289.8
24.321,63.228,8.9274,11.478,1.2893,-0.02605,0.022851,0.1115,-0.0336,-343.75
24.367,63.661,9.0287,11.447,1.3518,-0.026156,0.022943,0.1172,-0.027,-426.9
24.399,64.108,9.1064,11.44,1.3749,-0.025412,0.022291,0.1193,-0.024,-480.1
24.445,64.549,9.185,11.428,1.402,-0.024242,0.021267,0.1218,-0.0211,-545.68
24.477,64.998,9.2386,11.407,1.3815,-0.017436,0.015297,0.1203,-0.0222,-517.59
24.523,65.431,9.3347,11.39,1.4244,-0.016691,0.014644,0.1242,-0.0184,-623.84
24.571,65.871,9.4276,11.391,1.505,-0.020732,0.018188,0.1311,-0.0101,-1137.7
24.602,66.33,9.4769,11.397,1.4949,-0.018819,0.016509,0.1302,-0.01,-1149.5
24.648,66.791,9.5011,11.411,1.437,-0.014777,0.012965,0.1251,-0.0143,-804.25
24.679,67.222,9.5862,11.379,1.4797,-0.011481,0.010074,0.1292,-0.0101,-1136.1
24.726,67.647,9.7327,11.331,1.6763,-0.01648,0.014455,0.1467,0.0097,1180.9
24.757,68.109,9.7716,11.335,1.6435,-0.012545,0.011006,0.1438,0.0071,1613.2
24.804,68.536,9.9354,11.252,1.8097,-0.0032955,0.0028919,0.1595,0.0231,493.36
******-------------------------------------------------------------------------------------------------------------------****** 
TargetID: ID05
Target can not be processed due to lack of Data
******-------------------------------------------------------------------------------------------------------------------****** 
TargetID: ID47
Target can not be processed due to lack of Data
******-------------------------------------------------------------------------------------------------------------------****** 
TargetID: ID06
Target can not be processed due to lack of Data
******-------------------------------------------------------------------------------------------------------------------****** 
TargetID: ID55
Target can not be processed due to lack of Data
******-------------------------------------------------------------------------------------------------------------------****** 
TargetID: ID58
Relevancy: 1
tj = 6.6453
Label: 0
Comment: Target is relevant and going straight, since target is crossing Ego X-axis in EFC
DATA:
5.1167,0,-0,16.73,0.00077804,0.0066311,-0.0077273,0,0.0003,55765
5.1635,-1.4946,0.10297,16.17,-1.4846,-0.0090248,0.010517,-0.0915,-0.0481,-337.58
5.1947,-0.80832,0.054919,15.998,-1.6494,-0.027254,0.031766,-0.1025,-0.0418,-384.76
5.2415,-0.17369,0.17218,16.135,-0.86748,-0.018508,0.02157,-0.0535,0.0944,171.17
5.2881,0.43027,0.1469,16.173,-1.3378,-0.046119,0.053757,-0.0821,-0.0031,-5234.9
5.3196,1.0798,-0.0043725,16.4,-0.72518,-0.066999,0.07811,-0.0435,0.1004,163.51
5.3662,1.9685,-0.10094,16.23,-1.2348,-0.055967,0.065237,-0.0755,0.007,2325.3
5.3979,2.5015,-0.22606,16.136,-1.2307,-0.050078,0.058372,-0.0757,0.0095,1703.5
5.4441,3.127,-0.26641,16.268,-0.93544,-0.037747,0.043996,-0.0571,0.0532,306.3
5.4757,3.7786,-0.26529,16.407,-0.66311,-0.04161,0.048502,-0.04,0.0876,187.44
5.5223,4.4366,-0.28901,16.453,-0.58765,-0.04566,0.053222,-0.0353,0.0899,183.14
5.5689,5.1317,-0.29064,16.405,-0.6271,-0.036458,0.042493,-0.0379,0.0762,215.44
5.6003,5.7878,-0.29494,16.355,-0.75509,-0.02799,0.032622,-0.0459,0.0529,309.49
5.647,6.5267,-0.23057,16.513,-0.35301,-0.044463,0.051828,-0.021,0.0979,168.71
5.6783,7.2122,-0.20339,16.631,-0.06276,-0.060102,0.070066,-0.0032,0.1239,134.23
5.7249,7.8841,-0.23673,16.56,-0.26112,-0.041059,0.047858,-0.0154,0.0924,179.25
5.7569,8.5179,-0.30104,16.404,-0.58644,-0.019889,0.02318,-0.0356,0.0501,327.64
5.803,9.178,-0.32507,16.423,-0.53637,-0.021086,0.024574,-0.0325,0.0518,317.21
5.8497,9.8846,-0.29107,16.739,0.060742,-0.065345,0.076181,0.0042,0.1073,156
5.8812,10.542,-0.30302,16.735,0.056461,-0.061482,0.071675,0.0039,0.0998,167.68
5.9278,11.235,-0.28747,16.704,-0.074747,-0.049891,0.058158,-0.004,0.0812,205.71
5.9591,11.899,-0.29746,16.642,-0.17154,-0.037653,0.043889,-0.01,0.0678,245.47
6.0058,12.556,-0.30903,16.649,-0.12424,-0.037561,0.043781,-0.0071,0.0681,244.49
6.0373,13.235,-0.3156,16.559,-0.32212,-0.023847,0.027794,-0.0192,0.0475,348.67
6.0837,13.907,-0.32235,16.559,-0.35774,-0.022558,0.026292,-0.0214,0.0418,396.24
6.1153,14.57,-0.31089,16.598,-0.26969,-0.022283,0.02597,-0.016,0.047,353.2
6.1618,15.268,-0.2831,16.647,-0.20244,-0.024952,0.029081,-0.0119,0.0503,330.98
6.2085,15.945,-0.27998,16.671,-0.18466,-0.027161,0.031656,-0.0108,0.0489,340.95
6.24,16.572,-0.29149,16.544,-0.28384,-0.012707,0.014809,-0.017,0.0397,416.78
6.2865,17.23,-0.29788,16.546,-0.29419,-0.012615,0.014703,-0.0177,0.0371,446.04
6.3178,17.912,-0.30415,16.568,-0.28459,-0.014733,0.017171,-0.017,0.0359,461.57
6.3645,18.561,-0.34137,16.5,-0.38293,-0.010498,0.012234,-0.0231,0.027,611.27
6.396,19.227,-0.37381,16.495,-0.43733,-0.011971,0.013951,-0.0264,0.0214,771.06
6.4428,19.93,-0.35515,16.568,-0.36099,-0.014733,0.017171,-0.0217,0.0262,632.51
6.4893,20.629,-0.35518,16.625,-0.33145,-0.017955,0.020927,-0.0198,0.0271,613.6
6.5207,21.333,-0.33549,16.706,-0.25407,-0.021269,0.024789,-0.015,0.0316,528.72
6.5673,22.04,-0.28714,16.872,-0.11936,-0.0325,0.037881,-0.0068,0.0396,426.07
6.5992,22.767,-0.2888,16.925,-0.091046,-0.035905,0.04185,-0.0051,0.0395,428.49
6.6453,23.471,-0.27729,17.026,-0.016242,-0.044186,0.051506,-0.0006,0.0426,399.68
6.6768,24.166,-0.26704,17.07,0.011717,-0.046027,0.053652,0.0011,0.0427,399.76
6.7234,24.838,-0.2747,17.064,-0.008087,-0.042439,0.049468,-0.0001,0.0398,428.75
6.77,25.539,-0.27375,17.108,-0.0034946,-0.044279,0.051614,0.0002,0.0384,445.53
6.8014,26.24,-0.27039,17.164,0.016956,-0.047683,0.055584,0.0014,0.0382,449.33
6.8481,26.944,-0.27326,17.217,0.027961,-0.050168,0.05848,0.0021,0.0374,460.36
6.8795,27.641,-0.25767,17.352,0.061146,-0.061114,0.071247,0.0041,0.0381,455.44
6.9261,28.307,-0.26673,17.314,0.043928,-0.053571,0.06245,0.003,0.0356,486.36
6.9579,29.047,-0.86862,18.383,0.079649,-0.054088,0.062987,0.0039,0.0087,2113
7.0041,29.793,-0.79582,18.056,-0.23881,-0.038511,0.044856,-0.0135,0.0046,3925.5
7.0356,30.51,-0.75568,18.084,-0.18411,-0.039064,0.045499,-0.0105,0.0215,841.15
7.0822,31.184,-0.79282,17.862,-0.24946,-0.028005,0.032623,-0.0142,0.0186,960.44
7.1289,31.962,-0.97754,17.684,-0.9775,-0.010776,0.012556,-0.0553,-0.102,-173.64
7.1609,32.492,-0.99727,15.654,-0.30795,-0.0053064,0.0061814,-0.051552,-0.084222,-185.91
7.207,33.178,-0.99924,14.409,0.11556,0.002579,-0.003008,-0.046149,-0.058593,-245.93
7.2384,33.633,-0.99606,14.7,0.037271,0.0079627,-0.0092821,-0.04246,-0.041096,-357.7
7.285,34.359,-1.0072,16.829,-0.62575,0.01593,-0.018567,-0.037,-0.0152,-1107.9
7.3166,34.985,-0.99444,16.724,-0.52021,0.021177,-0.024685,-0.0309,-0.0001,-1.6732e+05
7.363,35.654,-1.0151,16.695,-0.51942,0.020165,-0.023505,-0.0309,-0.0001,-1.6703e+05
7.4097,36.32,-1.0356,16.665,-0.51773,0.019152,-0.022324,-0.0309,-0.0001,-1.6673e+05
7.4413,36.65,-1.0596,15.764,-0.51959,0.079221,-0.09243,-0.0321,-0.004,-3943.1
7.4878,37.279,-1.0801,15.686,-0.51956,0.078945,-0.092109,-0.0323,-0.004,-3923.6
7.5192,37.888,-0.99436,15.636,-0.26486,0.10614,-0.1239,-0.0158,0.0265,590.12
7.5657,38.518,-0.99826,15.584,-0.23868,0.1055,-0.12315,-0.0142,0.0275,566.75
7.5971,39.103,-0.8566,15.512,0.12472,0.12899,-0.15066,0.0095,0.0653,237.56
7.6438,39.763,-0.6873,15.754,0.57,0.10999,-0.12843,0.0374,0.106,148.72
7.6754,40.486,-0.67363,16.01,0.64568,0.063588,-0.074182,0.041,0.1057,151.59
7.722,40.981,-0.6313,15.777,0.94213,0.075969,-0.088459,0.0588,0.126,125.44
7.7686,41.691,-0.66706,15.88,0.79207,0.064782,-0.075579,0.0506,0.1066,149.15
7.8006,42.888,-0.99319,17.7,-0.96661,0.011051,-0.012879,-0.0545,0.0122,1452.9
7.8465,43.621,-1.2436,16.982,-0.73491,0.01906,-0.022217,-0.0431,0.0342,497.02
7.878,43.619,1.0364,14.53,2.0472,0.10279,-0.12008,0.1414,0.0247,594.07
7.9245,44.935,-1.0218,17.232,-0.50402,0.0028554,-0.0033273,-0.0292,0.0285,604.89
7.9559,45.539,-0.79687,17.019,-0.095713,0.00027642,-0.00032164,-0.0056,0.0238,715.07
8.0036,46.333,-0.98435,17.425,-0.71027,0.0020261,-0.0023614,-0.0407,-0.0137,-1272.9
8.0494,46.948,-0.92649,16.961,-0.35073,0.031487,-0.036708,-0.0204,-0.0158,-1073.7
8.0808,47.644,-0.99931,17.012,-0.47835,0.032223,-0.037567,-0.0278,-0.0224,-759.78
8.1274,48.316,-1.0117,16.966,-0.50625,0.043727,-0.050985,-0.0294,-0.0291,-583.28
8.1599,49.005,-1.074,17.055,-0.76297,0.040874,-0.047657,-0.0443,-0.0633,-269.7
8.2054,49.713,-1.1631,17.072,-0.9051,0.047776,-0.055708,-0.0526,-0.0672,-254.4
8.2368,50.483,-0.88331,16.862,-0.20303,0.06939,-0.08094,-0.0114,0.0278,606.59
8.2835,51.147,-0.89456,16.825,-0.17853,0.078768,-0.091893,-0.0099,0.0289,582.22
8.3148,51.692,-0.81474,16.632,0.22259,0.097146,-0.11338,0.0143,0.0683,243.54
8.3615,52.498,-0.97792,16.881,-0.27676,0.059182,-0.068994,-0.0158,0.0078,2164.5
8.4081,53.072,-0.71934,16.495,0.39566,0.12397,-0.14475,0.0252,0.084,196.42
8.4396,53.597,-0.56918,16.17,0.92973,0.19568,-0.22882,0.0595,0.1398,115.86
8.4861,54.208,-0.49765,16.115,1.0205,0.19943,-0.23324,0.0654,0.135,119.61
8.5179,54.893,-0.56479,16.232,0.79531,0.14341,-0.16754,0.0505,0.0986,164.82
8.5646,55.504,-0.56805,16.283,0.82004,0.097045,-0.11328,0.0513,0.0884,184.43
8.5956,56.194,-0.60105,16.333,0.73532,0.079311,-0.092546,0.0458,0.0751,217.7
8.6423,56.772,-0.51574,16.266,0.95681,0.077625,-0.090391,0.0579,0.0863,188.81
8.6889,57.458,-0.51816,16.304,0.94708,0.055772,-0.065055,0.0586,0.0836,195.35
8.7208,58.114,-0.48296,16.311,1.0225,0.041882,-0.048841,0.063,0.0857,190.7
8.7669,58.807,-0.49856,16.354,0.92082,0.03765,-0.043903,0.0566,0.0718,228.14
8.7984,59.431,-0.34944,16.273,1.2033,0.039766,-0.046373,0.0742,0.0923,176.79
******-------------------------------------------------------------------------------------------------------------------****** 
