******-------------------------------------------------------------------------------------------------------------------****** 
Duration of the scene is: 29.0489 seconds
Original Targets Numbers in the hole Scene: 7
Number of Targets in the hole Scene after preprocessing: 11
Number of static portions: 1
******-------------------------------------------------------------------------------------------------------------------****** 
TargetID: ID09
Relevancy: 1
tj = 12.7243
Label: 0
Comment: Target is relevant and going straight, since target is crossing Ego X-axis in EFC
DATA:
9.9235,0,-0,NaN,NaN,NaN,NaN,0,NaN,NaN
9.9634,0.67256,-0.58319,NaN,NaN,NaN,NaN,-0.2043,NaN,NaN
10.003,1.2354,-0.69873,NaN,NaN,NaN,NaN,-0.2044,NaN,NaN
10.043,1.7982,-0.81738,NaN,NaN,NaN,NaN,-0.2043,NaN,NaN
10.083,2.361,-0.93273,NaN,NaN,NaN,NaN,-0.2043,NaN,NaN
10.123,2.9235,-1.0501,NaN,NaN,NaN,NaN,-0.2043,NaN,NaN
10.163,3.4862,-1.1674,NaN,NaN,NaN,NaN,-0.2043,NaN,NaN
10.204,3.9038,1.4098,NaN,NaN,NaN,NaN,0.2899,NaN,NaN
10.243,4.2217,2.3663,13.882,4.6387,0,-0,0.3225,0,Inf
10.284,4.8605,2.3501,13.935,4.0943,-0.059635,0.035844,0.2858,-0.0114,-1274
10.324,5.4209,2.6701,13.995,4.45,-0.065695,0.039488,0.3079,-0.0183,-802.5
10.364,5.9772,3.2734,14.044,5.4207,-0.15769,0.094792,0.3684,-0.0204,-737.93
10.404,6.5395,3.4905,14.064,5.4153,-0.16629,0.099965,0.3676,-0.0204,-738.77
10.444,5.5851,3.2154,14.081,4.9395,-0.12512,0.075273,0.3382,-0.021,-710.59
10.484,6.1645,3.5466,14.158,5.2375,-0.19734,0.11879,0.3556,-0.0256,-589.69
10.524,6.7616,3.8434,14.244,5.3801,-0.24693,0.14875,0.3627,-0.0311,-489.57
10.564,7.3121,4.0221,14.259,5.3107,-0.24877,0.14991,0.3581,-0.0312,-487.68
10.604,7.8812,4.1793,14.237,5.1975,-0.24075,0.14496,0.3516,-0.0261,-580.68
10.644,8.2535,4.7562,14.16,4.6316,-0.16818,0.10116,0.3172,-0.0568,-262.29
10.684,8.821,4.9402,14.176,4.5998,-0.18185,0.10939,0.3149,-0.0568,-262.39
10.724,9.3015,4.8974,14.053,4.0482,-0.16277,0.097957,0.2815,-0.0856,-170.84
10.764,9.884,5.0906,14.057,3.905,-0.14073,0.084629,0.2719,-0.1013,-144.02
10.804,10.447,5.2411,14.061,3.8443,-0.15464,0.093002,0.2679,-0.1013,-143.9
10.844,11.011,5.3925,14.066,3.7826,-0.16856,0.10137,0.2638,-0.1013,-143.79
10.884,11.574,5.5402,14.07,3.7214,-0.18235,0.10967,0.2597,-0.1013,-143.67
10.924,12.139,5.687,14.074,3.6597,-0.19613,0.11797,0.2556,-0.1013,-143.56
10.964,12.759,6.0334,14.089,4.2758,-0.16206,0.097599,0.2957,-0.0376,-391.58
11.004,13.401,6.4829,14.171,5.0845,-0.18164,0.10935,0.3457,0.0259,581.29
11.044,13.969,6.7692,14.176,5.3887,-0.17268,0.10395,0.3644,0.0474,319.95
11.084,14.578,7.2878,14.246,6.2607,-0.27511,0.16563,0.4158,0.1007,154.53
11.124,15.156,7.6706,14.277,6.6511,-0.31518,0.18982,0.438,0.1178,133.71
11.164,15.73,8.0147,14.317,6.7559,-0.31482,0.18961,0.4429,0.1116,141.85
11.204,16.26,8.1172,14.295,6.309,-0.20909,0.12593,0.417,0.0777,201.1
11.244,16.814,8.2903,14.241,6.0449,-0.15099,0.090836,0.4024,0.0579,267.2
11.284,17.744,8.585,14.206,5.8388,-0.11024,0.066285,0.3905,0.041,374.61
11.324,18.209,8.678,14.149,5.5553,-0.071244,0.042833,0.3745,0.0216,703.73
11.364,18.589,8.8019,14.126,5.357,-0.047258,0.028412,0.3628,0.0059,2560.6
11.404,19.13,8.9152,14.09,5.2545,-0.034417,0.02069,0.3572,0.0001,1.5038e+05
11.444,19.688,9.1115,14.094,5.2517,-0.033568,0.02018,0.3569,-0.0004,-37602
11.484,20.268,9.3767,14.145,5.3242,-0.046291,0.027835,0.3603,0.0013,11626
11.524,20.854,9.5973,14.174,5.3987,-0.051861,0.031181,0.3643,0.0052,2916.7
11.564,21.446,9.8092,14.208,5.4472,-0.059977,0.036061,0.3665,0.0073,2084.4
11.604,21.942,9.9206,14.124,5.2556,-0.030539,0.01836,0.3564,-0.0019,-7931.9
11.644,22.51,10.116,14.116,5.2068,-0.025329,0.015226,0.3535,-0.0045,-3343.4
11.684,23.06,10.316,14.128,5.189,-0.022905,0.013769,0.3521,-0.0055,-2736.4
11.724,23.621,10.49,14.159,5.0207,-0.025692,0.015444,0.3409,-0.0179,-839.26
11.764,24.289,10.698,14.175,5.0154,-0.026178,0.015736,0.3403,-0.0181,-830.7
11.804,24.721,10.846,14.153,4.95,-0.019513,0.01173,0.3366,-0.0212,-707.23
11.844,25.252,11.026,14.152,4.9549,-0.019997,0.012021,0.3369,-0.0203,-738.66
11.884,25.868,11.26,14.206,4.9652,-0.026783,0.016101,0.3364,-0.0205,-734.08
11.924,26.467,11.5,14.332,5.1204,-0.049075,0.029505,0.3435,-0.0138,-1102.9
11.964,27.073,11.742,14.435,5.2727,-0.071239,0.042838,0.3507,-0.007,-2195.5
12.004,27.67,11.982,14.535,5.4081,-0.091702,0.05515,0.3568,-0.0015,-10339
12.044,28.268,12.196,14.579,5.4492,-0.097514,0.058647,0.3583,-0,-Inf
12.084,28.833,12.383,14.571,5.3691,-0.084317,0.050706,0.3536,-0.0041,-3787.5
12.124,29.396,12.556,14.54,5.221,-0.069787,0.041964,0.3452,-0.0117,-1320.4
12.164,29.978,12.73,14.57,5.1426,-0.069787,0.041964,0.3398,-0.0169,-914.27
12.204,30.563,12.923,14.591,5.0616,-0.067486,0.040579,0.3344,-0.0217,-711.69
12.244,31.067,13.001,14.466,4.8091,-0.046774,0.02812,0.3212,-0.0332,-459.18
12.284,31.558,13.08,14.336,4.5443,-0.029206,0.017557,0.3072,-0.045,-334.19
12.324,32.13,13.256,14.353,4.5193,-0.028965,0.017412,0.3052,-0.0451,-333.64
12.364,32.826,13.571,14.574,4.7237,-0.049076,0.029505,0.3137,-0.0362,-423.21
12.404,33.409,13.758,14.596,4.7078,-0.048954,0.029432,0.3123,-0.0362,-423.65
12.444,33.924,13.859,14.487,4.5237,-0.032601,0.0196,0.3029,-0.043,-352.94
12.484,34.529,14.04,14.535,4.4977,-0.032964,0.019819,0.3003,-0.0437,-348.18
12.524,35.116,14.218,14.562,4.4826,-0.033448,0.020107,0.2988,-0.0435,-350.25
12.564,35.765,14.415,14.631,4.4865,-0.036355,0.021856,0.2978,-0.0431,-355.06
12.604,36.356,14.58,14.631,4.4094,-0.031024,0.01865,0.2929,-0.0458,-333.64
12.644,36.869,14.729,14.651,4.3813,-0.029085,0.017485,0.2908,-0.0461,-331.73
12.684,37.473,14.922,14.71,4.3995,-0.03054,0.018359,0.2908,-0.0445,-345.04
12.724,38.064,15.096,14.751,4.3784,-0.030419,0.018287,0.2887,-0.0448,-343.47
12.764,38.649,15.256,14.764,4.3319,-0.027389,0.016465,0.2856,-0.046,-334.48
12.804,39.207,15.394,14.696,4.2064,-0.018786,0.011292,0.2789,-0.05,-305.72
12.844,39.802,15.553,14.709,4.1672,-0.017089,0.010273,0.2762,-0.0506,-302.14
12.884,40.357,15.682,14.646,4.0606,-0.011393,0.0068485,0.2705,-0.0536,-283.55
12.924,40.946,15.848,14.677,4.0504,-0.011151,0.0067027,0.2693,-0.0527,-288.91
12.964,41.5,15.987,14.64,3.9913,-0.008242,0.0049544,0.2662,-0.0534,-284.16
13.004,42.074,16.133,14.607,3.9257,-0.0059397,0.0035699,0.2626,-0.0545,-277.53
13.044,42.647,16.275,14.598,3.879,-0.004606,0.0027687,0.2598,-0.0548,-275.63
13.084,43.191,16.419,14.507,3.8353,-0.0025453,0.0015299,0.2584,-0.0536,-279.96
13.124,43.774,16.568,14.535,3.8269,-0.002666,0.0016028,0.2575,-0.0525,-286.29
13.164,44.191,16.637,14.212,3.6418,0.00024246,-0.00014629,0.2508,-0.056,-261.98
13.205,44.765,16.771,14.214,3.5814,-0.0020607,0.0012387,0.2468,-0.0575,-254.92
13.245,44.771,16.621,13.167,3.0655,-0.03043,0.018283,0.2285,-0.07,-193.14
13.285,45.308,16.755,13.156,3.0421,-0.031508,0.018942,0.2275,-0.0685,-197.13
13.325,45.846,16.885,13.134,3.0151,-0.034795,0.020905,0.2254,-0.0681,-197.88
13.365,46.335,16.996,13.019,2.9525,-0.040484,0.024329,0.223,-0.0678,-196.9
******-------------------------------------------------------------------------------------------------------------------****** 
TargetID: ID11
Target can not be processed due to lack of Data
******-------------------------------------------------------------------------------------------------------------------****** 
TargetID: ID12
Relevancy: 1
tj = 15.2852
Label: 0
Comment: Target is relevant and going straight, since target is crossing Ego X-axis in EFC
DATA:
12.324,0,-0,NaN,NaN,NaN,NaN,0,NaN,NaN
12.364,NaN,NaN,NaN,NaN,NaN,NaN,-0.3909,NaN,NaN
12.404,NaN,NaN,NaN,NaN,NaN,NaN,-0.3909,NaN,NaN
12.444,NaN,NaN,NaN,NaN,NaN,NaN,-0.1397,NaN,NaN
12.484,NaN,NaN,NaN,NaN,NaN,NaN,0.1185,NaN,NaN
12.524,NaN,NaN,NaN,NaN,NaN,NaN,0.2229,NaN,NaN
12.564,NaN,NaN,NaN,NaN,NaN,NaN,0.2268,NaN,NaN
12.604,NaN,NaN,NaN,NaN,NaN,NaN,0.3289,NaN,NaN
12.644,NaN,NaN,NaN,NaN,NaN,NaN,0.3131,NaN,NaN
12.684,4.626,2.1141,12.878,4.4934,0,-0,0.3357,0,Inf
12.724,5.1435,2.3531,12.873,4.6553,-0.024977,0.014437,0.347,0.0027,5069.8
12.764,5.6817,2.477,12.879,4.4841,-0.079216,0.045788,0.3351,0.0006,22729
12.804,6.2028,2.6707,12.92,4.5021,-0.11326,0.065459,0.3352,-0.009,-1520.2
12.844,5.3397,2.5713,12.941,4.3075,-0.12259,0.070923,0.3222,-0.0128,-1065.5
12.884,5.8564,2.8912,12.899,4.7303,-0.13532,0.078335,0.3524,0.0077,1784.3
12.924,5.8237,3.6906,12.917,5.0467,-0.14088,0.081506,0.3737,0.0215,645.03
12.964,6.3397,4.0671,12.911,5.5179,-0.18812,0.10889,0.4055,0.0371,378.45
13.004,6.8722,4.3594,12.941,5.6775,-0.22032,0.12756,0.4153,0.0379,372.86
13.044,7.3898,4.5202,12.933,5.5122,-0.20886,0.12091,0.4047,0.0299,470.19
13.084,7.9213,4.8556,12.987,5.7783,-0.2558,0.14815,0.4208,0.036,394.84
13.124,8.4465,5.165,13.025,5.9861,-0.28955,0.16775,0.4332,0.0426,336.49
13.164,8.9607,5.2258,12.957,5.3389,-0.17323,0.10025,0.3923,-0.0087,-1610.7
13.205,9.4579,5.3523,12.905,5.1286,-0.15272,0.088368,0.3796,-0.0208,-667.65
13.245,9.9608,5.4063,12.824,4.6835,-0.10422,0.060283,0.3511,-0.0526,-259.56
13.285,10.484,5.5665,12.816,4.577,-0.10557,0.06106,0.3439,-0.0578,-235.45
13.325,11,5.8254,12.845,4.7635,-0.11388,0.065872,0.3561,-0.0405,-338.26
13.365,11.521,5.7843,12.742,4.3367,-0.10119,0.058393,0.3272,-0.0736,-182.88
13.405,12.048,5.8869,12.716,4.157,-0.097149,0.056062,0.3151,-0.0842,-158.89
13.445,12.585,6.1731,12.792,4.3295,-0.096781,0.05585,0.3255,-0.0668,-202.17
13.485,13.098,6.3445,12.785,4.2896,-0.10732,0.061924,0.3228,-0.0668,-201.88
13.525,13.61,6.5116,12.777,4.2508,-0.11774,0.067925,0.3201,-0.0668,-201.59
13.565,14.158,7.0107,12.883,5.3358,-0.13587,0.078608,0.3938,0.0267,522.27
13.605,14.673,7.2263,12.88,5.3495,-0.14307,0.082783,0.3949,0.0267,522.36
13.645,15.208,7.5957,12.919,5.834,-0.14527,0.084061,0.4254,0.0586,241.9
13.685,15.686,7.7769,12.875,5.7583,-0.10703,0.061917,0.4215,0.0504,279.85
13.725,16.195,7.9729,12.86,5.6842,-0.088942,0.051444,0.4169,0.0438,321.02
13.765,16.703,8.2186,12.863,5.726,-0.090408,0.052294,0.4196,0.043,327.44
13.805,17.019,8.2345,12.877,5.6927,-0.084657,0.048975,0.4171,0.0381,369.53
13.845,17.722,8.2622,12.762,5.2745,-0.023749,0.013729,0.3921,0.0127,1087.3
13.885,18.345,8.4256,12.811,5.5538,-0.050301,0.029089,0.4095,0.0298,468.55
13.925,18.838,8.612,12.781,5.4914,-0.040513,0.023427,0.4062,0.0248,560.93
13.965,19.377,8.8189,12.855,5.6404,-0.066813,0.038647,0.4141,0.0301,466.38
14.005,19.88,8.9935,12.826,5.5404,-0.052748,0.030506,0.4082,0.0234,597.07
14.045,20.365,9.2331,12.879,5.6527,-0.072805,0.042116,0.4143,0.0281,500.52
14.085,20.898,9.3369,12.783,5.2038,-0.024605,0.014225,0.3868,0.0002,69006
14.125,21.406,9.5463,12.784,5.1501,-0.023014,0.013305,0.3832,-0.0031,-4445.8
14.165,21.942,9.8284,12.816,5.1849,-0.02791,0.016136,0.3847,-0.0015,-9216.8
14.205,22.451,10.022,12.833,5.2131,-0.031948,0.018473,0.3861,0.0002,69258
14.245,22.99,10.312,12.947,5.4623,-0.068648,0.039707,0.3999,0.0126,1115.2
14.285,23.461,10.592,12.979,5.389,-0.066446,0.038431,0.3942,0.0068,2066.6
14.325,24.002,10.776,13.017,5.3255,-0.069749,0.040342,0.389,0.0016,8789.9
14.365,24.524,10.97,13.054,5.2339,-0.07085,0.040979,0.3819,-0.0054,-2604.5
14.405,25.087,11.189,13.088,5.2289,-0.073296,0.042394,0.3807,-0.006,-2349
14.445,25.651,11.457,13.187,5.3519,-0.094204,0.054498,0.3863,-0.0016,-8894.8
14.485,26.196,11.616,13.215,5.2275,-0.085525,0.049472,0.3774,-0.009,-1579.1
14.525,26.698,11.752,13.141,5.023,-0.059232,0.034254,0.3656,-0.0181,-777.25
14.565,27.209,11.884,13.018,4.8702,-0.032805,0.018967,0.3583,-0.0227,-612.28
14.605,27.743,12.068,13.039,4.7837,-0.031704,0.01833,0.3519,-0.0278,-499.59
14.645,28.248,12.235,13.034,4.7604,-0.028522,0.01649,0.3504,-0.0279,-497.36
14.685,28.726,12.343,12.939,4.5535,-0.013222,0.0076439,0.3385,-0.0366,-374.78
14.725,29.198,12.456,12.851,4.3881,-0.0023261,0.0013441,0.3291,-0.0429,-316.54
14.765,29.707,12.619,12.85,4.3285,-0.0030605,0.0017691,0.3249,-0.045,-301.33
14.805,30.216,12.761,12.865,4.2388,-0.0058765,0.0033974,0.3183,-0.0495,-273.65
14.845,30.725,12.905,12.86,4.1198,-0.0064893,0.0037507,0.3101,-0.055,-245.52
14.885,31.254,13.064,12.903,4.104,-0.0086929,0.0050248,0.308,-0.055,-246.17
14.925,31.808,13.237,12.949,4.096,-0.010897,0.006299,0.3065,-0.0546,-248.75
14.965,32.346,13.41,13.007,4.0969,-0.01359,0.007856,0.3053,-0.0539,-253.01
15.005,32.885,13.579,13.041,4.0756,-0.014079,0.0081389,0.303,-0.0541,-252.56
15.045,33.388,13.72,13.02,4.0029,-0.01163,0.0067226,0.2984,-0.056,-243.24
15.085,33.751,13.727,12.729,3.7398,-0.00012202,7.0824e-05,0.2858,-0.0629,-210.92
15.125,34.264,13.879,12.734,3.7128,-0.0011018,0.00063707,0.2837,-0.0625,-212.23
15.165,34.749,13.988,12.674,3.5948,-0.002571,0.0014862,0.2764,-0.0664,-198.41
15.205,35.289,14.153,12.729,3.5708,-0.0045297,0.0026182,0.2735,-0.0669,-197.61
15.245,35.834,14.3,12.779,3.5443,-0.0061219,0.0035386,0.2706,-0.0673,-197.04
15.285,36.306,14.413,12.707,3.468,-0.0066113,0.0038215,0.2665,-0.0681,-193.41
15.325,36.835,14.555,12.738,3.4271,-0.0073457,0.0042465,0.2629,-0.0689,-191.44
15.365,37.334,14.673,12.7,3.3445,-0.0093044,0.0053785,0.2576,-0.0712,-184.46
15.405,37.879,14.869,12.786,3.3583,-0.0083255,0.0048128,0.2569,-0.0697,-189.66
15.445,38.412,15.002,12.817,3.3115,-0.0086929,0.0050248,0.2529,-0.0709,-186.71
15.485,38.958,15.141,12.869,3.2837,-0.0080805,0.0046706,0.2499,-0.0713,-186.28
15.525,39.406,15.255,12.91,3.2449,-0.0075911,0.0043878,0.2463,-0.0721,-184.63
15.565,39.944,15.381,12.936,3.1935,-0.0073457,0.0042465,0.2421,-0.0732,-182.02
15.605,40.542,15.538,13.031,3.2019,-0.0047747,0.0027603,0.241,-0.072,-186.37
15.645,41.087,15.668,13.073,3.1623,-0.0035508,0.0020524,0.2374,-0.0726,-185.26
15.685,41.613,15.78,13.067,3.0839,-0.0041623,0.0024061,0.2318,-0.0748,-179.5
15.725,42.151,15.866,13.059,3.0429,-0.0056324,0.0032557,0.2289,-0.0745,-179.98
15.765,42.183,15.757,12.205,2.6143,-0.056296,0.032553,0.2116,-0.0856,-145.82
15.805,42.703,15.878,12.243,2.6082,-0.053994,0.031203,0.2099,-0.0843,-148.49
15.845,43.033,15.934,11.938,2.5233,-0.074116,0.042795,0.2075,-0.083,-147.01
15.885,43.513,16.031,11.898,2.4639,-0.080368,0.0464,0.2034,-0.0838,-144.99
15.925,44.108,16.209,12.072,2.5104,-0.065291,0.037705,0.2044,-0.0806,-152.99
15.965,44.652,16.318,12.159,2.4651,-0.061557,0.035595,0.2006,-0.0811,-152.98
16.005,45.092,16.406,12.056,2.4131,-0.069751,0.040336,0.1983,-0.0803,-153.12
******-------------------------------------------------------------------------------------------------------------------****** 
TargetID: ID13
Relevancy: 1
tj = 25.8078
Label: 0
Comment: Target is relevant and going straight, since target is crossing Ego X-axis in EFC
DATA:
23.047,0,-0,NaN,NaN,NaN,NaN,0,NaN,NaN
23.087,0.57566,0.58261,NaN,NaN,NaN,NaN,0.2049,NaN,NaN
23.127,NaN,NaN,NaN,NaN,NaN,NaN,0.0547,NaN,NaN
23.167,NaN,NaN,NaN,NaN,NaN,NaN,0.4614,NaN,NaN
23.207,NaN,NaN,NaN,NaN,NaN,NaN,0.477,NaN,NaN
23.247,NaN,NaN,NaN,NaN,NaN,NaN,0.1524,NaN,NaN
23.287,NaN,NaN,NaN,NaN,NaN,NaN,0.1524,NaN,NaN
23.327,NaN,NaN,NaN,NaN,NaN,NaN,0.2969,NaN,NaN
23.367,NaN,NaN,NaN,NaN,NaN,NaN,0.2943,NaN,NaN
23.407,NaN,NaN,NaN,NaN,NaN,NaN,0.2944,NaN,NaN
23.447,5.145,2.5892,13.877,3.7248,0,-0,0.2622,0,Inf
23.487,5.7012,2.7371,13.878,3.7239,0,-0,0.2622,0,Inf
23.527,6.2539,2.8962,13.877,3.7249,0,-0,0.2622,0,Inf
23.567,6.8086,3.0466,13.877,3.7246,0,-0,0.2622,0,Inf
23.607,7.4251,3.7848,14.005,4.8508,-0.14271,0.096454,0.3335,-0.0057,-2600.2
23.647,8.0093,3.9771,14.125,4.6598,-0.19795,0.1339,0.3187,-0.0377,-394.53
23.687,8.5924,4.3001,14.203,4.8572,-0.23728,0.16059,0.3296,-0.0442,-339.61
23.727,9.1725,4.4545,14.222,4.7671,-0.23875,0.16167,0.3235,-0.0428,-350.45
23.767,9.7547,4.7777,14.316,4.9499,-0.28213,0.1912,0.333,-0.0464,-326.46
23.807,10.297,4.741,14.281,4.4729,-0.2402,0.16285,0.3034,-0.0701,-213.48
23.847,10.929,5.3303,14.482,5.2348,-0.36053,0.24466,0.347,-0.0365,-421.89
23.887,11.509,5.5385,14.525,5.2261,-0.37441,0.25419,0.3455,-0.0365,-422.93
23.927,12.042,5.4572,14.395,4.6829,-0.26313,0.17865,0.3145,-0.0532,-284.54
23.967,12.683,5.9757,14.587,5.3732,-0.37922,0.25768,0.3531,-0.0121,-1284.7
24.007,13.31,6.5879,14.731,6.3746,-0.58517,0.39774,0.4082,0.0529,303.43
24.047,13.901,6.7207,14.756,6.077,-0.4582,0.31191,0.3908,0.0301,530.19
24.087,14.491,6.9682,14.808,6.1104,-0.45218,0.30785,0.3912,0.0268,597.74
24.127,15.122,6.9984,14.819,5.9673,-0.39849,0.27171,0.383,0.0196,815.08
24.167,14.723,7.1125,14.794,5.6807,-0.31363,0.21406,0.3679,0.0004,39617
24.207,15.265,7.1898,14.755,5.3777,-0.24638,0.16833,0.3505,-0.0175,-897.41
24.247,15.815,7.2766,14.684,5.0707,-0.18487,0.12625,0.3333,-0.0341,-455.56
24.287,16.298,7.6094,14.637,4.8085,-0.1424,0.097288,0.318,-0.048,-320.97
24.327,16.822,7.7949,14.582,4.4547,-0.10402,0.071057,0.2969,-0.0689,-221.29
24.367,17.421,7.9272,14.589,4.2898,-0.092919,0.063498,0.2864,-0.0751,-202.49
24.407,17.931,7.8918,14.435,3.76,-0.056729,0.038785,0.2551,-0.1086,-137.36
24.447,18.141,7.9251,14.43,3.5983,-0.048777,0.033379,0.2447,-0.1148,-129.54
24.487,18.743,8.1153,14.479,3.6364,-0.049347,0.033798,0.2463,-0.1068,-139.78
24.527,19.32,8.1744,14.426,3.3674,-0.039774,0.027258,0.2296,-0.1197,-123.76
24.567,19.726,8.1186,14.242,2.7653,-0.046421,0.031813,0.1921,-0.1531,-94.764
24.607,20.313,8.2303,14.266,2.7049,-0.04304,0.029495,0.1877,-0.1498,-96.928
24.647,21.039,8.3472,14.207,2.4889,-0.048174,0.033007,0.1737,-0.1563,-92.278
24.687,21.695,8.4847,14.299,2.6691,-0.037329,0.025576,0.1848,-0.1373,-105.94
24.727,22.313,8.7282,14.447,2.9495,-0.027411,0.018786,0.2015,-0.1151,-128.11
24.767,22.936,9.0155,14.505,3.1149,-0.024724,0.016956,0.2117,-0.0986,-150.46
24.807,23.62,9.267,14.587,3.3689,-0.023086,0.015842,0.2271,-0.0794,-188.55
24.847,24.173,9.4092,14.615,3.3698,-0.023549,0.016168,0.2267,-0.0765,-196.06
24.887,24.767,9.5814,14.612,3.497,-0.020869,0.014325,0.235,-0.0653,-230.09
24.927,25.363,9.7702,14.646,3.6065,-0.020637,0.014163,0.2415,-0.0567,-266.03
24.968,25.967,9.926,14.641,3.5983,-0.018307,0.012561,0.2411,-0.0549,-274.62
25.008,26.503,10.02,14.577,3.4061,-0.013994,0.0095994,0.2296,-0.0626,-239.13
25.048,27.1,10.196,14.589,3.4537,-0.010845,0.0074403,0.2325,-0.0574,-261.18
25.088,27.631,10.343,14.517,3.261,-0.0095616,0.0065608,0.221,-0.0647,-229.97
25.128,28.181,10.438,14.445,3.1308,-0.0080453,0.005522,0.2135,-0.0682,-216.72
25.168,28.787,10.642,14.522,3.2844,-0.00618,0.0042415,0.2225,-0.0578,-257.58
25.208,29.391,10.818,14.577,3.3321,-0.0086284,0.0059214,0.2248,-0.0541,-276.4
25.248,29.945,11.102,14.63,3.5091,-0.0048977,0.0033604,0.2354,-0.0422,-356.52
25.288,30.591,11.31,14.68,3.6569,-0.0030324,0.0020798,0.2442,-0.033,-458.44
25.328,31.221,11.487,14.722,3.6918,-0.0068793,0.004721,0.2457,-0.0307,-494.38
25.368,31.823,11.634,14.743,3.7037,-0.0086279,0.0059223,0.2462,-0.0295,-515.29
25.408,32.419,11.802,14.756,3.7379,-0.0094443,0.0064824,0.2482,-0.0268,-567.98
25.448,33.101,12.031,14.916,4.0444,-0.018422,0.012644,0.2649,-0.0109,-1417.8
25.488,33.652,12.117,14.824,3.8578,-0.0079282,0.0054414,0.2546,-0.0186,-823.55
25.528,34.233,12.254,14.802,3.8194,-0.0053636,0.0036814,0.2526,-0.0193,-792.04
25.568,34.794,12.362,14.747,3.712,-0.0016329,0.0011203,0.2466,-0.0235,-647.12
25.608,35.382,12.496,14.746,3.713,-0.001399,0.0009604,0.2467,-0.0222,-684.96
25.648,35.808,12.516,14.446,3.5751,0.024373,-0.016726,0.2424,-0.0228,-652.73
25.688,36.408,12.674,14.507,3.6378,0.019941,-0.013685,0.2456,-0.0193,-774.95
25.728,36.928,12.797,14.489,3.5791,0.018891,-0.012964,0.2421,-0.0219,-681.48
25.768,37.554,12.982,14.595,3.622,0.011777,-0.0080828,0.2432,-0.0202,-744.45
25.808,38.212,13.167,14.691,3.6672,0.0052473,-0.0036012,0.2446,-0.0185,-818.49
25.848,38.81,13.304,14.704,3.611,0.004781,-0.0032811,0.2408,-0.0213,-710.83
25.888,39.427,13.448,14.746,3.5762,0.0017491,-0.0012004,0.2379,-0.0233,-651.22
25.928,40.026,13.589,14.776,3.5529,0.00081643,-0.00056015,0.236,-0.0242,-628
25.968,40.61,13.723,14.826,3.5281,-0.0020992,0.0014404,0.2336,-0.0255,-597.63
26.008,41.214,13.856,14.848,3.4948,-0.0024484,0.0016799,0.2312,-0.0267,-571.29
26.048,41.788,13.967,14.787,3.4028,0.0019816,-0.0013606,0.2262,-0.03,-505.77
26.088,42.346,14.076,14.714,3.3172,0.0064138,-0.0044014,0.2217,-0.0324,-465.55
26.128,42.916,14.188,14.669,3.2534,0.008163,-0.0056018,0.2182,-0.0342,-439.33
26.168,43.47,14.284,14.587,3.1782,0.010611,-0.0072826,0.2145,-0.0361,-413.54
26.208,44.017,14.376,14.488,3.077,0.011894,-0.0081629,0.2092,-0.0393,-376.87
26.248,44.585,14.491,14.446,3.0296,0.011542,-0.0079232,0.2068,-0.0396,-372.74
26.288,45.121,14.589,14.31,2.9442,0.012709,-0.0087233,0.203,-0.041,-356.33
26.328,45.693,14.697,14.294,2.9014,0.010261,-0.0070426,0.2003,-0.0417,-349.78
26.368,46.256,14.867,14.294,2.883,0.0085117,-0.0058422,0.1991,-0.0412,-353.92
******-------------------------------------------------------------------------------------------------------------------****** 
TargetID: ID03
Relevancy: 1
tj = 4.4015
Label: 0
Comment: Target is relevant and going straight, since the velocity ratio is almost not changing
DATA:
2.921,0,-0,9.2644,-0.0036955,-0.053398,0.055358,0,-0.1424,-65.059
2.961,0.14775,-0.11506,8.7014,-0.63527,-0.12892,0.13368,-0.072,-0.2265,-38.519
3.001,0.52337,-0.050096,8.6212,-0.61533,-0.12078,0.12514,-0.0713,-0.2197,-39.341
3.041,0.97727,0.038893,8.7555,-0.49625,-0.090397,0.093614,-0.0573,-0.1957,-44.811
3.0811,1.3607,0.063277,8.7363,-0.44675,-0.08219,0.085168,-0.0511,-0.1805,-48.464
3.1211,1.7702,0.13798,8.823,-0.36388,-0.064742,0.06706,-0.0417,-0.1646,-53.649
3.1611,2.0389,0.071488,8.4533,-0.71221,-0.13988,0.14507,-0.0829,-0.2037,-41.646
3.2011,2.2751,-0.021691,8.049,-1.0611,-0.2475,0.25678,-0.129,-0.2445,-33.205
3.2411,2.5799,-0.050239,7.8335,-1.2365,-0.31137,0.32309,-0.1538,-0.2616,-30.315
3.2811,2.9693,-0.0093838,7.8647,-1.1576,-0.29068,0.30105,-0.1461,-0.2444,-32.526
3.3211,3.3805,0.037884,7.9605,-1.0639,-0.24983,0.25877,-0.1329,-0.2228,-36.047
3.3611,3.7587,0.056429,8.0129,-1.0137,-0.22488,0.23294,-0.1258,-0.208,-38.83
3.4012,4.1532,0.073857,8.1251,-0.95516,-0.18804,0.19525,-0.1153,-0.1909,-42.855
3.4412,4.4925,0.071704,8.1398,-0.94906,-0.17747,0.18425,-0.1145,-0.1845,-44.417
3.4812,4.8613,0.12096,8.1504,-0.80502,-0.15938,0.16512,-0.0985,-0.1635,-50.092
3.5212,5.2101,0.1084,8.1373,-0.81923,-0.15357,0.1593,-0.0989,-0.1583,-51.664
3.5612,5.5737,0.10101,8.1492,-0.80004,-0.14211,0.14741,-0.0965,-0.1507,-54.336
3.6012,5.9095,0.090601,8.1198,-0.82536,-0.14534,0.15086,-0.0999,-0.1495,-54.593
3.6412,6.3555,0.16355,8.2843,-0.68929,-0.10703,0.11105,-0.082,-0.1301,-63.897
3.6813,6.7726,0.20777,8.3745,-0.58774,-0.086245,0.089471,-0.0693,-0.1153,-72.811
3.7213,7.1902,0.24339,8.5033,-0.50305,-0.063496,0.065836,-0.0585,-0.1031,-82.62
3.7613,7.5612,0.24662,8.4999,-0.5108,-0.061437,0.0637,-0.0595,-0.1008,-84.476
3.8013,7.9968,0.29295,8.631,-0.41189,-0.045445,0.047125,-0.0473,-0.0879,-98.303
3.8413,8.4088,0.3304,8.72,-0.33731,-0.035535,0.036844,-0.0383,-0.0785,-111.17
3.8814,8.8162,0.36348,8.8086,-0.27983,-0.028469,0.029516,-0.0315,-0.0713,-123.61
3.9213,9.2567,0.39198,8.9463,-0.2966,-0.025132,0.026055,-0.0329,-0.0726,-123.29
3.9614,9.6755,0.44429,9.004,-0.22486,-0.022,0.022796,-0.0252,-0.0638,-141.17
4.0014,9.9827,0.42444,8.8871,-0.23662,-0.023464,0.024325,-0.0264,-0.0615,-144.56
4.0414,10.382,0.43709,8.9587,-0.21758,-0.020617,0.021371,-0.0241,-0.0582,-153.97
4.0814,10.917,0.52091,9.2545,-0.069343,-0.015611,0.016182,-0.0074,-0.0443,-208.91
4.1214,11.36,0.55578,9.3837,-0.031796,-0.016298,0.016895,-0.0032,-0.0407,-230.56
4.1614,11.805,0.58996,9.5143,0.010337,-0.018163,0.018829,0.0012,-0.0368,-258.54
4.2014,12.244,0.62883,9.6202,0.050143,-0.020523,0.02127,0.0052,-0.0334,-288.03
4.2414,12.658,0.64944,9.6863,0.069942,-0.021403,0.022187,0.0074,-0.031,-312.47
4.2815,13.1,0.67294,9.8021,0.093859,-0.024348,0.025241,0.0098,-0.0287,-341.55
4.3215,13.537,0.71595,9.8992,0.16456,-0.028084,0.029106,0.0166,-0.0221,-447.99
4.3615,13.903,0.70904,9.8562,0.11723,-0.023562,0.024426,0.0121,-0.025,-394.28
4.4015,14.271,0.70144,9.819,0.073973,-0.019833,0.020558,0.0077,-0.0276,-355.77
4.4415,14.66,0.70158,9.8251,0.059826,-0.018948,0.019642,0.0062,-0.0279,-352.16
4.4815,15.014,0.71084,9.7721,0.10176,-0.016691,0.017302,0.0105,-0.0221,-442.2
4.5215,15.458,0.72831,9.8607,0.11431,-0.019047,0.019744,0.0117,-0.0209,-471.83
4.5616,15.904,0.75741,9.9758,0.16338,-0.023072,0.023916,0.0165,-0.0167,-597.43
4.6016,16.378,0.80744,10.145,0.25963,-0.031709,0.032872,0.0258,-0.0089,-1140.3
4.6416,16.776,0.81525,10.15,0.25148,-0.02936,0.030429,0.0248,-0.0094,-1080.1
4.6816,17.247,0.83788,10.29,0.26917,-0.034368,0.035619,0.0262,-0.0087,-1183.2
4.7216,17.644,0.83662,10.279,0.23298,-0.030336,0.031448,0.0229,-0.0112,-917.99
4.7616,18.079,0.84524,10.343,0.23134,-0.031513,0.032667,0.0226,-0.0112,-923.75
4.8016,18.512,0.85109,10.396,0.21454,-0.031218,0.032362,0.0208,-0.0125,-831.83
4.8417,18.898,0.84677,10.357,0.19201,-0.027489,0.028495,0.0187,-0.0135,-767.29
4.8817,19.32,0.84794,10.392,0.17273,-0.025722,0.026665,0.0168,-0.0147,-707.04
******-------------------------------------------------------------------------------------------------------------------****** 
TargetID: ID04
Relevancy: 1
tj = 8.1228
Label: 0
Comment: Target is relevant and going straight, since the velocity ratio is almost not changing
DATA:
5.2418,0,0,NaN,NaN,NaN,NaN,0,NaN,NaN
5.2818,0.56988,-0.41808,NaN,NaN,NaN,NaN,-0.1884,NaN,NaN
5.3218,1.0055,-1.2339,NaN,NaN,NaN,NaN,-0.4716,NaN,NaN
5.3618,1.5179,-0.20219,NaN,NaN,NaN,NaN,-0.0077,NaN,NaN
5.4019,1.9951,-0.81912,NaN,NaN,NaN,NaN,-0.2191,NaN,NaN
5.4419,2.5021,-0.90735,NaN,NaN,NaN,NaN,-0.2111,NaN,NaN
5.4819,3.004,-0.92949,NaN,NaN,NaN,NaN,-0.1877,NaN,NaN
5.522,3.4926,-1.3563,NaN,NaN,NaN,NaN,-0.2726,NaN,NaN
5.5619,3.9789,-1.492,NaN,NaN,NaN,NaN,-0.2726,NaN,NaN
5.6019,4.4652,-1.6269,NaN,NaN,NaN,NaN,-0.2727,NaN,NaN
5.6419,4.7508,-2.6329,12.142,-4.3305,0,0,-0.3426,0,Inf
5.6819,5.2921,-2.6813,12.179,-3.9979,0.033492,-0.039835,-0.3172,0.005,2563.7
5.722,5.7969,-3.0106,12.214,-4.3651,0.04951,-0.058887,-0.3433,0.0044,2948
5.762,6.3052,-3.1776,12.224,-4.3349,0.077724,-0.092443,-0.3408,0.0036,3602.7
5.802,6.7944,-3.3511,12.227,-4.3339,0.084823,-0.10089,-0.3407,0.0036,3603.4
5.842,7.299,-3.5481,12.271,-4.3608,0.13588,-0.16161,-0.3415,0.0101,1289.4
5.882,7.7745,-3.9272,12.326,-4.7724,0.19921,-0.23694,-0.3693,0.0053,2494
5.922,8.2511,-3.8554,12.286,-4.233,0.15325,-0.18228,-0.3317,0.0293,443.5
5.9621,8.743,-4.0253,12.296,-4.2201,0.16554,-0.19689,-0.3305,0.0293,443.68
6.002,9.2343,-4.1091,12.312,-4.007,0.16119,-0.1917,-0.3147,0.0465,278.45
6.0421,9.7273,-4.2707,12.324,-3.9846,0.17357,-0.20643,-0.3128,0.0465,278.53
6.0821,9.9851,-4.8409,12.192,-3.1544,0.080006,-0.095124,-0.2532,0.1172,107.45
6.1222,10.482,-4.9124,12.197,-2.9913,0.071813,-0.085386,-0.2405,0.1255,100.07
6.1621,10.977,-5.0127,12.199,-2.8838,0.068446,-0.081382,-0.2322,0.129,97.169
6.2022,11.464,-4.9831,12.131,-2.4812,0.059252,-0.070453,-0.2018,0.1597,77.534
6.2421,11.884,-4.8555,11.98,-1.9381,0.054878,-0.065256,-0.1603,0.2079,58.373
6.2822,12.373,-4.9377,11.988,-1.8571,0.047419,-0.056385,-0.1537,0.2044,59.348
6.3222,12.871,-5.0243,12.003,-1.7838,0.045507,-0.054112,-0.1476,0.2002,60.614
6.3622,13.361,-4.9878,11.93,-1.3983,0.054883,-0.065254,-0.1167,0.2285,52.569
6.4022,13.838,-5.0412,11.911,-1.2856,0.066716,-0.079316,-0.1076,0.2285,52.429
6.4422,14.315,-5.0916,11.89,-1.1727,0.078458,-0.093268,-0.0984,0.2285,52.288
6.4822,14.835,-5.4812,12.098,-1.9423,0.036679,-0.043617,-0.1592,0.142,86.287
6.5223,15.34,-5.6333,12.13,-2.1203,0.016473,-0.019591,-0.1731,0.1146,107.45
6.5622,15.842,-5.8004,12.166,-2.2473,0.013925,-0.016561,-0.1827,0.098,126.24
6.6022,16.345,-5.9374,12.196,-2.3308,0.014015,-0.016669,-0.1888,0.0849,146.25
6.6423,16.863,-6.1471,12.257,-2.5599,0.01984,-0.023596,-0.2059,0.0608,205.94
6.6824,17.354,-6.2401,12.256,-2.5387,0.018657,-0.022189,-0.2043,0.0586,213.58
6.7224,17.87,-6.4297,12.314,-2.6693,0.027031,-0.032146,-0.2135,0.0466,270.39
6.7623,18.346,-6.4201,12.246,-2.4578,0.012104,-0.014396,-0.1981,0.0583,214.24
6.8023,18.829,-6.554,12.269,-2.5348,0.015471,-0.018402,-0.2037,0.05,250.57
6.8423,19.323,-6.6756,12.281,-2.5818,0.015198,-0.018076,-0.2072,0.0435,288.49
6.8824,19.813,-6.7745,12.278,-2.5509,0.013106,-0.015587,-0.2049,0.0441,284.35
6.9224,18.85,-6.5148,12.191,-2.3527,-0.0049141,0.0058451,-0.1906,0.0562,220.92
6.9624,19.226,-6.5128,12.121,-2.1085,-0.0094636,0.011258,-0.1721,0.0727,169.23
7.0024,19.479,-6.364,12.013,-1.8779,-0.014558,0.01732,-0.1549,0.0856,142.04
7.0424,20.001,-6.524,12.086,-2.0603,-0.014286,0.016995,-0.1687,0.0685,178.98
7.0825,20.444,-6.5106,11.982,-1.9193,-0.020562,0.024465,-0.1586,0.0736,164.88
7.1224,20.932,-6.609,11.992,-1.9783,-0.022017,0.026197,-0.1632,0.0659,184.44
7.1624,21.393,-6.6538,11.949,-1.9097,-0.022563,0.026847,-0.1582,0.0679,178.21
7.2024,22.204,-6.6325,11.86,-1.7078,-0.021291,0.025331,-0.1428,0.0798,150.16
7.2425,22.697,-6.7223,11.873,-1.7773,-0.02411,0.028687,-0.1483,0.0708,169.56
7.2825,23.211,-6.8599,11.924,-1.8884,-0.025111,0.029878,-0.1568,0.0603,200.2
7.3226,23.691,-6.9376,11.917,-1.9251,-0.02684,0.031932,-0.1599,0.0547,220.68
7.3625,24.135,-7.1833,11.872,-1.7592,-0.023928,0.028472,-0.1468,0.0648,185.21
7.4025,24.621,-7.2172,11.83,-1.6626,-0.02129,0.025332,-0.1394,0.0692,172.63
7.4425,25.116,-7.3333,11.85,-1.7779,-0.026293,0.031286,-0.1486,0.058,206.6
7.4826,25.561,-7.2504,11.797,-1.6775,-0.023291,0.027713,-0.141,0.0625,190.64
7.5226,26.029,-7.3023,11.756,-1.6519,-0.023473,0.027927,-0.1393,0.0612,193.98
7.5626,26.464,-7.3123,11.686,-1.4659,-0.012739,0.015154,-0.1246,0.0726,162.23
7.6026,26.955,-7.4079,11.683,-1.4692,-0.014017,0.016671,-0.1253,0.069,170.65
7.6426,27.395,-7.4284,11.594,-1.4165,-0.014376,0.017103,-0.1214,0.0691,169.04
7.6826,27.858,-7.482,11.565,-1.3803,-0.01192,0.01418,-0.1186,0.0691,168.56
7.7227,28.321,-7.5345,11.536,-1.3438,-0.0093724,0.011149,-0.1159,0.0691,168.08
7.7626,28.857,-7.664,11.662,-1.4258,-0.0079165,0.0094177,-0.1216,0.0631,186.19
7.8027,29.573,-7.9532,12.084,-1.7436,0.0037314,-0.0044381,-0.1433,0.0463,263.69
7.8427,30.085,-8.0792,12.104,-1.8347,0.0015472,-0.0018404,-0.1504,0.0382,320.49
7.8828,30.511,-8.1219,11.963,-1.7971,-0.010376,0.012341,-0.1492,0.0362,334.17
7.9228,30.969,-8.1487,11.843,-1.801,-0.023382,0.027821,-0.1506,0.0319,375.53
7.9628,31.443,-8.2196,11.822,-1.7816,-0.0222,0.026413,-0.1493,0.0319,374.78
8.0027,31.986,-8.3229,11.934,-1.854,-0.015286,0.018186,-0.154,0.0282,428.26
8.0428,32.464,-8.3958,11.918,-1.8378,-0.014468,0.017212,-0.1528,0.0282,427.62
8.0827,33.034,-8.5363,12.063,-1.9706,-0.012285,0.014613,-0.1618,0.0206,593.32
8.1228,33.539,-8.6128,12.087,-1.9701,-0.0094636,0.011258,-0.1615,0.0205,597.4
8.1628,34.16,-8.7226,12.189,-2.0144,-0.0010015,0.0011907,-0.1638,0.0189,653.67
8.2028,34.719,-8.8484,12.259,-2.0742,9.06e-05,-0.00010816,-0.1676,0.0153,812.62
8.2428,35.345,-9.0186,12.531,-2.2495,0.024032,-0.028576,-0.1778,0.0084,1515.6
8.2829,35.872,-9.1146,12.596,-2.2748,0.030041,-0.03572,-0.1789,0.0076,1684.1
8.3229,36.373,-9.2183,12.671,-2.3018,0.035688,-0.042432,-0.18,0.0068,1893.8
8.3631,36.773,-9.3213,12.721,-2.3235,0.038147,-0.045353,-0.181,0.0058,2229.6
8.4029,37.258,-9.4124,12.664,-2.3218,0.02995,-0.035612,-0.1816,0.0044,2926.1
8.443,37.779,-9.4817,12.544,-2.2806,0.015928,-0.018943,-0.18,0.0047,2712.8
8.4829,38.232,-9.5713,12.443,-2.2658,0.0049148,-0.0058458,-0.1802,0.0037,3418.2
8.523,38.667,-9.6486,12.308,-2.2327,-0.0084629,0.010067,-0.1794,0.0035,3573.9
8.5629,39.043,-9.6976,12.051,-2.1802,-0.032115,0.038214,-0.1787,0.0027,4535.8
8.6029,39.438,-9.7679,11.792,-2.1196,-0.058642,0.069731,-0.1785,0.0014,8557.8
8.6429,39.85,-9.8209,11.635,-2.0553,-0.067117,0.079804,-0.1756,0.0037,3193.2
8.683,40.258,-9.8822,11.469,-2.0121,-0.077873,0.092587,-0.1745,0.0038,3064.3
8.7231,40.644,-9.9488,11.293,-1.9712,-0.088996,0.10581,-0.1738,0.0039,2939.3
******-------------------------------------------------------------------------------------------------------------------****** 
TargetID: ID14
Target can not be processed due to lack of Data
******-------------------------------------------------------------------------------------------------------------------****** 
TargetID: ID06
Relevancy: 0
tj = Inf
Label: -1
Comment: Target is irrelevant as it is not crossing the estimated holding line
DATA:
8.4029,0,0,NaN,NaN,NaN,NaN,0,NaN,NaN
8.443,0.48282,-7.2617e-05,NaN,NaN,NaN,NaN,0,NaN,NaN
8.4829,1.1609,-0.96732,NaN,NaN,NaN,NaN,-0.3772,NaN,NaN
8.523,1.7698,1.4339,NaN,NaN,NaN,NaN,0.5279,NaN,NaN
8.5629,2.3011,0.68592,NaN,NaN,NaN,NaN,0.2149,NaN,NaN
8.6029,2.8211,0.27656,NaN,NaN,NaN,NaN,0.0581,NaN,NaN
8.6429,3.3064,0.12365,NaN,NaN,NaN,NaN,0.0043,NaN,NaN
8.683,3.7561,-0.24099,NaN,NaN,NaN,NaN,-0.0987,NaN,NaN
8.7231,4.2373,-0.80987,NaN,NaN,NaN,NaN,-0.2306,NaN,NaN
8.763,4.5459,-1.3663,12.099,-2.7347,0,0,-0.2223,0,Inf
8.803,5.0526,-1.3815,12.151,-2.449,0.026439,-0.034794,-0.1989,0.0095,1304.7
8.843,5.5447,-1.482,12.189,-2.4471,0.035424,-0.046617,-0.1982,0.0145,857.42
8.883,6.0494,-1.5596,12.198,-2.386,0.045607,-0.060016,-0.1932,0.0133,934.52
8.9231,6.5434,-1.7109,12.181,-2.5274,0.054163,-0.071277,-0.2046,0.0041,3034.1
8.9631,7.0465,-2.0143,12.186,-3.012,0.075127,-0.098867,-0.2424,-0.0138,-909.64
9.0031,7.531,-2.3342,12.165,-3.5037,0.1013,-0.13331,-0.2804,-0.0386,-327.97
9.0431,8.0184,-2.489,12.164,-3.5595,0.11466,-0.15089,-0.2847,-0.0415,-305.41
9.0831,8.4803,-2.9608,12.162,-4.3504,0.18455,-0.24287,-0.3434,-0.0811,-159.27
9.1231,8.9944,-3.0687,12.234,-4.0951,0.16755,-0.22047,-0.3231,-0.0412,-313.14
9.1631,9.4911,-3.3338,12.275,-4.3337,0.20208,-0.26595,-0.3393,-0.0504,-258.29
9.2031,9.809,-3.8963,12.262,-3.8308,0.13453,-0.17695,-0.3029,0.0058,2215
9.2431,10.3,-4.05,12.273,-3.8308,0.14241,-0.1873,-0.3026,0.0058,2216.8
9.2832,10.815,-4.2229,12.362,-3.7868,0.14735,-0.1939,-0.2973,0.023,562.11
9.3232,11.312,-4.2891,12.363,-3.5373,0.12553,-0.16513,-0.2786,0.0499,257.7
9.3632,11.829,-4.4648,12.42,-3.5918,0.13135,-0.17285,-0.2816,0.0425,304.21
9.4032,12.294,-4.3558,12.28,-2.9341,0.077693,-0.10222,-0.2345,0.1008,125.25
9.4432,12.789,-4.4405,12.275,-2.7969,0.0688,-0.090511,-0.2241,0.1085,116.03
9.4833,13.28,-4.5509,12.28,-2.7422,0.074792,-0.098389,-0.2197,0.1085,115.97
9.5233,13.809,-4.8917,12.437,-3.316,0.078807,-0.10371,-0.2606,0.0525,245.18
9.5633,14.326,-5.0687,12.473,-3.3964,0.068971,-0.09074,-0.2659,0.0415,311.5
9.6033,14.808,-5.1545,12.465,-3.4094,0.062895,-0.082747,-0.267,0.0321,402.57
9.6434,13.689,-4.8954,12.159,-2.3627,0.0047059,-0.0061934,-0.192,0.1182,104.79
9.6833,14.148,-4.8689,11.968,-1.8394,0.01395,-0.018353,-0.1527,0.1596,75.87
9.7235,14.575,-4.936,11.86,-1.5739,0.027221,-0.035802,-0.1323,0.1747,68.481
9.7633,15.046,-4.8183,11.713,-1.2057,0.047355,-0.062272,-0.1033,0.1979,59.5
9.8034,15.544,-4.9124,11.705,-1.1184,0.048901,-0.064276,-0.096,0.1987,59.175
9.8433,16.177,-4.9409,11.647,-0.87012,0.06656,-0.087451,-0.0755,0.2155,54.195
9.8834,16.669,-5.0563,11.628,-1.029,0.057641,-0.075752,-0.089,0.1852,63.03
9.9235,17.128,-5.0944,11.642,-0.98341,0.057729,-0.075865,-0.0851,0.1811,64.514
9.9634,17.615,-5.1769,11.649,-0.97733,0.055929,-0.073502,-0.0845,0.1741,67.143
10.003,18.073,-5.1756,11.606,-0.86193,0.066217,-0.087046,-0.0751,0.1762,66.05
10.043,18.562,-5.2115,11.565,-0.83692,0.07205,-0.094704,-0.0733,0.1677,69.142
10.083,19.034,-5.2225,11.541,-0.73439,0.077714,-0.10214,-0.0647,0.169,68.428
10.123,19.482,-5.2251,11.481,-0.6419,0.087587,-0.11509,-0.0571,0.1697,67.759
10.163,19.909,-5.2895,11.407,-0.70061,0.090702,-0.11927,-0.0613,0.1594,71.694
10.204,20.397,-5.4406,11.439,-0.94962,0.067679,-0.088915,-0.0838,0.1299,88.359
10.243,20.845,-5.517,11.387,-0.99532,0.068542,-0.090251,-0.0862,0.1227,93.157
10.284,21.286,-5.5367,11.302,-0.93091,0.079293,-0.10442,-0.081,0.1227,92.424
10.324,21.745,-5.669,11.291,-1.0197,0.070761,-0.093174,-0.089,0.111,102.14
10.364,22.194,-5.7341,11.222,-1.029,0.073577,-0.096885,-0.0903,0.1052,107.12
10.404,22.643,-5.7704,11.169,-0.97802,0.079463,-0.10464,-0.0861,0.1052,106.57
10.444,23.067,-5.8102,11.057,-0.95069,0.088588,-0.11667,-0.0844,0.1027,108.06
10.484,23.508,-5.843,10.998,-0.9016,0.094725,-0.12476,-0.0803,0.1027,107.45
10.524,23.947,-5.8738,10.939,-0.85312,0.10094,-0.13296,-0.0762,0.1027,106.83
10.564,24.385,-5.9042,10.879,-0.80415,0.10716,-0.14117,-0.072,0.1027,106.22
10.604,24.82,-5.9314,10.819,-0.75648,0.11338,-0.14937,-0.0679,0.1027,105.6
10.644,25.252,-5.9571,10.759,-0.70901,0.11959,-0.15756,-0.0638,0.1027,104.99
10.684,25.682,-5.9805,10.698,-0.66246,0.12579,-0.16576,-0.0597,0.1027,104.37
10.724,26.11,-6.0017,10.638,-0.61647,0.13192,-0.17384,-0.0556,0.1027,103.75
10.764,26.535,-6.0212,10.577,-0.57101,0.13803,-0.18193,-0.0515,0.1027,103.14
******-------------------------------------------------------------------------------------------------------------------****** 
TargetID: ID17
Target can not be processed due to lack of Data
******-------------------------------------------------------------------------------------------------------------------****** 
TargetID: ID07
Target can not be processed due to lack of Data
******-------------------------------------------------------------------------------------------------------------------****** 
TargetID: ID18
Target can not be processed due to lack of Data
******-------------------------------------------------------------------------------------------------------------------****** 
