******-------------------------------------------------------------------------------------------------------------------****** 
Duration of the scene is: 13.4819 seconds
Original Targets Numbers in the hole Scene: 1
Number of Targets in the hole Scene after preprocessing: 1
Number of static portions: 1
******-------------------------------------------------------------------------------------------------------------------****** 
TargetID: ID01
Relevancy: 1
tj = 8.9613
Label: 0
Comment: Target is relevant and going straight, since the velocity ratio is almost not changing
DATA:
1.2002,2.55,70.185,NaN,NaN,NaN,NaN,-1.5738,NaN,NaN
1.2402,2.5496,69.859,NaN,NaN,NaN,NaN,-1.5738,NaN,NaN
1.2802,2.5492,69.533,NaN,NaN,NaN,NaN,-1.5738,NaN,NaN
1.3202,2.5459,69.207,NaN,NaN,NaN,NaN,-1.5738,NaN,NaN
1.3602,2.5439,68.881,NaN,NaN,NaN,NaN,-1.5737,NaN,NaN
1.4003,2.5463,68.555,NaN,NaN,NaN,NaN,-1.5738,NaN,NaN
1.4402,2.5452,68.229,NaN,NaN,NaN,NaN,-1.5738,NaN,NaN
1.4802,3.4124,67.577,NaN,NaN,NaN,NaN,-1.4958,NaN,NaN
1.5203,3.4362,67.247,NaN,NaN,NaN,NaN,-1.4958,NaN,NaN
1.5602,3.1901,66.881,NaN,NaN,NaN,NaN,-1.5975,NaN,NaN
1.6002,3.1835,66.553,NaN,NaN,NaN,NaN,-1.5976,NaN,NaN
1.6403,3.1778,66.224,NaN,NaN,NaN,NaN,-1.5976,NaN,NaN
1.6802,3.1705,65.896,NaN,NaN,NaN,NaN,-1.5976,NaN,NaN
1.7202,3.1933,65.527,NaN,NaN,NaN,NaN,-1.6026,NaN,NaN
1.7603,3.1823,65.199,NaN,NaN,NaN,NaN,-1.6025,NaN,NaN
1.8002,2.5973,64.862,NaN,NaN,NaN,NaN,-1.7386,NaN,NaN
1.8403,2.5432,64.535,NaN,NaN,NaN,NaN,-1.7387,NaN,NaN
1.8804,2.4859,64.209,NaN,NaN,NaN,NaN,-1.7386,NaN,NaN
1.9203,2.4345,63.882,NaN,NaN,NaN,NaN,-1.7387,NaN,NaN
1.9602,2.3773,63.555,NaN,NaN,NaN,NaN,-1.7387,NaN,NaN
2.0003,2.3236,63.229,NaN,NaN,NaN,NaN,-1.7387,NaN,NaN
2.0403,2.2672,62.902,NaN,NaN,NaN,NaN,-1.7387,NaN,NaN
2.0803,2.2144,62.576,NaN,NaN,NaN,NaN,-1.7387,NaN,NaN
2.1204,2.16,62.249,NaN,NaN,NaN,NaN,-1.7387,NaN,NaN
2.1603,2.1028,61.923,NaN,NaN,NaN,NaN,-1.7387,NaN,NaN
2.2003,2.0456,61.597,NaN,NaN,NaN,NaN,-1.7387,NaN,NaN
2.2404,3.7351,61.296,NaN,NaN,NaN,NaN,-1.4912,NaN,NaN
2.2803,3.7625,60.968,NaN,NaN,NaN,NaN,-1.4913,NaN,NaN
2.3203,3.6314,60.591,NaN,NaN,NaN,NaN,-1.5202,NaN,NaN
2.3604,3.6498,60.259,NaN,NaN,NaN,NaN,-1.5202,NaN,NaN
2.4004,3.6638,59.928,NaN,NaN,NaN,NaN,-1.5201,NaN,NaN
2.4403,3.0486,59.663,NaN,NaN,NaN,NaN,-1.5985,NaN,NaN
2.4804,3.1717,59.366,NaN,NaN,NaN,NaN,-1.5863,NaN,NaN
2.5203,3.168,59.035,NaN,NaN,NaN,NaN,-1.5864,NaN,NaN
2.5603,3.2227,58.644,NaN,NaN,NaN,NaN,-1.5796,NaN,NaN
2.6004,3.2202,58.31,NaN,NaN,NaN,NaN,-1.5796,NaN,NaN
2.6404,3.2164,57.976,NaN,NaN,NaN,NaN,-1.5796,NaN,NaN
2.6804,3.2105,57.642,NaN,NaN,NaN,NaN,-1.5796,NaN,NaN
2.7205,3.76,57.306,NaN,NaN,NaN,NaN,-1.5201,NaN,NaN
2.7604,3.7753,56.971,NaN,NaN,NaN,NaN,-1.5201,NaN,NaN
2.8004,3.7946,56.636,NaN,NaN,NaN,NaN,-1.5201,NaN,NaN
2.8405,3.8099,56.301,NaN,NaN,NaN,NaN,-1.5201,NaN,NaN
2.8804,4.0687,55.985,NaN,NaN,NaN,NaN,-1.4974,NaN,NaN
2.9204,4.0932,55.65,NaN,NaN,NaN,NaN,-1.4974,NaN,NaN
2.9605,4.5913,56.312,0.6441,-8.4092,-0,0,-1.4944,0,Inf
3.0004,4.6149,55.976,0.6444,-8.4092,-0,0,-1.4943,0,Inf
3.0404,4.6388,55.64,0.6447,-8.4091,-0,0,-1.4943,0,Inf
3.0805,4.6627,55.304,0.645,-8.4091,-0,0,-1.4942,0,Inf
3.1204,4.8053,54.922,0.7474,-8.4978,0.017802,0.017795,-1.4828,-0.0013,-6562
3.1604,4.8383,54.582,0.7472,-8.506,0.017802,0.017795,-1.4829,-0.0013,-6568.2
3.2005,4.8695,54.241,0.7473,-8.5141,0.017802,0.017795,-1.483,-0.0013,-6574.5
3.2404,4.8983,53.901,0.7478,-8.5222,0.017802,0.017795,-1.483,-0.0013,-6580.7
3.2804,4.932,53.559,0.74752,-8.5304,0.017702,0.017695,-1.4831,-0.0013,-6587
3.3205,4.505,53.317,0.34126,-8.3577,-0.0013,-0.0013005,-1.53,-0.0104,-804.3
3.3605,4.6143,53.004,0.42887,-8.3444,-0.0006001,-0.00059991,-1.5195,-0.0065,-1285.4
3.4005,4.468,52.684,0.2815,-8.3492,0.0016003,0.0015998,-1.5371,-0.0116,-720.16
3.4405,4.4825,52.35,0.27721,-8.3511,0.0015,0.0015004,-1.5376,-0.0116,-720.32
3.4805,4.3412,52.022,0.10934,-8.3368,0.00049981,0.00050058,-1.5577,-0.022,-378.98
3.5205,4.3474,51.688,0.10184,-8.3384,0.00049981,0.00050058,-1.5586,-0.022,-379.05
3.5606,4.3716,51.342,0.10475,-8.3475,0.00040007,0.00039994,-1.5582,-0.0222,-376.04
3.6005,4.3395,51.001,0.050812,-8.3302,-9.9745e-05,-0.00010064,-1.5647,-0.0258,-322.88
3.6405,4.343,50.668,0.0421,-8.3299,-0,0,-1.5657,-0.0258,-322.87
3.6807,4.6286,50.31,0.43415,-8.3256,-0.0020003,-0.0019997,-1.5187,0.0106,786.5
3.7205,4.4821,50,0.19872,-8.2865,-0.0018003,-0.0017997,-1.5468,-0.0114,-727.1
3.7605,4.3975,49.676,0.036561,-8.2524,-0.00049981,-0.00050058,-1.5664,-0.0276,-299
3.8006,4.4023,49.346,0.026949,-8.248,-0.00040007,-0.00039994,-1.5675,-0.0276,-298.84
3.8405,4.4071,49.015,0.017324,-8.2436,-0.00020003,-0.00019997,-1.5687,-0.0276,-298.68
3.8805,4.4088,48.685,0.008212,-8.2392,-9.9745e-05,-0.00010064,-1.5698,-0.0276,-298.52
3.9205,4.3633,48.343,-0.12565,-8.2217,0.0021001,0.0021003,-1.5861,-0.0414,-198.62
3.9606,4.5998,47.979,0.31557,-8.2319,-0.0054004,-0.0054005,-1.5326,0.0034,2422.9
4.0006,4.6502,47.677,0.40691,-8.1811,-0.0087995,-0.0088017,-1.5212,0.0127,644.97
4.0406,4.6862,47.34,0.46276,-8.1842,-0.0097003,-0.0097018,-1.5145,0.0183,447.94
4.0806,4.6888,46.999,0.44027,-8.1888,-0.0090005,-0.0090013,-1.5172,0.0165,497.01
4.1206,4.6929,46.679,0.40101,-8.1531,-0.0101,-0.010102,-1.5218,0.0116,703.7
4.1606,4.682,46.367,0.3199,-8.1141,-0.0093996,-0.0094016,-1.5315,0.0033,2460.7
4.2006,4.7022,46.05,0.34767,-8.0831,-0.0114,-0.011402,-1.528,0.006,1348.4
4.2406,4.7234,45.739,0.33635,-8.0441,-0.011902,-0.011901,-1.5292,0.0043,1872.3
4.2806,4.7398,45.418,0.33727,-8.0326,-0.012001,-0.012002,-1.529,0.0043,1869.7
4.3206,4.7589,45.092,0.31914,-8.0161,-0.011802,-0.011801,-1.5312,0.0025,3209
4.3606,4.6964,44.795,0.1872,-7.9659,-0.0077999,-0.0078005,-1.5474,-0.0092,-866.1
4.4006,4.7258,44.465,0.20773,-7.9587,-0.0086998,-0.008701,-1.5448,-0.0075,-1061.5
4.4406,4.7297,44.127,0.19909,-7.9541,-0.0084004,-0.0084014,-1.5459,-0.008,-994.58
4.4806,4.7672,43.807,0.24785,-7.9413,-0.0105,-0.010502,-1.5398,-0.0034,-2336.8
4.5207,4.7579,43.495,0.19231,-7.9146,-0.0084997,-0.0085011,-1.5466,-0.0082,-965.49
4.5606,4.6538,43.19,-0.03219,-7.8666,0.0015,0.0015004,-1.5749,-0.0272,-289.22
4.6006,4.6435,42.876,-0.058255,-7.8478,0.0027996,0.0028,-1.5782,-0.0286,-274.41
4.6407,4.5937,42.578,-0.17112,-7.7997,0.0089,0.0088988,-1.5926,-0.0375,-208.04
4.6807,4.6251,42.262,-0.11989,-7.7908,0.0062002,0.0061995,-1.5861,-0.0323,-241.23
4.7207,4.5937,41.945,-0.17774,-7.7763,0.0091,0.0090988,-1.5935,-0.0359,-216.67
4.7607,4.6461,41.628,-0.077798,-7.7709,0.0039004,0.0039001,-1.5807,-0.027,-287.83
4.8007,4.5299,41.308,-0.2284,-7.7564,0.011299,0.011298,-1.6001,-0.0382,-203.14
4.8407,4.5079,41.015,-0.27257,-7.7279,0.013502,0.013495,-1.6058,-0.0407,-189.99
4.8808,4.5549,40.697,-0.18903,-7.728,0.0091009,0.0090984,-1.5951,-0.0332,-232.84
4.9207,4.5303,40.402,-0.22537,-7.7018,0.011002,0.010997,-1.5999,-0.0352,-218.89
4.9607,4.5127,40.098,-0.24924,-7.6886,0.0118,0.011797,-1.603,-0.0361,-213.09
5.0007,4.6097,39.772,-0.08379,-7.7022,0.0037997,0.0037998,-1.5816,-0.0229,-336.36
5.0407,4.6782,39.454,0.019804,-7.7101,-0.00080014,-0.00079988,-1.5682,-0.0148,-520.96
5.0807,4.7041,39.139,0.034411,-7.7114,-0.0014002,-0.0013998,-1.5664,-0.0136,-567.02
5.1207,4.7407,38.816,0.086334,-7.7257,-0.0031003,-0.0031002,-1.5597,-0.0097,-796.51
5.1607,4.6994,38.509,-0.012024,-7.7221,0.00040007,0.00039994,-1.5724,-0.0166,-465.19
5.2008,4.7291,38.177,0.035354,-7.7528,-0.0010002,-0.00099985,-1.5663,-0.0128,-605.7
5.2408,4.8074,37.839,0.14304,-7.7917,-0.0032006,-0.0031995,-1.5525,-0.005,-1558.6
5.2808,4.8565,37.508,0.21272,-7.8169,-0.0039004,-0.0039001,-1.5437,-0.0002,-39099
5.3208,4.8694,37.183,0.20492,-7.8298,-0.0031996,-0.0031999,-1.5447,-0.0008,-9790.6
5.3608,4.9379,36.858,0.28199,-7.8426,-0.0037004,-0.0037001,-1.5349,0.0042,1868.5
5.4008,5.0273,36.508,0.39301,-7.8814,-0.0031003,-0.0031002,-1.521,0.0113,698.34
5.4408,5.0288,36.182,0.35999,-7.8933,-0.0022004,-0.0021997,-1.5253,0.0088,897.89
5.4808,4.9796,35.881,0.27435,-7.8757,-0.0019994,-0.0020001,-1.536,0.0031,2542.1
5.5208,5.0155,35.551,0.30519,-7.8947,-0.0015,-0.0015004,-1.5322,0.0049,1612.4
5.5608,5.0047,35.236,0.26115,-7.8928,-0.0012002,-0.0011998,-1.5377,0.002,3948.6
5.6008,5.0149,34.911,0.25341,-7.9018,-0.00089988,-0.00090052,-1.5388,0.0015,5270.6
5.6408,5.2515,34.409,0.19476,-7.9036,-0.0006001,-0.00059991,-1.5462,-0.0022,-3593.6
5.6808,5.258,34.095,0.19496,-7.9003,-0.00069985,-0.00070055,-1.5461,-0.0022,-3592.1
5.7208,5.1716,33.805,0.063038,-7.855,-0.00049981,-0.00050058,-1.5628,-0.0102,-770.13
5.7608,5.1768,33.492,0.059937,-7.8526,-0.00049981,-0.00050058,-1.5632,-0.0102,-769.89
5.8008,5.1241,33.181,-0.028221,-7.8408,0.00020003,0.00019997,-1.5744,-0.0153,-512.47
5.8408,5.1012,32.874,-0.057251,-7.831,0.00049981,0.00050058,-1.5781,-0.0168,-466.14
5.8809,5.056,32.565,-0.12849,-7.8168,0.0010999,0.0011005,-1.5872,-0.0207,-377.67
5.9208,5.0712,32.23,-0.11546,-7.8435,0.00069985,0.00070055,-1.5855,-0.0195,-402.28
5.9609,5.0159,31.915,-0.18909,-7.8356,0.0010999,0.0011005,-1.5949,-0.0235,-333.53
6.0009,4.9605,31.588,-0.26299,-7.8433,0.0010999,0.0011005,-1.6043,-0.0272,-288.52
6.0409,4.9282,31.269,-0.3057,-7.8426,0.0012002,0.0011998,-1.6097,-0.0292,-268.79
6.0809,4.9638,30.938,-0.25925,-7.8666,0.0006001,0.00059991,-1.6037,-0.0259,-303.9
6.1209,4.9715,30.616,-0.24994,-7.8727,0.00049981,0.00050058,-1.6025,-0.0249,-316.33
6.1609,4.9575,30.303,-0.27016,-7.8643,0.00080014,0.00079988,-1.6051,-0.0256,-307.38
6.2009,4.9444,29.974,-0.2747,-7.8772,0.0006001,0.00059991,-1.6057,-0.0254,-310.31
6.2409,4.9509,29.677,-0.27273,-7.8525,0.0013,0.0013005,-1.6055,-0.0249,-315.55
6.2809,4.907,29.368,-0.31708,-7.838,0.0019001,0.0019004,-1.6112,-0.0269,-291.61
6.3209,4.8831,29.062,-0.34263,-7.8242,0.0023995,0.0024,-1.6145,-0.0279,-280.71
6.3609,4.8472,28.767,-0.38314,-7.7996,0.0033997,0.0033999,-1.6198,-0.0296,-263.82
6.4009,4.7918,28.47,-0.43727,-7.7769,0.0045999,0.0045997,-1.6269,-0.0321,-242.65
6.4409,4.7964,28.163,-0.42605,-7.7682,0.0045999,0.0045997,-1.6255,-0.031,-250.96
6.4809,4.766,27.848,-0.44927,-7.7725,0.0043998,0.0043997,-1.6285,-0.0317,-245.6
6.5209,4.8146,27.538,-0.38733,-7.7619,0.0043005,0.0043,-1.6206,-0.0279,-278.55
6.5609,4.8127,27.225,-0.37741,-7.7609,0.0039998,0.0039998,-1.6193,-0.0269,-288.85
6.6009,4.8373,26.915,-0.34933,-7.7562,0.0039998,0.0039998,-1.6157,-0.025,-310.56
6.6409,4.7884,26.594,-0.40029,-7.7674,0.0035997,0.0035998,-1.6222,-0.0272,-285.95
6.681,4.7568,26.287,-0.42728,-7.7588,0.0037004,0.0037001,-1.6258,-0.0282,-275.55
6.721,4.7409,25.971,-0.43381,-7.7643,0.0031996,0.0031999,-1.6266,-0.028,-277.73
6.761,4.7317,25.652,-0.43983,-7.7744,0.0026005,0.0025996,-1.6273,-0.0278,-280.1
6.801,4.7251,25.341,-0.43581,-7.7749,0.0022997,0.0022994,-1.6268,-0.0272,-286.29
6.841,4.7271,25.026,-0.4291,-7.778,0.0022004,0.0021997,-1.6259,-0.0264,-295.07
6.881,4.7239,24.717,-0.42319,-7.7741,0.0022004,0.0021997,-1.6252,-0.0256,-304.13
6.921,4.7317,24.386,-0.40469,-7.7976,0.0010999,0.0011005,-1.6226,-0.0241,-323.99
6.961,4.7239,24.074,-0.40578,-7.7986,0.0010002,0.00099985,-1.6228,-0.0238,-328.11
7.001,4.7147,23.761,-0.41237,-7.7974,0.0011005,0.0010992,-1.6236,-0.0238,-328.08
7.041,4.8231,23.38,-0.39709,-7.8144,0.00030032,0.0002993,-1.6216,-0.0225,-347.75
7.081,4.8447,23.058,-0.36547,-7.823,0.00020003,0.00019997,-1.6175,-0.0205,-382.03
7.1211,4.8494,22.754,-0.34991,-7.8105,0.00070039,0.00069924,-1.6156,-0.0194,-403.01
7.1611,4.8223,22.445,-0.37342,-7.8041,0.00090043,0.00089921,-1.6186,-0.0203,-384.88
7.201,4.7938,22.134,-0.39625,-7.8018,0.0011005,0.0010992,-1.6215,-0.0211,-370.23
7.241,4.7796,21.821,-0.40156,-7.8013,0.0012002,0.0011998,-1.6222,-0.0211,-370.22
7.281,4.8109,21.517,-0.36134,-7.7813,0.0021006,0.002099,-1.6172,-0.0188,-414.35
7.3211,4.8547,21.202,-0.30388,-7.7784,0.0018012,0.0017994,-1.6098,-0.0156,-498.99
7.361,4.8158,20.886,-0.34229,-7.7849,0.0018012,0.0017994,-1.6147,-0.0173,-450.43
7.4011,4.8085,20.574,-0.34617,-7.7842,0.0017006,0.0016991,-1.6152,-0.0172,-453.01
7.4411,4.7739,20.265,-0.37287,-7.7829,0.0018012,0.0017994,-1.6186,-0.0182,-428.12
7.4811,4.7452,19.963,-0.3935,-7.772,0.0022013,0.0021993,-1.6214,-0.019,-409.57
7.5211,4.7309,19.661,-0.40483,-7.7581,0.002802,0.0027979,-1.6229,-0.0194,-400.44
7.5611,4.6953,19.348,-0.43022,-7.7579,0.0029017,0.0028985,-1.6262,-0.0203,-382.75
7.6011,4.6862,19.04,-0.42461,-7.7549,0.0027017,0.0026986,-1.6255,-0.0197,-394.24
7.6411,4.6768,18.727,-0.43315,-7.755,0.0025016,0.0024986,-1.6266,-0.0198,-392.28
7.6811,4.6714,18.417,-0.42152,-7.7601,0.0019015,0.0018987,-1.625,-0.0189,-411.19
7.7212,4.6677,18.104,-0.42288,-7.7603,0.0019015,0.0018987,-1.6252,-0.0187,-415.6
7.7611,4.6361,17.796,-0.43845,-7.7606,0.0017015,0.0016987,-1.6272,-0.0191,-406.96
7.8011,4.6082,17.49,-0.46078,-7.7514,0.0022019,0.002198,-1.6301,-0.02,-388.25
7.8411,4.5899,17.179,-0.46668,-7.7496,0.0022019,0.002198,-1.6309,-0.02,-388.18
7.8811,4.5377,16.867,-0.50542,-7.7592,0.0014008,0.0013985,-1.6358,-0.0215,-361.66
7.9211,4.531,16.55,-0.50445,-7.7692,0.00060103,0.00059953,-1.6356,-0.0211,-368.98
7.9611,4.5078,16.237,-0.50716,-7.7787,-0.00040007,-0.00039994,-1.6359,-0.0208,-374.77
8.0012,4.5234,15.923,-0.47608,-7.7874,-0.0011014,-0.0010988,-1.6319,-0.0188,-414.99
8.0411,4.5388,15.619,-0.44157,-7.7838,-0.0012008,-0.0011985,-1.6275,-0.0168,-464.07
8.0812,4.5223,15.308,-0.44677,-7.7844,-0.0012008,-0.0011985,-1.6281,-0.0168,-464.12
8.1212,4.4516,14.899,-0.40893,-7.8015,-0.0020018,-0.001998,-1.6232,-0.0145,-538.77
8.1612,4.452,14.589,-0.39725,-7.803,-0.0020018,-0.001998,-1.6217,-0.0137,-570.3
8.2012,4.4465,14.269,-0.38782,-7.8167,-0.0025022,-0.0024973,-1.6204,-0.0129,-606.69
8.2412,4.458,13.958,-0.36918,-7.8131,-0.0021016,-0.0020987,-1.618,-0.0118,-662.87
8.2812,4.4439,13.578,-0.35837,-7.8236,-0.0025026,-0.0024982,-1.6166,-0.011,-711.98
8.3212,4.4569,13.232,-0.34976,-7.8463,-0.0031023,-0.0030972,-1.6154,-0.0103,-762.54
8.3612,4.4979,12.87,-0.3122,-7.8409,-0.0025016,-0.0024986,-1.6106,-0.0082,-956.96
8.4012,4.4961,12.559,-0.30182,-7.8368,-0.0022019,-0.002198,-1.6093,-0.0076,-1031.9
8.4412,4.4838,12.254,-0.30574,-7.8256,-0.0017015,-0.0016987,-1.6099,-0.0076,-1030.5
8.4812,4.4736,11.945,-0.30938,-7.8207,-0.0015015,-0.0014987,-1.6104,-0.0077,-1016.5
8.5212,4.4793,11.583,-0.31279,-7.829,-0.0017006,-0.0016991,-1.6107,-0.0077,-1017.6
8.5612,4.4548,11.264,-0.33099,-7.8391,-0.0020013,-0.0019993,-1.613,-0.0085,-923.07
8.6012,4.4454,10.955,-0.33253,-7.8322,-0.0017006,-0.0016991,-1.6132,-0.0085,-922.26
8.6412,4.457,10.606,-0.33195,-7.8353,-0.0017006,-0.0016991,-1.6131,-0.0083,-944.86
8.6812,4.4539,10.261,-0.30776,-7.8469,-0.0020003,-0.0019997,-1.61,-0.0068,-1154.8
8.7212,4.5103,9.9395,-0.24813,-7.8254,-0.0013005,-0.0012992,-1.6025,-0.0034,-2302.7
8.7613,4.557,9.6036,-0.22172,-7.8268,-0.0012002,-0.0011998,-1.5991,-0.002,-3915
8.8013,4.5457,9.2709,-0.23744,-7.8291,-0.0013,-0.0013005,-1.6011,-0.0029,-2700.9
8.8413,4.5673,8.9424,-0.19895,-7.8382,-0.0013993,-0.0014002,-1.5962,-0.0007,-11201
8.8813,4.5626,8.617,-0.19227,-7.8313,-0.0010999,-0.0011005,-1.5954,-0.0003,-26112
8.9213,4.5754,8.295,-0.16808,-7.8232,-0.00080014,-0.00079988,-1.5923,0.001,7825
8.9613,4.6058,7.9717,-0.12109,-7.8214,-0.00069985,-0.00070055,-1.5863,0.0035,2234.9
9.0013,4.658,7.6913,-0.04315,-7.7696,-9.9745e-05,-0.00010064,-1.5764,0.0077,1009.1
9.0413,4.6698,7.3681,-0.030842,-7.7691,-9.9745e-05,-0.00010064,-1.5748,0.0083,936.04
9.0813,4.6758,7.04,-0.01904,-7.7865,-9.9745e-05,-0.00010064,-1.5732,0.0088,884.83
9.1213,4.6823,6.7172,0.0061599,-7.798,-0,0,-1.57,0.01,779.8
9.1613,4.6876,6.4199,0.029473,-7.807,0.00020003,0.00019997,-1.567,0.0112,697.06
9.2013,4.6937,6.1256,0.045468,-7.8096,0.00029978,0.00030061,-1.565,0.0118,661.84
9.2413,4.7011,5.8255,0.068579,-7.8132,0.00049981,0.00050058,-1.562,0.0129,605.7
9.2813,4.7305,5.5246,0.070977,-7.8137,0.00049981,0.00050058,-1.5617,0.0127,615.28
9.3213,4.7317,5.1972,0.069896,-7.8192,0.00049981,0.00050058,-1.5619,0.0124,630.61
9.3613,4.7389,4.8841,0.073232,-7.8215,0.00050036,0.00049927,-1.5614,0.0124,630.79
9.4013,4.7378,4.5783,0.076058,-7.8292,0.0006001,0.00059991,-1.5611,0.0123,636.55
9.4413,4.7446,4.2751,0.077071,-7.8339,0.0006001,0.00059991,-1.5609,0.0121,647.46
9.4813,4.781,3.9832,0.12109,-7.8196,0.00070039,0.00069924,-1.5553,0.0144,543.1
9.5214,4.7567,3.6627,0.094577,-7.8522,0.00080106,0.0007995,-1.5587,0.0125,628.22
9.5614,4.7173,3.3173,0.045138,-7.9251,0.00070039,0.00069924,-1.5651,0.0094,843.11
9.6014,4.7103,3.0009,0.037534,-7.944,0.00060103,0.00059953,-1.5661,0.0087,913.11
******-------------------------------------------------------------------------------------------------------------------****** 
