******-------------------------------------------------------------------------------------------------------------------****** 
Duration of the scene is: 16.0433 seconds
Original Targets Numbers in the hole Scene: 1
Number of Targets in the hole Scene after preprocessing: 2
Number of static portions: 1
******-------------------------------------------------------------------------------------------------------------------****** 
TargetID: ID01
Relevancy: 1
tj = 10.122
Label: 0
Comment: Target is relevant and going straight, since the velocity ratio is almost not changing
DATA:
4.4009,8.277,56.771,NaN,NaN,NaN,NaN,-1.5829,NaN,NaN
4.4409,8.2791,56.452,NaN,NaN,NaN,NaN,-1.583,NaN,NaN
4.4809,8.7426,56.499,NaN,NaN,NaN,NaN,-1.3197,NaN,NaN
4.5209,8.8351,56.171,NaN,NaN,NaN,NaN,-1.3197,NaN,NaN
4.5609,8.916,55.843,NaN,NaN,NaN,NaN,-1.3198,NaN,NaN
4.6009,9.0065,55.516,NaN,NaN,NaN,NaN,-1.3197,NaN,NaN
4.6409,9.0891,55.188,NaN,NaN,NaN,NaN,-1.3197,NaN,NaN
4.681,9.1651,54.861,NaN,NaN,NaN,NaN,-1.3197,NaN,NaN
4.721,9.2572,54.533,NaN,NaN,NaN,NaN,-1.3197,NaN,NaN
4.761,9.3416,54.205,NaN,NaN,NaN,NaN,-1.3197,NaN,NaN
4.801,9.5727,53.398,NaN,NaN,NaN,NaN,-1.2587,NaN,NaN
4.841,9.6838,53.052,NaN,NaN,NaN,NaN,-1.2587,NaN,NaN
4.881,9.7646,52.429,NaN,NaN,NaN,NaN,-1.2412,NaN,NaN
4.9211,9.5156,51.911,NaN,NaN,NaN,NaN,-1.2896,NaN,NaN
4.961,9.6684,51.439,NaN,NaN,NaN,NaN,-1.2672,NaN,NaN
5.001,9.7788,51.087,NaN,NaN,NaN,NaN,-1.2671,NaN,NaN
5.041,9.8998,50.735,NaN,NaN,NaN,NaN,-1.2672,NaN,NaN
5.081,9.7369,50.36,NaN,NaN,NaN,NaN,-1.3098,NaN,NaN
5.121,9.6858,50.022,NaN,NaN,NaN,NaN,-1.3315,NaN,NaN
5.161,9.7725,49.674,NaN,NaN,NaN,NaN,-1.3316,NaN,NaN
5.201,9.7478,49.305,NaN,NaN,NaN,NaN,-1.3474,NaN,NaN
5.2411,9.6819,48.955,NaN,NaN,NaN,NaN,-1.3708,NaN,NaN
5.2811,9.5854,48.608,NaN,NaN,NaN,NaN,-1.3986,NaN,NaN
5.3211,9.2727,48.33,NaN,NaN,NaN,NaN,-1.4745,NaN,NaN
5.3611,9.2775,47.978,NaN,NaN,NaN,NaN,-1.4794,NaN,NaN
5.4011,9.1727,47.706,NaN,NaN,NaN,NaN,-1.5044,NaN,NaN
5.4411,9.24,47.364,NaN,NaN,NaN,NaN,-1.4995,NaN,NaN
5.4811,9.2772,47.027,NaN,NaN,NaN,NaN,-1.5007,NaN,NaN
5.5211,9.2254,46.686,NaN,NaN,NaN,NaN,-1.5161,NaN,NaN
5.5611,9.6264,47.36,0.34135,-8.2708,-0,0,-1.5296,0,Inf
5.6011,9.6142,47.019,0.2849,-8.2832,0.0019148,0.0018846,-1.5364,-0.0002,-41440
5.6411,9.6379,46.684,0.30226,-8.2958,0.0038305,0.0037687,-1.5343,-0.0003,-27671
5.6811,9.6874,46.349,0.34669,-8.2632,-0.0069555,-0.0068452,-1.529,0.0001,82705
5.7211,9.7027,46.019,0.34641,-8.2577,-0.0069564,-0.0068448,-1.529,0.0001,82649
5.7612,9.8221,45.688,0.51833,-8.266,-0.0043348,-0.0042652,-1.5082,0.0022,3764.6
5.8012,10.098,45.047,0.49658,-8.2992,0.0023185,0.002281,-1.511,0.002,4157
5.8412,10.016,44.714,0.35259,-8.2967,0.0024187,0.0023802,-1.5283,-0.0022,-3774.6
5.8812,10.015,44.385,0.32594,-8.2917,0.0023185,0.002281,-1.5315,-0.0033,-2514.6
5.9212,10.027,44.044,0.31218,-8.3039,0.0027222,0.0026774,-1.5332,-0.0039,-2130.7
5.9612,10.005,43.706,0.25841,-8.3065,0.0021173,0.002083,-1.5397,-0.0068,-1222.1
6.0012,9.9753,43.348,0.18327,-8.3333,0.0024196,0.0023798,-1.5488,-0.0124,-672.21
6.0413,9.9605,42.924,0.098825,-8.3433,0.0017141,0.0016853,-1.5589,-0.0172,-485.11
6.0813,9.9881,42.582,0.12275,-8.3523,0.0017141,0.0016853,-1.5561,-0.0155,-538.92
6.1212,9.943,42.266,-0.01673,-8.3603,0.00050386,0.00049561,-1.5728,-0.0253,-330.45
6.1613,9.942,41.93,-0.03619,-8.3541,0.0002016,0.00019887,-1.5751,-0.027,-309.41
6.2012,9.9359,41.603,-0.060505,-8.3416,-0,0,-1.578,-0.0283,-294.76
6.2413,9.9689,41.256,-0.026885,-8.357,0.0002012,0.00019796,-1.574,-0.0238,-351.13
6.2813,9.9731,40.924,-0.016141,-8.3527,0.00010106,9.8778e-05,-1.5727,-0.0219,-381.4
6.3213,10.028,40.577,0.077563,-8.3721,0.00050386,0.00049561,-1.5615,-0.0108,-775.23
6.3613,10.047,40.238,0.11915,-8.3738,0.00050386,0.00049561,-1.5566,-0.0054,-1550.9
6.4013,10.064,39.9,0.12899,-8.3793,0.00070638,0.00069408,-1.5554,-0.004,-2095.1
6.4413,10.028,39.555,0.019801,-8.381,0.00030266,0.00029765,-1.5684,-0.0165,-507.94
6.4813,9.9941,39.209,-0.072982,-8.3771,-0,0,-1.5795,-0.0263,-318.53
6.5213,9.8545,38.875,-0.36748,-8.3297,0.00090759,0.00089203,-1.6149,-0.0583,-143.02
6.5613,9.8479,38.54,-0.38687,-8.3286,0.00090759,0.00089203,-1.6172,-0.0582,-143.26
6.6014,9.8412,38.215,-0.3872,-8.3176,0.0012102,0.0011897,-1.6173,-0.0565,-147.37
6.6414,9.8259,37.891,-0.39317,-8.3131,0.0013113,0.0012885,-1.618,-0.055,-151.32
6.6814,9.7757,37.542,-0.50253,-8.319,0.0010086,0.00099081,-1.6311,-0.0638,-130.63
6.7214,9.6934,37.184,-0.65199,-8.3359,-0.00040372,-0.00039643,-1.6489,-0.0762,-109.73
6.7614,9.6556,36.858,-0.6994,-8.3254,0.0002012,0.00019796,-1.6546,-0.0786,-106.29
6.8014,9.6064,36.529,-0.80366,-8.3114,0.00080744,0.00079285,-1.6672,-0.0867,-96.311
6.8414,9.59,36.197,-0.79044,-8.3021,0.0018161,0.0017837,-1.6657,-0.083,-100.48
6.8814,9.5503,35.866,-0.84971,-8.2963,0.0020177,0.0019825,-1.6728,-0.0861,-96.86
6.9214,9.5257,35.539,-0.86539,-8.2839,0.0029258,0.0028733,-1.6749,-0.0852,-97.758
6.9614,9.4469,35.217,-1.0063,-8.2385,0.0061543,0.0060442,-1.6923,-0.097,-85.564
7.0014,9.487,34.892,-0.85525,-8.2546,0.0046408,0.0045581,-1.674,-0.0791,-104.92
7.0415,9.4341,34.555,-0.91105,-8.2583,0.0034306,0.0033685,-1.6806,-0.081,-102.57
7.0814,9.4436,34.208,-0.83041,-8.2878,0.0014124,0.0013872,-1.6706,-0.0703,-118.48
7.1214,9.4461,33.887,-0.81033,-8.2813,0.0018161,0.0017837,-1.6683,-0.0666,-124.94
7.1615,9.4081,33.552,-0.82523,-8.2915,0.00060492,0.00059438,-1.67,-0.0654,-127.41
7.2015,9.4211,33.215,-0.76119,-8.3036,-0,0,-1.6622,-0.0576,-144.76
7.2415,9.4345,32.882,-0.688,-8.3148,-0.00040372,-0.00039643,-1.6534,-0.0493,-169.23
7.2815,9.4449,32.557,-0.6475,-8.3097,-0.00010106,-9.8778e-05,-1.6486,-0.0446,-186.88
7.3215,9.447,32.201,-0.60552,-8.3334,-0.0010096,-0.00099041,-1.6433,-0.0395,-211.53
7.3615,9.4195,31.859,-0.6369,-8.3408,-0.0017159,-0.0016845,-1.647,-0.0407,-205.53
7.4015,9.3703,31.522,-0.68229,-8.3464,-0.002624,-0.0025752,-1.6524,-0.043,-194.75
7.4415,9.3832,31.181,-0.63101,-8.3586,-0.0030287,-0.0029712,-1.6462,-0.0374,-224.13
7.4815,9.3561,30.842,-0.64319,-8.3702,-0.0038357,-0.0037632,-1.6475,-0.0371,-226.28
7.5215,9.3061,30.485,-0.68871,-8.3979,-0.0058549,-0.005744,-1.6527,-0.0391,-215.5
7.5615,9.3271,30.148,-0.63319,-8.3996,-0.0049473,-0.004852,-1.646,-0.0339,-248.48
7.6015,9.403,29.594,-0.47596,-8.3974,-0.0029281,-0.0028711,-1.6274,-0.0211,-398.62
7.6415,9.4737,29.249,-0.35384,-8.3957,-0.0017165,-0.0016832,-1.6129,-0.0115,-730.71
7.6816,9.447,28.903,-0.37239,-8.4114,-0.0022222,-0.002178,-1.615,-0.0125,-673.57
7.7215,9.4089,28.562,-0.40533,-8.4198,-0.0028271,-0.0027724,-1.6189,-0.0144,-585.39
7.7616,9.3845,28.212,-0.4293,-8.4392,-0.0035349,-0.0034647,-1.6216,-0.0155,-545.17
7.8016,9.3773,27.872,-0.41368,-8.4492,-0.003636,-0.0035635,-1.6197,-0.0138,-612.99
7.8416,9.3835,27.539,-0.38888,-8.4469,-0.0031312,-0.0030683,-1.6168,-0.0118,-716.6
7.8816,9.3897,27.184,-0.35999,-8.4688,-0.0033333,-0.0032658,-1.6133,-0.0093,-911.44
7.9216,9.4052,26.846,-0.31688,-8.4658,-0.0026264,-0.0025731,-1.6082,-0.0062,-1366.4
7.9616,9.4522,26.507,-0.24765,-8.4736,-0.0018184,-0.0017815,-1.6,-0.0013,-6520.9
8.0016,9.4053,26.174,-0.30421,-8.4676,-0.0023237,-0.0022754,-1.6067,-0.0052,-1629.4
8.0416,9.3856,25.842,-0.31311,-8.4628,-0.0022236,-0.0021763,-1.6078,-0.0057,-1485.7
8.0816,9.4157,25.512,-0.25565,-8.4595,-0.0016168,-0.0015827,-1.601,-0.0018,-4701.8
8.1216,9.3729,25.17,-0.30322,-8.4683,-0.0023247,-0.002275,-1.6066,-0.0048,-1765.4
8.1617,9.3383,24.822,-0.33271,-8.4812,-0.0029314,-0.0028686,-1.61,-0.0064,-1326.2
8.2016,9.3539,24.487,-0.29963,-8.4857,-0.0026287,-0.002571,-1.6061,-0.0041,-2071
8.2417,9.3585,24.152,-0.26775,-8.4902,-0.0022245,-0.0021759,-1.6023,-0.002,-4247.2
8.2817,9.3313,23.792,-0.2921,-8.5257,-0.003134,-0.0030649,-1.605,-0.0032,-2665.8
8.3217,9.3418,23.459,-0.26449,-8.5232,-0.0026297,-0.0025706,-1.6018,-0.0015,-5684.9
8.3617,9.3215,23.118,-0.28018,-8.5319,-0.0028318,-0.0027681,-1.6036,-0.0024,-3556.9
8.4017,9.3313,22.777,-0.24826,-8.5405,-0.0024271,-0.0023721,-1.5999,-0.0004,-21360
8.4417,9.3126,22.432,-0.26286,-8.5521,-0.0028318,-0.0027681,-1.6015,-0.0011,-7778.3
8.4817,9.2886,22.086,-0.28065,-8.5649,-0.0032369,-0.0031628,-1.6036,-0.0021,-4080.7
8.5217,9.2889,21.744,-0.27486,-8.5685,-0.0030348,-0.0029653,-1.6029,-0.0017,-5042.9
8.5617,9.2584,21.404,-0.29849,-8.5728,-0.0034391,-0.0033604,-1.6056,-0.003,-2859.3
8.6017,9.2495,21.058,-0.29707,-8.5837,-0.003541,-0.0034588,-1.6054,-0.0028,-3067.4
8.6417,9.262,20.725,-0.27191,-8.5756,-0.0028323,-0.0027668,-1.6025,-0.0014,-6128.5
8.6817,9.269,20.382,-0.25065,-8.5812,-0.0024281,-0.0023717,-1.6,-0.0002,-42925
8.7218,9.2501,20.047,-0.25957,-8.5737,-0.0024281,-0.0023717,-1.6011,-0.0008,-10722
8.7618,9.2497,19.703,-0.25336,-8.5818,-0.002327,-0.0022729,-1.6003,-0.0004,-21464
8.8018,9.2239,19.353,-0.27929,-8.5985,-0.0029343,-0.0028652,-1.6033,-0.0017,-5060.6
8.8418,9.2102,19.009,-0.27986,-8.6041,-0.0029343,-0.0028652,-1.6033,-0.0017,-5063.9
8.8818,9.1062,18.659,-0.40033,-8.6081,-0.0049581,-0.0048418,-1.6173,-0.0081,-1063.9
8.9218,9.097,18.296,-0.38546,-8.6277,-0.0050591,-0.0049405,-1.6155,-0.007,-1233.8
8.9618,9.0892,17.956,-0.38003,-8.6296,-0.0050597,-0.0049392,-1.6148,-0.0065,-1328.9
9.0018,9.1164,17.592,-0.32689,-8.6333,-0.0040482,-0.0039518,-1.6087,-0.0036,-2399.9
9.0418,9.1248,17.239,-0.3028,-8.6498,-0.0038456,-0.0037534,-1.6058,-0.0023,-3763.1
9.0818,9.1117,16.9,-0.30793,-8.646,-0.0036435,-0.0035558,-1.6064,-0.0025,-3460.6
9.1218,9.1349,16.562,-0.27001,-8.6418,-0.0028341,-0.002766,-1.6021,-0.0006,-14410
9.1618,9.1479,16.228,-0.24608,-8.6312,-0.0022265,-0.0021728,-1.5993,0.0006,14391
9.2018,9.1594,15.877,-0.22169,-8.6389,-0.0018222,-0.0017777,-1.5965,0.0018,4801
9.2419,9.1861,15.529,-0.18046,-8.6422,-0.0011139,-0.0010867,-1.5917,0.0039,2216.4
9.2819,9.1966,15.169,-0.16487,-8.653,-0.00091137,-0.0008882,-1.5898,0.0046,1881.4
9.3219,9.1973,14.825,-0.15736,-8.6547,-0.00080939,-0.00078982,-1.589,0.0049,1766.5
9.3619,9.2458,14.477,-0.096651,-8.6545,0.00020212,0.00019756,-1.582,0.0078,1109.6
9.4019,9.2858,14.158,-0.044623,-8.6271,0.00091137,0.0008882,-1.576,0.0102,845.8
9.4419,9.2811,13.795,-0.042458,-8.6313,0.00091137,0.0008882,-1.5757,0.0102,846.22
9.4819,9.3053,13.452,-0.0092612,-8.633,0.0014176,0.0013817,-1.5719,0.0117,737.86
9.5219,9.3143,13.098,0.007543,-8.6521,0.0018231,0.0017773,-1.5699,0.0123,703.42
9.5619,9.3091,12.751,0.0058132,-8.6548,0.0017221,0.0016785,-1.5701,0.012,721.23
9.6019,9.3045,12.385,-0.0144,-8.6723,0.0015186,0.0014805,-1.5725,0.0108,802.99
9.642,9.3341,12.035,0.027926,-8.6639,0.0020249,0.0019739,-1.5676,0.0127,682.2
9.682,9.3574,11.699,0.05065,-8.6493,0.0020258,0.0019735,-1.5649,0.0136,635.99
9.722,9.3729,11.341,0.09,-8.6592,0.0027345,0.0026655,-1.5604,0.0153,565.99
9.762,9.3709,10.982,0.083301,-8.6625,0.002532,0.002467,-1.5612,0.0147,589.31
9.802,9.3627,10.632,0.064732,-8.6708,0.0023299,0.0022695,-1.5633,0.0136,637.58
9.842,9.39,10.282,0.10019,-8.6591,0.0025329,0.0024666,-1.5592,0.0151,573.49
9.882,9.4126,9.9324,0.12628,-8.6521,0.002735,0.0026642,-1.5562,0.0161,537.45
9.922,9.4191,9.5793,0.1335,-8.6672,0.0030391,0.0029601,-1.5554,0.0162,535.08
9.962,9.4532,9.2248,0.1608,-8.6694,0.0033441,0.0032557,-1.5522,0.0172,504.12
10.002,9.4639,8.8767,0.16621,-8.6736,0.0034461,0.003354,-1.5516,0.0172,504.37
10.042,9.4681,8.529,0.17335,-8.6776,0.0035472,0.0034528,-1.5508,0.0172,504.61
10.082,9.4918,8.1717,0.20635,-8.6933,0.004358,0.0042409,-1.547,0.0185,470.04
10.122,9.5086,7.8147,0.19921,-8.6987,0.0041559,0.0040434,-1.5479,0.0178,488.82
10.162,9.5282,7.4631,0.22464,-8.6923,0.0042578,0.0041417,-1.5449,0.0187,464.98
10.202,9.5655,7.1114,0.25028,-8.6913,0.0043598,0.0042401,-1.542,0.0196,443.62
10.242,9.6024,6.7781,0.28424,-8.6951,0.0048665,0.0047323,-1.5381,0.0209,416.26
10.282,9.604,6.4199,0.28941,-8.702,0.0048684,0.0047315,-1.5375,0.0208,418.6
10.322,9.5996,6.0884,0.27995,-8.6994,0.0042607,0.0041383,-1.5386,0.02,435.19
10.362,9.6199,5.7523,0.30276,-8.6975,0.0043632,0.0042354,-1.536,0.0207,420.42
10.402,9.6479,5.4183,0.32552,-8.6929,0.004365,0.0042346,-1.5333,0.0214,406.49
10.442,9.6697,5.0785,0.33403,-8.6946,0.004162,0.0040374,-1.5324,0.0214,406.59
10.482,9.6841,4.7426,0.33933,-8.6906,0.0037559,0.0036431,-1.5317,0.0213,408.32
10.522,9.6976,4.4033,0.35558,-8.6878,0.0035529,0.0034459,-1.5299,0.0217,400.69
10.562,9.6586,4.0436,0.29749,-8.7227,0.0034527,0.0033468,-1.5367,0.0184,474.33
10.602,9.6639,3.7003,0.2989,-8.7243,0.0032497,0.0031496,-1.5365,0.0182,479.64
10.642,9.6503,3.3405,0.26855,-8.7538,0.0035543,0.0034442,-1.5401,0.0162,540.61
10.682,9.6332,2.9712,0.24341,-8.7931,0.0042659,0.0041327,-1.5431,0.0146,602.5
10.722,9.621,2.6027,0.22163,-8.8347,0.0049775,0.0048213,-1.5457,0.0132,669.5
******-------------------------------------------------------------------------------------------------------------------****** 
TargetID: ID02
Relevancy: 0
tj = Inf
Label: -1
Comment: Target is irrelevant as it is not crossing the estimated holding line
DATA:
12.002,9.7855,-5.5241,0.050092,-5.1111,-0.065212,-0.062746,-1.5588,0.001,5111.3
12.042,9.7678,-5.8131,0.031651,-5.1817,-0.052209,-0.050236,-1.563,-0.0018,-2878.8
12.082,9.7531,-6.0678,0.010817,-5.2441,-0.040213,-0.038695,-1.5675,-0.0047,-1115.8
12.122,9.7469,-6.3383,-0.0081406,-5.3258,-0.030143,-0.029005,-1.5714,-0.0074,-719.7
12.162,9.7319,-6.5979,-0.032624,-5.406,-0.020374,-0.0196,-1.5762,-0.0101,-535.25
12.202,9.7141,-6.8873,-0.05478,-5.484,-0.012839,-0.01235,-1.5804,-0.0127,-431.83
12.242,9.6695,-7.1695,-0.10005,-5.601,-0.001835,-0.0017645,-1.5886,-0.0178,-314.71
12.282,9.6456,-7.4976,-0.1303,-5.7985,0.0025489,0.0024509,-1.5933,-0.0209,-277.51
12.323,9.6101,-7.8069,-0.17578,-5.9572,0.0064229,0.0061766,-1.6004,-0.0251,-237.44
12.362,9.58,-8.0891,-0.21179,-6.064,0.0074438,0.0071555,-1.6059,-0.0279,-217.48
12.402,9.5067,-8.4122,-0.27743,-6.2384,0.0066288,0.0063703,-1.6154,-0.0329,-189.8
12.442,9.4863,-8.733,-0.30373,-6.3591,0.0031614,0.0030376,-1.6186,-0.0345,-184.53
12.483,9.433,-9.0806,-0.36446,-6.5543,-0.0036714,-0.0035273,-1.6263,-0.0383,-171.39
12.523,9.4237,-9.3429,-0.37451,-6.5578,-0.0038759,-0.0037227,-1.6278,-0.0383,-171.5
12.563,9.3661,-9.6872,-0.43064,-6.7529,-0.014178,-0.013612,-1.6342,-0.0417,-162.27
12.603,9.3404,-10.037,-0.46812,-6.9377,-0.024479,-0.023497,-1.6378,-0.0435,-159.85
12.643,9.3086,-10.352,-0.50797,-7.0647,-0.033048,-0.031713,-1.6421,-0.0452,-156.7
12.683,9.2817,-10.714,-0.54336,-7.2521,-0.044575,-0.042764,-1.6449,-0.0463,-157.07
12.723,9.2689,-11.072,-0.55462,-7.4028,-0.051616,-0.049507,-1.6448,-0.0458,-162.09
12.763,9.2498,-11.44,-0.58317,-7.5754,-0.061508,-0.058992,-1.6468,-0.0463,-164.1
12.803,9.2488,-11.813,-0.58936,-7.7495,-0.068352,-0.065529,-1.6458,-0.0455,-170.81
12.843,9.2192,-12.119,-0.60611,-7.8282,-0.074476,-0.071461,-1.6481,-0.0464,-169.22
12.883,9.2018,-12.432,-0.62505,-7.8787,-0.07683,-0.073705,-1.65,-0.0464,-170.33
12.923,9.1627,-12.803,-0.67431,-8.0232,-0.08681,-0.083098,-1.6536,-0.0474,-169.86
12.963,9.1246,-13.125,-0.69504,-8.0768,-0.089279,-0.085426,-1.6555,-0.0474,-171.03
13.003,9.127,-13.514,-0.68253,-8.2072,-0.089905,-0.086118,-1.6527,-0.0449,-183.42
13.043,9.138,-13.896,-0.66687,-8.3374,-0.0892,-0.085426,-1.6495,-0.0425,-196.8
13.083,9.1426,-14.289,-0.64896,-8.459,-0.086558,-0.08288,-1.6464,-0.0397,-213.7
13.123,9.1322,-14.683,-0.64316,-8.5848,-0.085853,-0.082189,-1.6446,-0.0377,-228.35
******-------------------------------------------------------------------------------------------------------------------****** 
