******-------------------------------------------------------------------------------------------------------------------****** 
Duration of the scene is: 24.9268 seconds
Original Targets Numbers in the hole Scene: 10
Number of Targets in the hole Scene after preprocessing: 20
Number of static portions: 1
******-------------------------------------------------------------------------------------------------------------------****** 
TargetID: ID01
Relevancy: 0
tj = Inf
Label: -1
Comment: Target is irrelevant as it is not crossing the estimated holding line
DATA:
5.6416,13.024,18.41,NaN,NaN,NaN,NaN,-1.6352,NaN,NaN
5.6817,13.028,18.324,-0.13738,-2.1302,NaN,NaN,-1.6352,0,Inf
5.7207,13.008,18.239,-4.1255,-63.968,929.58,396.91,-1.6352,14.073,4.5548
5.7619,13.011,18.155,-1.5661,-24.283,-85.01,142.75,-1.6352,-3.8639,-6.2975
5.8007,13.005,18.069,NaN,NaN,NaN,NaN,-1.6352,NaN,NaN
5.8408,12.995,17.984,-0.13647,-2.116,NaN,NaN,-1.6352,0,Inf
5.8809,12.994,17.899,-4.2561,-65.993,934.08,402.82,-1.6352,13.704,4.8258
5.9209,12.981,17.814,-0.1393,-2.16,102.92,1595.8,-1.6352,0,Inf
5.9608,12.983,17.728,-0.13789,-2.138,0.035471,0.55,-1.6352,-0,-Inf
6.0019,12.97,17.643,-0.13473,-2.089,0.076945,1.1931,-1.6352,0,Inf
6.0409,12.97,17.558,-0.14017,-2.1734,-0.13948,-2.1627,-1.6352,0,Inf
6.0809,12.959,17.473,-1.3944,-21.62,-52.338,-485.93,-1.6352,-0.96723,-22.399
6.1209,12.96,17.388,-0.13663,-2.1186,31.436,487.43,-1.6352,0,Inf
6.1609,12.949,17.303,-0.13895,-2.1545,-0.057817,-0.89649,-1.6352,0,Inf
6.2009,12.957,17.132,-0.13895,-2.1545,NaN,NaN,-1.6405,NaN,NaN
6.242,12.966,16.956,-0.13895,-2.1545,NaN,NaN,-1.646,NaN,NaN
6.281,12.974,16.79,-0.13895,-2.1545,NaN,NaN,-1.6511,NaN,NaN
6.3218,12.982,16.615,-0.13895,-2.1545,NaN,NaN,-1.6566,NaN,NaN
6.3611,12.99,16.447,-0.13895,-2.1545,NaN,NaN,-1.6618,NaN,NaN
6.401,12.998,16.277,-0.13895,-2.1545,NaN,NaN,-1.6671,NaN,NaN
6.441,13.007,16.106,-0.13895,-2.1545,NaN,NaN,-1.6724,NaN,NaN
6.481,13.015,15.935,-0.13895,-2.1545,NaN,NaN,-1.6777,NaN,NaN
6.5218,13.023,15.76,-0.13895,-2.1545,NaN,NaN,-1.6831,NaN,NaN
6.5612,13.031,15.592,-0.13895,-2.1545,NaN,NaN,-1.6883,NaN,NaN
6.601,13.039,15.422,-0.13895,-2.1545,NaN,NaN,-1.6936,NaN,NaN
6.6412,13.048,15.25,-0.13895,-2.1545,NaN,NaN,-1.699,NaN,NaN
6.6811,13.056,15.08,-0.13895,-2.1545,NaN,NaN,-1.7043,NaN,NaN
6.7211,13.064,14.909,-0.13895,-2.1545,NaN,NaN,-1.7096,NaN,NaN
6.7611,13.072,14.738,-0.13895,-2.1545,NaN,NaN,-1.7149,NaN,NaN
6.8011,13.081,14.567,-0.13895,-2.1545,NaN,NaN,-1.7202,NaN,NaN
6.8411,13.089,14.396,-0.13895,-2.1545,NaN,NaN,-1.7255,NaN,NaN
6.882,13.097,14.221,-0.13895,-2.1545,NaN,NaN,-1.7309,NaN,NaN
6.9211,13.105,14.054,-0.13895,-2.1545,NaN,NaN,-1.7361,NaN,NaN
6.9613,13.113,13.882,-0.13895,-2.1545,NaN,NaN,-1.7415,NaN,NaN
7.0011,13.122,13.712,-0.13895,-2.1545,NaN,NaN,-1.7468,NaN,NaN
7.0412,13.13,13.541,-0.13895,-2.1545,NaN,NaN,-1.7521,NaN,NaN
7.0812,13.138,13.37,NaN,NaN,NaN,NaN,-1.7574,NaN,NaN
7.1212,NaN,NaN,NaN,NaN,NaN,NaN,-2.1724,NaN,NaN
7.1612,NaN,NaN,NaN,NaN,NaN,NaN,-1.9512,NaN,NaN
7.2012,NaN,NaN,NaN,NaN,NaN,NaN,-1.7533,NaN,NaN
7.2412,NaN,NaN,NaN,NaN,NaN,NaN,-1.7533,NaN,NaN
7.2812,NaN,NaN,NaN,NaN,NaN,NaN,-1.2356,NaN,NaN
7.3213,NaN,NaN,NaN,NaN,NaN,NaN,-1.3692,NaN,NaN
7.3613,NaN,NaN,NaN,NaN,NaN,NaN,-1.5622,NaN,NaN
7.4013,NaN,NaN,NaN,NaN,NaN,NaN,-1.6844,2.7966,NaN
7.4414,NaN,NaN,NaN,NaN,NaN,NaN,-1.6075,NaN,NaN
7.4813,NaN,NaN,NaN,NaN,NaN,NaN,-1.64,NaN,NaN
7.5215,NaN,NaN,NaN,NaN,NaN,NaN,-1.4802,NaN,NaN
7.5613,NaN,NaN,NaN,NaN,NaN,NaN,-1.5484,NaN,NaN
7.6014,NaN,NaN,NaN,NaN,NaN,NaN,-1.5013,NaN,NaN
7.6414,NaN,NaN,NaN,NaN,NaN,NaN,-1.3951,NaN,NaN
7.6814,NaN,NaN,NaN,NaN,NaN,NaN,-1.3502,NaN,NaN
7.7214,NaN,NaN,NaN,NaN,NaN,NaN,-1.2952,1.3753,NaN
7.7614,NaN,NaN,NaN,NaN,NaN,NaN,-1.2689,0.65647,NaN
7.8014,NaN,NaN,NaN,NaN,NaN,NaN,-1.2219,14.368,NaN
7.8414,NaN,NaN,NaN,NaN,NaN,NaN,-1.1624,1.4871,NaN
7.8814,NaN,NaN,NaN,NaN,NaN,NaN,-1.2519,-2.2355,NaN
7.9215,NaN,NaN,NaN,NaN,NaN,NaN,-1.3092,-1.4314,NaN
7.9614,NaN,NaN,NaN,NaN,NaN,NaN,-1.3093,NaN,NaN
8.0015,NaN,NaN,NaN,NaN,NaN,NaN,-1.3092,0.002497,NaN
8.0415,NaN,NaN,NaN,NaN,NaN,NaN,-1.5041,-4.8681,NaN
8.0815,NaN,NaN,NaN,NaN,NaN,NaN,-1.3996,2.6126,NaN
8.1215,NaN,NaN,NaN,NaN,NaN,NaN,-1.3566,1.0757,NaN
8.1616,NaN,NaN,NaN,NaN,NaN,NaN,-1.3297,0.67121,NaN
8.2015,NaN,NaN,NaN,NaN,NaN,NaN,-1.2997,0.75023,NaN
8.2416,NaN,NaN,NaN,NaN,NaN,NaN,-1.3545,-1.3673,NaN
8.2839,NaN,NaN,NaN,NaN,NaN,NaN,-1.3545,0,NaN
8.3216,NaN,NaN,NaN,NaN,NaN,NaN,-1.4699,-0.24731,NaN
8.3616,NaN,NaN,NaN,NaN,NaN,NaN,-1.6058,-3.3939,NaN
8.4016,NaN,NaN,NaN,NaN,NaN,NaN,-1.6559,-1.2518,NaN
8.4416,NaN,NaN,NaN,NaN,NaN,NaN,-1.7059,-1.2504,NaN
8.4816,NaN,NaN,NaN,NaN,NaN,NaN,-1.7114,-0.13746,NaN
8.5216,NaN,NaN,NaN,NaN,NaN,NaN,-1.7357,-0.6078,NaN
8.5617,NaN,NaN,NaN,NaN,NaN,NaN,-1.6824,1.3278,NaN
8.6017,NaN,NaN,NaN,NaN,NaN,NaN,-1.585,2.4391,NaN
8.6418,NaN,NaN,NaN,NaN,NaN,NaN,-1.585,0,NaN
8.6817,NaN,NaN,NaN,NaN,NaN,NaN,-1.585,0,NaN
8.7218,NaN,NaN,NaN,NaN,NaN,NaN,-1.5851,NaN,NaN
8.7617,NaN,NaN,NaN,NaN,NaN,NaN,-1.5851,0,NaN
******-------------------------------------------------------------------------------------------------------------------****** 
TargetID: ID03
Target can not be processed due to lack of Data
******-------------------------------------------------------------------------------------------------------------------****** 
TargetID: ID15
Relevancy: 0
tj = Inf
Label: -1
Comment: Target is irrelevant as it is not crossing the estimated holding line
DATA:
4.8005,12.738,19.037,NaN,NaN,NaN,NaN,-1.5721,NaN,NaN
4.8405,12.737,18.994,-0.029063,-1.0603,NaN,NaN,-1.5982,-0.65307,-1.6241
4.8814,12.852,18.854,1.3675,-4.2026,60.436,-66.529,-1.2562,8.3457,0.52955
4.9215,13.684,18.808,17.689,-10.955,539.93,94.512,-0.5545,17.525,1.1873
4.9606,13.163,18.784,7.3179,-11.15,-229.02,78.206,-0.99,-11.138,-1.1974
5.0006,13.618,18.699,8.6756,-7.6568,17.996,87.119,-0.7231,6.674,1.7338
5.0406,13.31,18.651,NaN,NaN,NaN,NaN,-1.0244,NaN,NaN
5.0805,13.29,18.491,NaN,NaN,NaN,NaN,-1.0923,NaN,NaN
5.1206,13.117,18.427,NaN,NaN,NaN,NaN,-1.3517,NaN,NaN
5.1606,13.102,18.307,NaN,NaN,NaN,NaN,-1.3969,NaN,NaN
5.2015,13.004,18.212,NaN,NaN,NaN,NaN,-1.5249,NaN,NaN
5.2415,12.95,18.123,NaN,NaN,NaN,NaN,-1.6076,NaN,NaN
5.2816,12.893,18.037,NaN,NaN,NaN,NaN,-1.6753,NaN,NaN
5.3207,12.898,17.965,NaN,NaN,NaN,NaN,-1.648,NaN,NaN
5.3617,12.715,17.996,NaN,NaN,NaN,NaN,-1.8617,NaN,NaN
5.4007,12.832,17.908,NaN,NaN,NaN,NaN,-1.7021,NaN,NaN
5.4417,13.036,17.794,NaN,NaN,NaN,NaN,-1.471,NaN,NaN
5.4807,13.055,17.713,NaN,NaN,NaN,NaN,-1.4711,NaN,NaN
5.5218,13.05,17.632,7.734,-77.318,NaN,NaN,-1.4711,1.8532,41.93
5.5607,13.069,17.55,0.21551,-2.1545,-193.21,1931.5,-1.4711,0,Inf
5.6009,13.026,17.432,0.12153,-3.1228,-3.7991,-24.074,-1.5319,-1.5143,-2.0638
5.6416,13.019,17.347,0.081322,-2.0843,-0.98899,25.48,-1.5318,0.002454,850
5.6817,13.058,17.235,NaN,NaN,NaN,NaN,-1.5179,NaN,NaN
5.7207,13.099,17.157,2.8308,-29.836,189.04,-698.94,-1.4762,4.0766,7.3517
5.7619,12.986,17.12,0.11409,-27.187,41.558,897.24,-1.5666,1.6671,16.308
5.8007,13.013,17.028,0.69833,-28.975,68.835,-117.99,-1.5467,2.2762,12.734
5.8408,12.969,16.973,-0.23357,-86.389,1316,-16.433,-1.5735,15.234,5.6709
5.8809,12.931,16.94,-0.03267,-1.2708,53.895,2124.7,-1.5965,-0.57431,-2.2134
5.9209,12.922,16.856,-0.054016,-2.101,-0.53364,-20.757,-1.5965,0,Inf
5.9608,12.926,16.773,-0.053768,-2.0914,0.0061946,0.24095,-1.5965,-0,-Inf
6.0019,12.917,16.69,-0.052187,-2.0299,0.038552,1.4995,-1.5965,0,Inf
6.0409,12.92,16.607,-0.054696,-2.1275,-0.064334,-2.5023,-1.5965,0,Inf
6.0809,12.913,16.525,NaN,NaN,NaN,NaN,-1.5965,NaN,NaN
6.1209,12.917,16.442,NaN,NaN,NaN,NaN,-1.5965,NaN,NaN
6.1609,12.909,16.358,NaN,NaN,NaN,NaN,-1.5965,NaN,NaN
6.2009,12.906,16.275,NaN,NaN,NaN,NaN,-1.5965,NaN,NaN
6.242,12.904,16.192,NaN,NaN,NaN,NaN,-1.5965,NaN,NaN
6.281,12.897,16.109,NaN,NaN,NaN,NaN,-1.5965,NaN,NaN
6.3218,12.903,16.025,NaN,NaN,NaN,NaN,-1.5965,NaN,NaN
6.3611,12.89,15.942,NaN,NaN,NaN,NaN,-1.5965,NaN,NaN
6.401,12.901,15.86,NaN,NaN,NaN,NaN,-1.5965,NaN,NaN
******-------------------------------------------------------------------------------------------------------------------****** 
TargetID: ID04
Target can not be processed due to lack of Data
******-------------------------------------------------------------------------------------------------------------------****** 
TargetID: ID18
Target can not be processed due to lack of Data
******-------------------------------------------------------------------------------------------------------------------****** 
TargetID: ID19
Target can not be processed due to lack of Data
******-------------------------------------------------------------------------------------------------------------------****** 
TargetID: ID20
Target can not be processed due to lack of Data
******-------------------------------------------------------------------------------------------------------------------****** 
TargetID: ID21
Target can not be processed due to lack of Data
******-------------------------------------------------------------------------------------------------------------------****** 
TargetID: ID23
Relevancy: 0
tj = Inf
Label: -1
Comment: Target is irrelevant as it is not crossing the estimated holding line
DATA:
7.2412,13.815,14.464,NaN,NaN,NaN,NaN,-1.7961,NaN,NaN
7.2812,13.798,14.398,-0.381,-1.6623,NaN,NaN,-1.7961,0,Inf
7.3213,13.797,14.331,-0.3731,-1.6279,0.19719,0.86037,-1.7961,-0,-Inf
7.3613,13.776,14.264,-0.38866,-1.6958,-0.38858,-1.6954,-1.7961,0,Inf
7.4013,13.755,14.198,NaN,NaN,NaN,NaN,-1.7961,NaN,NaN
7.4414,13.735,14.131,NaN,NaN,NaN,NaN,-1.7961,-2.7876,NaN
7.4813,13.721,14.065,-0.3767,-1.6436,NaN,NaN,-1.7961,0,Inf
7.5215,13.719,13.999,-0.36944,-1.6119,0.18049,0.78748,-1.7961,0,Inf
7.5613,13.699,13.932,-0.38948,-1.6994,-0.50297,-2.1945,-1.7961,0,Inf
7.6014,13.678,13.866,-0.38703,-1.6887,0.061237,0.26718,-1.7961,0,Inf
7.6414,13.659,13.799,-0.38898,-1.6972,-0.048744,-0.21268,-1.7961,-0,-Inf
7.6814,13.644,13.732,-0.38116,-1.663,0.1957,0.85387,-1.7961,0,Inf
7.7214,13.641,13.667,-0.36867,-1.6086,0.31222,1.3623,-1.7961,0,Inf
7.7614,13.622,13.6,-0.38867,-1.6958,-0.49921,-2.1781,-1.7961,0,Inf
7.8014,13.621,13.551,-0.38867,-1.6958,NaN,NaN,-1.7981,-0.26933,-6.4598
7.8414,13.62,13.502,-0.38867,-1.6958,NaN,NaN,-1.8001,-0.53898,-3.228
7.8814,13.619,13.454,-0.38867,-1.6958,NaN,NaN,-1.8021,-0.80878,-2.1511
7.9215,13.618,13.405,-0.38867,-1.6958,NaN,NaN,-1.8041,-1.0786,-1.6131
7.9614,13.617,13.356,-0.38867,-1.6958,NaN,NaN,-1.8061,-1.3479,-1.2907
8.0015,13.616,13.308,-0.38867,-1.6958,NaN,NaN,-1.8081,-1.6178,-1.0754
8.0415,13.615,13.259,-0.38867,-1.6958,NaN,NaN,-1.8102,-1.8876,-0.92171
8.0815,13.614,13.21,-0.38867,-1.6958,NaN,NaN,-1.8122,-2.1571,-0.80653
8.1215,13.613,13.162,-0.38867,-1.6958,NaN,NaN,-1.8142,-2.4265,-0.71699
8.1616,13.612,13.113,-0.38867,-1.6958,NaN,NaN,-1.8162,-2.6966,-0.64518
8.2015,13.611,13.064,-0.38867,-1.6958,NaN,NaN,-1.8182,-2.9661,-0.58656
8.2416,13.61,13.015,-0.38867,-1.6958,NaN,NaN,-1.8202,-3.2362,-0.5376
8.2839,13.609,12.964,-0.38867,-1.6958,NaN,NaN,-1.8223,-3.5214,-0.49406
8.3216,13.608,12.918,-0.38867,-1.6958,NaN,NaN,-1.8242,-3.7748,-0.46089
8.3616,13.607,12.87,-0.38867,-1.6958,NaN,NaN,-1.8262,-4.0447,-0.43014
8.4016,13.606,12.821,-0.38867,-1.6958,NaN,NaN,-1.8282,-4.3144,-0.40325
8.4416,13.605,12.772,-0.38867,-1.6958,NaN,NaN,-1.8302,-4.5839,-0.37955
8.4816,13.604,12.724,-0.38867,-1.6958,NaN,NaN,-1.8322,-4.8535,-0.35846
8.5216,13.603,12.675,-0.38867,-1.6958,NaN,NaN,-1.8343,-5.123,-0.33961
8.5617,13.602,12.626,-0.38867,-1.6958,NaN,NaN,-1.8363,-5.3935,-0.32257
8.6017,13.601,12.577,-0.38867,-1.6958,NaN,NaN,-1.8383,-5.6626,-0.30724
8.6418,13.6,12.529,-0.38867,-1.6958,NaN,NaN,-1.8403,-5.9328,-0.29325
8.6817,13.599,12.48,-0.38867,-1.6958,NaN,NaN,-1.8423,-6.202,-0.28052
8.7218,13.598,12.431,NaN,NaN,NaN,NaN,-1.8443,-6.472,NaN
8.7617,13.573,12.353,-0.5589,-1.9923,NaN,NaN,-1.8443,0,Inf
8.8018,13.547,12.274,-0.55739,-1.9869,0.037814,0.1348,-1.8443,0,Inf
8.8417,13.522,12.195,-0.55801,-1.9891,-0.015505,-0.055269,-1.8443,0,Inf
8.8818,13.496,12.117,-0.55609,-1.983,0.047878,0.15171,-1.8442,0.002495,825.45
8.9218,13.471,12.038,NaN,NaN,NaN,NaN,-1.8442,NaN,NaN
8.9618,13.447,11.959,NaN,NaN,NaN,NaN,-1.8443,NaN,NaN
9.0018,13.422,11.88,NaN,NaN,NaN,NaN,-1.8443,NaN,NaN
9.0419,13.397,11.802,NaN,NaN,NaN,NaN,-1.8443,NaN,NaN
9.0818,13.373,11.723,NaN,NaN,NaN,NaN,-1.8443,NaN,NaN
9.1218,13.349,11.644,NaN,NaN,NaN,NaN,-1.8443,NaN,NaN
9.1618,13.325,11.566,NaN,NaN,NaN,NaN,-1.8443,NaN,NaN
9.2018,13.301,11.487,NaN,NaN,NaN,NaN,-1.8443,NaN,NaN
9.2418,13.277,11.408,NaN,NaN,NaN,NaN,-1.8443,NaN,NaN
******-------------------------------------------------------------------------------------------------------------------****** 
TargetID: ID24
Target can not be processed due to lack of Data
******-------------------------------------------------------------------------------------------------------------------****** 
TargetID: ID25
Relevancy: 0
tj = Inf
Label: -1
Comment: Target is irrelevant as it is not crossing the estimated holding line
DATA:
19.245,4.496,51.521,NaN,NaN,NaN,NaN,-1.221,NaN,NaN
19.285,3.545,51.076,NaN,NaN,NaN,NaN,-2.2272,NaN,NaN
19.325,4.4079,51.06,NaN,NaN,NaN,NaN,-1.1979,NaN,NaN
19.365,4.4849,50.876,NaN,NaN,NaN,NaN,-1.1978,NaN,NaN
19.405,4.4021,50.741,NaN,NaN,NaN,NaN,-1.3196,NaN,NaN
19.445,4.9651,50.664,NaN,NaN,NaN,NaN,-0.9005,NaN,NaN
19.485,5.1815,50.485,NaN,NaN,NaN,NaN,-0.8464,NaN,NaN
19.525,5.3393,50.321,NaN,NaN,NaN,NaN,-0.8463,NaN,NaN
19.565,4.8518,49.979,NaN,NaN,NaN,NaN,-1.2388,NaN,NaN
19.605,4.6326,49.744,NaN,NaN,NaN,NaN,-1.4212,NaN,NaN
19.645,5.3522,49.69,NaN,NaN,NaN,NaN,-1.0273,NaN,NaN
19.685,5.4639,49.52,NaN,NaN,NaN,NaN,-1.0273,NaN,NaN
19.725,5.1515,49.282,NaN,NaN,NaN,NaN,-1.2194,NaN,NaN
19.765,4.6727,48.994,NaN,NaN,NaN,NaN,-1.493,NaN,NaN
19.805,4.9016,48.864,NaN,NaN,NaN,NaN,-1.3881,NaN,NaN
19.845,5.0023,48.658,NaN,NaN,NaN,NaN,-1.3785,NaN,NaN
19.885,4.9203,48.449,NaN,NaN,NaN,NaN,-1.425,NaN,NaN
19.925,4.8836,48.227,NaN,NaN,NaN,NaN,-1.4682,NaN,NaN
19.965,4.9266,48.033,NaN,NaN,NaN,NaN,-1.4646,NaN,NaN
20.005,4.8995,47.824,NaN,NaN,NaN,NaN,-1.4952,NaN,NaN
20.045,4.862,47.62,NaN,NaN,NaN,NaN,-1.52,NaN,NaN
20.085,4.7629,47.409,NaN,NaN,NaN,NaN,-1.5636,NaN,NaN
20.125,4.8203,47.25,NaN,NaN,NaN,NaN,-1.5439,NaN,NaN
20.165,4.8618,47.073,NaN,NaN,NaN,NaN,-1.5334,NaN,NaN
20.205,4.8063,46.865,NaN,NaN,NaN,NaN,-1.5632,NaN,NaN
20.245,4.7249,46.66,NaN,NaN,NaN,NaN,-1.5944,NaN,NaN
20.285,4.8453,46.513,NaN,NaN,NaN,NaN,-1.5555,NaN,NaN
20.325,4.7909,46.319,NaN,NaN,NaN,NaN,-1.5748,NaN,NaN
20.365,4.6998,46.111,NaN,NaN,NaN,NaN,-1.6112,NaN,NaN
20.406,4.8051,45.96,NaN,NaN,NaN,NaN,-1.5802,NaN,NaN
20.445,4.7926,45.78,NaN,NaN,NaN,NaN,-1.5875,NaN,NaN
20.485,4.7422,45.592,NaN,NaN,NaN,NaN,-1.6041,NaN,NaN
20.525,4.7339,45.412,NaN,NaN,NaN,NaN,-1.608,NaN,NaN
20.565,4.7701,45.246,NaN,NaN,NaN,NaN,-1.598,NaN,NaN
20.605,4.7908,45.077,NaN,NaN,NaN,NaN,-1.5935,NaN,NaN
20.645,4.7974,44.906,NaN,NaN,NaN,NaN,-1.5909,NaN,NaN
20.685,4.8431,44.739,NaN,NaN,NaN,NaN,-1.5806,NaN,NaN
20.726,4.8729,44.578,NaN,NaN,NaN,NaN,-1.5731,NaN,NaN
20.766,4.8358,44.397,NaN,NaN,NaN,NaN,-1.588,NaN,NaN
20.806,4.7998,44.217,NaN,NaN,NaN,NaN,-1.6027,NaN,NaN
20.846,4.9804,44.093,NaN,NaN,NaN,NaN,-1.5457,NaN,NaN
20.886,4.991,43.928,NaN,NaN,NaN,NaN,-1.5426,NaN,NaN
20.926,4.9514,43.751,NaN,NaN,NaN,NaN,-1.563,NaN,NaN
20.966,4.8176,43.579,NaN,NaN,NaN,NaN,-1.5951,NaN,NaN
21.006,4.8895,43.451,NaN,NaN,NaN,NaN,-1.5634,NaN,NaN
21.046,4.9856,43.31,NaN,NaN,NaN,NaN,-1.5358,NaN,NaN
21.086,5.0539,43.171,NaN,NaN,NaN,NaN,-1.5115,NaN,NaN
21.126,5.1658,43.039,NaN,NaN,NaN,NaN,-1.4763,NaN,NaN
21.166,5.1878,42.879,NaN,NaN,NaN,NaN,-1.4775,NaN,NaN
21.206,5.2242,42.725,NaN,NaN,NaN,NaN,-1.4706,NaN,NaN
21.246,5.2687,42.579,NaN,NaN,NaN,NaN,-1.4595,NaN,NaN
21.286,5.3339,42.434,NaN,NaN,NaN,NaN,-1.448,NaN,NaN
21.326,5.3138,42.267,NaN,NaN,NaN,NaN,-1.4662,NaN,NaN
21.366,5.3332,42.117,NaN,NaN,NaN,NaN,-1.464,NaN,NaN
21.406,5.4613,41.999,NaN,NaN,NaN,NaN,-1.4258,NaN,NaN
21.446,5.4728,41.848,NaN,NaN,NaN,NaN,-1.4298,NaN,NaN
21.486,5.5505,41.694,NaN,NaN,NaN,NaN,-1.4216,NaN,NaN
21.526,5.5711,41.547,NaN,NaN,NaN,NaN,-1.4211,NaN,NaN
21.566,5.6123,41.413,NaN,NaN,NaN,NaN,-1.4136,NaN,NaN
21.606,5.5706,41.244,NaN,NaN,NaN,NaN,-1.4458,NaN,NaN
21.646,5.5238,41.113,NaN,NaN,NaN,NaN,-1.4518,NaN,NaN
21.686,5.7025,41.019,NaN,NaN,NaN,NaN,-1.3819,NaN,NaN
21.726,5.7268,40.877,NaN,NaN,NaN,NaN,-1.3819,NaN,NaN
21.766,5.7535,40.735,NaN,NaN,NaN,NaN,-1.3806,NaN,NaN
21.806,5.8069,40.592,NaN,NaN,NaN,NaN,-1.3743,NaN,NaN
21.846,5.8359,40.454,NaN,NaN,NaN,NaN,-1.3751,NaN,NaN
21.886,6.0038,40.35,NaN,NaN,NaN,NaN,-1.3257,NaN,NaN
21.926,6.0289,40.208,NaN,NaN,NaN,NaN,-1.3344,NaN,NaN
21.966,6.0587,40.07,NaN,NaN,NaN,NaN,-1.3343,NaN,NaN
22.006,6.0712,39.933,NaN,NaN,NaN,NaN,-1.3413,NaN,NaN
22.046,6.3689,39.908,NaN,NaN,NaN,NaN,-1.2066,NaN,NaN
22.086,6.3265,39.764,1.2295,-3.5502,NaN,NaN,-1.2374,-0.77058,-4.8757
22.126,6.3988,39.641,1.2004,-3.3657,-0.76941,4.6034,-1.2282,0.22997,15.538
22.166,6.5585,39.556,1.7472,-4.1662,14.803,-19.387,-1.1737,1.3621,3.3169
22.206,6.6155,39.43,1.3363,-3.1865,-10.261,24.467,-1.1737,0,Inf
22.246,6.617,39.329,0.98418,-2.3226,-8.8689,21.528,-1.17,0.092352,27.315
22.286,6.4672,39.162,1.7864,-5.3229,14.372,-76.85,-1.247,-1.9281,-2.912
22.326,6.3755,38.999,1.255,-4.5068,-12.136,20.871,-1.2992,-1.3023,-3.5924
22.366,6.3594,38.861,0.85444,-3.3688,-9.3611,28.696,-1.3224,-0.5809,-5.9829
22.406,6.5337,38.77,1.4915,-4.674,17.924,-31.786,-1.2619,1.5109,3.2473
22.446,6.4882,38.619,1.0728,-3.8095,-9.6994,21.893,-1.2963,-0.85957,-4.6042
22.486,6.6034,38.508,1.1982,-3.8221,3.1601,-0.26352,-1.267,0.73312,5.4636
22.526,6.6842,38.374,1.1695,-3.715,-0.71979,2.6752,-1.2658,0.029981,129.91
22.566,6.7453,38.248,1.0724,-3.3454,-2.4766,9.2218,-1.2606,0.12995,27.033
22.606,6.7789,38.119,0.99697,-3.1569,-1.8576,4.7042,-1.2649,-0.10713,-30.902
22.646,6.8148,37.992,0.97872,-3.1662,-0.4585,-0.23257,-1.271,-0.15291,-21.674
22.686,6.8016,37.841,NaN,NaN,NaN,NaN,-1.3003,NaN,NaN
22.726,6.8917,37.733,1.0266,-3.3567,NaN,NaN,-1.274,0.65681,5.3443
22.766,6.8806,37.597,0.92536,-3.3127,-2.4998,1.1395,-1.2984,-0.61087,-5.6305
22.806,6.9852,37.496,1.1027,-3.4423,4.5605,-3.1254,-1.2608,0.93777,3.8545
22.846,7.0153,37.377,0.93141,-2.934,-4.2541,12.738,-1.2634,-0.065094,-47.289
22.886,7.0994,37.274,1.0942,-3.1453,4.2236,-5.1993,-1.236,0.68485,4.8628
22.926,7.0485,37.124,1.1256,-3.7871,0.07422,-16.143,-1.2819,-1.1461,-3.4472
22.966,7.2055,37.024,1.5432,-4.389,11.224,-14.658,-1.2327,1.2308,3.78
23.006,7.4512,36.969,2.6772,-5.6941,31.846,-30.28,-1.1313,2.5327,2.4844
23.046,7.489,36.853,1.2773,-2.7474,-34.644,73.744,-1.1356,-0.1074,-28.212
23.086,7.5227,36.735,1.2839,-2.7944,0.15989,-1.177,-1.1401,-0.11255,-27.324
23.126,7.5424,36.608,1.2921,-2.9431,0.14558,-3.7264,-1.1571,-0.42459,-7.5702
23.166,7.7081,36.524,2.1007,-4.1397,21.927,-28.882,-1.1012,1.3967,3.3238
23.206,7.7476,36.401,1.4384,-2.8959,-16.296,31.246,-1.1098,-0.21509,-15.033
23.246,7.825,36.291,193.66,-380.22,6305.9,-8593.3,-1.0997,4.0282,105.93
23.286,7.8866,36.152,1.6837,-3.4206,-4672.8,9490.6,-1.1134,-0.34271,-11.125
23.326,7.8523,36.004,1.5163,-3.4755,-4.1969,-1.2694,-1.1594,-1.1483,-3.3022
23.366,7.9338,35.883,1.4811,-3.3346,-0.90227,3.513,-1.1528,0.16484,22.135
23.406,7.909,35.749,1.2841,-3.158,-4.7778,4.5392,-1.1846,-0.79673,-4.2788
23.446,7.9278,35.626,1.1326,-2.8748,-3.6952,7.0904,-1.1955,-0.27154,-11.379
23.486,7.9716,35.504,1.1831,-3.0295,1.2529,-3.8805,-1.1985,-0.075167,-43.268
23.527,8.0064,35.386,1.1184,-2.859,-1.6115,4.2453,-1.1979,0.014938,205.51
23.566,8.1024,35.22,1.649,-4.4993,12.412,-41.403,-1.2195,-0.54119,-8.8545
23.606,8.2496,35.115,1.7284,-4.1893,1.7101,7.7479,-1.1795,1.0009,4.5278
23.646,8.2721,34.999,1.1078,-2.7151,-15.365,36.901,-1.1834,-0.097466,-30.087
23.687,8.3047,34.882,1.1387,-2.8158,0.76405,-2.5162,-1.1865,-0.077376,-39.254
23.727,8.2405,34.721,1.3707,-4.1033,3.857,-32.665,-1.2484,-1.5467,-2.7971
23.766,8.2579,34.597,0.9661,-2.9903,-9.8507,27.957,-1.2583,-0.24782,-12.681
23.806,8.2869,34.478,0.94993,-2.9192,-0.40823,1.7755,-1.2562,0.052517,58.455
23.847,8.4023,34.383,1.2779,-3.5052,8.7111,-14.381,-1.2212,0.87338,4.2718
23.886,8.4404,34.258,1.1103,-3.0626,-4.1751,11.086,-1.223,-0.045056,-72.303
23.927,8.3799,34.1,1.1887,-4.0589,0.444,-25.146,-1.2859,-1.5703,-2.6933
23.967,8.1109,33.925,1.2525,-7.933,-10.627,-97.949,-1.4142,-3.209,-2.5027
24.007,8.2892,33.891,1.2027,-4.3714,-10.959,87.609,-1.3023,2.7956,1.6218
24.047,8.3048,33.77,0.79356,-2.944,-10.046,35.745,-1.3075,-0.13003,-23.448
24.087,8.3951,33.669,0.98487,-3.2169,5.0021,-6.6717,-1.2737,0.84115,3.9996
24.127,8.4817,33.561,1.087,-3.2836,2.6014,-1.632,-1.2511,0.56572,6.114
24.167,8.4941,33.463,0.80362,-2.3632,-7.2787,22.976,-1.243,0.20273,12.312
24.207,8.5378,33.352,0.9651,-2.8066,4.0759,-11.077,-1.2396,0.085026,34.906
24.247,8.5365,33.224,0.97787,-3.0381,0.2088,-5.7946,-1.2594,-0.494,-6.4607
24.287,8.4068,33.039,1.1495,-5.5427,-2.2787,-63.532,-1.3663,-2.6734,-2.1174
24.327,8.4282,32.921,0.61735,-2.9295,-13.512,65.281,-1.3631,0.079994,37.426
24.367,8.4054,32.782,NaN,NaN,NaN,NaN,-1.3999,NaN,NaN
24.407,8.5033,32.69,NaN,NaN,NaN,NaN,-1.3502,NaN,NaN
24.447,8.6046,32.647,NaN,NaN,NaN,NaN,-1.2752,NaN,NaN
24.487,8.7953,32.571,NaN,NaN,NaN,NaN,-1.2008,NaN,NaN
24.527,8.9297,32.506,NaN,NaN,NaN,NaN,-1.1317,NaN,NaN
24.567,9.0817,32.442,NaN,NaN,NaN,NaN,-1.0707,NaN,NaN
24.607,9.2904,32.409,NaN,NaN,NaN,NaN,-0.9652,NaN,NaN
24.647,9.4281,32.341,NaN,NaN,NaN,NaN,-0.9231,NaN,NaN
24.687,9.6038,32.307,NaN,NaN,NaN,NaN,-0.8491,NaN,NaN
24.727,9.6358,32.225,NaN,NaN,NaN,NaN,-0.8506,NaN,NaN
24.767,9.613,32.119,NaN,NaN,NaN,NaN,-0.892,NaN,NaN
24.807,9.594,32.017,NaN,NaN,NaN,NaN,-0.9262,NaN,NaN
24.847,9.5212,31.882,NaN,NaN,NaN,NaN,-1.0007,NaN,NaN
24.887,9.5893,31.783,NaN,NaN,NaN,NaN,-1.0062,NaN,NaN
24.927,9.732,31.659,NaN,NaN,NaN,NaN,-1.0085,NaN,NaN
******-------------------------------------------------------------------------------------------------------------------****** 
TargetID: ID05
Target can not be processed due to lack of Data
******-------------------------------------------------------------------------------------------------------------------****** 
TargetID: ID06
Target can not be processed due to lack of Data
******-------------------------------------------------------------------------------------------------------------------****** 
TargetID: ID28
Target can not be processed due to lack of Data
******-------------------------------------------------------------------------------------------------------------------****** 
TargetID: ID29
Target can not be processed due to lack of Data
******-------------------------------------------------------------------------------------------------------------------****** 
TargetID: ID30
Target can not be processed due to lack of Data
******-------------------------------------------------------------------------------------------------------------------****** 
TargetID: ID31
Target can not be processed due to lack of Data
******-------------------------------------------------------------------------------------------------------------------****** 
TargetID: ID34
Target can not be processed due to lack of Data
******-------------------------------------------------------------------------------------------------------------------****** 
TargetID: ID36
Target can not be processed due to lack of Data
******-------------------------------------------------------------------------------------------------------------------****** 
TargetID: ID14
Relevancy: 0
tj = Inf
Label: -1
Comment: Target is irrelevant as it is not crossing the estimated holding line
DATA:
6.481,33.669,3.1786,NaN,NaN,NaN,NaN,-2.9487,NaN,NaN
6.5218,33.499,2.9649,NaN,NaN,NaN,NaN,-2.8693,NaN,NaN
6.5612,33.371,2.6669,NaN,NaN,NaN,NaN,-2.7635,NaN,NaN
6.601,33.167,2.8717,NaN,NaN,NaN,NaN,-2.8738,NaN,NaN
6.6412,32.97,2.8743,NaN,NaN,NaN,NaN,-2.8934,NaN,NaN
6.6811,33.414,2.4324,-4.2212,-1.8353,0.00079452,0.00080568,-2.7315,-0,-Inf
6.7211,33.247,2.3875,-4.218,-1.7632,0.022635,0.022964,-2.7457,-0.0002,-22859
6.7611,33.05,2.3425,-4.223,-1.6959,0.059466,0.060332,-2.7597,-0.0013,-3500.6
6.8011,32.867,2.336,-4.2162,-1.5283,0.12687,0.12873,-2.7938,-0.0111,-404.02
6.8411,32.694,2.3332,-4.195,-1.3639,0.24132,0.2449,-2.8272,-0.0255,-172.99
6.882,32.511,2.3262,-4.1721,-1.2292,0.31608,0.32102,-2.8564,-0.044,-98.85
6.9211,32.324,2.3491,-4.1581,-1.0131,0.37939,0.38516,-2.9026,-0.0839,-51.011
6.9613,32.163,2.3476,-4.1462,-0.89654,0.38851,0.39486,-2.9303,-0.109,-38.918
7.0011,31.997,2.3167,-4.1921,-0.65719,0.36239,0.36832,-2.6038,-0.12252,-34.634
7.0412,31.828,2.2948,-4.2334,-0.43402,0.3361,0.34162,-2.2753,-0.13612,-31.263
7.0812,31.658,2.2816,-4.2696,-0.22899,0.30988,0.31499,-1.9475,-0.14969,-28.563
7.1212,31.486,2.2763,-4.3008,-0.041412,0.28364,0.28833,-1.6195,-0.16328,-26.342
7.1612,31.314,2.2781,-4.3271,0.12833,0.25743,0.26171,-1.2919,-0.17684,-24.48
7.2012,31.14,2.2863,-4.3484,0.28059,0.2312,0.23507,-0.96413,-0.19041,-22.884
7.2412,30.966,2.3003,-4.3647,0.4152,0.20499,0.20844,-0.63644,-0.20398,-21.494
7.2812,30.791,2.3193,-4.3761,0.53228,0.17875,0.1818,-0.30857,-0.21756,-20.263
7.3213,30.616,2.3427,-4.3826,0.63181,0.1525,0.15513,0.019544,-0.23114,-19.156
7.3613,30.44,2.3697,-4.384,0.7137,0.12625,0.12847,0.34764,-0.24473,-18.15
7.4013,30.265,2.3995,-4.3805,0.77781,0.10007,0.10187,0.6749,-0.25828,-17.226
7.4414,30.09,2.4317,-4.372,0.8245,0.073803,0.075193,1.0032,-0.27187,-16.365
7.4813,29.915,2.4652,-4.3587,0.85346,0.04763,0.048608,1.3303,-0.28542,-15.561
7.5215,29.741,2.4998,-4.3402,0.8649,0.021282,0.021845,1.6597,-0.29906,-14.798
7.5613,29.568,2.5342,-4.3169,0.85871,-0.0048358,-0.0046839,1.9861,-0.31257,-14.082
7.6014,29.396,2.5682,-4.2886,0.83489,-0.03109,-0.031351,2.3143,-0.32616,-13.396
7.6414,29.225,2.6009,-4.2553,0.79346,-0.057326,-0.058001,2.6422,-0.33974,-12.741
7.6814,29.055,2.6314,-4.2171,0.73449,-0.08353,-0.084617,2.9697,-0.3533,-12.116
7.7214,28.89,2.6531,-4.2295,0.76243,-0.090846,-0.092257,2.9633,-0.3448,-12.464
7.7614,28.721,2.6578,-4.2134,0.74985,-0.064631,-0.06562,2.9655,-0.3277,-13.06
7.8014,28.548,2.69,-4.2058,0.80544,-0.064433,-0.065419,2.9524,-0.3277,-13.068
7.8414,28.375,2.7236,-4.1976,0.86104,-0.064136,-0.065117,2.9393,-0.3277,-13.076
7.8814,28.21,2.7585,-4.1885,0.91674,-0.063839,-0.064815,2.9261,-0.3277,-13.084
7.9215,28.055,2.7988,-4.1789,0.97183,-0.063635,-0.06462,2.9131,-0.3277,-13.093
7.9614,27.883,2.838,-4.1683,1.0274,-0.063239,-0.064217,2.8999,-0.3277,-13.101
8.0015,27.712,2.8815,-4.1571,1.0826,-0.062942,-0.063915,2.8868,-0.3277,-13.109
8.0415,27.548,2.927,-4.1452,1.1377,-0.062645,-0.063613,2.8737,-0.3277,-13.117
8.0815,27.377,2.9749,-4.1326,1.1925,-0.062347,-0.06331,2.8607,-0.3277,-13.126
8.1215,27.226,3.0216,-4.1191,1.2478,-0.061957,-0.062901,2.8475,-0.3277,-13.134
8.1616,27.056,3.0749,-4.105,1.3021,-0.061654,-0.062605,2.8344,-0.3277,-13.142
8.2015,26.364,4.0299,-4.5823,3.4465,-1.3663,-1.3677,2.5026,-0.5706,-10.049
8.2416,26.134,4.0778,-4.6735,3.3686,-1.2295,-1.2353,2.5222,-0.5374,-10.72
8.2839,26.007,4.0155,-4.4957,2.7943,-0.57244,-0.57786,2.5883,-0.4661,-11.357
8.3216,25.806,4.013,-4.4662,2.5464,-0.27329,-0.2784,2.622,-0.4244,-12.114
8.3616,25.609,3.9498,-4.3262,2.136,0.21516,0.21886,2.6817,-0.3635,-13.273
8.4016,25.409,3.9386,-4.2522,1.9477,0.44349,0.45229,2.7093,-0.3302,-14.164
8.4416,25.218,3.8957,-4.1385,1.6784,0.7479,0.76557,2.7513,-0.2868,-15.572
8.4816,25.024,3.8886,-3.8667,1.5245,0.8895,0.86304,2.7725,-0.2616,-15.888
8.5216,24.843,3.8429,-3.9624,1.3233,1.1102,1.142,2.811,-0.2234,-18.7
8.5617,24.667,3.8362,-3.9052,1.2333,1.1728,1.2074,2.8267,-0.2044,-20.036
8.6017,24.475,3.8321,-4.1468,1.2286,1.1419,1.2308,2.8455,-0.1835,-23.57
8.6418,24.319,3.8036,-3.8494,1.0243,1.1713,1.2055,2.8722,-0.1572,-25.339
8.6817,24.138,3.8052,-3.8622,0.97956,1.0837,1.1139,2.8847,-0.1428,-27.903
8.7218,23.96,3.784,-3.8434,0.88661,1.0603,1.0893,2.9065,-0.122,-32.331
8.7617,23.792,3.7805,-3.6,0.84945,1.0193,0.97016,2.9184,-0.1092,-33.872
8.8018,23.615,3.7605,-3.8234,0.75136,0.96021,0.98487,2.9399,-0.09,-43.295
8.8417,23.433,3.761,-3.8572,0.71974,0.83475,0.85469,2.9506,-0.0794,-49.417
8.8818,23.253,3.7625,-3.8869,0.6837,0.72047,0.73672,2.962,-0.0688,-57.363
******-------------------------------------------------------------------------------------------------------------------****** 
