******-------------------------------------------------------------------------------------------------------------------****** 
Duration of the scene is: 29.9249 seconds
Original Targets Numbers in the hole Scene: 9
Number of Targets in the hole Scene after preprocessing: 12
Number of static portions: 1
******-------------------------------------------------------------------------------------------------------------------****** 
TargetID: ID03
Relevancy: 0
tj = Inf
Label: -1
Comment: Target is irrelevant as it is not crossing the estimated holding line
DATA:
9.5216,-2.153,36.411,NaN,NaN,NaN,NaN,-1.121,NaN,NaN
9.5616,NaN,NaN,NaN,NaN,NaN,NaN,-1.0536,NaN,NaN
9.6015,NaN,NaN,NaN,NaN,NaN,NaN,-1.2449,NaN,NaN
9.6416,NaN,NaN,NaN,NaN,NaN,NaN,-1.3974,NaN,NaN
9.6815,NaN,NaN,NaN,NaN,NaN,NaN,-0.9222,NaN,NaN
9.7219,NaN,NaN,NaN,NaN,NaN,NaN,-0.9505,NaN,NaN
9.7616,NaN,NaN,NaN,NaN,NaN,NaN,-0.829,NaN,NaN
9.8016,NaN,NaN,NaN,NaN,NaN,NaN,-0.829,NaN,NaN
9.8416,NaN,NaN,NaN,NaN,NaN,NaN,-0.8609,NaN,NaN
9.8817,NaN,NaN,NaN,NaN,NaN,NaN,-0.7152,NaN,NaN
9.9216,2.3848,33.609,9.8046,-7.4092,-0,0,-0.6471,0,Inf
9.9616,2.7924,33.313,9.8047,-7.409,-0,0,-0.6471,0,Inf
10.002,2.7349,33.093,9.0379,-7.0172,-0.42463,-0.42301,-0.6597,0.1575,72.649
10.042,1.5162,34.667,6.589,-6.4889,-0.70192,-0.7306,-0.7992,0.1758,52.604
10.082,2.1898,34.325,7.9247,-7.062,-0.073719,-0.073795,-0.7296,0.079,134.36
10.122,2.217,34.038,7.6309,-7.1716,0.21595,0.21333,-0.7494,0.0478,219.08
10.162,2.4417,33.766,7.5026,-7.277,0.39534,0.38723,-0.761,0.0252,414.76
10.202,2.5249,33.471,7.3421,-7.3101,0.47929,0.46746,-0.7719,0.0159,651.62
10.242,2.6296,33.184,7.0272,-7.236,0.26148,0.25753,-0.7935,-0.0155,-650.75
10.282,2.8776,32.908,6.9461,-7.14,-0.045316,-0.04534,-0.8003,-0.0298,-334.27
10.322,3.0993,32.651,6.6227,-7.0943,-0.54204,-0.541,-0.8198,-0.0673,-144.21
10.362,3.1626,32.368,6.2216,-6.9522,-0.81089,-0.84862,-0.8651,-0.1315,-70.947
10.402,3.1086,32.13,5.6537,-6.7731,-0.93722,-0.99688,-0.9067,-0.1778,-49.621
10.442,3.0368,31.839,4.8533,-6.9792,-1.2668,-1.257,-0.9632,-0.2458,-34.584
10.482,3.288,31.514,4.3307,-7.1898,-1.4664,-1.3165,-0.9784,-0.262,-32.036
10.522,3.4612,31.239,4.2022,-7.1475,-1.4384,-1.2907,-0.9888,-0.262,-31.646
10.562,3.3587,30.993,4.2936,-6.2788,-1.1958,-1.3398,-1.0249,-0.2874,-26.466
10.602,3.5194,30.69,3.6598,-7.033,-1.3839,-1.2363,-1.0384,-0.292,-27.151
10.642,3.6692,30.421,4.2213,-6.5481,-1.305,-1.426,-1.0532,-0.298,-26.144
10.682,3.7323,30.149,3.977,-6.4853,-1.2947,-1.4162,-1.0775,-0.3124,-24.352
10.722,3.7964,29.874,3.7052,-6.4533,-1.2201,-1.3282,-1.1049,-0.3268,-22.77
10.762,3.9098,29.612,3.5645,-6.4023,-1.1876,-1.2909,-1.118,-0.3268,-22.423
10.802,3.9871,29.359,3.2877,-6.3589,-1.1373,-1.2295,-1.1483,-0.344,-20.81
10.842,3.9928,29.102,2.9153,-5.9612,-0.97658,-1.0971,-1.1707,-0.3495,-18.987
10.882,4.2492,28.832,3.3173,-6.4048,-0.94415,-1.0087,-1.1376,-0.2991,-24.115
10.922,4.4175,28.586,3.2624,-6.3453,-0.94705,-1.0134,-1.1416,-0.293,-24.351
10.962,4.5884,27.937,3.0667,-6.2997,-0.93141,-0.98239,-1.1543,-0.2942,-23.815
11.002,4.776,27.504,2.9301,-6.2632,-0.9099,-0.95086,-1.1645,-0.2927,-23.624
11.042,4.831,27.248,2.7571,-6.1731,-0.92502,-0.96758,-1.1837,-0.3006,-22.491
11.082,4.9371,27.021,2.7368,-6.0998,-0.92834,-0.9729,-1.1832,-0.29,-23.054
11.122,5.0109,26.77,2.5803,-5.9948,-0.9506,-0.99772,-1.2008,-0.2966,-22.005
11.162,4.9936,26.54,2.304,-5.7299,-0.8991,-0.96333,-1.2267,-0.3077,-20.071
11.202,5.0683,26.307,2.1923,-5.6557,-0.86757,-0.92905,-1.239,-0.3077,-19.713
11.242,5.1396,26.077,2.0833,-5.5793,-0.83949,-0.89866,-1.2513,-0.3077,-19.355
11.283,5.3906,25.873,1.8853,-5.9204,-0.79705,-0.74931,-1.2302,-0.2808,-22.127
11.322,5.4342,25.639,2.0909,-5.6299,-0.69385,-0.736,-1.246,-0.2835,-21.184
11.362,5.5547,25.425,1.788,-5.853,-0.66232,-0.63043,-1.2468,-0.2749,-22.263
11.402,5.6244,25.197,1.7017,-5.7913,-0.63954,-0.6097,-1.2578,-0.2749,-21.957
11.442,5.6938,24.971,1.6174,-5.7281,-0.61652,-0.58885,-1.2688,-0.2749,-21.652
11.482,5.76,24.748,1.5345,-5.6639,-0.59344,-0.5679,-1.2798,-0.2749,-21.346
11.522,5.8804,24.54,1.7901,-5.3823,-0.5788,-0.61279,-1.278,-0.2669,-21.252
11.562,5.9435,24.322,1.7048,-5.3238,-0.55731,-0.58994,-1.2887,-0.2669,-20.944
11.602,6.055,24.314,1.9543,-5.4897,-0.51029,-0.53457,-1.2569,-0.239,-24.382
11.642,6.1198,24.095,1.8775,-5.4439,-0.49452,-0.51805,-1.2664,-0.239,-24.094
11.682,6.1812,23.878,1.8018,-5.397,-0.47891,-0.50158,-1.276,-0.239,-23.807
11.722,6.241,23.663,1.7264,-5.3493,-0.46294,-0.48483,-1.2856,-0.239,-23.519
11.762,6.5118,23.437,1.74,-5.4956,-0.40086,-0.40431,-1.2642,-0.221,-26.084
11.802,6.6008,23.237,1.7059,-5.4657,-0.37578,-0.37943,-1.2683,-0.2181,-26.253
11.842,6.7643,23.057,1.7273,-5.3923,-0.39886,-0.40257,-1.2608,-0.2094,-27.04
11.882,6.9154,22.905,1.7489,-5.3168,-0.40344,-0.4073,-1.253,-0.2005,-27.916
11.922,7.0602,22.728,1.7576,-5.2636,-0.39947,-0.40351,-1.2485,-0.1937,-28.649
11.962,7.123,22.519,1.7006,-5.2274,-0.38933,-0.39366,-1.2563,-0.1937,-28.379
12.002,7.1461,22.28,1.7033,-5.0644,-0.39089,-0.41622,-1.2718,-0.1981,-26.972
12.042,7.2037,22.075,1.6441,-5.0256,-0.37998,-0.40468,-1.2798,-0.1981,-26.692
12.082,7.2569,21.872,1.586,-4.986,-0.36908,-0.39313,-1.2877,-0.1981,-26.412
12.122,7.3098,21.67,1.5284,-4.9459,-0.35854,-0.38182,-1.2957,-0.1981,-26.132
12.162,7.1008,21.393,1.1125,-4.8868,-0.3294,-0.34256,-1.347,-0.22,-22.781
12.202,7.1409,21.195,1.0562,-4.8369,-0.31597,-0.32867,-1.3558,-0.22,-22.504
12.242,7.182,20.999,1.0013,-4.7863,-0.30252,-0.31479,-1.3646,-0.22,-22.227
12.282,7.215,20.805,0.94716,-4.7352,-0.28918,-0.30097,-1.3734,-0.22,-21.95
12.322,7.2454,20.612,0.8944,-4.6833,-0.2756,-0.287,-1.3821,-0.22,-21.673
12.362,7.2822,20.423,0.84198,-4.6313,-0.26174,-0.27269,-1.391,-0.22,-21.396
12.402,7.3038,20.234,0.79118,-4.5785,-0.24782,-0.25842,-1.3997,-0.22,-21.12
12.442,7.3414,20.05,0.7409,-4.5254,-0.23418,-0.24426,-1.4085,-0.22,-20.844
12.482,7.3605,19.866,0.69174,-4.4718,-0.2202,-0.22982,-1.4173,-0.22,-20.568
12.522,7.3828,19.686,0.64343,-4.4176,-0.20634,-0.21544,-1.4262,-0.22,-20.292
12.562,7.3984,19.508,0.59628,-4.3631,-0.1927,-0.20123,-1.435,-0.22,-20.017
12.602,7.4163,19.332,0.55048,-4.3079,-0.17935,-0.18729,-1.4437,-0.22,-19.741
******-------------------------------------------------------------------------------------------------------------------****** 
TargetID: ID05
Target can not be processed due to lack of Data
******-------------------------------------------------------------------------------------------------------------------****** 
TargetID: ID07
Target can not be processed due to lack of Data
******-------------------------------------------------------------------------------------------------------------------****** 
TargetID: ID09
Target can not be processed due to lack of Data
******-------------------------------------------------------------------------------------------------------------------****** 
TargetID: ID12
Target can not be processed due to lack of Data
******-------------------------------------------------------------------------------------------------------------------****** 
TargetID: ID17
Target can not be processed due to lack of Data
******-------------------------------------------------------------------------------------------------------------------****** 
TargetID: ID21
Target can not be processed due to lack of Data
******-------------------------------------------------------------------------------------------------------------------****** 
TargetID: ID23
Target can not be processed due to lack of Data
******-------------------------------------------------------------------------------------------------------------------****** 
TargetID: ID19
Target can not be processed due to lack of Data
******-------------------------------------------------------------------------------------------------------------------****** 
TargetID: ID20
Target can not be processed due to lack of Data
******-------------------------------------------------------------------------------------------------------------------****** 
TargetID: ID24
Target can not be processed due to lack of Data
******-------------------------------------------------------------------------------------------------------------------****** 
TargetID: ID25
Target can not be processed due to lack of Data
******-------------------------------------------------------------------------------------------------------------------****** 
