******-------------------------------------------------------------------------------------------------------------------****** 
Duration of the scene is: 54.6912 seconds
Original Targets Numbers in the hole Scene: 11
Number of Targets in the hole Scene after preprocessing: 26
Number of static portions: 1
******-------------------------------------------------------------------------------------------------------------------****** 
TargetID: ID02
Relevancy: 0
tj = Inf
Label: -1
Comment: Target is irrelevant as it is not crossing the estimated holding line
DATA:
23.445,NaN,NaN,NaN,NaN,NaN,NaN,-2.6611,NaN,NaN
23.485,NaN,NaN,NaN,NaN,NaN,NaN,-2.3823,NaN,NaN
23.525,NaN,NaN,NaN,NaN,NaN,NaN,-2.3064,NaN,NaN
23.565,NaN,NaN,NaN,NaN,NaN,NaN,-2.3134,NaN,NaN
23.605,NaN,NaN,NaN,NaN,NaN,NaN,-2.2198,NaN,NaN
23.645,NaN,NaN,NaN,NaN,NaN,NaN,-2.2197,NaN,NaN
23.685,NaN,NaN,NaN,NaN,NaN,NaN,-2.1925,NaN,NaN
23.725,NaN,NaN,NaN,NaN,NaN,NaN,-2.1802,NaN,NaN
23.765,NaN,NaN,NaN,NaN,NaN,NaN,-2.1673,NaN,NaN
23.805,NaN,NaN,NaN,NaN,NaN,NaN,-2.2167,NaN,NaN
23.845,NaN,NaN,NaN,NaN,NaN,NaN,-2.2205,NaN,NaN
23.885,NaN,NaN,NaN,NaN,NaN,NaN,-2.2452,NaN,NaN
23.925,NaN,NaN,NaN,NaN,NaN,NaN,-2.2677,NaN,NaN
23.965,16.707,7.3186,-2.7325,-3.9391,-0,0,-2.1773,0,Inf
24.005,18.029,8.4965,-2.8106,-3.6431,0.0084691,0.0093111,-2.2278,-0.0154,-298.78
24.045,18.338,8.2576,-2.5563,-4.107,0.04422,0.048463,-2.1264,0.0534,90.592
24.085,18.638,8.6058,-2.4147,-4.4045,0.073844,0.080685,-2.0692,0.0961,52.269
24.125,18.532,8.4031,-2.2281,-4.5228,0.13973,0.1522,-2.0216,0.1623,31.065
24.165,18.473,8.1082,-2.1973,-4.529,0.20846,0.22631,-2.0117,0.1366,36.851
24.205,18.216,7.2885,-2.0143,-4.7368,0.22008,0.23822,-1.9624,0.169,30.458
24.245,18.221,7.0648,-1.7397,-4.9065,0.20485,0.22098,-1.9003,0.291,17.889
24.285,18.215,6.9622,-1.5778,-4.8196,0.21837,0.23474,-1.8737,0.3321,15.27
24.325,18.451,7.0441,-2.0013,-4.0593,0.525,0.56338,-1.9969,0.0274,165.17
24.365,18.31,6.8688,-1.7911,-4.3089,0.37827,0.40422,-1.9394,0.1546,30.183
24.405,18.161,6.7186,-1.606,-4.5643,0.2485,0.26446,-1.8913,0.2372,20.399
24.445,18.121,6.4661,-1.6694,-4.414,0.32367,0.34331,-1.9092,0.1737,27.168
24.485,18.146,6.1787,-1.6139,-4.4209,0.30129,0.31892,-1.8991,0.1797,26.19
24.525,18.17,5.8382,-1.6412,-4.7972,0.049895,0.052727,-1.8974,0.1364,37.171
24.565,18.119,5.7187,-1.6055,-4.8903,0.021409,0.022549,-1.8866,0.1431,35.968
24.605,18.065,5.5242,-1.4953,-4.9887,-0.01005,-0.010551,-1.8627,0.1756,29.658
24.645,18.011,5.1676,-1.5488,-5.278,-0.11934,-0.1242,-1.8489,0.1813,30.34
24.685,17.967,4.9204,-1.4457,-5.3583,-0.12196,-0.1273,-1.8418,0.1798,30.867
24.725,17.842,4.4771,-1.3051,-5.5378,-0.1462,-0.15206,-1.8105,0.2181,26.087
24.765,17.738,3.9833,-1.661,-6.1687,-0.3757,-0.38329,-1.817,0.1788,35.729
24.805,17.698,3.5362,-1.5417,-6.2448,-0.34551,-0.35082,-1.7956,0.2015,31.922
24.845,17.648,3.2172,-1.6442,-6.5174,-0.4304,-0.43439,-1.7983,0.1774,37.89
24.885,17.605,3.0159,-1.572,-6.5107,-0.38317,-0.38561,-1.7901,0.1802,37.169
24.925,17.622,2.687,-1.5578,-6.7267,-0.4093,-0.40985,-1.7804,0.1766,39.098
24.965,17.631,2.628,-1.4128,-6.2566,-0.30438,-0.30944,-1.8077,0.1349,47.548
25.005,17.601,2.4626,-1.3803,-6.1344,-0.25266,-0.25565,-1.805,0.1326,47.419
25.045,17.611,2.1539,-1.4515,-6.3574,-0.26837,-0.26632,-1.782,0.1552,42.017
25.085,17.467,2.0914,-1.4926,-5.9914,-0.20587,-0.20393,-1.804,0.1197,51.584
25.125,17.46,2.0165,-1.3718,-5.7687,-0.15737,-0.15694,-1.8132,0.1051,56.418
25.165,17.408,1.7877,-1.3559,-5.803,-0.15137,-0.15023,-1.8089,0.1051,56.702
25.205,17.475,1.1357,-1.4555,-6.5146,-0.26146,-0.25461,-1.7781,0.1291,51.706
25.245,17.428,0.87347,-1.4298,-6.578,-0.24951,-0.24176,-1.773,0.1291,52.142
25.285,17.379,0.60936,-1.4029,-6.6413,-0.23731,-0.22876,-1.7678,0.1291,52.578
25.325,17.329,0.3424,-1.3756,-6.7046,-0.22477,-0.21548,-1.7627,0.1291,53.015
25.365,17.29,0.073906,-1.3471,-6.7678,-0.21206,-0.20218,-1.7575,0.1291,53.451
25.405,17.351,0.30876,-1.1778,-5.8589,-0.073619,-0.070519,-1.7736,0.1104,54.131
25.445,17.411,0.57178,-1.1685,-4.9413,0.074539,0.070712,-1.797,0.0853,59.526
25.485,17.375,0.37436,-1.1484,-4.933,0.073043,0.068805,-1.7935,0.0853,59.378
25.525,17.331,0.17616,-1.1288,-4.9245,0.071446,0.066801,-1.7902,0.0853,59.229
25.565,17.292,-0.019888,-1.1088,-4.9162,0.069739,0.064706,-1.7868,0.0853,59.081
25.605,17.257,-0.21726,-1.089,-4.9077,0.068023,0.062619,-1.7834,0.0853,58.934
25.645,19.007,3.0939,-0.86495,-2.8802,0.085415,0.079247,-1.8799,0.04,75.181
25.685,18.71,3.4316,-0.64814,-3.9675,0.030521,0.027647,-1.7283,0.0566,71.027
25.725,18.684,3.2734,-0.63673,-3.9589,0.028753,0.025824,-1.7261,0.0566,70.844
25.765,18.669,3.115,-0.62568,-3.9503,0.027081,0.024104,-1.7239,0.0566,70.662
25.805,18.887,3.4789,-0.49479,-3.6005,0.026968,0.02377,-1.7025,0.081,44.868
25.845,18.861,3.3364,-0.47962,-3.5885,0.024002,0.020965,-1.6992,0.081,44.697
25.885,18.283,4.5578,0.091657,-8.6196,-0.031744,-0.027483,-1.559,0.081,106.42
25.925,18.774,4.0646,0.02085,-8.4952,-0.033163,-0.028431,-1.567,0.1023,83.042
25.965,19.23,3.2139,0.27797,-8.5415,-0.07214,-0.0611,-1.5354,0.301,28.392
26.005,17.664,4.3028,1.6632,-10.107,-0.20559,-0.17126,-1.4013,0.301,34.029
26.045,18.071,3.6948,1.343,-9.6541,-0.18421,-0.15481,-1.4387,0.2266,43.014
26.085,18.35,3.1913,1.1748,-9.518,-0.18214,-0.15154,-1.4542,0.1711,56.051
26.125,18.584,2.8017,0.9707,-9.4003,-0.17917,-0.14759,-1.4743,0.0915,103.28
26.165,18.628,2.5027,0.72595,-9.2603,-0.17199,-0.14018,-1.4988,-0.0197,-471.51
26.205,18.687,2.3503,0.046306,-8.746,-0.16267,-0.13115,-1.5718,-0.2684,-32.586
26.246,18.668,2.0551,-0.017671,-8.798,-0.14374,-0.11462,-1.5783,-0.2703,-32.549
26.285,18.655,2.0898,-0.93388,-8.3134,-0.018688,-0.014689,-1.6834,-0.5936,-14.093
26.325,18.571,1.8768,-1.1303,-8.1703,0.02109,0.016397,-1.7075,-0.6061,-13.609
26.366,18.484,1.5593,-1.3282,-8.0681,0.058652,0.045113,-1.7317,-0.6061,-13.491
26.406,18.794,1.3527,-0.7189,-7.3842,-0.05874,-0.044608,-1.6649,-0.3573,-20.764
26.445,18.758,1.285,-0.70634,-7.0026,-0.059554,-0.045089,-1.6746,-0.3576,-19.682
26.485,18.713,1.2208,-0.66187,-6.685,-0.080908,-0.060747,-1.6743,-0.3368,-19.946
26.525,18.762,1.0151,-0.71933,-6.6927,-0.06426,-0.047337,-1.674,-0.3169,-21.241
26.565,18.739,1.0333,-0.72074,-6.1946,-0.050128,-0.036879,-1.6901,-0.3341,-18.666
26.605,19.285,2.2628,-0.56056,-7.067,-0.35739,-0.2507,-1.6281,-0.3341,-21.219
26.645,19.261,2.6011,-0.52082,-6.9113,-0.23138,-0.16875,-1.6604,-0.4408,-15.723
26.685,19.05,2.3812,-0.42234,-7.1582,-0.27356,-0.19817,-1.6458,-0.4337,-16.534
26.725,19.15,-0.038924,-0.26072,-7.6777,-0.60567,-0.40404,-1.5718,-0.2592,-29.638
26.765,18.925,0.47389,0.18757,-6.6905,-0.58609,-0.42948,-1.5844,-0.2948,-22.704
26.805,18.855,0.1171,-0.23301,-6.8714,-0.69258,-0.44092,-1.5572,-0.175,-39.288
26.846,18.934,-0.21522,-0.13714,-7.0136,-0.73582,-0.46233,-1.5415,-0.1046,-67.065
26.885,18.892,-0.35079,-0.21726,-6.8275,-0.68082,-0.42578,-1.5553,-0.1638,-41.703
26.925,18.943,-0.69451,0.24665,-6.9173,-0.73184,-0.48871,-1.5352,-0.0748,-92.537
26.966,19.303,-1.0792,0.50232,-7.3559,-0.91145,-0.54327,-1.4451,0.2083,35.396
27.006,19.403,-1.0789,0.6966,-6.3671,-0.93177,-0.68009,-1.5367,-0.0561,-114.17
27.046,19.384,-1.0098,0.34845,-5.6363,-0.86048,-0.62455,-1.5945,-0.2022,-27.928
27.086,19.051,-0.98584,-0.70584,-5.1828,-0.53946,-0.31752,-1.6457,-0.3226,-16.214
27.126,18.999,-1.1461,-0.40881,-5.0214,-0.52845,-0.337,-1.652,-0.3069,-16.416
27.166,18.891,-1.4314,-0.75105,-5.4124,-0.23506,-0.14637,-1.6854,-0.3751,-14.568
27.206,18.86,-1.7385,-0.69723,-5.5121,-0.17455,-0.11158,-1.6966,-0.3684,-15.081
27.246,18.808,-1.9502,-0.76347,-5.399,-0.13354,-0.08488,-1.7113,-0.3684,-14.801
27.286,19.01,-2.2979,-0.6094,-5.9669,-0.11684,-0.072813,-1.6628,-0.2532,-23.688
27.326,19.072,-2.6294,-0.28245,-6.517,-0.004309,-0.0027126,-1.6141,-0.1531,-42.607
27.366,18.605,-2.8773,-0.85499,-6.3695,0.0063544,0.0039767,-1.7047,-0.2943,-21.837
27.406,18.698,-3.2399,-0.70808,-6.7942,0.093586,0.058733,-1.6806,-0.2364,-28.896
27.446,18.769,-3.5938,-0.59291,-7.1581,0.19565,0.1232,-1.6648,-0.197,-36.46
27.486,19.001,-4.3219,-0.14108,-8.4945,0.6557,0.42354,-1.6157,-0.1149,-73.94
27.526,19.068,-4.6722,0.065177,-8.7175,0.72981,0.46152,-1.5937,-0.0707,-123.31
27.566,19.133,-4.9222,0.23322,-8.5115,0.75617,0.48822,-1.5767,-0.0392,-217.21
27.606,19.127,-5.2673,0.21813,-8.6162,0.76358,0.48964,-1.5783,-0.0392,-219.87
27.646,19.062,-5.4026,0.034109,-8.1619,0.5135,0.32203,-1.591,-0.0526,-155.17
******-------------------------------------------------------------------------------------------------------------------****** 
TargetID: ID15
Target can not be processed due to lack of Data
******-------------------------------------------------------------------------------------------------------------------****** 
TargetID: ID16
Relevancy: 1
tj = 26.5654
Label: 1
Comment: Target is relevant and Turning, since the velocity ratio is highly changing at the end
DATA:
25.285,19.217,11.61,NaN,NaN,NaN,NaN,-1.5287,NaN,NaN
25.325,NaN,NaN,NaN,NaN,NaN,NaN,-1.7561,NaN,NaN
25.365,NaN,NaN,NaN,NaN,NaN,NaN,-1.9336,NaN,NaN
25.405,NaN,NaN,NaN,NaN,NaN,NaN,-2.0122,NaN,NaN
25.445,19.016,9.8921,-2.325,-6.4667,-0,0,-1.9159,0,Inf
25.485,18.97,10.495,-2.325,-6.4667,NaN,NaN,-1.8429,NaN,NaN
25.525,18.924,11.093,NaN,NaN,NaN,NaN,-1.7704,NaN,NaN
25.565,18.866,10.811,NaN,NaN,NaN,NaN,-1.7704,NaN,NaN
25.605,18.812,10.528,NaN,NaN,NaN,NaN,-1.7705,NaN,NaN
25.645,19.506,9.4315,1.2478,-10.876,-0,0,-1.4566,0,Inf
25.685,20.529,12.068,-0.76299,-4.108,0.074618,0.067569,-1.7457,0.2427,17.216
25.725,20.509,11.902,-0.7193,-4.0984,0.071254,0.063958,-1.736,0.2427,17.145
25.765,20.03,9.9001,-4.1926,-2.3195,0.38963,0.34688,-2.6494,0.2427,19.742
25.805,19.888,10.174,-4.064,-2.3232,0.5144,0.45361,-2.6392,0.1183,39.571
25.845,19.826,10.18,-4.0581,-2.309,0.50235,0.43893,-2.6406,0.1162,40.181
25.885,19.541,10.41,-3.9697,-2.2855,0.87696,0.75792,-2.649,0.1105,41.453
25.925,19.149,10.667,-4.3277,-2.2135,0.10322,0.088601,-2.6688,0.0976,49.804
25.965,18.999,10.418,-4.3277,-2.2135,NaN,NaN,-2.6693,NaN,NaN
26.005,18.849,10.169,-4.3277,-2.2135,NaN,NaN,-2.6698,NaN,NaN
26.045,18.699,9.9199,-4.3277,-2.2135,NaN,NaN,-2.6703,NaN,NaN
26.085,18.549,9.6707,-4.3277,-2.2135,NaN,NaN,-2.6708,NaN,NaN
26.125,18.399,9.4216,-4.3277,-2.2135,NaN,NaN,-2.6713,NaN,NaN
26.165,18.248,9.1715,-4.3277,-2.2135,NaN,NaN,-2.6718,NaN,NaN
26.205,18.099,8.9229,NaN,NaN,NaN,NaN,-2.6723,NaN,NaN
26.246,NaN,NaN,NaN,NaN,NaN,NaN,-2.484,NaN,NaN
26.285,NaN,NaN,NaN,NaN,NaN,NaN,-2.484,NaN,NaN
26.325,NaN,NaN,NaN,NaN,NaN,NaN,-2.4839,NaN,NaN
26.366,NaN,NaN,NaN,NaN,NaN,NaN,-2.484,NaN,NaN
26.406,NaN,NaN,NaN,NaN,NaN,NaN,-2.484,NaN,NaN
26.445,NaN,NaN,NaN,NaN,NaN,NaN,-2.0095,NaN,NaN
26.485,NaN,NaN,NaN,NaN,NaN,NaN,-2.0095,NaN,NaN
26.525,NaN,NaN,NaN,NaN,NaN,NaN,-2.0094,NaN,NaN
26.565,18.017,6.2679,-1.6832,-5.5245,-0,0,-1.8665,0,Inf
26.605,17.988,5.9837,-1.6832,-5.5245,NaN,NaN,-1.8744,NaN,NaN
26.645,17.96,5.7002,-1.6832,-5.5245,NaN,NaN,-1.8823,NaN,NaN
26.685,17.931,5.4162,-1.6832,-5.5245,NaN,NaN,-1.8902,NaN,NaN
26.725,17.903,5.1324,-1.6832,-5.5245,NaN,NaN,-1.8981,NaN,NaN
26.765,17.874,4.8484,-1.6832,-5.5245,NaN,NaN,-1.9061,NaN,NaN
26.805,17.846,4.5646,-1.6832,-5.5245,NaN,NaN,-1.914,NaN,NaN
26.846,17.817,4.2802,-1.6832,-5.5245,NaN,NaN,-1.9219,NaN,NaN
26.885,17.789,3.9968,-1.6832,-5.5245,NaN,NaN,-1.9298,NaN,NaN
26.925,17.76,3.713,-1.6832,-5.5245,NaN,NaN,-1.9377,NaN,NaN
26.966,17.732,3.4289,NaN,NaN,NaN,NaN,-1.9456,NaN,NaN
27.006,17.68,3.2961,NaN,NaN,NaN,NaN,-1.9456,NaN,NaN
27.046,17.63,3.1637,NaN,NaN,NaN,NaN,-1.9455,NaN,NaN
******-------------------------------------------------------------------------------------------------------------------****** 
TargetID: ID19
Target can not be processed due to lack of Data
******-------------------------------------------------------------------------------------------------------------------****** 
TargetID: ID20
Relevancy: 1
tj = 37.0876
Label: 1
Comment: Target is relevant and Turning, since the velocity ratio is highly changing at the end
DATA:
33.207,33.288,30.63,NaN,NaN,NaN,NaN,-2.1454,NaN,NaN
33.247,32.92,30.464,NaN,NaN,NaN,NaN,-2.3304,NaN,NaN
33.287,32.786,30.095,NaN,NaN,NaN,NaN,-2.2077,NaN,NaN
33.327,32.279,30.018,NaN,NaN,NaN,NaN,-2.452,NaN,NaN
33.367,32.004,29.797,NaN,NaN,NaN,NaN,-2.4519,NaN,NaN
33.407,32.154,29.3,NaN,NaN,NaN,NaN,-2.1959,NaN,NaN
33.447,32.112,28.898,NaN,NaN,NaN,NaN,-2.1049,NaN,NaN
33.487,32.206,28.429,NaN,NaN,NaN,NaN,-1.9723,NaN,NaN
33.527,32.092,28.086,NaN,NaN,NaN,NaN,-1.9634,NaN,NaN
33.567,32,27.751,NaN,NaN,NaN,NaN,-1.9458,NaN,NaN
33.607,31.723,27.523,NaN,NaN,NaN,NaN,-2.0029,NaN,NaN
33.647,32.051,27.159,-3.7499,-7.8255,-0,0,-2.0177,0,Inf
33.687,31.999,26.755,-3.5308,-8.0689,-0.023576,-0.011666,-1.9833,-0.0126,-699.02
33.727,32.024,26.323,-3.1839,-8.372,0.030548,0.015116,-1.9342,-0.0289,-309.93
33.767,31.831,26.016,-3.4246,-8.3214,0.067313,0.033282,-1.9612,-0.0533,-168.83
33.807,31.675,25.695,-3.5056,-8.3076,0.079367,0.039212,-1.97,-0.0544,-165.75
33.847,31.523,25.366,-3.5886,-8.3611,0.061753,0.030493,-1.9762,-0.0701,-129.8
33.887,31.173,25.192,-4.0843,-7.9306,0.065184,0.032165,-2.0463,-0.1111,-80.293
33.927,30.895,24.971,-4.3898,-7.6474,0.052895,0.026076,-2.0919,-0.1568,-56.236
33.967,30.579,24.779,-4.7403,-7.3577,0.017126,0.0084388,-2.1431,-0.2112,-41.442
34.007,30.566,24.339,-4.3338,-7.8026,-0.074352,-0.036596,-2.0777,-0.0931,-95.869
34.047,30.332,24.074,-4.5331,-7.6842,-0.078304,-0.038502,-2.1038,-0.1244,-71.717
34.087,30.107,23.783,-4.7022,-7.6231,-0.10867,-0.053366,-2.1236,-0.1442,-62.113
34.127,29.886,23.501,-4.8609,-7.5426,-0.13002,-0.063774,-2.1434,-0.1656,-54.186
34.167,29.612,23.247,-5.1406,-7.3571,-0.15825,-0.077522,-2.1808,-0.2142,-41.901
34.207,29.472,22.901,-5.0185,-7.4933,-0.17213,-0.084215,-2.1609,-0.1684,-53.554
34.247,29.206,22.634,-5.2477,-7.3711,-0.20688,-0.10108,-2.1896,-0.1999,-45.264
34.287,29.05,22.297,-5.1457,-7.5001,-0.22076,-0.10774,-2.1721,-0.1597,-56.954
34.327,28.798,22.02,-5.3385,-7.405,-0.24689,-0.12036,-2.1956,-0.1832,-49.829
34.367,28.559,21.727,-5.4897,-7.3331,-0.26791,-0.13046,-2.2136,-0.1967,-46.57
34.407,28.343,21.426,-5.5552,-7.3373,-0.29279,-0.14239,-2.219,-0.1916,-48.033
34.447,28.129,21.127,-5.5951,-7.3344,-0.29476,-0.14317,-2.2226,-0.1868,-49.384
34.487,27.822,20.884,-5.9131,-7.1348,-0.34257,-0.16616,-2.263,-0.228,-40.643
34.527,27.558,20.617,-6.049,-7.0514,-0.3574,-0.17317,-2.28,-0.2384,-38.97
34.567,27.301,20.341,-6.1835,-6.9811,-0.38163,-0.18476,-2.2959,-0.2453,-38.018
34.607,27.035,20.069,-6.2885,-6.9306,-0.39674,-0.19186,-2.3078,-0.2476,-37.796
34.647,26.777,19.796,-6.4055,-6.8708,-0.41415,-0.20005,-2.3213,-0.2513,-37.38
34.687,26.592,19.47,-6.2959,-6.9783,-0.38553,-0.18606,-2.3048,-0.2221,-42.317
34.727,26.349,19.174,-6.3782,-6.9361,-0.37325,-0.18,-2.3145,-0.222,-42.446
34.767,26.159,18.85,-6.2852,-7.0203,-0.34218,-0.16487,-2.3008,-0.1986,-47.446
34.807,25.838,18.615,-6.4952,-6.8868,-0.37008,-0.17813,-2.3271,-0.2177,-43.484
34.847,25.635,18.302,-6.4516,-6.9364,-0.35275,-0.16971,-2.32,-0.2017,-46.966
34.887,25.393,18.01,-6.4845,-6.9348,-0.35151,-0.16898,-2.3225,-0.1959,-48.465
34.927,25.112,17.74,-6.6228,-6.8721,-0.36915,-0.17738,-2.3377,-0.2036,-46.876
34.967,24.846,17.461,-6.7264,-6.8119,-0.36615,-0.17583,-2.35,-0.2076,-46.114
35.007,24.578,17.2,-6.812,-6.7511,-0.36895,-0.17709,-2.3605,-0.2112,-45.41
35.047,24.344,16.906,-6.823,-6.7466,-0.35075,-0.16832,-2.3618,-0.2059,-46.602
35.087,24.086,16.632,-6.8664,-6.6974,-0.30996,-0.1487,-2.3685,-0.2053,-46.721
35.127,23.784,16.377,-6.9611,-6.6137,-0.28118,-0.13486,-2.3819,-0.2094,-45.855
35.167,23.517,16.112,-6.9741,-6.5545,-0.19651,-0.094228,-2.3873,-0.2072,-46.191
35.207,23.115,15.944,-7.2158,-6.3264,-0.18645,-0.089374,-2.4218,-0.2305,-41.633
35.247,22.83,15.689,-7.2631,-6.2615,-0.15494,-0.074275,-2.4301,-0.2298,-41.73
35.287,23.245,16.718,-7.2019,-6.2852,-0.10343,-0.049592,-2.4245,-0.2168,-44.091
35.327,23.009,16.441,-7.1635,-6.3079,-0.098839,-0.047396,-2.4201,-0.2064,-46.245
35.367,22.734,16.186,-7.1947,-6.2558,-0.078943,-0.037848,-2.4263,-0.2049,-46.53
35.407,22.47,15.948,-7.1647,-6.1555,0.091303,0.043759,-2.4314,-0.2041,-46.28
35.447,22.212,15.706,-7.1246,-6.0929,0.19369,0.09281,-2.4332,-0.1999,-46.896
35.487,21.919,15.477,-7.1637,-6.0271,0.18833,0.090247,-2.4413,-0.2005,-46.692
35.527,21.666,15.225,-7.1223,-5.9975,0.23002,0.11021,-2.4406,-0.1936,-48.095
35.567,21.369,15.006,-7.1595,-5.9229,0.24238,0.11617,-2.4493,-0.1948,-47.699
35.607,21.061,14.786,-7.2232,-5.8512,0.21561,0.10334,-2.4598,-0.1968,-47.234
35.647,20.747,14.57,-7.3024,-5.7862,0.16156,0.077428,-2.4709,-0.1991,-46.795
35.687,20.456,14.337,-7.3119,-5.7529,0.1497,0.071747,-2.4743,-0.1953,-47.638
35.727,20.169,14.11,-7.3147,-5.7203,0.13963,0.066921,-2.4773,-0.1914,-48.515
35.767,19.841,13.895,-7.4453,-5.6718,0.0012757,0.00061114,-2.4906,-0.1952,-47.949
35.807,19.548,13.668,-7.459,-5.6429,-0.012626,-0.006052,-2.494,-0.1914,-48.866
35.847,19.282,13.429,-7.4249,-5.6155,0.041955,0.020111,-2.4939,-0.185,-50.321
35.887,18.977,13.206,-7.5152,-5.5738,-0.055858,-0.026778,-2.5036,-0.1864,-50.196
35.927,18.643,13.012,-7.6188,-5.4779,-0.070652,-0.033869,-2.5185,-0.1928,-48.671
35.967,18.346,12.787,-7.642,-5.4599,-0.11032,-0.052885,-2.5216,-0.1887,-49.772
36.007,18.045,12.574,-7.6711,-5.4017,-0.090036,-0.043162,-2.5284,-0.1885,-49.773
36.048,17.762,12.345,-7.6522,-5.3845,-0.071165,-0.034106,-2.5286,-0.1824,-51.298
36.087,17.444,12.139,-7.7086,-5.3191,-0.071806,-0.034405,-2.5378,-0.1841,-50.873
36.127,17.006,12.128,-7.6707,-5.2931,-0.011225,-0.0053748,-2.5376,-0.1778,-52.417
36.168,16.702,11.908,-7.6819,-5.2942,-0.062504,-0.029925,-2.5383,-0.1717,-54.336
36.207,16.325,11.738,-7.847,-5.1925,-0.13126,-0.062844,-2.5573,-0.1822,-51.643
36.247,16.066,11.508,-7.8294,-5.1888,-0.17707,-0.084738,-2.5568,-0.1754,-53.55
36.287,15.743,11.307,-7.92,-5.1259,-0.22455,-0.1074,-2.5677,-0.1787,-52.793
36.327,15.425,11.107,-7.9651,-5.0763,-0.22675,-0.10837,-2.5747,-0.1787,-52.855
36.368,15.118,10.904,-8.0106,-5.0254,-0.22897,-0.10932,-2.5818,-0.1787,-52.918
36.407,14.802,10.706,-8.0559,-4.9737,-0.23106,-0.11017,-2.5889,-0.1787,-52.981
36.447,14.44,10.532,-8.2061,-4.8511,-0.24964,-0.11885,-2.6081,-0.1895,-50.305
36.487,14.151,10.337,-8.1989,-4.7662,-0.15328,-0.072854,-2.6152,-0.19,-49.914
36.527,13.862,10.14,-8.1838,-4.6908,-0.064399,-0.030547,-2.6212,-0.1892,-49.856
36.568,13.458,9.9582,-8.4016,-4.6318,-0.24262,-0.11482,-2.6377,-0.1962,-48.898
36.608,13.221,9.7666,-8.241,-4.5664,-0.022766,-0.010742,-2.6356,-0.1881,-50.088
36.648,12.829,9.5896,-8.4308,-4.5108,-0.19259,-0.090619,-2.6505,-0.1943,-49.211
36.687,12.425,9.4071,-8.6476,-4.4658,-0.39746,-0.18634,-2.6652,-0.1999,-48.687
36.728,12.105,9.228,-8.6761,-4.3857,-0.35004,-0.16355,-2.6737,-0.2009,-48.39
36.768,11.76,9.0543,-8.7496,-4.3103,-0.36567,-0.17019,-2.684,-0.2032,-48
36.808,11.492,8.8968,-8.6164,-4.1859,-0.09764,-0.045264,-2.6894,-0.2021,-47.399
36.848,11.49,8.8978,-8.6594,-4.122,-0.10735,-0.049544,-2.6973,-0.2018,-47.524
36.888,11.189,8.7461,-8.5935,-4.0209,0.04228,0.019421,-2.7039,-0.2011,-47.179
36.928,10.928,8.6092,-8.4094,-3.902,0.33133,0.15144,-2.7071,-0.1972,-47.011
36.968,10.804,8.465,-7.9024,-3.761,0.94307,0.42863,-2.6974,-0.18,-48.621
37.008,10.806,8.3997,-28.481,-7.4469,1.1066,0.49999,-2.8863,-0.024,-1226.6
37.048,9.6696,8.104,-28.447,-7.4067,1.1065,0.49675,-2.8873,-0.024,-1224.8
37.088,8.6274,7.7288,-28.131,-7.243,1.1152,0.49746,-2.8896,-0.0223,-1302.6
37.128,7.5278,7.4118,-27.599,-7.3748,1.1098,0.49172,-2.8801,-0.0087,-3283.6
37.168,8.5357,7.1992,-9.7883,-4.293,0.97252,0.4279,-2.7283,-0.0087,-1228.5
37.208,7.6942,6.916,-10.088,-4.7324,0.94362,0.41214,-2.7033,-0.0099,-1125.5
37.248,7.2965,6.7277,-10.051,-4.7106,0.94101,0.40787,-2.7037,-0.0099,-1121.3
37.288,6.8909,6.5429,-10.015,-4.6893,0.9379,0.40329,-2.7041,-0.0099,-1117
37.328,6.4931,6.3565,-9.8839,-4.6327,0.93381,0.39811,-2.7045,-0.0099,-1102.6
37.368,6.0986,6.1717,-9.8474,-4.6112,0.92971,0.39292,-2.7049,-0.0099,-1098.3
37.408,5.7039,5.9871,-9.9048,-4.6247,0.92562,0.38774,-2.7053,-0.0099,-1104.2
37.448,5.3157,5.8027,-9.8686,-4.6021,0.92057,0.38184,-2.7058,-0.0099,-1099.9
******-------------------------------------------------------------------------------------------------------------------****** 
TargetID: ID04
Relevancy: 1
tj = 25.3652
Label: 0
Comment: Target is relevant and going straight, since the velocity ratio is almost not changing
DATA:
23.605,NaN,NaN,NaN,NaN,NaN,NaN,-2.5337,NaN,NaN
23.645,NaN,NaN,NaN,NaN,NaN,NaN,-2.44,NaN,NaN
23.685,NaN,NaN,NaN,NaN,NaN,NaN,-2.0387,NaN,NaN
23.725,NaN,NaN,NaN,NaN,NaN,NaN,-2.1945,NaN,NaN
23.765,NaN,NaN,NaN,NaN,NaN,NaN,-1.7921,NaN,NaN
23.805,NaN,NaN,NaN,NaN,NaN,NaN,-1.9692,NaN,NaN
23.845,NaN,NaN,NaN,NaN,NaN,NaN,-2.0759,NaN,NaN
23.885,NaN,NaN,NaN,NaN,NaN,NaN,-2.3191,NaN,NaN
23.925,NaN,NaN,NaN,NaN,NaN,NaN,-2.4913,NaN,NaN
23.965,NaN,NaN,NaN,NaN,NaN,NaN,-2.6434,NaN,NaN
24.005,NaN,NaN,NaN,NaN,NaN,NaN,-2.6435,NaN,NaN
24.045,NaN,NaN,NaN,NaN,NaN,NaN,-2.5624,NaN,NaN
24.085,NaN,NaN,NaN,NaN,NaN,NaN,-2.2189,NaN,NaN
24.125,NaN,NaN,NaN,NaN,NaN,NaN,-2.0175,NaN,NaN
24.165,NaN,NaN,NaN,NaN,NaN,NaN,-2.0234,NaN,NaN
24.205,22.49,13.076,-2.0842,-5.2901,-0,0,-1.9461,0,Inf
24.245,24.016,14.976,-1.908,-6.0469,-0.032501,-0.035093,-1.8779,-0.0202,-313.9
24.285,24.125,14.684,-2.1078,-6.032,-0.066496,-0.071576,-1.9098,-0.0132,-484.06
24.325,24.056,14.536,-2.2174,-5.9524,-0.15001,-0.16096,-1.9335,-0.0572,-111.05
24.365,23.812,14.546,-2.6867,-5.8647,-0.52922,-0.56126,-1.9818,-0.1783,-36.18
24.405,23.651,14.364,-2.417,-6.1157,-0.55489,-0.59182,-1.9667,-0.1072,-61.344
24.445,22.998,14.337,-1.9476,-6.4897,-0.44379,-0.47371,-1.8804,0.1358,49.894
24.485,22.736,13.908,-1.4018,-7.0141,-0.43055,-0.45921,-1.7854,0.369,19.384
24.525,22.705,13.589,-1.3513,-7.1583,-0.40193,-0.42737,-1.7734,0.3524,20.672
24.565,22.531,13.01,-1.9468,-7.8391,-0.95243,-1.0107,-1.8417,0.0696,116.05
24.605,23.031,12.651,-2.0214,-7.8519,-0.91941,-0.96702,-1.8488,0.0711,114.04
24.645,22.945,12.341,-2.0422,-7.9839,-0.89519,-0.93838,-1.8459,0.0711,115.91
24.685,22.836,12.012,-1.6137,-8.3522,-0.72598,-0.75935,-1.7827,0.2069,41.115
24.725,22.772,11.622,-1.5629,-8.4092,-0.62751,-0.65375,-1.7728,0.2141,39.95
24.765,22.7,11.289,-1.6072,-8.2996,-0.54477,-0.56514,-1.7782,0.1966,43
24.805,22.539,11.226,-1.2566,-8.2706,-0.34725,-0.3589,-1.7334,0.2991,27.969
24.845,22.495,11.031,-1.1437,-8.3964,-0.30728,-0.31641,-1.7171,0.3126,27.108
24.885,22.504,11.045,-1.1594,-8.3483,-0.27185,-0.27887,-1.7197,0.2921,28.854
24.925,22.653,11.796,-1.0873,-8.4493,-0.25053,-0.25648,-1.712,0.2885,29.528
24.965,22.581,11.382,-0.99188,-8.6048,-0.22611,-0.23038,-1.6973,0.2978,29.086
25.005,22.548,11.016,-0.98871,-8.6391,-0.20614,-0.20902,-1.6954,0.2857,30.436
25.045,22.468,10.38,-0.9986,-8.6659,-0.1891,-0.19074,-1.6946,0.2732,31.93
25.085,22.408,10.077,-1.0722,-8.5695,-0.17122,-0.17186,-1.7036,0.2481,34.81
25.125,22.444,9.8364,-1.0043,-8.2789,-0.073921,-0.07326,-1.6876,0.2645,31.53
25.165,22.428,9.5051,-0.91321,-8.3296,-0.0571,-0.056368,-1.6769,0.2645,31.681
25.205,22.42,9.1677,-0.82215,-8.379,-0.040109,-0.039424,-1.6664,0.2645,31.831
25.245,22.412,8.83,-0.7295,-8.4275,-0.022933,-0.022443,-1.6559,0.2645,31.981
25.285,22.405,8.4916,-0.63513,-8.475,-0.0054695,-0.0053282,-1.6453,0.2645,32.131
25.325,22.116,8.1128,-0.86274,-8.2081,-0.0047748,-0.0046235,-1.6753,0.2176,37.929
25.365,22.106,7.7843,-0.78856,-8.2371,0.004584,0.0044147,-1.6665,0.2176,38.027
25.405,22.092,7.4529,-0.71509,-8.2653,0.014101,0.013501,-1.6579,0.2176,38.126
25.445,22.084,7.1213,-0.64012,-8.2929,0.023675,0.022533,-1.6492,0.2176,38.224
25.485,22.083,6.7894,-0.56455,-8.3198,0.033415,0.031604,-1.6404,0.2176,38.322
25.525,22.076,6.455,-0.48918,-8.3459,0.043328,0.040706,-1.6318,0.2176,38.42
25.565,22.075,6.1218,-0.41261,-8.3714,0.053412,0.04984,-1.6231,0.2176,38.518
25.605,21.621,6.1739,-1.079,-7.3992,0.076786,0.070637,-1.7106,0.1319,56.691
******-------------------------------------------------------------------------------------------------------------------****** 
TargetID: ID26
Relevancy: 1
tj = 29.606
Label: 0
Comment: Target is relevant and going straight, since the velocity ratio is almost not changing
DATA:
26.925,28.129,21.188,NaN,NaN,NaN,NaN,-1.7046,NaN,NaN
26.966,27.577,21.115,NaN,NaN,NaN,NaN,-2.1478,NaN,NaN
27.006,27.224,21.007,NaN,NaN,NaN,NaN,-2.356,NaN,NaN
27.046,27.164,20.637,NaN,NaN,NaN,NaN,-2.1862,NaN,NaN
27.086,26.926,20.402,NaN,NaN,NaN,NaN,-2.2193,NaN,NaN
27.126,26.627,20.235,NaN,NaN,NaN,NaN,-2.296,NaN,NaN
27.166,26.484,19.959,NaN,NaN,NaN,NaN,-2.2538,NaN,NaN
27.206,26.224,19.759,NaN,NaN,NaN,NaN,-2.2912,NaN,NaN
27.246,25.977,19.556,NaN,NaN,NaN,NaN,-2.3095,NaN,NaN
27.286,25.788,19.289,NaN,NaN,NaN,NaN,-2.2937,NaN,NaN
27.326,25.986,19.122,-5.7412,-5.6813,-0,0,-2.3614,0,Inf
27.366,25.891,18.771,-5.3409,-6.0562,-0.15888,-0.099349,-2.2936,0.0115,702.16
27.406,25.639,18.545,-5.4869,-6.0609,-0.35382,-0.21975,-2.3067,0.0148,552.41
27.446,25.44,18.267,-5.4657,-6.1477,-0.4287,-0.26458,-2.2977,0.0209,393.59
27.486,25.09,18.12,-5.8054,-5.9114,-0.4373,-0.2681,-2.3472,-0.0103,-804.4
27.526,24.774,17.952,-6.0365,-5.7556,-0.51279,-0.31248,-2.3802,-0.0379,-220.07
27.566,24.577,17.677,-5.9363,-5.9236,-0.60033,-0.36355,-2.357,0.0001,83862
27.606,24.267,17.482,-6.157,-5.836,-0.72827,-0.43831,-2.3832,-0.0294,-288.55
27.646,23.939,17.308,-6.3351,-5.7403,-0.7207,-0.43111,-2.4056,-0.0389,-219.77
27.686,23.616,17.133,-6.4308,-5.7142,-0.72821,-0.43307,-2.4151,-0.0226,-380.65
27.726,23.351,16.908,-6.3631,-5.8092,-0.65047,-0.38472,-2.4015,0.0223,386.37
27.766,23.051,16.701,-6.4723,-5.7872,-0.68991,-0.40593,-2.4122,0.0127,683.64
27.806,22.772,16.486,-6.512,-5.7925,-0.66934,-0.39174,-2.4146,0.0126,691.7
27.846,22.5,16.26,-6.5164,-5.8311,-0.64024,-0.37292,-2.4118,0.021,416.4
27.886,22.246,16.012,-6.4472,-5.9361,-0.59747,-0.34633,-2.3976,0.0479,182.96
27.926,21.997,15.77,-6.4239,-5.9937,-0.5668,-0.32704,-2.391,0.0561,156.61
27.966,21.711,15.559,-6.5038,-5.9629,-0.56109,-0.32222,-2.3997,0.0386,228.59
28.006,21.481,15.298,-6.4325,-6.0571,-0.52451,-0.29985,-2.3864,0.0572,154.47
28.046,21.242,15.041,-6.3624,-6.1304,-0.45928,-0.26146,-2.3748,0.0714,123.74
28.086,20.998,14.785,-6.3267,-6.2025,-0.45062,-0.25551,-2.3661,0.0806,109.92
28.126,21.617,15.914,-6.2246,-6.3013,-0.39656,-0.22415,-2.3527,0.0965,91.785
28.166,21.392,15.643,-6.1769,-6.369,-0.38186,-0.2151,-2.3435,0.1026,86.475
28.206,20.945,15.583,-6.0899,-6.4547,-0.3476,-0.19514,-2.3296,0.1155,76.832
28.246,20.721,15.326,-5.9841,-6.4799,-0.20523,-0.11476,-2.318,0.124,71.132
28.286,20.558,15.118,-5.9224,-6.5491,-0.20133,-0.11219,-2.3077,0.1306,67.609
28.326,20.368,14.821,-5.8181,-6.6181,-0.14782,-0.082054,-2.2933,0.141,62.496
28.366,20.09,14.614,-6.0466,-6.4679,-0.16881,-0.093474,-2.3239,0.0949,93.3
28.406,19.819,14.387,-6.1895,-6.3966,-0.21698,-0.11982,-2.3414,0.0682,130.51
28.446,19.601,14.117,-6.15,-6.4289,-0.1963,-0.10809,-2.3355,0.071,125.31
28.486,19.364,13.869,-6.191,-6.4094,-0.19778,-0.10864,-2.3404,0.0613,145.37
28.526,19.156,13.576,-6.1436,-6.4743,-0.19408,-0.10629,-2.3315,0.0681,131.06
28.566,18.934,13.294,-6.132,-6.4862,-0.16811,-0.091842,-2.3294,0.0669,133.42
28.606,18.679,13.057,-6.2122,-6.4297,-0.17264,-0.09413,-2.3403,0.0513,174.28
28.646,18.458,12.776,-6.2102,-6.4398,-0.15175,-0.082509,-2.3392,0.0498,179.65
28.686,18.194,12.522,-6.3169,-6.3701,-0.15406,-0.083583,-2.3531,0.0322,278.61
28.726,17.925,12.27,-6.4202,-6.2857,-0.12764,-0.069078,-2.3677,0.0151,595.03
28.766,17.654,12.029,-6.5107,-6.1913,-0.087362,-0.047187,-2.3819,-0.0011,-8167.8
28.806,17.368,11.797,-6.6282,-6.0697,-0.045941,-0.02476,-2.4004,-0.0208,-432.09
28.846,17.103,11.597,-6.7577,-5.9879,-0.096037,-0.051655,-2.4171,-0.0371,-243.37
28.886,16.803,11.374,-6.8685,-5.8594,-0.04112,-0.022076,-2.4355,-0.055,-164.15
28.926,16.53,11.147,-6.9107,-5.7513,0.055593,0.029787,-2.4472,-0.0651,-138.11
28.966,16.305,10.914,-6.8145,-5.7461,0.14089,0.075362,-2.4403,-0.056,-159.17
29.006,16.041,10.681,-6.8672,-5.6659,0.16889,0.090164,-2.4509,-0.0645,-138.03
29.046,15.741,10.461,-6.9438,-5.5608,0.21164,0.11277,-2.4653,-0.0767,-115.98
29.086,15.438,10.25,-7.0568,-5.4394,0.23071,0.12269,-2.4839,-0.0924,-96.427
29.126,15.134,10.04,-7.1641,-5.3199,0.24866,0.13202,-2.5019,-0.1068,-83.552
29.166,14.844,9.866,-7.236,-5.2206,0.29786,0.15785,-2.5155,-0.1166,-76.524
29.206,14.603,9.4363,-7.4261,-5.0195,0.33235,0.17585,-2.5463,-0.1429,-62.725
29.246,13.436,9.2818,-10.324,-4.2654,0.39685,0.20969,-2.7504,-0.1454,-76.828
29.286,13.08,9.1275,-10.409,-4.205,0.37849,0.19964,-2.7583,-0.1335,-84.091
29.326,13.158,9.0314,-9.1597,-4.1198,0.28842,0.15188,-2.7193,0.0393,255.56
29.366,12.854,8.8903,-9.0305,-4.2907,0.08437,0.044353,-2.6981,0.1665,60.048
29.406,12.439,8.7134,-8.8929,-4.5386,-0.13449,-0.070582,-2.6697,0.2771,36.031
29.446,12.015,8.5452,-8.9681,-4.639,-0.2246,-0.1177,-2.6642,0.2487,40.599
29.486,11.641,8.3477,-9.0595,-4.7512,-0.55249,-0.28904,-2.6586,0.2494,41.018
29.526,11.334,8.1837,-8.7527,-4.5406,0.48823,0.25505,-2.663,0.1771,55.677
29.566,10.962,8.0252,-8.7044,-4.4735,0.71713,0.37398,-2.6668,0.1395,70.155
29.606,10.548,7.8749,-8.9295,-4.4003,0.36853,0.1919,-2.6836,0.0778,127.95
29.646,10.152,7.6995,-9.2802,-4.2881,-0.32349,-0.16817,-2.7085,0.0051,2004.5
29.686,9.786,7.5196,-9.3863,-4.2177,-0.50472,-0.262,-2.7188,-0.0235,-437.89
29.726,9.4349,7.3461,-9.3738,-4.1733,-0.45317,-0.23483,-2.7222,-0.0327,-313.79
29.766,9.0608,7.1794,-9.3955,-4.1685,-0.45771,-0.23684,-2.7235,-0.0327,-314.33
29.806,8.6851,7.0134,-9.4172,-4.1636,-0.46213,-0.23877,-2.7248,-0.0327,-314.88
29.846,8.2339,6.8944,-9.8106,-4.1326,-1.0983,-0.56668,-2.7444,-0.0687,-154.96
29.886,7.8057,6.7831,-10.185,-4.0885,-1.6305,-0.83991,-2.7623,-0.0967,-113.49
29.926,7.5147,6.6424,-9.8035,-4.057,-0.88446,-0.45487,-2.748,-0.0661,-160.51
29.966,7.2753,6.5129,-9.3877,-3.9396,-0.17424,-0.089476,-2.744,-0.0605,-168.28
30.006,6.8744,6.35,-9.6103,-3.8513,-0.49477,-0.25371,-2.7613,-0.0879,-117.78
30.046,6.6158,6.2563,-9.2252,-3.7023,0.20947,0.10725,-2.7596,-0.078,-127.44
30.086,6.2749,6.1337,-9.2361,-3.5895,0.21119,0.10794,-2.7705,-0.0908,-109.13
30.126,4.9347,5.8434,-11.74,-3.8181,0.22095,0.11278,-2.8268,-0.044,-280.58
30.166,4.7821,5.8301,0.42108,1.5289,0.31858,0.1623,-2.8382,-0.056896,-27.873
30.206,4.6729,5.8359,-9.5782,-2.8647,0.41628,0.21185,-2.8497,-0.0698,-143.23
30.246,5.0377,6.0963,-11.815,-3.6569,0.4147,0.21078,-2.8406,-0.0328,-377.08
30.286,5.9422,6.4826,-5.6329,-1.9015,0.61121,0.31018,-2.8207,0.1323,44.937
30.326,5.9748,6.4869,-5.7812,-2.1434,0.39533,0.20038,-2.7865,0.4626,13.328
30.366,3.835,5.7798,-11.686,-4.2697,0.39873,0.20187,-2.7908,0.2297,54.166
30.406,3.3627,5.6033,-11.632,-4.3716,0.39554,0.20002,-2.7816,0.2297,54.097
******-------------------------------------------------------------------------------------------------------------------****** 
TargetID: ID29
Target can not be processed due to lack of Data
******-------------------------------------------------------------------------------------------------------------------****** 
TargetID: ID32
Target can not be processed due to lack of Data
******-------------------------------------------------------------------------------------------------------------------****** 
TargetID: ID33
Relevancy: 1
tj = 31.2864
Label: 0
Comment: Target is relevant and going straight, since target is crossing Ego X-axis in EFC
DATA:
28.366,30.596,26.036,NaN,NaN,NaN,NaN,-1.9306,NaN,NaN
28.406,30.837,25.722,NaN,NaN,NaN,NaN,-1.7036,NaN,NaN
28.446,30.654,25.504,NaN,NaN,NaN,NaN,-1.8478,NaN,NaN
28.486,30.614,25.164,NaN,NaN,NaN,NaN,-1.8243,NaN,NaN
28.526,30.363,24.922,NaN,NaN,NaN,NaN,-1.9286,NaN,NaN
28.566,29.993,24.852,NaN,NaN,NaN,NaN,-2.1222,NaN,NaN
28.606,NaN,NaN,NaN,NaN,NaN,NaN,-2.0079,NaN,NaN
28.646,NaN,NaN,NaN,NaN,NaN,NaN,-2.0522,NaN,NaN
28.686,NaN,NaN,NaN,NaN,NaN,NaN,-1.953,NaN,NaN
28.726,NaN,NaN,NaN,NaN,NaN,NaN,-1.9905,NaN,NaN
28.766,NaN,NaN,NaN,NaN,NaN,NaN,-2.1313,NaN,NaN
28.806,29.54,23.31,-4.2043,-6.3934,-0,0,-2.1525,0,Inf
28.846,29.562,22.928,-3.7727,-6.7587,-0.076224,-0.04099,-2.0798,-0.0012,-6450.3
28.886,29.396,22.663,-3.8284,-6.7707,-0.049217,-0.026424,-2.0854,-0.0069,-1127.3
28.926,29.116,22.489,-4.1122,-6.5591,0.0028673,0.0015357,-2.1308,-0.0139,-556.95
28.966,28.859,22.274,-4.3233,-6.4022,-0.00399,-0.0021344,-2.1647,-0.0263,-293.73
29.006,28.736,21.982,-4.2325,-6.5029,-0.062252,-0.033237,-2.1478,-0.0139,-558.2
29.046,28.398,21.834,-4.5739,-6.2381,-0.060531,-0.032254,-2.2034,-0.0628,-123.17
29.086,28.323,21.535,-4.3485,-6.4303,-0.10151,-0.053986,-2.1653,-0.0174,-446.13
29.126,28.221,21.226,-4.1833,-6.5785,-0.10455,-0.055515,-2.1373,0.0183,426.01
29.166,27.952,21.037,-4.4694,-6.3815,-0.095469,-0.050603,-2.1818,-0.0444,-175.47
29.206,27.816,20.746,-4.3567,-6.4945,-0.10888,-0.057618,-2.1618,-0.0103,-759.26
29.246,27.553,20.548,-4.6042,-6.3249,-0.11479,-0.060649,-2.2,-0.0692,-113.05
29.286,27.375,20.289,-4.606,-6.3499,-0.13385,-0.070604,-2.1985,-0.0613,-127.97
29.326,27.224,20.007,-4.5371,-6.435,-0.1479,-0.07789,-2.1849,-0.035,-224.96
29.366,27.042,19.733,-4.5785,-6.4518,-0.16436,-0.086417,-2.1881,-0.0347,-227.99
29.406,28.154,20.806,-4.5201,-6.5038,-0.141,-0.074051,-2.1804,-0.0119,-665.57
29.446,27.961,20.543,-4.6089,-6.4743,-0.15459,-0.081071,-2.1919,-0.025,-317.89
29.486,27.788,20.262,-4.5748,-6.5308,-0.15565,-0.081494,-2.1843,-0.0108,-738.31
29.526,27.132,20.449,-4.8687,-6.336,-0.18933,-0.09915,-2.2288,-0.0754,-105.98
29.566,26.931,20.205,-4.8913,-6.3518,-0.20181,-0.10537,-2.23,-0.0739,-108.48
29.606,26.757,19.927,-4.8289,-6.4318,-0.20363,-0.10618,-2.2179,-0.0531,-151.46
29.646,26.561,19.684,-4.8839,-6.4009,-0.20458,-0.10649,-2.2256,-0.0614,-131.13
29.686,26.364,19.453,-4.8715,-6.4001,-0.1917,-0.099632,-2.2242,-0.06,-134.05
29.726,26.184,19.199,-4.8,-6.4636,-0.18624,-0.096635,-2.2124,-0.044,-182.98
29.766,25.982,18.96,-4.8526,-6.4411,-0.19271,-0.099845,-2.2193,-0.0516,-156.29
29.806,25.822,18.708,-4.6587,-6.5638,-0.1651,-0.085416,-2.1906,-0.0189,-425.87
29.846,25.616,18.481,-4.8259,-6.4682,-0.17688,-0.091484,-2.2145,-0.0452,-178.54
29.886,25.368,18.294,-5.157,-6.268,-0.22475,-0.11604,-2.2623,-0.0977,-83.079
29.926,25.213,18.073,-4.956,-6.5124,-0.24907,-0.12808,-2.2249,-0.0535,-152.97
29.966,24.974,17.862,-5.0914,-6.4126,-0.29338,-0.15118,-2.2459,-0.076,-107.74
30.006,24.794,17.579,-5.0392,-6.4914,-0.25762,-0.1323,-2.2345,-0.059,-139.28
30.046,24.553,17.362,-5.1795,-6.3964,-0.2705,-0.13892,-2.2551,-0.0763,-107.87
30.086,24.41,17.09,-5.0778,-6.5082,-0.25577,-0.13093,-2.2369,-0.0588,-140.39
30.126,24.259,16.814,-4.9007,-6.6895,-0.22799,-0.11638,-2.2064,-0.025,-331.7
30.166,24.127,16.483,-4.6965,-6.8201,-0.16657,-0.085028,-2.1764,0.0077,1075.4
30.206,24.006,16.157,-4.5349,-6.9399,-0.13192,-0.06723,-2.1517,0.0321,258.26
30.246,23.853,15.836,-4.5055,-7.0052,-0.14003,-0.071285,-2.1446,0.0389,214.11
30.286,23.688,15.522,-4.4613,-7.053,-0.12644,-0.064264,-2.1369,0.0465,179.47
30.326,23.644,15.14,-4.4903,-7.0146,-0.098657,-0.050101,-2.1418,0.041,203.14
30.366,23.454,14.864,-4.4144,-7.0232,-0.036597,-0.018537,-2.1325,0.0491,168.95
30.406,23.256,14.595,-4.3447,-6.9986,0.030914,0.015628,-2.1258,0.0555,148.42
30.446,23.08,14.312,-4.3326,-6.9857,0.047831,0.024145,-2.1251,0.0555,148.11
30.486,22.888,14.061,-4.3599,-6.9393,0.057181,0.028826,-2.1308,0.0477,171.81
30.526,22.699,13.792,-4.4137,-6.9177,0.04028,0.020285,-2.138,0.0402,204.13
30.566,22.508,13.539,-4.4068,-6.8775,0.067054,0.033724,-2.1395,0.0375,217.82
30.606,22.322,13.296,-4.4147,-6.7927,0.12759,0.063985,-2.1449,0.0321,252.38
30.646,22.153,13.012,-4.3822,-6.7928,0.12466,0.062501,-2.1416,0.0343,235.68
30.686,21.953,12.786,-4.4347,-6.7068,0.15126,0.075675,-2.1524,0.0238,337.83
30.726,21.782,12.518,-4.4007,-6.7151,0.13014,0.065114,-2.1487,0.0258,311.19
30.766,21.634,12.224,-4.33,-6.7649,0.11147,0.055726,-2.1382,0.0336,239.05
30.806,21.437,11.966,-4.1312,-6.7605,0.1991,0.099325,-2.1156,0.052,152.36
30.846,21.285,11.667,-4.0721,-6.8135,0.16443,0.081974,-2.1064,0.0582,136.39
30.886,21.124,11.397,-3.9934,-6.8194,0.17191,0.085596,-2.0972,0.0639,123.67
30.926,20.975,11.105,-3.9355,-6.8645,0.14174,0.07055,-2.0886,0.0688,115.01
30.966,20.831,10.795,-3.8802,-6.9251,0.11156,0.055507,-2.0793,0.0744,106.7
31.006,20.515,10.553,-3.685,-7.0371,0.09182,0.045692,-2.0513,0.0946,83.97
31.047,20.455,10.152,-3.428,-7.1815,0.069832,0.034739,-2.0147,0.1209,65.82
31.087,20.323,9.8633,-3.3815,-7.1584,0.092037,0.045671,-2.0102,0.1212,65.321
31.126,20.294,9.4971,-3.1183,-7.294,0.059852,0.029745,-1.9735,0.1464,54.184
31.166,20.327,8.6478,0.73673,-9.9649,-0.16671,-0.083335,-1.5002,0.1226,81.502
31.206,20.231,8.2811,1.0467,-10.082,-0.14311,-0.071445,-1.47,0.12,84.472
31.247,20.203,8.0594,0.62683,-9.8644,0.053558,0.026555,-1.5063,-0.0026,-3801.7
31.286,20.055,7.624,0.48712,-9.8922,0.18295,0.090312,-1.5182,-0.0766,-129.3
31.326,19.998,7.3207,0.13154,-9.7458,0.24282,0.11963,-1.5528,-0.1681,-57.981
31.366,19.957,6.9177,0.26416,-9.8577,0.30572,0.15031,-1.5384,-0.1149,-85.824
31.406,19.943,6.5728,0.2394,-9.9049,0.39278,0.19259,-1.5395,-0.1103,-89.826
31.447,19.953,6.1891,0.23987,-9.9711,0.50064,0.24474,-1.5378,-0.0943,-105.77
31.486,19.967,5.7905,0.17596,-9.9754,0.51909,0.25369,-1.5439,-0.0956,-104.36
31.526,19.937,5.4111,0.23139,-10.072,0.6564,0.31942,-1.5364,-0.0608,-165.7
31.566,19.905,5.0382,0.21129,-10.043,0.61424,0.29925,-1.539,-0.0527,-190.61
31.606,19.894,4.6723,0.42113,-10.244,0.90613,0.4373,-1.5142,0.0226,453.64
31.647,19.85,4.3757,0.29636,-10.044,0.70155,0.34086,-1.5291,-0.0051,-1970.2
31.686,19.649,4.3014,0.11258,-9.3206,0.21473,0.1058,-1.5544,-0.027,-345.23
31.726,19.64,3.9407,0.096603,-9.2936,0.19275,0.09506,-1.5565,-0.0274,-339.2
31.767,19.664,3.7196,0.28825,-9.1321,0.12945,0.063955,-1.5365,0.0336,271.92
31.807,19.653,3.332,0.39915,-9.2824,0.29136,0.14308,-1.5219,0.0621,149.61
31.847,19.642,2.9729,0.34012,-9.174,0.15058,0.074313,-1.5306,0.0405,226.67
31.887,19.633,2.6099,0.32452,-9.1417,0.11139,0.055047,-1.533,0.0332,275.53
31.927,19.632,2.2137,0.41223,-9.2691,0.21957,0.10809,-1.5218,0.0519,178.77
31.967,19.645,1.8293,0.46042,-9.3436,0.27475,0.135,-1.516,0.0586,159.64
32.007,19.654,1.444,0.48286,-9.362,0.2803,0.13771,-1.5137,0.059,158.89
32.047,19.664,1.0151,0.57314,-9.5667,0.44616,0.21798,-1.5024,0.0735,130.39
32.087,19.679,0.61159,0.63648,-9.6826,0.53186,0.25912,-1.4952,0.0805,120.54
32.127,19.696,0.24781,0.67516,-9.6944,0.52685,0.25667,-1.4913,0.0823,118.08
32.167,19.731,-0.14153,0.70992,-9.7335,0.53141,0.25886,-1.488,0.0823,118.58
32.207,19.752,-0.54229,0.73361,-9.762,0.52867,0.2576,-1.486,0.0805,121.61
32.247,19.773,-0.88096,0.74504,-9.709,0.46367,0.22634,-1.4854,0.0772,126.13
32.287,19.796,-1.2183,0.7754,-9.6719,0.42574,0.20803,-1.4826,0.0772,125.69
32.327,19.822,-1.5616,0.80108,-9.6407,0.39019,0.19084,-1.4802,0.0763,126.79
******-------------------------------------------------------------------------------------------------------------------****** 
TargetID: ID36
Relevancy: 1
tj = 27.3656
Label: 1
Comment: Target is relevant and Turning, since the velocity ratio is highly changing at the end
DATA:
24.365,29.269,23.766,NaN,NaN,NaN,NaN,-2.9036,NaN,NaN
24.405,29.228,23.41,NaN,NaN,NaN,NaN,-2.7954,NaN,NaN
24.445,28.885,23.469,NaN,NaN,NaN,NaN,-2.8438,NaN,NaN
24.485,28.618,23.411,NaN,NaN,NaN,NaN,-2.8406,NaN,NaN
24.525,28.96,23.351,-6.0141,-1.9382,-0,0,-2.8298,0,Inf
24.565,29.018,24.254,-6.1293,-1.7252,0.039523,0.041619,-2.8677,-0.024,-265.31
24.605,28.738,24.245,-6.2735,-1.6922,-0.26049,-0.27408,-2.8751,0.0034,1911.1
24.645,28.543,24.005,-6.2978,-2.0995,-1.0482,-1.1053,-2.8093,0.0947,70.101
24.685,28.296,23.927,-6.3305,-2.132,-1.0497,-1.1028,-2.8065,0.0944,70.761
24.725,28.042,23.839,-6.3709,-2.1725,-1.0752,-1.1252,-2.8028,0.0959,70.189
24.765,27.814,23.806,-6.1796,-1.9811,-0.24672,-0.25576,-2.8287,0.0036,1802.6
24.805,27.614,23.607,-6.0202,-2.1657,-0.14681,-0.15145,-2.7948,0.0369,173.38
24.845,27.372,23.438,-6.148,-2.462,-0.79964,-0.82486,-2.7538,0.1249,53.024
24.885,27.12,23.316,-6.2929,-2.5545,-1.1299,-1.1624,-2.7469,0.1355,50.123
24.925,26.884,23.168,-6.3154,-2.7477,-1.311,-1.3434,-2.7216,0.1701,40.489
24.965,26.633,23.055,-6.3437,-2.8144,-1.3124,-1.3385,-2.7148,0.1701,40.799
25.005,26.386,22.937,-6.3715,-2.8812,-1.3137,-1.3335,-2.7081,0.1701,41.109
25.045,26.14,22.82,-6.3986,-2.949,-1.3146,-1.3281,-2.7012,0.1701,41.42
25.085,25.975,22.356,-5.6824,-3.9023,-1.2517,-1.2541,-2.5354,0.3888,17.73
25.125,25.864,22.023,-5.9903,-3.9421,-1.6735,-1.6701,-2.5537,0.3057,23.458
25.165,25.752,21.585,-5.6643,-4.446,-1.7323,-1.7174,-2.4727,0.3752,19.192
25.205,25.553,21.35,-5.6554,-4.6161,-1.7607,-1.736,-2.4543,0.3746,19.488
25.245,25.394,21.006,-5.4703,-4.9494,-1.7742,-1.739,-2.405,0.4082,18.072
25.285,25.2,20.716,-5.3543,-5.2075,-1.7582,-1.7135,-2.3701,0.4275,17.471
25.325,25.024,20.391,-5.2283,-5.4927,-1.7801,-1.7246,-2.3327,0.445,17.041
25.365,24.825,20.115,-5.15,-5.7183,-1.754,-1.6896,-2.3058,0.4549,16.917
25.405,24.64,19.806,-5.0503,-5.9754,-1.757,-1.682,-2.2752,0.4653,16.814
25.445,24.42,19.594,-4.9686,-6.1258,-1.6187,-1.5399,-2.2552,0.4749,16.609
25.485,24.23,19.343,-4.91,-6.2989,-1.5762,-1.4896,-2.2362,0.4749,16.817
25.525,24.079,18.926,-4.6104,-6.7125,-1.5345,-1.4415,-2.177,0.5155,15.797
25.565,23.899,18.652,-4.5283,-6.8963,-1.481,-1.3814,-2.1564,0.5155,16.004
25.605,23.727,18.311,-4.3797,-7.1566,-1.4266,-1.3214,-2.1248,0.527,15.921
25.645,23.613,17.885,-4.1175,-7.5431,-1.4065,-1.2945,-2.0758,0.5476,15.693
25.685,23.636,17.331,-3.5106,-8.2657,-1.2765,-1.1609,-1.9782,0.6118,14.679
25.725,23.727,17.581,-3.6795,-8.2662,-1.2344,-1.1081,-1.9999,0.5694,15.891
25.765,23.567,17.299,-3.5613,-8.3149,-1.12,-1.0021,-1.9852,0.5667,15.962
25.805,23.437,16.968,-3.4305,-8.5417,-1.0198,-0.89959,-1.9618,0.5697,16.157
25.845,23.248,16.682,-3.4121,-8.5375,-0.9578,-0.84142,-1.9596,0.5537,16.605
25.885,23.096,16.378,-3.397,-8.6202,-0.91812,-0.7991,-1.9544,0.5387,17.2
25.925,23.024,15.982,-3.1456,-8.9866,-0.84642,-0.72628,-1.9153,0.551,17.28
25.965,22.833,15.798,-3.495,-8.5893,-0.85849,-0.73609,-1.9648,0.4892,18.956
26.005,22.653,15.51,-3.5175,-8.6834,-0.79326,-0.66774,-1.9627,0.4763,19.67
26.045,22.449,15.329,-3.7868,-8.3248,-0.74418,-0.62482,-2.004,0.4248,21.529
26.085,22.24,15.047,-3.8437,-8.3919,-0.71964,-0.59394,-2.0063,0.4098,22.524
26.125,22.022,14.896,-4.1888,-7.9413,-0.72644,-0.59712,-2.0619,0.3472,25.859
26.165,21.969,14.596,-4.4307,-7.7679,-0.77562,-0.63041,-2.0949,0.3064,29.186
26.205,21.715,14.344,-4.5298,-7.8326,-0.81401,-0.65216,-2.101,0.2921,30.976
26.246,21.473,14.058,-4.5633,-7.9163,-0.8507,-0.67459,-2.0998,0.2839,32.185
26.285,21.194,13.805,-4.6747,-7.8922,-0.88476,-0.69455,-2.1117,0.2657,34.523
26.325,20.918,13.556,-4.7923,-7.8553,-0.90672,-0.70476,-2.1246,0.2467,37.299
26.366,20.665,13.284,-4.8714,-7.8635,-0.91894,-0.70721,-2.1315,0.2333,39.649
26.406,20.42,13,-4.951,-7.8713,-0.92141,-0.70225,-2.1382,0.2204,42.191
26.445,20.126,12.749,-5.1254,-7.7868,-0.94764,-0.71521,-2.1587,0.1965,47.441
26.485,19.983,12.421,-5.2715,-7.6697,-0.98243,-0.73705,-2.1787,0.1729,53.827
26.525,19.659,12.205,-5.5017,-7.5522,-0.98118,-0.72668,-2.2057,0.1447,64.572
26.565,19.348,11.961,-5.6974,-7.4851,-1.05,-0.77016,-2.2267,0.1233,76.292
26.605,19.119,11.671,-5.7122,-7.5427,-1.02,-0.74132,-2.2241,0.1211,78.13
26.645,18.857,11.408,-5.7838,-7.5017,-0.96513,-0.69512,-2.2324,0.1098,86.271
26.685,18.486,11.229,-6.0772,-7.1736,-0.90676,-0.64735,-2.2775,0.0685,137.25
26.725,16.826,11.385,-7.6132,-5.8174,-1.1797,-0.83531,-2.4898,0.0685,139.87
26.765,16.68,11.376,-7.6251,-5.9288,-1.2384,-0.86964,-2.4817,0.0763,126.59
26.805,16.394,11.035,-7.6899,-5.806,-1.0246,-0.71337,-2.4955,0.0242,398.16
26.846,15.666,10.546,-8.0333,-5.696,-1.328,-0.91692,-2.525,0.018,547.1
26.885,15.262,10.392,-8.7497,-5.1891,-1.6234,-1.1117,-2.6053,-0.0958,-106.19
26.925,14.913,10.187,-8.8313,-5.1924,-1.6349,-1.1104,-2.6091,-0.0958,-106.94
26.966,14.502,9.9896,-9.0598,-5.1032,-1.8079,-1.2178,-2.6274,-0.1078,-96.458
27.006,14.235,9.8408,-9.0224,-4.9843,-1.475,-0.98561,-2.6358,-0.1623,-63.51
27.046,13.945,9.6054,-8.7894,-5.1008,-1.08,-0.71594,-2.6152,-0.1179,-86.194
27.086,13.598,9.37,-8.7259,-5.1708,-0.94608,-0.62227,-2.6062,-0.0858,-118.22
27.126,13.292,9.1406,-8.5504,-5.211,-0.62967,-0.41101,-2.5941,-0.0657,-152.41
27.166,13.027,8.9334,-8.2714,-5.243,-0.1944,-0.12598,-2.5766,-0.0393,-249.19
27.206,12.533,8.8151,-8.9654,-5.0652,-1.0533,-0.67754,-2.6279,-0.1247,-82.576
27.246,12.171,8.6167,-9.0285,-5.0428,-1.0641,-0.67973,-2.6328,-0.1247,-82.93
27.286,11.889,8.3665,-8.7808,-5.1584,-0.7116,-0.45121,-2.6102,-0.0758,-134.35
27.326,11.541,8.164,-8.8921,-5.067,-0.76487,-0.48156,-2.6234,-0.103,-99.364
27.366,11.188,7.9553,-8.9766,-4.9706,-0.78159,-0.48871,-2.6355,-0.1277,-80.351
27.406,10.743,7.7401,-9.2839,-4.8793,-1.0784,-0.66979,-2.6571,-0.155,-67.665
27.446,10.378,7.5468,-9.3557,-4.8432,-1.0847,-0.66933,-2.6632,-0.155,-67.967
27.486,10.001,7.3576,-9.4277,-4.8054,-1.0909,-0.66885,-2.6695,-0.155,-68.269
27.526,9.6219,7.1696,-9.4992,-4.768,-1.0972,-0.66863,-2.6757,-0.155,-68.572
27.566,9.2376,6.9829,-9.5709,-4.729,-1.1034,-0.66819,-2.6819,-0.155,-68.874
27.606,8.8361,6.808,-10.442,-4.0619,-1.2337,-0.74113,-2.6994,-0.17018,-65.839
27.646,8.4061,6.6541,-10.981,-3.669,-1.364,-0.8141,-2.717,-0.18537,-62.457
27.686,7.9615,6.5106,-11.186,-3.5506,-1.4942,-0.88704,-2.7345,-0.20055,-58.52
27.726,7.5157,6.3665,-11.059,-3.7063,-1.6243,-0.95991,-2.752,-0.21572,-54.069
27.766,7.0813,6.2105,-10.599,-4.1363,-1.7546,-1.0328,-2.7695,-0.2309,-49.274
27.806,6.7342,6.0901,-10.71,-4.036,-1.7563,-1.0283,-2.7789,-0.2307,-49.609
27.846,6.4467,5.9371,-10.468,-3.961,-1.3768,-0.80197,-2.7817,-0.2276,-49.175
27.886,6.0686,5.7362,-10.423,-3.9658,-1.2206,-0.70757,-2.7796,-0.2156,-51.727
27.926,5.6506,5.5831,-10.503,-3.8942,-1.2276,-0.70837,-2.7882,-0.2156,-51.955
27.966,5.1987,5.4639,-11.781,-2.4644,-1.5943,-0.91506,-2.815,-0.24065,-50.017
28.006,4.7327,5.3541,-11.199,-3.4203,-1.961,-1.1218,-2.8419,-0.2657,-44.07
28.046,3.6155,5.452,-13.066,-3.8357,-1.9781,-1.1274,-2.8585,-0.1218,-111.8
28.086,3.5054,5.4705,-10.189,-3.2914,-1.8995,-1.0786,-2.8325,0.1037,103.25
28.126,3.0936,5.3396,-10.245,-3.3542,-1.8932,-1.0707,-2.8284,0.1037,103.96
28.166,2.7005,5.1895,-10.083,-3.2666,-1.8619,-1.0494,-2.8319,0.0876,120.99
28.206,3.729,5.4761,-12.47,-4.0591,-1.8592,-1.0433,-2.8292,0.0876,149.7
28.246,3.306,5.3939,-11.839,-3.9758,-1.8381,-1.0278,-2.82,0.1223,102.12
28.286,2.9283,5.2715,-11.442,-3.7922,-1.8137,-1.0107,-2.8241,0.1035,116.47
28.326,2.5223,5.1745,-11.44,-3.6097,-1.8459,-1.0255,-2.8388,0.0352,340.79
******-------------------------------------------------------------------------------------------------------------------****** 
TargetID: ID39
Target can not be processed due to lack of Data
******-------------------------------------------------------------------------------------------------------------------****** 
TargetID: ID08
Relevancy: 1
tj = 25.1653
Label: 0
Comment: Target is relevant and going straight, since the velocity ratio is almost not changing
DATA:
23.645,18.164,10.5,NaN,NaN,NaN,NaN,-2.1076,NaN,NaN
23.685,18.045,10.303,NaN,NaN,NaN,NaN,-2.1076,NaN,NaN
23.725,17.928,10.104,NaN,NaN,NaN,NaN,-2.1077,NaN,NaN
23.765,17.81,9.9071,NaN,NaN,NaN,NaN,-2.1077,NaN,NaN
23.805,17.692,9.71,NaN,NaN,NaN,NaN,-2.1077,NaN,NaN
23.845,17.574,9.5117,NaN,NaN,NaN,NaN,-2.1077,NaN,NaN
23.885,17.456,9.3143,NaN,NaN,NaN,NaN,-2.1077,NaN,NaN
23.925,17.337,9.1192,NaN,NaN,NaN,NaN,-2.1077,NaN,NaN
23.965,17.219,8.9225,NaN,NaN,NaN,NaN,-2.1077,NaN,NaN
24.005,17.101,8.7251,NaN,NaN,NaN,NaN,-2.1077,NaN,NaN
24.045,NaN,NaN,NaN,NaN,NaN,NaN,-2.1576,NaN,NaN
24.085,NaN,NaN,NaN,NaN,NaN,NaN,-2.2322,NaN,NaN
24.125,NaN,NaN,NaN,NaN,NaN,NaN,-2.2013,NaN,NaN
24.165,NaN,NaN,NaN,NaN,NaN,NaN,-2.1249,NaN,NaN
24.205,NaN,NaN,NaN,NaN,NaN,NaN,-2.1248,NaN,NaN
24.245,NaN,NaN,NaN,NaN,NaN,NaN,-2.1053,NaN,NaN
24.285,NaN,NaN,NaN,NaN,NaN,NaN,-2.1684,NaN,NaN
24.325,NaN,NaN,NaN,NaN,NaN,NaN,-2.1684,NaN,NaN
24.365,NaN,NaN,NaN,NaN,NaN,NaN,-2.1535,NaN,NaN
24.405,NaN,NaN,NaN,NaN,NaN,NaN,-2.2329,NaN,NaN
24.445,NaN,NaN,NaN,NaN,NaN,NaN,-2.2371,NaN,NaN
24.485,NaN,NaN,NaN,NaN,NaN,NaN,-2.2652,NaN,NaN
24.525,NaN,NaN,NaN,NaN,NaN,NaN,-2.2652,NaN,NaN
24.565,NaN,NaN,NaN,NaN,NaN,NaN,-2.2617,NaN,NaN
24.605,NaN,NaN,NaN,NaN,NaN,NaN,-2.3276,NaN,NaN
24.645,NaN,NaN,NaN,NaN,NaN,NaN,-2.3552,NaN,NaN
24.685,NaN,NaN,NaN,NaN,NaN,NaN,-2.3337,NaN,NaN
24.725,NaN,NaN,NaN,NaN,NaN,NaN,-2.3848,NaN,NaN
24.765,NaN,NaN,NaN,NaN,NaN,NaN,-2.3847,NaN,NaN
24.805,NaN,NaN,NaN,NaN,NaN,NaN,-2.4553,NaN,NaN
24.845,NaN,NaN,NaN,NaN,NaN,NaN,-2.4553,NaN,NaN
24.885,NaN,NaN,NaN,NaN,NaN,NaN,-2.3644,NaN,NaN
24.925,NaN,NaN,NaN,NaN,NaN,NaN,-2.3643,NaN,NaN
24.965,NaN,NaN,NaN,NaN,NaN,NaN,-2.3912,NaN,NaN
25.005,NaN,NaN,NaN,NaN,NaN,NaN,-2.531,NaN,NaN
25.045,NaN,NaN,NaN,NaN,NaN,NaN,-2.561,NaN,NaN
25.085,NaN,NaN,NaN,NaN,NaN,NaN,-2.4979,NaN,NaN
25.125,NaN,NaN,NaN,NaN,NaN,NaN,-2.3653,NaN,NaN
25.165,15.129,6.2947,-2.4067,-2.7934,-0,0,-2.282,0,Inf
25.205,15.036,6.1824,-2.4069,-2.7933,-0,0,-2.282,0,Inf
25.245,14.94,6.0714,-2.407,-2.7931,-0,0,-2.2821,0,Inf
25.285,14.842,5.9609,-2.407,-2.7932,-0,0,-2.2821,0,Inf
25.325,14.741,5.8502,-2.4071,-2.7931,-0,0,-2.2821,0,Inf
25.365,14.65,5.7402,-2.4069,-2.7932,-0,0,-2.282,0,Inf
25.405,14.552,5.6294,-2.4072,-2.7931,-0,0,-2.2821,0,Inf
25.445,14.457,5.5187,-2.4071,-2.793,-0,0,-2.2821,0,Inf
25.485,14.365,5.4085,-2.4071,-2.7931,-0,0,-2.2821,0,Inf
25.525,14.266,5.2978,-2.4072,-2.793,-0,0,-2.2822,0,Inf
25.565,14.169,5.1886,-2.4072,-2.7929,-0,0,-2.2822,0,Inf
25.605,14.076,5.0776,-2.4073,-2.793,-0,0,-2.2822,0,Inf
25.645,13.975,4.9686,-2.4073,-2.793,-0,0,-2.2821,0,Inf
25.685,13.878,4.8585,-2.4073,-2.7929,-0,0,-2.2822,0,Inf
******-------------------------------------------------------------------------------------------------------------------****** 
TargetID: ID40
Relevancy: 1
tj = 34.087
Label: 0
Comment: Target is relevant and going straight, since the velocity ratio is almost not changing
DATA:
31.807,26.739,19.365,NaN,NaN,NaN,NaN,-2.2388,NaN,NaN
31.847,26.955,19.1,-5.1578,-6.2365,-0.017103,-0.0084862,-2.2618,-0,-Inf
31.887,26.829,18.759,-5.0771,-6.3672,-0.13036,-0.064688,-2.244,0.0059,1380.3
31.927,26.464,18.61,-5.3492,-6.1774,-0.16356,-0.081155,-2.2846,-0.0201,-406.54
31.967,26.252,18.354,-5.3226,-6.2085,-0.16658,-0.082657,-2.2794,-0.0122,-670.31
32.007,26.04,18.091,-5.3951,-6.2267,-0.27808,-0.138,-2.2849,-0.0233,-353.6
32.047,25.873,17.797,-5.3465,-6.2699,-0.25033,-0.12423,-2.277,-0.0193,-426.94
32.087,25.519,17.666,-5.5847,-6.0122,-0.14544,-0.072164,-2.3194,-0.0774,-106.02
32.127,25.204,17.5,-5.8503,-5.8373,-0.25956,-0.12879,-2.3572,-0.133,-62.138
32.167,24.988,17.266,-5.8843,-5.8519,-0.29669,-0.1472,-2.3588,-0.1251,-66.337
32.207,24.584,17.195,-6.393,-5.3715,-0.4098,-0.20335,-2.4426,-0.2674,-31.227
32.247,24.428,16.886,-6.1529,-5.6522,-0.36763,-0.18243,-2.3986,-0.1621,-51.542
32.287,24.145,16.694,-6.3402,-5.4939,-0.39882,-0.19789,-2.4277,-0.2071,-40.509
32.327,23.932,16.427,-6.2694,-5.5816,-0.36663,-0.18193,-2.4143,-0.1693,-49.581
32.367,23.735,16.146,-6.1905,-5.6816,-0.34533,-0.17136,-2.399,-0.1326,-63.368
32.407,23.459,15.934,-6.2984,-5.6216,-0.377,-0.18708,-2.4129,-0.1453,-58.102
32.447,23.186,15.725,-6.4207,-5.5504,-0.42033,-0.20857,-2.4288,-0.1619,-52.423
32.487,22.948,15.482,-6.4102,-5.5868,-0.4135,-0.20519,-2.4249,-0.1445,-58.845
32.527,22.728,15.227,-6.3637,-5.6451,-0.38956,-0.19331,-2.4161,-0.122,-69.727
32.567,22.47,15.002,-6.4151,-5.6213,-0.38474,-0.19092,-2.4222,-0.1244,-68.566
32.607,22.228,14.783,-6.3626,-5.6048,-0.25426,-0.12617,-2.4195,-0.1156,-73.349
32.647,22.777,15.806,-6.1502,-5.7841,-0.19577,-0.097197,-2.3882,-0.0608,-138.86
32.687,22.551,15.56,-6.1272,-5.8147,-0.19387,-0.096255,-2.3837,-0.0518,-163.07
32.727,22.185,15.503,-6.1496,-5.8179,-0.21376,-0.10615,-2.3854,-0.0542,-156.19
32.767,21.933,15.282,-6.4122,-5.6555,-0.32211,-0.15997,-2.4208,-0.1038,-82.369
32.807,21.724,15.099,-6.5078,-5.5956,-0.34416,-0.17092,-2.4335,-0.1169,-73.419
32.847,21.462,14.887,-6.662,-5.4797,-0.38344,-0.19041,-2.4554,-0.1415,-60.962
32.887,21.232,14.491,-6.703,-5.4761,-0.40562,-0.20141,-2.4586,-0.1396,-62.002
32.927,20.979,14.284,-6.7369,-5.4676,-0.41999,-0.20845,-2.4619,-0.1366,-63.517
32.967,20.67,14.085,-6.8513,-5.418,-0.49027,-0.24344,-2.4747,-0.1458,-59.909
33.007,20.303,13.811,-6.9816,-5.34,-0.54246,-0.26933,-2.4908,-0.1589,-55.316
33.047,20.019,13.615,-7.182,-5.2184,-0.65117,-0.32328,-2.5154,-0.182,-48.778
33.087,19.738,13.399,-7.2511,-5.1926,-0.67562,-0.33541,-2.5223,-0.1817,-49.084
33.127,19.373,13.166,-7.3847,-5.1077,-0.72171,-0.35826,-2.5384,-0.1925,-46.644
33.167,19.063,12.923,-7.4515,-5.0877,-0.7587,-0.37661,-2.5444,-0.1911,-47.215
33.207,18.747,12.677,-7.557,-5.0354,-0.80088,-0.39752,-2.5556,-0.1953,-46.498
33.247,18.538,12.408,-7.4656,-5.1182,-0.73373,-0.36421,-2.5424,-0.173,-52.321
33.287,18.315,12.195,-7.5179,-5.0894,-0.7478,-0.37118,-2.5482,-0.1724,-52.66
33.327,17.967,11.972,-7.6207,-5.0361,-0.77747,-0.38579,-2.5592,-0.177,-51.607
33.367,17.656,11.776,-7.6893,-5.0039,-0.78468,-0.38935,-2.5662,-0.177,-51.831
33.407,17.356,11.572,-7.7394,-4.976,-0.76997,-0.38204,-2.5716,-0.1756,-52.397
33.447,17.057,11.371,-7.7671,-4.9414,-0.71048,-0.35234,-2.5762,-0.1735,-53.059
33.487,16.735,11.181,-7.903,-4.8725,-0.7922,-0.39285,-2.5903,-0.1809,-51.323
33.527,16.408,10.992,-8.0399,-4.8069,-0.87776,-0.43515,-2.6038,-0.1873,-50.012
33.567,16.084,10.788,-8.1759,-4.7386,-0.95112,-0.4715,-2.6173,-0.1935,-48.836
33.607,15.798,10.612,-8.2555,-4.676,-0.92535,-0.45849,-2.6271,-0.1961,-48.382
33.647,15.529,10.396,-8.1938,-4.689,-0.81784,-0.40502,-2.6226,-0.1843,-51.224
33.687,15.226,10.21,-8.2905,-4.6326,-0.85142,-0.42132,-2.6327,-0.187,-50.786
33.727,14.898,10.033,-8.5687,-4.4985,-1.103,-0.5458,-2.6586,-0.2048,-47.255
33.767,14.547,9.8578,-8.6974,-4.4251,-1.1568,-0.57198,-2.6712,-0.2091,-46.669
33.807,14.42,9.8087,-8.8788,-4.3292,-1.2758,-0.63033,-2.6878,-0.217,-45.521
33.847,14.07,9.6493,-9.0336,-4.2458,-1.3644,-0.67379,-2.7018,-0.2222,-44.922
33.887,13.718,9.4823,-9.1634,-4.1708,-1.416,-0.69874,-2.7137,-0.2253,-44.687
33.927,13.421,9.2952,-9.1379,-4.1327,-1.2878,-0.63483,-2.7161,-0.2194,-45.711
33.967,12.985,9.0946,-9.262,-4.0708,-1.3564,-0.66835,-2.7265,-0.221,-45.779
34.007,12.652,8.9217,-9.3127,-4.0028,-1.3058,-0.64277,-2.7345,-0.2207,-45.929
34.047,12.288,8.7634,-9.4445,-3.9367,-1.3913,-0.68416,-2.7453,-0.2225,-45.987
34.087,10.614,7.6693,-13.341,-4.4186,-1.4625,-0.71834,-2.82,-0.1104,-127.3
34.127,10.56,7.6708,-13.164,-3.7167,-1.5113,-0.74142,-2.8639,-0.1043,-131.14
34.167,10.893,7.8208,-9.1492,-3.4404,-1.3873,-0.67966,-2.7796,0.1588,61.553
34.207,10.657,7.6825,-9.1174,-3.3865,-1.3892,-0.67973,-2.7835,0.159,61.17
34.247,10.296,7.5344,-9.1536,-3.475,-1.3814,-0.67508,-2.7765,0.1582,61.89
34.287,9.3126,7.1068,-10.026,-4.113,-1.4485,-0.70691,-2.7523,0.0624,173.67
34.327,8.9756,7.105,-9.2032,-3.1969,-1.0953,-0.53414,-2.8097,-0.1959,-49.733
34.367,8.641,6.9514,-9.0378,-3.1565,-1.0129,-0.49326,-2.8056,-0.1665,-57.496
34.407,8.3168,6.8202,-8.9919,-3.0892,-0.97891,-0.47609,-2.8084,-0.1576,-60.329
34.447,8.0416,6.5624,-8.7595,-3.4992,-0.94992,-0.46137,-2.7629,-0.0142,-664.26
34.487,7.7502,6.4294,-8.6434,-3.4221,-0.87627,-0.42505,-2.7633,-0.0152,-611.59
34.527,7.4366,6.3193,-8.5325,-3.3955,-0.79586,-0.38566,-2.764,-0.015,-612.22
34.567,7.2456,6.2141,-8.122,-3.3046,-0.48509,-0.23481,-2.7559,0.0023,3812.4
34.607,7.4451,6.3568,-6.6843,-2.6009,0.67973,0.32863,-2.7688,-0.0278,-258
34.647,7.3015,6.3004,-6.4546,-2.3304,0.83185,0.40168,-2.7921,-0.0727,-94.393
34.687,7.124,6.2359,-6.2664,-2.1215,0.9788,0.47202,-2.8106,-0.1043,-63.43
34.727,6.5601,6.0736,-10.323,-3.0716,1.0123,0.48786,-2.85,-0.098,-109.9
******-------------------------------------------------------------------------------------------------------------------****** 
TargetID: ID44
Target can not be processed due to lack of Data
******-------------------------------------------------------------------------------------------------------------------****** 
TargetID: ID46
Target can not be processed due to lack of Data
******-------------------------------------------------------------------------------------------------------------------****** 
