******-------------------------------------------------------------------------------------------------------------------****** 
Duration of the scene is: 156.3511 seconds
Original Targets Numbers in the hole Scene: 15
Number of Targets in the hole Scene after preprocessing: 50
Number of static portions: 3
******-------------------------------------------------------------------------------------------------------------------****** 
TargetID: ID02
Target can not be processed due to lack of Data
******-------------------------------------------------------------------------------------------------------------------****** 
TargetID: ID32
Target can not be processed due to lack of Data
******-------------------------------------------------------------------------------------------------------------------****** 
TargetID: ID33
Target can not be processed due to lack of Data
******-------------------------------------------------------------------------------------------------------------------****** 
TargetID: ID34
Target can not be processed due to lack of Data
******-------------------------------------------------------------------------------------------------------------------****** 
TargetID: ID03
Target can not be processed due to lack of Data
******-------------------------------------------------------------------------------------------------------------------****** 
TargetID: ID42
Target can not be processed due to lack of Data
******-------------------------------------------------------------------------------------------------------------------****** 
TargetID: ID43
Relevancy: 0
tj = Inf
Label: -1
Comment: Target is irrelevant as it is not crossing the estimated holding line
DATA:
14.003,77.627,0.97213,-6.5269,-1.5212,0.15067,0.37832,3.3696,-0.0066,-1015.4
14.043,77.367,1.0564,-6.4943,-1.2495,0.13874,0.36205,3.3307,-0.0369,-179.22
14.083,78.763,1.1817,-6.4634,-1.107,0.13206,0.37116,3.2971,-0.074,-88.616
14.123,78.504,1.1938,-6.4376,-0.94521,0.12278,0.36067,3.2733,-0.0907,-71.737
14.163,78.268,1.7375,-6.1786,-0.3785,0.23533,0.75685,3.1685,-0.2712,-22.825
14.203,78.012,1.7619,-6.279,-0.31484,0.20103,0.68318,3.1616,-0.2575,-24.415
14.243,77.767,1.753,-6.3386,-0.23973,0.20873,0.77006,3.1459,-0.2708,-23.424
14.283,77.528,1.7751,-6.1699,-0.11336,0.15775,0.58106,3.1332,-0.2651,-23.278
14.324,77.286,1.7346,-6.3165,-0.12842,0.16732,0.67864,3.1321,-0.2649,-23.85
14.363,77.036,1.7441,-6.2178,-0.054501,0.14717,0.62046,3.1221,-0.2632,-23.625
14.403,76.782,1.7231,-6.2032,-0.083836,0.14241,0.64363,3.1257,-0.2487,-24.945
14.443,76.559,1.7635,-6.0994,0.13331,0.12014,0.57054,3.0927,-0.2782,-21.93
14.483,76.292,1.7391,-6.1704,0.064752,0.11919,0.62228,3.1023,-0.2586,-23.862
14.523,76.06,1.7665,-6.1272,0.17186,0.11188,0.63887,3.0835,-0.2692,-22.77
14.563,75.898,1.7524,-6.2359,-0.67139,0.10318,0.64449,3.2206,-0.0681,-92.099
14.603,75.657,1.7431,-6.1456,-0.53321,0.088269,0.58792,3.2014,-0.0881,-70.019
14.643,75.426,1.6831,-6.1891,-0.69616,0.088584,0.68867,3.2229,-0.0623,-99.97
14.683,75.192,1.6976,-6.074,-0.5762,0.07939,0.6845,3.2043,-0.0804,-75.887
14.723,74.973,1.6418,-6.133,-0.90572,0.071841,0.73861,3.2551,-0.0168,-369.02
14.763,74.74,1.568,-6.109,-1.0207,0.060486,0.72191,3.2748,0.0039,1588.1
14.803,74.503,1.503,-6.095,-1.1238,0.047455,0.65016,3.295,0.0256,242.1
14.843,74.269,1.4431,-6.0736,-1.1863,0.037089,0.6271,3.3065,0.0364,170.01
14.883,74.021,1.3809,-5.9849,-1.1899,0.028156,0.58469,3.311,0.0386,158.08
14.923,73.791,1.3447,-6.0414,-1.1597,0.017666,0.56396,3.3056,0.031,198.44
14.963,73.541,1.3185,-5.9559,-0.76464,0.00026163,0.8469,3.2283,-0.0562,-106.85
15.003,73.309,1.3258,-5.9248,-0.66914,-0.0097022,0.79352,3.215,-0.0671,-88.86
15.043,73.076,1.2949,-5.9072,-0.65013,-0.018311,0.74303,3.2144,-0.0656,-90.593
15.083,72.838,1.3001,-5.7815,-0.33785,-0.048452,0.94624,3.1505,-0.1289,-44.929
15.123,72.612,1.3136,-5.7444,-0.28068,-0.058024,0.90309,3.1426,-0.1315,-43.736
15.163,72.159,1.3318,-5.6934,-0.17784,-0.065171,0.89587,3.131,-0.1372,-41.518
15.203,71.939,1.2924,-5.6806,-0.18816,-0.07512,0.86615,3.1341,-0.1306,-43.52
15.243,71.725,1.2963,-5.6421,-0.15396,-0.085152,0.84341,3.1288,-0.1306,-43.218
15.283,71.533,1.259,-5.5535,0.36595,-0.026531,0.99508,3.1245,-0.1294,-43.011
15.323,71.337,1.1735,-5.5054,0.34887,-0.039749,1.0513,3.1307,-0.119,-46.357
15.363,71.153,1.1276,-5.4551,0.32846,-0.054292,1.0555,3.135,-0.1102,-49.592
15.403,70.969,1.0737,-5.4143,0.28675,-0.069001,1.0286,3.1418,-0.0999,-54.273
15.443,70.783,0.97669,-5.3822,0.21373,-0.083969,1.0248,3.1555,-0.0843,-63.896
15.483,70.583,0.97542,-5.3319,0.22709,-0.097534,0.99618,3.1521,-0.0843,-63.306
15.523,70.385,0.97518,-5.2815,0.2396,-0.11029,0.96716,3.1488,-0.0843,-62.715
15.563,70.189,0.97393,-5.2309,0.25186,-0.12206,0.93809,3.1454,-0.0843,-62.123
15.603,69.993,0.97298,-5.1803,0.26344,-0.13292,0.90868,3.142,-0.0843,-61.53
15.643,69.803,0.97751,-5.1294,0.27419,-0.14293,0.87895,3.1387,-0.0843,-60.934
15.683,69.61,0.97763,-5.0784,0.28463,-0.15207,0.84876,3.1353,-0.0843,-60.336
15.723,69.407,0.84917,-5.0784,-0.45716,-0.2559,0.86004,3.1807,-0.0494,-103.22
15.763,69.178,0.94449,-5.0418,-0.16731,-0.21333,0.70213,3.1331,-0.0822,-61.37
15.803,68.96,1.0206,-5.0071,-0.0075195,-0.19153,0.60808,3.1068,-0.0981,-51.04
15.843,68.742,1.0489,-4.992,0.053472,-0.17961,0.5463,3.0982,-0.1011,-49.379
15.883,68.549,1.0663,-4.9519,0.085965,-0.17721,0.51407,3.0931,-0.1017,-48.698
15.923,68.344,1.0871,-4.9413,0.084374,-0.17827,0.49327,3.0945,-0.0975,-50.688
15.963,68.136,1.1204,-4.9152,0.12342,-0.17454,0.46234,3.0881,-0.0986,-49.866
16.003,67.954,1.1396,-4.8706,0.1481,-0.17079,0.43303,3.0842,-0.0986,-49.421
16.043,67.757,1.1515,-4.8502,0.16356,-0.16429,0.39957,3.0829,-0.0967,-50.186
16.083,67.49,1.1806,-4.7169,0.25025,-0.18165,0.42304,3.0626,-0.1079,-43.777
16.123,67.284,1.1886,-4.7352,0.24494,-0.17003,0.38062,3.0666,-0.1024,-46.304
16.163,67.02,1.2052,-4.8709,0.21159,-0.14498,0.31298,3.08,-0.091,-53.577
16.203,66.774,1.1922,-4.9677,0.17144,-0.12461,0.25917,3.0925,-0.0805,-61.747
16.243,66.595,1.2351,-4.9018,0.18262,-0.13602,0.27127,3.0887,-0.0802,-61.163
16.283,66.417,1.2567,-4.8457,0.17938,-0.14288,0.2737,3.0885,-0.0779,-62.247
16.323,66.227,1.2823,-4.8142,0.16242,-0.14874,0.2739,3.0915,-0.0734,-65.626
16.363,66.012,1.3036,-4.8435,0.15617,-0.13462,0.23898,3.0952,-0.0694,-69.827
16.403,65.91,1.3084,-4.6165,0.17845,-0.15885,0.27049,3.0855,-0.0726,-63.636
16.443,65.773,1.3444,-4.4821,0.28547,-0.12488,0.20559,3.0642,-0.0848,-52.962
******-------------------------------------------------------------------------------------------------------------------****** 
TargetID: ID04
Target can not be processed due to lack of Data
******-------------------------------------------------------------------------------------------------------------------****** 
TargetID: ID07
Relevancy: 0
tj = Inf
Label: -1
Comment: Target is irrelevant as it is not crossing the estimated holding line
DATA:
15.523,39.125,1.1875,5.3079,1.1169,-0.080038,0.4167,0.1876,0.0747,72.613
15.563,39.318,1.2183,5.3258,0.92819,-0.0644,0.38218,0.1908,0.0747,72.371
15.603,39.53,1.256,5.282,0.95797,-0.070309,0.37835,0.19626,0.075629,70.981
15.643,39.741,1.295,5.2462,0.99031,-0.076215,0.37453,0.20171,0.076557,69.738
15.683,39.95,1.3353,5.2184,1.0252,-0.082124,0.3707,0.20717,0.077485,68.635
15.723,40.159,1.3771,5.1986,1.0627,-0.088036,0.36687,0.21263,0.078414,67.667
15.763,40.366,1.4204,5.1867,1.1028,-0.093945,0.36304,0.21809,0.079343,66.832
15.803,40.574,1.4653,5.1829,1.1454,-0.099854,0.35922,0.22354,0.080271,66.125
15.843,40.782,1.5121,5.187,1.1906,-0.10578,0.35538,0.22901,0.081202,65.54
15.883,40.989,1.5606,5.1992,1.2383,-0.11167,0.35156,0.23445,0.082128,65.076
15.923,41.197,1.6112,5.2193,1.2886,-0.11758,0.34773,0.23992,0.083058,64.726
15.963,41.407,1.6638,5.2475,1.3416,-0.1235,0.3439,0.24538,0.083987,64.489
16.003,41.617,1.7185,5.2835,1.3969,-0.1294,0.34008,0.25083,0.084914,64.36
16.043,41.83,1.7756,5.3277,1.4549,-0.13531,0.33624,0.25629,0.085844,64.335
16.083,42.044,1.835,5.3797,1.5155,-0.14122,0.33242,0.26175,0.086772,64.412
16.123,42.26,1.8968,5.4398,1.5786,-0.14713,0.32859,0.2672,0.0877,64.586
16.163,42.479,1.9617,5.3882,1.4281,-0.14696,0.33855,0.2753,0.0902,61.799
16.203,42.716,1.9635,5.4225,1.404,-0.1569,0.34571,0.2698,0.0859,65.207
16.243,42.983,1.8748,5.4732,1.4813,-0.092921,0.1857,0.2556,0.0776,73.068
16.283,43.203,1.9298,5.5377,1.295,-0.15431,0.29822,0.26173,0.079434,71.595
16.323,43.426,1.9806,5.5731,1.2761,-0.21566,0.41066,0.26786,0.081266,70.353
16.363,43.649,2.0341,5.5794,1.4245,-0.27706,0.52321,0.274,0.0831,69.294
16.403,43.882,2.0973,5.6079,1.4571,-0.27997,0.50637,0.2773,0.0831,69.725
16.443,44.101,2.1471,5.6746,1.4983,-0.25366,0.44106,0.2779,0.0816,71.925
16.483,44.305,2.2585,5.605,1.5524,-0.26528,0.44079,0.2905,0.0862,67.471
16.523,44.502,2.3608,5.6061,1.6279,-0.2834,0.45379,0.3035,0.0909,64.221
16.563,44.74,2.4472,5.6478,1.6654,-0.30211,0.46613,0.308,0.0914,64.422
16.603,44.962,2.529,5.67,1.7129,-0.31564,0.46924,0.3147,0.093,63.689
16.643,45.198,2.6113,5.6986,1.7497,-0.31572,0.45192,0.3183,0.093,64.099
16.683,45.389,2.7159,5.6754,1.8279,-0.31293,0.43192,0.3313,0.0975,61.153
16.723,45.677,2.7162,5.7764,1.7823,-0.32033,0.42637,0.3183,0.0892,67.771
16.763,45.916,2.7964,5.807,1.8186,-0.32196,0.41405,0.3219,0.0892,68.218
16.803,46.189,2.8265,5.9119,1.82,-0.27826,0.347,0.3136,0.0831,74.437
16.843,46.36,2.9621,5.7965,1.9054,-0.27418,0.32931,0.3324,0.0909,67.125
16.883,46.599,3.0594,5.8306,1.9541,-0.29081,0.339,0.3385,0.0923,66.623
16.923,46.845,3.1703,5.8725,2.0059,-0.30865,0.34954,0.3446,0.0938,66.158
16.963,47.059,3.2733,5.8758,2.0716,-0.3229,0.35568,0.3547,0.0972,64.097
17.003,47.292,3.3633,5.9076,2.1145,-0.33703,0.36151,0.3597,0.0979,64.092
17.044,47.535,3.4574,5.9369,2.1552,-0.33387,0.34873,0.3636,0.0979,64.515
17.084,47.703,3.5648,5.8844,2.2389,-0.34601,0.35318,0.3794,0.1041,60.48
******-------------------------------------------------------------------------------------------------------------------****** 
TargetID: ID08
Target can not be processed due to lack of Data
******-------------------------------------------------------------------------------------------------------------------****** 
TargetID: ID70
Target can not be processed due to lack of Data
******-------------------------------------------------------------------------------------------------------------------****** 
TargetID: ID71
Target can not be processed due to lack of Data
******-------------------------------------------------------------------------------------------------------------------****** 
TargetID: ID10
Relevancy: 0
tj = Inf
Label: -1
Comment: Target is irrelevant as it is not crossing the estimated holding line
DATA:
15.203,51.88,-0.86842,8.7955,-1.3313,0.0079795,2.2334,-0.1004,-0.044,-202.17
15.243,52.194,-0.89504,8.7541,-1.2498,-0.033074,2.0021,-0.0967,-0.038,-232.71
15.283,52.542,-0.92717,8.824,-1.2527,-0.065869,1.9289,-0.0984,-0.0382,-233.31
15.323,52.867,-0.97074,8.8428,-1.24,-0.09434,1.7825,-0.1001,-0.0393,-227.21
15.363,53.179,-0.99898,8.7661,-1.1529,-0.11201,1.5331,-0.0964,-0.0325,-272.05
15.403,53.454,-1.0154,8.6688,-1.0928,-0.12327,1.3369,-0.0947,-0.0274,-318.88
15.443,53.726,-1.0458,8.5793,-1.0502,-0.12994,1.1672,-0.0945,-0.0241,-358.64
15.483,53.95,-1.0613,8.2707,-0.89244,-0.098263,0.71919,-0.0893,-0.014,-594.19
15.523,54.148,-1.0615,8.1872,-0.85243,-0.087369,0.56145,-0.0884,-0.0123,-669.22
15.563,54.405,-1.0746,7.9931,-0.75854,-0.055571,0.3121,-0.0857,-0.0061,-1316.2
15.603,54.691,-1.0911,7.8929,-0.70949,-0.036419,0.18435,-0.0842,-0.003,-2641.6
15.643,54.969,-1.0998,7.7551,-0.64612,-0.0068108,0.031225,-0.0822,0.0009,8646.6
15.683,55.285,-1.1284,7.7568,-0.64595,-0.0071602,0.030567,-0.0822,0.0009,8648.5
15.723,55.602,-1.1576,7.7585,-0.6457,-0.0074619,0.029765,-0.0821,0.0009,8650.3
15.763,55.919,-1.1876,7.7603,-0.64462,-0.007786,0.029097,-0.082,0.0009,8652.2
15.803,56.225,-1.2082,7.5539,-0.40617,0.0033391,-0.0050102,-0.080176,0.0033993,2225.4
15.843,56.526,-1.222,7.4539,-0.30934,0.014492,-0.039202,-0.078346,0.0059048,1263.4
15.883,56.823,-1.2348,7.4607,-0.35435,0.02559,-0.073226,-0.076526,0.0083981,889.38
15.923,57.123,-1.2523,7.574,-0.54126,0.036727,-0.10737,-0.0747,0.0109,696.63
15.963,57.455,-1.2822,7.6411,-0.56194,0.016686,-0.046613,-0.0749,0.0099,773.91
16.003,57.772,-1.2998,7.6371,-0.55886,0.016488,-0.043823,-0.0744,0.0099,773.48
16.043,58.095,-1.322,7.6739,-0.56592,0.0035217,-0.0089488,-0.0739,0.0098,785.18
16.083,58.353,-1.3296,7.5508,-0.53802,0.028388,-0.068486,-0.0733,0.0106,714.15
******-------------------------------------------------------------------------------------------------------------------****** 
TargetID: ID11
Target can not be processed due to lack of Data
******-------------------------------------------------------------------------------------------------------------------****** 
TargetID: ID77
Target can not be processed due to lack of Data
******-------------------------------------------------------------------------------------------------------------------****** 
TargetID: ID78
Relevancy: 0
tj = Inf
Label: -1
Comment: Target is irrelevant as it is not crossing the estimated holding line
DATA:
15.723,11.63,-1.433,NaN,NaN,NaN,NaN,-0.7835,NaN,NaN
15.763,12.133,-1.9334,NaN,NaN,NaN,NaN,-0.7834,NaN,NaN
15.803,12.638,-2.4244,NaN,NaN,NaN,NaN,-0.7835,NaN,NaN
15.843,12.945,-1.1291,NaN,NaN,NaN,NaN,-0.4957,NaN,NaN
15.883,13.283,-1.101,NaN,NaN,NaN,NaN,-0.4538,NaN,NaN
15.923,13.497,-0.8415,NaN,NaN,NaN,NaN,-0.4065,NaN,NaN
15.963,13.939,-1.0376,NaN,NaN,NaN,NaN,-0.4065,NaN,NaN
16.003,14.389,-1.2242,NaN,NaN,NaN,NaN,-0.4065,NaN,NaN
16.043,14.834,-1.4167,NaN,NaN,NaN,NaN,-0.4065,NaN,NaN
16.083,15.281,-1.6069,NaN,NaN,NaN,NaN,-0.4065,NaN,NaN
16.123,15.73,-1.7961,NaN,NaN,NaN,NaN,-0.4065,NaN,NaN
16.163,16.212,-0.69472,10.584,-2.759,0,-0,-0.255,0,Inf
16.203,16.64,-0.80816,10.584,-2.7595,0,-0,-0.2551,0,Inf
16.243,17.072,-0.91973,10.584,-2.7596,0,-0,-0.2551,0,Inf
16.283,17.418,-0.61139,10.414,-2.1701,0.071093,-0.13885,-0.2056,0.0131,812.03
16.323,17.843,-0.69815,10.418,-2.1653,0.081825,-0.15351,-0.2051,0.0131,812.29
16.363,18.269,-0.78844,10.423,-2.1596,0.093038,-0.1677,-0.2045,0.0131,812.55
16.403,18.694,-0.87778,10.427,-2.1545,0.10486,-0.18165,-0.2039,0.0131,812.8
16.443,19.121,-0.95628,10.432,-2.15,0.1171,-0.19512,-0.2034,0.0131,813.06
16.483,19.514,-0.86847,9.5144,4.4233,0.11815,-0.18963,-0.18143,0.026561,395.03
16.523,19.905,-0.77117,10.341,-1.6618,0.11919,-0.18415,-0.1595,0.04,261.83
16.563,20.328,-0.82994,10.349,-1.6462,0.13307,-0.19821,-0.1579,0.04,261.98
16.603,20.683,-0.6541,10.186,-1.3298,0.17981,-0.25826,-0.1301,0.0477,215.36
16.643,20.803,-0.13019,9.8451,-0.8167,0.18347,-0.25451,-0.0825,0.0654,151.05
16.683,21.209,-0.07352,9.7833,-0.64123,0.15234,-0.20397,-0.0657,0.0734,133.57
16.723,21.607,-0.094802,9.779,-0.61306,0.16643,-0.21546,-0.0629,0.0734,133.49
16.763,22.007,-0.11512,9.7747,-0.58361,0.18078,-0.2265,-0.0599,0.0734,133.41
16.803,22.372,-0.0025994,9.6903,-0.3796,0.17554,-0.21308,-0.0394,0.0856,113.29
16.843,22.767,-0.006301,9.6837,-0.34688,0.18872,-0.22215,-0.0361,0.0856,113.2
16.883,23.16,-0.01846,9.677,-0.31362,0.20215,-0.23094,-0.0327,0.0856,113.11
16.923,23.554,-0.023708,9.6703,-0.28062,0.21577,-0.23945,-0.0293,0.0856,113.02
16.963,23.7,0.39442,9.2688,0.27979,0.24369,-0.26319,0.0306,0.1348,68.791
17.003,24.075,0.41267,9.2456,0.32797,0.25494,-0.26814,0.0359,0.1348,68.63
17.044,24.45,0.42981,9.2219,0.37649,0.26651,-0.27328,0.0412,0.1348,68.469
17.084,24.822,0.45252,9.1982,0.42361,0.27823,-0.27859,0.0464,0.1348,68.308
17.124,25.194,0.47619,9.1741,0.47183,0.29038,-0.2842,0.0518,0.1348,68.147
17.164,25.525,0.58028,7.5351,4.33,0.30202,-0.28914,0.0812,0.15432,56.314
17.204,25.81,0.79058,6.8733,5.7794,0.31365,-0.29407,0.1106,0.17385,51.654
17.244,26.088,1.0106,7.1885,4.8201,0.32528,-0.299,0.13999,0.19337,44.758
17.284,26.399,1.1441,8.4812,1.4511,0.33692,-0.30394,0.1694,0.2129,40.415
17.324,26.739,1.2089,8.4297,1.5152,0.34818,-0.30895,0.1779,0.2129,40.229
17.364,27.076,1.2813,8.3776,1.5785,0.36011,-0.31487,0.1862,0.2129,40.042
17.404,27.411,1.3546,8.3251,1.641,0.37271,-0.3217,0.1946,0.2129,39.856
17.444,27.797,1.1566,8.5151,1.3153,0.1358,-0.11601,0.1535,0.1752,49.179
17.484,28.138,1.2205,8.4749,1.3694,0.14129,-0.11959,0.1604,0.1752,49
17.524,28.476,1.2767,8.4344,1.4224,0.14747,-0.12389,0.1673,0.1752,48.821
17.564,28.73,1.2955,8.3823,1.3247,0.14696,-0.1227,0.157,0.161,52.71
17.604,29.015,1.3366,8.352,1.3462,0.14397,-0.11967,0.1601,0.1589,53.239
17.644,29.404,1.1994,8.4812,1.1272,0.11802,-0.097799,0.1323,0.1355,63.142
17.684,29.714,1.2071,8.4826,1.083,0.11168,-0.092388,0.1272,0.1272,67.229
17.724,30.221,0.96492,8.7385,0.3594,0.062576,-0.051716,0.041,0.0537,162.87
17.764,30.572,0.96748,8.716,0.37748,0.067161,-0.055494,0.0432,0.0537,162.46
17.804,30.903,0.94363,8.7435,0.27167,0.048284,-0.039916,0.0311,0.0433,202.02
17.844,31.252,0.96261,8.7245,0.28645,0.05209,-0.04308,0.0329,0.0433,201.6
17.884,31.278,0.68022,8.7582,0.096166,0.031162,-0.025787,0.0108,0.0243,360.44
17.924,31.68,0.50531,8.8681,-0.32782,0.0081672,-0.0067669,-0.037,-0.0137,-647.75
17.964,32.148,0.32523,9.0602,-0.89319,0.0084893,-0.0070436,-0.0983,-0.0622,-146.37
18.004,32.51,0.29348,9.0458,-0.91449,0.010223,-0.0084975,-0.1008,-0.0622,-146.17
18.044,32.87,0.25972,9.0312,-0.93575,0.011954,-0.0099558,-0.1033,-0.0622,-145.97
18.084,33.231,0.22372,9.0167,-0.9567,0.013682,-0.011416,-0.1058,-0.0622,-145.78
18.124,33.589,0.1877,9.002,-0.97821,0.015407,-0.012881,-0.1083,-0.0622,-145.58
18.164,33.949,0.14694,8.9874,-0.99869,0.017129,-0.014351,-0.1107,-0.0622,-145.38
18.204,34.308,0.10437,8.9728,-1.0195,0.018847,-0.015822,-0.1132,-0.0622,-145.19
18.244,34.664,0.068713,8.9579,-1.0412,0.020668,-0.017393,-0.1158,-0.0622,-144.99
******-------------------------------------------------------------------------------------------------------------------****** 
TargetID: ID80
Target can not be processed due to lack of Data
******-------------------------------------------------------------------------------------------------------------------****** 
TargetID: ID16
Target can not be processed due to lack of Data
******-------------------------------------------------------------------------------------------------------------------****** 
TargetID: ID82
Target can not be processed due to lack of Data
******-------------------------------------------------------------------------------------------------------------------****** 
TargetID: ID17
Target can not be processed due to lack of Data
******-------------------------------------------------------------------------------------------------------------------****** 
TargetID: ID85
Target can not be processed due to lack of Data
******-------------------------------------------------------------------------------------------------------------------****** 
TargetID: ID18
Target can not be processed due to lack of Data
******-------------------------------------------------------------------------------------------------------------------****** 
TargetID: ID19
Target can not be processed due to lack of Data
******-------------------------------------------------------------------------------------------------------------------****** 
TargetID: ID20
Target can not be processed due to lack of Data
******-------------------------------------------------------------------------------------------------------------------****** 
TargetID: ID22
Target can not be processed due to lack of Data
******-------------------------------------------------------------------------------------------------------------------****** 
TargetID: ID23
Target can not be processed due to lack of Data
******-------------------------------------------------------------------------------------------------------------------****** 
TargetID: ID24
Target can not be processed due to lack of Data
******-------------------------------------------------------------------------------------------------------------------****** 
TargetID: ID25
Target can not be processed due to lack of Data
******-------------------------------------------------------------------------------------------------------------------****** 
TargetID: ID26
Target can not be processed due to lack of Data
******-------------------------------------------------------------------------------------------------------------------****** 
TargetID: ID29
Relevancy: 0
tj = Inf
Label: -1
Comment: Target is irrelevant as it is not crossing the estimated holding line
DATA:
83.937,15.931,-1.0374,NaN,NaN,NaN,NaN,-0.5387,NaN,NaN
83.977,15.967,-0.93108,NaN,NaN,NaN,NaN,-0.1523,NaN,NaN
84.017,16.026,-0.94319,NaN,NaN,NaN,NaN,-0.1446,NaN,NaN
84.057,16.087,-0.97433,NaN,NaN,NaN,NaN,-0.2036,NaN,NaN
84.097,16.153,-1.0393,NaN,NaN,NaN,NaN,-0.3202,NaN,NaN
84.138,16.71,-1.1006,1.49,-0.66343,-0,-0,-0.4189,0,Inf
84.177,16.77,-1.1271,1.49,-0.66343,-0,-0,-0.4189,0,Inf
84.217,16.829,-1.1536,1.49,-0.66343,-0,-0,-0.4189,0,Inf
84.256,16.889,-1.1802,1.49,-0.66343,-0,-0,-0.4189,0,Inf
84.297,16.935,-1.2061,1.4677,-0.7,0.060337,0.071725,-0.4407,-0.0043,-378.16
84.336,16.994,-1.2339,1.4692,-0.70088,0.06052,0.071942,-0.4409,-0.0043,-378.56
84.377,17.053,-1.2616,1.4707,-0.70185,0.060612,0.072049,-0.441,-0.0043,-378.97
84.417,17.111,-1.2894,1.4721,-0.70284,0.060703,0.072158,-0.4412,-0.0043,-379.36
84.457,17.17,-1.3172,1.4735,-0.70382,0.060793,0.072267,-0.4413,-0.0043,-379.75
84.497,17.227,-1.346,1.3676,-0.73152,0.13364,0.16812,-0.44718,-0.0057833,-268.17
84.537,17.28,-1.3757,1.2848,-0.7588,0.20603,0.26338,-0.45303,-0.0072573,-205.6
84.577,17.33,-1.4066,1.2242,-0.78592,0.2786,0.35887,-0.45889,-0.0087349,-166.55
84.618,17.379,-1.439,1.1858,-0.81315,0.3521,0.45559,-0.46483,-0.010232,-140.53
84.657,17.424,-1.471,1.1706,-0.83896,0.42238,0.54807,-0.4705,-0.011663,-123.49
84.697,17.472,-1.5058,1.1775,-0.86595,0.49655,0.64566,-0.47649,-0.013173,-110.96
84.738,17.52,-1.5414,1.2074,-0.89242,0.56992,0.74221,-0.48242,-0.014667,-102.36
84.777,17.569,-1.5772,1.2588,-0.91806,0.64169,0.83665,-0.48821,-0.016128,-96.604
84.817,17.621,-1.6144,1.3333,-0.94379,0.71431,0.9322,-0.49408,-0.017607,-92.777
84.857,17.675,-1.6519,1.4281,-0.96877,0.7855,1.0259,-0.49983,-0.019056,-90.558
84.897,17.736,-1.692,1.5497,-0.99451,0.85953,1.1233,-0.50581,-0.020564,-89.544
84.937,17.8,-1.7323,1.6918,-1.0195,0.93218,1.2189,-0.51167,-0.022043,-89.607
84.978,17.872,-1.7739,1.8575,-1.0445,1.0053,1.3151,-0.51758,-0.023533,-90.558
85.017,17.949,-1.8158,2.0432,-1.0688,1.0774,1.41,-0.5234,-0.025,-92.235
85.057,18.019,-1.8416,2.054,-1.065,1.0276,1.338,-0.5174,-0.0238,-97.212
85.097,18.028,-1.9664,2.0337,-1.2586,1.1573,1.5026,-0.5956,-0.0618,-38.7
85.138,18.093,-2.0106,2.066,-1.2978,1.1492,1.4867,-0.6003,-0.0655,-37.248
85.177,18.134,-2.0505,2.1062,-1.3742,1.1241,1.4531,-0.6144,-0.0765,-32.874
85.218,18.185,-2.0934,2.0329,-1.3594,1.0326,1.3256,-0.6245,-0.084,-29.113
85.258,18.242,-2.0745,1.8504,-1.1959,0.5454,0.68476,-0.5963,-0.0678,-32.497
85.297,18.315,-2.1241,1.8726,-1.2193,0.54456,0.6827,-0.599,-0.0678,-32.959
85.337,18.336,-2.1544,1.7456,-1.1868,0.42084,0.52289,-0.6159,-0.0807,-26.157
85.377,18.356,-2.1839,1.6385,-1.1635,0.26466,0.32537,-0.6304,-0.0904,-22.229
85.417,18.422,-2.2388,1.7527,-1.2511,0.45492,0.56742,-0.6395,-0.0958,-22.478
85.458,18.491,-2.2905,1.7692,-1.2747,0.4536,0.56508,-0.6434,-0.0958,-22.761
85.497,18.566,-2.3426,1.8784,-1.3509,0.62725,0.78874,-0.647,-0.0978,-23.658
85.538,18.64,-2.3987,1.9025,-1.3821,0.62532,0.78488,-0.651,-0.0978,-24.045
85.578,18.714,-2.4559,1.9265,-1.4134,0.62344,0.78118,-0.6549,-0.0978,-24.431
85.618,18.79,-2.5144,1.9504,-1.4449,0.62154,0.7775,-0.6587,-0.0978,-24.819
85.657,18.866,-2.5741,1.974,-1.4765,0.61951,0.77375,-0.6626,-0.0978,-25.205
85.697,18.944,-2.635,1.9974,-1.5084,0.61746,0.77004,-0.6665,-0.0978,-25.592
85.738,19.022,-2.6972,2.0207,-1.5404,0.61539,0.76635,-0.6704,-0.0978,-25.98
85.777,19.102,-2.7606,2.0437,-1.5728,0.6132,0.76258,-0.6743,-0.0978,-26.368
85.818,19.182,-2.8254,2.0665,-1.6053,0.61108,0.75896,-0.6782,-0.0978,-26.756
85.857,19.263,-2.8916,2.0891,-1.6379,0.60886,0.75524,-0.6822,-0.0978,-27.144
85.898,19.345,-2.9588,2.1115,-1.6708,0.60661,0.75155,-0.6861,-0.0978,-27.531
85.937,19.428,-3.0274,2.1338,-1.7038,0.60434,0.74788,-0.69,-0.0978,-27.92
85.978,19.512,-3.0972,2.1558,-1.7369,0.60205,0.74424,-0.6938,-0.0978,-28.308
86.017,19.597,-3.1684,2.1775,-1.7704,0.59966,0.7405,-0.6978,-0.0978,-28.695
******-------------------------------------------------------------------------------------------------------------------****** 
TargetID: ID37
Target can not be processed due to lack of Data
******-------------------------------------------------------------------------------------------------------------------****** 
TargetID: ID40
Target can not be processed due to lack of Data
******-------------------------------------------------------------------------------------------------------------------****** 
TargetID: ID44
Target can not be processed due to lack of Data
******-------------------------------------------------------------------------------------------------------------------****** 
TargetID: ID45
Target can not be processed due to lack of Data
******-------------------------------------------------------------------------------------------------------------------****** 
TargetID: ID48
Target can not be processed due to lack of Data
******-------------------------------------------------------------------------------------------------------------------****** 
TargetID: ID50
Target can not be processed due to lack of Data
******-------------------------------------------------------------------------------------------------------------------****** 
TargetID: ID51
Target can not be processed due to lack of Data
******-------------------------------------------------------------------------------------------------------------------****** 
TargetID: ID41
Relevancy: 0
tj = Inf
Label: -1
Comment: Target is irrelevant as it is not crossing the estimated holding line
DATA:
146.43,53.021,16.64,-17.147,16.375,-0,-0,2.3792,0,Inf
146.47,52.34,17.294,-17.147,16.375,-0,-0,2.3792,0,Inf
146.51,51.648,17.951,-17.148,16.374,-0,-0,2.3793,0,Inf
146.55,50.971,18.604,-17.147,16.375,-0,-0,2.3792,0,Inf
146.59,50.281,19.258,-17.147,16.375,-0,-0,2.3792,0,Inf
146.63,49.594,19.913,-17.146,16.376,-0,-0,2.3792,0,Inf
146.67,48.906,20.568,-17.147,16.376,-0,-0,2.3792,0,Inf
146.71,48.225,21.225,-17.148,16.375,-0,-0,2.3793,0,Inf
146.75,50.706,13.063,-7.0397,2.9314,0.2192,0.21619,2.7476,-0.0127,-600.44
146.79,50.427,13.18,-7.0296,2.9313,0.21954,0.21666,2.7471,-0.0127,-599.71
146.83,50.142,13.297,-7.0196,2.9316,0.21978,0.21702,2.7466,-0.0127,-598.99
146.87,49.865,13.414,-7.0096,2.9313,0.22011,0.21748,2.7461,-0.0127,-598.26
146.91,49.588,13.531,-6.9994,2.9316,0.22037,0.21782,2.7456,-0.0127,-597.52
146.95,49.301,13.649,-6.9895,2.9313,0.22053,0.21807,2.7451,-0.0127,-596.79
146.99,49.026,13.765,-6.9794,2.9315,0.22079,0.21841,2.7446,-0.0127,-596.07
147.03,48.749,13.881,-6.9692,2.9317,0.22105,0.21875,2.744,-0.0127,-595.34
147.07,48.474,14,-6.9595,2.9312,0.22118,0.21901,2.7436,-0.0127,-594.61
147.11,48.193,14.115,-6.9491,2.9317,0.22134,0.21926,2.743,-0.0127,-593.88
147.15,47.916,14.234,-6.9393,2.9312,0.22148,0.21952,2.7426,-0.0127,-593.15
147.19,47.642,14.348,-6.9291,2.9316,0.22156,0.21964,2.742,-0.0127,-592.42
147.23,47.367,14.467,-6.9192,2.9311,0.22169,0.21991,2.7415,-0.0127,-591.69
147.27,47.089,14.583,-6.909,2.9315,0.22177,0.22003,2.741,-0.0127,-590.96
******-------------------------------------------------------------------------------------------------------------------****** 
TargetID: ID56
Target can not be processed due to lack of Data
******-------------------------------------------------------------------------------------------------------------------****** 
TargetID: ID63
Target can not be processed due to lack of Data
******-------------------------------------------------------------------------------------------------------------------****** 
TargetID: ID64
Target can not be processed due to lack of Data
******-------------------------------------------------------------------------------------------------------------------****** 
TargetID: ID69
Target can not be processed due to lack of Data
******-------------------------------------------------------------------------------------------------------------------****** 
TargetID: ID74
Target can not be processed due to lack of Data
******-------------------------------------------------------------------------------------------------------------------****** 
