******-------------------------------------------------------------------------------------------------------------------****** 
Duration of the scene is: 142.4692 seconds
Original Targets Numbers in the hole Scene: 2
Number of Targets in the hole Scene after preprocessing: 8
Number of static portions: 1
******-------------------------------------------------------------------------------------------------------------------****** 
TargetID: ID01
Target can not be processed due to lack of Data
******-------------------------------------------------------------------------------------------------------------------****** 
TargetID: ID03
Target can not be processed due to lack of Data
******-------------------------------------------------------------------------------------------------------------------****** 
TargetID: ID04
Relevancy: 0
tj = Inf
Label: -1
Comment: Target is irrelevant as it is not crossing the estimated holding line
DATA:
120.5,5.5574,3.54,9.4703,-0.39779,-1.4443,-1.8939,-0.0244,-0.0205,-462.37
120.54,5.9319,3.5089,9.3254,-0.45076,-1.6119,-2.1028,-0.0281,-0.0226,-413.11
120.58,6.2778,3.4863,9.0364,-0.51776,-2.062,-2.653,-0.0301,-0.0227,-398.73
120.62,6.6499,3.4526,9.0068,-0.53003,-1.8807,-2.4293,-0.0337,-0.0244,-369.77
120.66,7.018,3.4202,8.9551,-0.54895,-1.7778,-2.3006,-0.0371,-0.026,-345.07
120.7,7.3718,3.4168,8.9778,-0.55884,-1.8654,-2.4453,-0.0367,-0.0249,-361.25
120.74,7.7334,3.3933,8.7977,-0.55444,-1.7115,-2.2149,-0.0389,-0.0256,-344.34
120.78,8.0872,3.4152,8.8373,-0.5341,-1.7862,-2.3425,-0.0352,-0.0223,-397.02
120.82,8.4397,3.4387,8.7678,-0.49481,-1.7544,-2.3017,-0.0313,-0.0189,-464.64
120.86,8.8188,3.3924,8.7257,-0.49257,-1.3553,-1.7699,-0.0369,-0.0224,-390.16
120.9,9.1766,3.4031,8.8046,-0.46616,-1.2764,-1.69,-0.0346,-0.0202,-436.48
120.94,9.5357,3.4187,8.7985,-0.42168,-1.1279,-1.4979,-0.0317,-0.0175,-503.35
120.98,9.9213,3.4298,8.8522,-0.3801,-0.91594,-1.2219,-0.0299,-0.016,-553.77
121.02,10.299,3.4182,8.8732,-0.37595,-0.79751,-1.0664,-0.031,-0.0166,-535.01
121.06,10.67,3.4067,8.9317,-0.38033,-0.74817,-1.0081,-0.032,-0.0169,-528.98
121.1,11.024,3.3945,8.8959,-0.38617,-0.74811,-1.008,-0.0327,-0.0169,-526.88
121.14,11.377,3.383,8.8601,-0.39129,-0.74804,-1.0078,-0.0334,-0.0169,-524.78
121.18,11.728,3.3714,8.8244,-0.3964,-0.74798,-1.0076,-0.034,-0.0169,-522.68
121.22,12.132,3.3255,8.9302,-0.39306,-0.32449,-0.43796,-0.0394,-0.0205,-436.04
121.26,12.488,3.3111,8.9142,-0.39992,-0.32442,-0.43785,-0.0402,-0.0205,-435.27
121.3,12.845,3.2975,8.8982,-0.40617,-0.32434,-0.43773,-0.041,-0.0205,-434.51
121.34,13.2,3.283,8.8821,-0.41273,-0.32427,-0.43762,-0.0418,-0.0205,-433.74
121.38,13.555,3.2687,8.8662,-0.41908,-0.32419,-0.4375,-0.0425,-0.0205,-432.98
121.42,13.91,3.253,8.8501,-0.42594,-0.32412,-0.43738,-0.0434,-0.0205,-432.21
121.46,14.263,3.237,8.8342,-0.43289,-0.32396,-0.43715,-0.0442,-0.0205,-431.45
121.5,14.617,3.2216,8.8182,-0.43924,-0.32388,-0.43704,-0.045,-0.0205,-430.69
121.54,14.969,3.2057,8.8021,-0.44581,-0.32381,-0.43692,-0.0458,-0.0205,-429.92
******-------------------------------------------------------------------------------------------------------------------****** 
TargetID: ID05
Relevancy: 0
tj = Inf
Label: -1
Comment: Target is irrelevant as it is not crossing the estimated holding line
DATA:
124.99,-4.1146,4.5681,-12.517,-0.80021,-0.14152,-0.23234,3.2031,0.0356,352.31
125.03,-4.4768,4.5531,-12.156,-0.63806,0.20467,0.33681,3.1976,0.0271,449.18
125.07,-4.5032,4.5532,-12.329,-0.69314,-0.16096,-0.27121,3.1958,0.0238,518.86
125.11,-5.0819,4.5844,-12.585,-0.6794,-0.33441,-0.57395,3.1915,0.0191,659.88
125.15,-5.5964,4.5669,-12.695,-0.71793,-0.69062,-1.206,3.1898,0.016,794.7
125.19,-6.1001,4.5677,-12.73,-0.65399,-0.44822,-0.79543,3.1875,0.0131,973.04
125.23,-6.584,4.5687,-12.692,-0.59673,-0.34859,-0.62734,3.1843,0.0094,1351.7
125.27,-7.0862,4.5641,-12.686,-0.53108,-0.32267,-0.58972,3.1793,0.0034,3734.5
125.31,-7.5716,4.5851,-12.538,-0.4022,0.081085,0.14955,3.1747,-0.0005,-25088
125.35,-8.0691,4.5621,-12.45,-0.36109,0.25259,0.47199,3.174,-0.0026,-4790.4
125.39,-8.5511,4.5942,-12.394,-0.25273,0.45299,0.86138,3.1683,-0.0072,-1721.7
125.43,-9.0489,4.5815,-12.39,-0.27057,0.30419,0.59008,3.1678,-0.0076,-1630.6
125.47,-9.5557,4.6243,-12.431,-0.18765,0.30191,0.59947,3.1611,-0.0129,-963.72
125.51,-10.045,4.6177,-12.367,-0.17728,0.29492,0.59614,3.1604,-0.0127,-973.85
125.55,-10.528,4.6552,-12.357,-0.09629,0.34419,0.71151,3.1547,-0.0163,-758.13
125.59,-11.021,4.6575,-12.317,-0.083248,0.2845,0.59971,3.1529,-0.0173,-711.97
125.63,-11.527,4.689,-12.459,-0.078987,-0.00413,-0.008996,3.1479,-0.0208,-599.02
125.67,-12.02,4.746,-12.495,-0.001527,-0.11543,-0.25783,3.1398,-0.0266,-469.75
125.71,-12.53,4.7492,-12.543,0.012111,-0.22209,-0.50878,3.1369,-0.0293,-428.1
125.75,-12.98,4.8096,-12.581,0.092795,-0.30501,-0.71609,3.1291,-0.0347,-362.57
125.79,-13.479,4.8211,-12.628,0.10706,-0.3592,-0.86362,3.127,-0.0353,-357.74
125.83,-13.979,4.8269,-12.626,0.1484,-0.24979,-0.61216,3.1255,-0.0354,-356.71
125.87,-14.486,4.8538,-12.656,0.13377,-0.31319,-0.78423,3.1255,-0.0338,-374.47
125.91,-14.995,4.8824,-12.64,0.20262,-0.18514,-0.47065,3.1222,-0.035,-361.19
125.95,-15.506,4.8705,-12.69,0.18504,-0.2532,-0.65796,3.1224,-0.0336,-377.71
125.99,-16.002,4.8718,-12.683,0.17873,-0.19092,-0.50404,3.124,-0.03,-422.8
126.03,-16.524,4.8887,-12.705,0.20812,-0.16784,-0.4506,3.122,-0.0303,-419.35
126.07,-17.026,4.9138,-12.444,0.84857,-0.14838,-0.40398,3.119,-0.031951,-390.38
126.11,-17.527,4.9406,-12.706,0.29302,-0.12894,-0.35741,3.116,-0.0336,-378.26
126.15,-18.044,4.9743,-12.699,0.34638,-0.051148,-0.14336,3.1133,-0.0343,-370.36
126.19,-18.55,4.9849,-12.71,0.33467,-0.063451,-0.18035,3.114,-0.0324,-392.43
126.23,-19.059,5.0767,-12.742,0.43472,-0.11987,-0.3455,3.1051,-0.0392,-325.23
126.27,-19.578,5.142,-12.777,0.49995,-0.15415,-0.44907,3.0994,-0.0418,-305.9
126.31,-20.08,5.1728,-12.808,0.51478,-0.1705,-0.50032,3.098,-0.0421,-304.47
******-------------------------------------------------------------------------------------------------------------------****** 
TargetID: ID06
Relevancy: 0
tj = Inf
Label: -1
Comment: Target is irrelevant as it is not crossing the estimated holding line
DATA:
136.23,63.966,3.0653,-8.0649,0.14763,-1.5546,-1.0438,-3.1423,0.0175,460.93
136.27,63.664,3.0416,-7.9736,0.11606,-1.6653,-1.104,-3.1373,0.0208,383.39
136.31,63.373,3.0429,-7.8786,0.009521,-0.50363,-0.34312,-3.1368,0.0211,373.39
136.35,63.034,3.013,-8.0738,0.011066,-1.1061,-0.75752,-3.1305,0.0254,317.87
136.39,62.686,3.0368,-8.2345,0.091528,-1.4551,-1.002,-3.1367,0.0186,442.74
136.43,62.334,3.0547,-8.3754,0.14516,-1.7174,-1.1898,-3.1404,0.0143,585.78
136.47,62.001,3.0156,-8.3338,-1.5681,-1.7427,-1.2167,-3.1279,0.02704,313.61
136.51,61.665,2.9721,-8.4838,-0.068636,-1.768,-1.2437,-3.1153,0.0398,213.17
136.55,61.31,2.9647,-8.7373,0.034582,-2.9774,-2.0771,-3.1168,0.0357,244.74
136.59,60.966,2.8923,-8.8456,-0.19982,-2.5298,-1.8074,-3.0954,0.058,152.55
136.63,60.597,2.8023,-8.8966,-0.46028,-2.3506,-1.695,-3.0689,0.0843,105.68
136.67,60.257,2.9262,-8.4821,-0.16488,-0.7725,-0.5573,-3.114,0.0328,258.65
136.71,59.892,2.8988,-8.6609,-0.20106,-1.1767,-0.85732,-3.1065,0.0396,218.77
136.75,59.536,2.8622,-8.778,-0.26273,-1.4556,-1.0677,-3.0975,0.0475,184.88
136.79,59.187,2.8021,-8.8374,-0.40479,-1.5484,-1.1452,-3.0812,0.0627,141.09
136.83,58.814,2.7738,-8.9552,-0.43162,-1.6879,-1.2584,-3.0778,0.0632,141.86
136.87,58.476,2.7449,-8.9777,-0.47343,-1.6087,-1.2102,-3.074,0.0647,138.95
136.91,58.246,2.978,-9.1581,-0.52436,-1.6938,-1.2972,-3.0671,0.0703,130.48
136.95,57.878,2.952,-9.2279,-0.54252,-1.7285,-1.335,-3.0653,0.0695,133.01
136.99,57.509,2.8671,-9.2885,-0.63279,-2.9477,-2.2236,-3.0457,0.0849,109.66
137.03,57.177,2.8395,-9.4044,-0.70513,-2.4404,-1.8938,-3.0436,0.0842,112
137.07,56.822,2.7216,-9.3096,-1.0297,-2.3021,-1.7866,-3.0105,0.1129,82.961
137.11,56.473,2.6308,-9.329,-1.1926,-2.0615,-1.6215,-2.996,0.1212,77.598
137.15,56.177,2.8491,-9.7402,-0.86579,-2.1256,-1.7265,-3.0321,0.0798,122.54
137.19,55.789,2.8032,-9.815,-0.9064,-2.1154,-1.735,-3.0289,0.0798,123.52
137.23,55.349,2.8546,-9.7887,-0.65424,-3.1288,-2.4855,-3.0445,0.0663,147.97
137.27,54.996,2.7631,-9.7239,-0.84427,-2.2656,-1.8357,-3.0327,0.0729,133.89
137.31,54.619,2.7849,-9.8419,-0.80018,-1.7972,-1.4948,-3.0424,0.0636,155.26
137.35,54.251,2.7334,-9.7049,-0.86212,-1.4848,-1.235,-3.0378,0.0651,149.66
******-------------------------------------------------------------------------------------------------------------------****** 
TargetID: ID07
Target can not be processed due to lack of Data
******-------------------------------------------------------------------------------------------------------------------****** 
TargetID: ID08
Relevancy: 0
tj = Inf
Label: -1
Comment: Target is irrelevant as it is not crossing the estimated holding line
DATA:
117.1,4.7468,5.4305,-16.817,0.57674,-0.62851,-0.84991,3.1128,-0.193,-87.184
117.14,4.0246,5.4443,-18.671,0.23129,-0.53939,-0.72982,3.1116,-0.1808,-103.28
117.18,3.3141,5.4582,-16.838,0.59036,-0.4517,-0.61167,3.1104,-0.1688,-99.814
117.22,2.5769,5.4855,-17.234,0.7789,-1.0138,-1.367,3.1049,-0.1663,-103.74
117.26,1.9444,5.4932,-17.105,0.72939,-0.64462,-0.87134,3.1046,-0.1552,-110.31
117.3,1.3038,5.504,-16.981,0.67185,-0.30762,-0.41688,3.1049,-0.1441,-117.93
117.34,0.71625,5.5201,-16.41,0.46154,0.87516,1.1987,3.1048,-0.1339,-122.6
117.38,-0.012231,5.5175,-17.058,0.69433,-0.55711,-0.75328,3.1061,-0.1241,-137.57
117.42,-0.66076,5.5308,-15.416,0.0053654,-0.4512,-0.61018,3.1047,-0.12019,-128.26
117.46,-1.2509,5.5206,-14.162,-0.48447,-0.34535,-0.46719,3.1032,-0.11628,-121.86
117.5,-1.8028,5.4945,-13.289,-0.7772,-0.23869,-0.32308,3.1018,-0.11234,-118.5
117.54,-2.3199,5.4612,-12.814,-0.8684,-0.13356,-0.18105,3.1004,-0.10845,-118.42
117.58,-2.8296,5.4279,-12.721,-0.76216,-0.027647,-0.037957,3.0989,-0.10454,-121.9
117.62,-3.3432,5.4028,-13.015,-0.45717,0.078244,0.1051,3.0975,-0.10063,-129.42
117.66,-3.8769,5.3939,-13.698,0.047251,0.18425,0.24833,3.096,-0.096713,-141.64
117.7,-4.4453,5.4092,-14.768,0.75028,0.29018,0.39144,3.0946,-0.0928,-159.34
117.74,-5.1168,5.3784,-15.29,0.44584,-0.88967,-1.2347,3.1015,-0.0775,-197.37
117.78,-5.8072,5.3742,-15.869,0.21721,-1.993,-2.8342,3.1046,-0.0685,-231.68
117.82,-6.4606,5.4561,-16.22,0.26851,-2.4551,-3.5248,3.0971,-0.0727,-223.15
117.86,-7.1199,5.4908,-16.438,0.30234,-2.6108,-3.7573,3.0942,-0.0726,-226.45
117.9,-7.7948,5.5474,-16.714,0.35937,-2.8368,-4.0974,3.0894,-0.0744,-224.71
117.94,-8.4423,5.5774,-16.763,0.43153,-2.668,-3.8376,3.0872,-0.0734,-228.45
117.98,-9.1141,5.6056,-16.915,0.47133,-2.6905,-3.8682,3.0854,-0.0724,-233.73
118.02,-9.7866,5.6285,-17,0.51652,-2.5698,-3.6826,3.0845,-0.0704,-241.58
118.06,-10.47,5.6449,-17.087,0.54817,-2.4505,-3.5003,3.0844,-0.0678,-252.15
118.1,-11.147,5.6842,-17.208,0.60358,-2.4501,-3.4978,3.0817,-0.0678,-253.96
118.14,-11.804,5.6713,-17.025,0.64277,-1.8227,-2.5689,3.0853,-0.0613,-277.92
118.18,-12.458,5.6996,-16.905,0.73263,-1.3992,-1.9555,3.084,-0.0601,-281.55
******-------------------------------------------------------------------------------------------------------------------****** 
TargetID: ID09
Relevancy: 0
tj = Inf
Label: -1
Comment: Target is irrelevant as it is not crossing the estimated holding line
DATA:
121.14,-6.0483,2.7129,9.8462,-0.299,-0.14281,-0.19398,-0.0301,-0.0462,-213.22
121.18,-5.6642,2.7047,9.3025,-0.11212,-0.26639,-0.39233,-0.030205,-0.047319,-196.61
121.22,-5.3032,2.7037,8.8159,0.05829,-0.38916,-0.58939,-0.03031,-0.04843,-182.04
121.26,-4.9594,2.7092,8.3813,0.214,-0.51234,-0.7871,-0.030415,-0.049545,-169.22
121.3,-4.6316,2.7207,8.0002,0.3545,-0.63562,-0.98497,-0.03052,-0.050661,-158.07
121.34,-4.3186,2.7374,7.6735,0.47945,-0.75866,-1.1825,-0.030625,-0.051774,-148.5
121.38,-4.017,2.7588,7.3999,0.58936,-0.88196,-1.3804,-0.03073,-0.05289,-140.35
121.42,-3.7257,2.7843,7.1805,0.68378,-1.005,-1.5779,-0.030835,-0.054005,-133.56
121.46,-3.4419,2.8133,7.0147,0.76299,-1.1282,-1.7757,-0.03094,-0.05512,-128.01
121.5,-3.1635,2.8452,6.9026,0.82691,-1.2515,-1.9735,-0.031045,-0.056235,-123.62
121.54,-2.889,2.8793,6.8443,0.87546,-1.3746,-2.1711,-0.03115,-0.057349,-120.32
121.58,-2.6148,2.9151,6.8398,0.90881,-1.498,-2.3692,-0.031255,-0.058467,-118.01
121.62,-2.3406,2.9518,6.889,0.92676,-1.6211,-2.5668,-0.03136,-0.059581,-116.67
121.66,-2.0629,2.989,6.9921,0.92942,-1.7444,-2.7646,-0.031465,-0.060697,-116.21
121.7,-1.7807,3.0259,7.1485,0.91681,-1.8674,-2.962,-0.03157,-0.06181,-116.6
121.74,-1.4906,3.0621,7.359,0.88889,-1.9906,-3.1597,-0.031675,-0.062925,-117.8
121.78,-1.1911,3.0969,7.6232,0.84567,-2.1137,-3.3575,-0.03178,-0.06404,-119.77
121.82,-0.87985,3.1296,7.9413,0.78712,-2.237,-3.5552,-0.031885,-0.065155,-122.48
121.86,-0.55481,3.1597,8.3131,0.71326,-2.3602,-3.753,-0.03199,-0.066271,-125.9
121.9,-0.21384,3.1865,8.7387,0.62411,-2.4834,-3.9508,-0.032095,-0.067386,-130.01
121.94,0.14493,3.2094,9.2176,0.51974,-2.6065,-4.1483,-0.0322,-0.0685,-134.78
121.98,0.70371,3.1521,9.8778,-0.25443,-0.63901,-0.89311,-0.0425,-0.074,-133.53
122.03,1.0446,3.1311,9.5181,-0.73794,-1.2789,-1.6575,-0.044,-0.071,-134.46
122.06,1.388,3.1181,9.4852,-0.079511,-1.1871,-1.7124,-0.0433,-0.0655,-144.82
122.11,1.7626,3.1011,9.4249,-0.099371,-1.1855,-1.7118,-0.0459,-0.0655,-143.9
122.15,2.1046,3.0762,9.239,-0.022789,-1.4564,-2.1447,-0.0487,-0.0649,-142.36
122.19,2.4367,2.9752,9.1118,-0.83468,-0.99472,-1.3037,-0.0623,-0.076,-120.39
122.23,2.6432,2.8321,8.5212,-1.1451,-1.5846,-2.0165,-0.0818,-0.0916,-93.862
122.27,2.7932,2.7454,7.9451,-1.2375,-1.8082,-2.2569,-0.0876,-0.0906,-88.752
122.31,2.8806,2.7072,7.1798,-1.5392,-2.9188,-3.4068,-0.0883,-0.0849,-86.489
122.35,3.1795,2.6917,7.1924,-1.3521,-2.2751,-2.7319,-0.0871,-0.0791,-92.521
122.39,3.5783,2.672,7.8589,-0.67283,-0.033515,-0.045454,-0.0841,-0.0704,-112.04
122.43,3.911,2.6592,8.2671,-0.42196,0.81039,1.1635,-0.0819,-0.065,-127.35
122.47,4.3196,2.6393,8.9236,-0.11655,1.9146,2.9444,-0.0802,-0.0605,-147.51
122.51,4.6229,2.6499,8.7511,-0.21099,1.4615,2.1812,-0.0757,-0.0545,-160.62
122.55,4.9672,2.6328,8.9774,-0.15545,1.7587,2.6657,-0.0768,-0.0547,-164.15
122.59,5.2902,2.6313,8.886,-0.24061,1.4297,2.1216,-0.0753,-0.0531,-167.41
122.63,5.6741,2.6161,9.1839,-0.16249,1.821,2.7577,-0.0764,-0.0531,-172.98
122.67,6.0008,2.615,9.1884,-0.22678,1.6322,2.4363,-0.0758,-0.0521,-176.41
122.71,6.3911,2.6114,9.4199,-0.17981,1.8637,2.8082,-0.0751,-0.0505,-186.57
122.75,6.7405,2.635,9.2742,-0.27797,1.3364,1.9529,-0.07,-0.0451,-205.73
122.79,7.0908,2.6544,9.143,-0.35233,0.87983,1.2535,-0.0649,-0.0394,-232.23
122.83,7.4712,2.6672,9.1962,-0.33681,0.82061,1.1644,-0.0608,-0.0349,-263.68
122.87,7.8589,2.659,9.3097,-0.32099,0.91752,1.3074,-0.0609,-0.0346,-269.23
122.91,8.2431,2.6634,9.3343,-0.34182,0.80215,1.1354,-0.0595,-0.0329,-283.91
122.95,8.6276,2.6595,9.3494,-0.37085,0.68405,0.96198,-0.0589,-0.0319,-293.32
122.99,9.0376,2.6927,9.3579,-0.38559,0.47468,0.66019,-0.0544,-0.0284,-329.78
123.03,9.4109,2.6713,9.3809,-0.39846,0.47463,0.66007,-0.0556,-0.0284,-330.61
123.07,9.8499,2.6534,9.496,-0.42902,0.45779,0.63593,-0.0575,-0.0301,-315.8
123.11,10.26,2.6575,9.4314,-0.50195,0.12268,0.16779,-0.0565,-0.0291,-324.56
123.15,10.637,2.6353,9.4368,-0.51375,0.12257,0.1677,-0.0577,-0.0291,-324.77
123.19,11.019,2.6141,9.4422,-0.52514,0.12245,0.16761,-0.0589,-0.0291,-324.98
123.23,11.396,2.5923,9.4476,-0.5361,0.1224,0.16765,-0.06,-0.0291,-325.18
123.27,11.774,2.5692,9.453,-0.54756,0.12227,0.16757,-0.0612,-0.0291,-325.39
123.31,12.152,2.5465,9.4584,-0.5586,0.12212,0.16751,-0.0623,-0.0291,-325.6
123.35,12.53,2.5225,9.4637,-0.57013,0.12205,0.16756,-0.0635,-0.0291,-325.8
123.39,12.914,2.4996,9.4692,-0.58133,0.12188,0.1675,-0.0646,-0.0291,-326.01
123.43,13.297,2.4747,9.4745,-0.59285,0.12172,0.16745,-0.0658,-0.0291,-326.22
123.47,13.68,2.4513,9.4798,-0.60388,0.1216,0.16754,-0.0669,-0.0291,-326.43
123.51,14.059,2.4251,9.4852,-0.61556,0.12141,0.1675,-0.0681,-0.0291,-326.64
123.55,14.436,2.4,9.4549,-0.64033,0.060374,0.083169,-0.0693,-0.0291,-325.66
123.59,14.817,2.3754,9.4572,-0.65091,0.060307,0.083218,-0.0704,-0.0291,-325.76
123.63,15.193,2.3474,9.4594,-0.66255,0.060249,0.08326,-0.0716,-0.0291,-325.86
******-------------------------------------------------------------------------------------------------------------------****** 
