******-------------------------------------------------------------------------------------------------------------------****** 
Duration of the scene is: 171.6751 seconds
Original Targets Numbers in the hole Scene: 6
Number of Targets in the hole Scene after preprocessing: 21
Number of static portions: 3
******-------------------------------------------------------------------------------------------------------------------****** 
TargetID: ID01
Relevancy: 1
tj = 38.7279
Label: 0
Comment: Target is relevant and going straight, since target is crossing Ego X-axis in EFC
DATA:
38.208,NaN,NaN,NaN,NaN,NaN,NaN,2.4564,NaN,NaN
38.248,NaN,NaN,NaN,NaN,NaN,NaN,2.4564,NaN,NaN
38.288,NaN,NaN,NaN,NaN,NaN,NaN,2.4549,NaN,NaN
38.328,NaN,NaN,NaN,NaN,NaN,NaN,2.4558,NaN,NaN
38.368,NaN,NaN,NaN,NaN,NaN,NaN,2.4611,NaN,NaN
38.408,NaN,NaN,NaN,NaN,NaN,NaN,2.4709,NaN,NaN
38.448,NaN,NaN,NaN,NaN,NaN,NaN,2.4605,NaN,NaN
38.488,NaN,NaN,NaN,NaN,NaN,NaN,2.4537,NaN,NaN
38.528,44.934,-10.151,-11.672,9.7357,0.074603,0.13892,2.4463,0,Inf
38.568,45.43,-9.6112,-11.134,10.747,0.048614,0.090743,2.3735,-0.0073,-2119.8
38.608,44.957,-9.2108,-11.156,10.698,0.077204,0.1444,2.3766,-0.0088,-1756.4
38.648,44.483,-8.7987,-11.165,10.664,0.1226,0.22977,2.3783,-0.0111,-1390.9
38.688,44.034,-8.3937,-11.134,10.607,0.2019,0.37952,2.3789,-0.0151,-1018.4
38.728,43.864,-7.672,-10.931,10.915,0.16594,0.31219,2.3558,-0.0413,-374.04
38.768,43.409,-7.2653,-10.91,10.869,0.21364,0.40274,2.3565,-0.0427,-360.66
38.808,43.606,-7.4088,-10.765,11.122,0.16732,0.31626,2.3374,-0.0657,-235.59
38.848,43.147,-7.0357,-10.751,11.033,0.25031,0.47445,2.3395,-0.0687,-224.24
38.888,42.704,-6.6031,-10.637,11.193,0.18778,0.3558,2.328,-0.0876,-176.27
38.928,42.277,-6.1338,-10.515,11.45,0.12252,0.23174,2.3119,-0.109,-142.62
38.968,41.853,-5.6729,-10.385,11.672,0.08636,0.16323,2.2967,-0.1302,-119.99
39.008,41.533,-5.2603,-10.208,12.015,0.002716,0.0051229,2.275,-0.1584,-99.531
39.048,41.077,-4.8204,-10.171,12.172,-0.076039,-0.14314,2.268,-0.1663,-95.381
39.088,40.664,-4.3437,-10.09,12.32,-0.089355,-0.16825,2.2583,-0.1744,-91.31
39.128,40.236,-3.8724,-10.05,12.363,-0.079137,-0.14917,2.2545,-0.1713,-93.012
39.168,39.814,-3.3971,-9.9872,12.602,-0.17302,-0.32528,2.2434,-0.1812,-88.739
39.208,39.391,-2.9388,-9.9256,12.76,-0.22672,-0.42583,2.235,-0.1883,-85.854
39.248,38.937,-2.5685,-10.214,11.859,0.0019156,0.0036265,2.2818,-0.1012,-154.65
39.288,38.577,-2.1759,-10.182,11.894,0.0015845,0.0030016,2.2788,-0.1013,-154.56
39.328,38.17,-1.7087,-10.076,12,0.022826,0.04328,2.2689,-0.1118,-140.15
39.368,37.745,-1.2072,-9.9295,12.423,-0.095757,-0.18085,2.2465,-0.1428,-111.37
39.408,37.027,-0.96692,-9.8632,12.564,-0.12823,-0.24213,2.2383,-0.1477,-108.14
39.448,36.623,-0.46968,-9.7955,12.622,-0.094839,-0.17936,2.2322,-0.1482,-107.81
39.488,36.216,0.012738,-9.7541,12.689,-0.092814,-0.17563,2.2275,-0.1474,-108.58
39.528,35.8,0.55224,-9.6699,13.134,-0.23501,-0.44296,2.2087,-0.1674,-97.43
39.568,35.017,1.5799,-9.6348,13.383,-0.30607,-0.57748,2.1976,-0.1751,-94.177
39.608,34.625,2.086,-9.6086,13.53,-0.3417,-0.64432,2.1914,-0.1745,-95.098
39.648,34.238,2.5747,-9.5973,13.504,-0.31757,-0.5992,2.1916,-0.1652,-100.28
39.688,33.848,3.0838,-9.5907,13.751,-0.40862,-0.76969,2.1835,-0.1684,-99.558
39.728,33.486,3.5172,-9.5827,13.645,-0.35781,-0.67455,2.1865,-0.1556,-107.16
39.768,33.1,4.0389,-9.5328,13.609,-0.27681,-0.52286,2.1846,-0.1506,-110.33
39.808,32.721,4.5301,-9.4936,13.584,-0.23821,-0.45038,2.1832,-0.1446,-114.61
39.848,32.378,4.9014,-9.4293,13.386,-0.24388,-0.46096,2.187,-0.1329,-123.2
39.888,32.025,5.2878,-9.4219,13.235,-0.2952,-0.55723,2.1926,-0.1196,-135.84
39.928,31.641,5.8159,-9.3962,13.33,-0.28859,-0.54489,2.1878,-0.1196,-136.36
39.968,31.321,6.1628,-9.4472,13.184,-0.37223,-0.71192,2.1886,-0.1123,-144.43
40.008,31.011,6.5032,-9.3421,13.003,-0.37266,-0.71288,2.1898,-0.1054,-151.9
40.048,30.644,6.9772,-9.3863,13.074,-0.42542,-0.8143,2.1889,-0.101,-159.35
40.088,30.273,7.5044,-9.3866,13.189,-0.41627,-0.79674,2.1849,-0.101,-160.28
40.128,29.898,8.0333,-9.3848,13.306,-0.40726,-0.77927,2.1808,-0.101,-161.21
40.168,29.528,8.5695,-9.3831,13.422,-0.39824,-0.7618,2.1768,-0.101,-162.15
40.208,29.152,9.1092,-9.3809,13.538,-0.38909,-0.74426,2.1728,-0.101,-163.08
40.251,28.776,9.6535,-9.3777,13.655,-0.38007,-0.72681,2.1688,-0.101,-164.01
40.288,28.401,10.202,-9.3732,13.772,-0.37104,-0.70937,2.1647,-0.101,-164.94
40.328,28.026,10.754,-9.3676,13.89,-0.36195,-0.69181,2.1606,-0.101,-165.87
40.368,27.652,11.313,-9.3621,14.007,-0.35292,-0.67439,2.1566,-0.101,-166.81
******-------------------------------------------------------------------------------------------------------------------****** 
TargetID: ID08
Target can not be processed due to lack of Data
******-------------------------------------------------------------------------------------------------------------------****** 
TargetID: ID02
Relevancy: 1
tj = 39.8881
Label: 0
Comment: Target is relevant and going straight, since target is crossing Ego X-axis in EFC
DATA:
38.448,58.808,-21.534,NaN,NaN,NaN,NaN,2.3401,NaN,NaN
38.488,58.178,-21.323,NaN,NaN,NaN,NaN,2.4037,NaN,NaN
38.528,57.613,-21.095,NaN,NaN,NaN,NaN,2.4471,NaN,NaN
38.568,57.119,-20.704,NaN,NaN,NaN,NaN,2.4499,NaN,NaN
38.608,NaN,NaN,NaN,NaN,NaN,NaN,2.3952,NaN,NaN
38.648,NaN,NaN,NaN,NaN,NaN,NaN,2.4137,NaN,NaN
38.688,NaN,NaN,NaN,NaN,NaN,NaN,2.4403,NaN,NaN
38.728,NaN,NaN,NaN,NaN,NaN,NaN,2.4456,NaN,NaN
38.768,NaN,NaN,NaN,NaN,NaN,NaN,2.4369,NaN,NaN
38.808,NaN,NaN,NaN,NaN,NaN,NaN,2.4369,NaN,NaN
38.848,NaN,NaN,NaN,NaN,NaN,NaN,2.4404,NaN,NaN
38.888,NaN,NaN,NaN,NaN,NaN,NaN,2.4521,NaN,NaN
38.928,NaN,NaN,NaN,NaN,NaN,NaN,2.471,NaN,NaN
38.968,NaN,NaN,NaN,NaN,NaN,NaN,2.4759,NaN,NaN
39.008,52.307,-16.635,-12.184,9.2533,0.029146,0.054978,2.492,0,Inf
39.048,51.736,-16.398,-12.307,9.0335,0.02979,0.056236,2.5084,0.0001,1.5266e+05
39.088,51.279,-15.987,-12.249,9.1013,0.059422,0.11224,2.5026,-0.0007,-21800
39.128,50.782,-15.632,-12.238,9.0846,0.08378,0.1584,2.5029,-0.0011,-13856
39.168,50.322,-15.208,-12.168,9.1759,0.11202,0.21177,2.4956,-0.0021,-7256.9
39.208,49.855,-14.806,-12.112,9.1961,0.22754,0.43088,2.4919,-0.0036,-4224.2
39.248,49.399,-14.387,-12.038,9.268,0.25218,0.47735,2.4855,-0.005,-3038.5
39.288,48.926,-14.013,-12.014,9.2536,0.28013,0.53093,2.485,-0.0053,-2861.3
39.328,48.442,-13.646,-11.976,9.23,0.3258,0.61778,2.4846,-0.0057,-2652.7
39.368,48.023,-13.128,-11.85,9.4332,0.32508,0.61663,2.4689,-0.0121,-1251.8
39.408,47.566,-12.737,-11.815,9.451,0.32753,0.62158,2.4665,-0.013,-1163.9
39.448,47.109,-12.318,-11.748,9.5028,0.34665,0.6582,2.4611,-0.016,-944.4
39.488,46.68,-11.869,-11.668,9.6232,0.31022,0.58886,2.452,-0.0214,-706.76
39.528,46.222,-11.464,-11.646,9.6603,0.29389,0.55799,2.4491,-0.0227,-666.58
39.568,45.768,-11.058,-11.605,9.6907,0.3084,0.58608,2.4455,-0.0249,-607.18
39.608,45.33,-10.613,-11.514,9.7867,0.32835,0.62403,2.4367,-0.0318,-475.2
39.648,44.901,-10.152,-11.417,9.9141,0.32869,0.62481,2.4262,-0.0403,-375.2
39.688,44.476,-9.6953,-11.332,10.028,0.32836,0.62419,2.4168,-0.0477,-317.23
39.728,44.043,-9.2632,-11.218,10.095,0.36621,0.69584,2.4088,-0.0537,-281.03
39.768,43.599,-8.8524,-11.184,10.119,0.36022,0.68461,2.4061,-0.0541,-278.79
39.808,43.874,-8.6396,-10.906,10.612,0.24056,0.45927,2.3681,-0.0973,-156.39
39.848,43.447,-8.1873,-10.812,10.701,0.2673,0.51057,2.3594,-0.1021,-149
39.888,43.02,-7.7459,-10.726,10.75,0.30871,0.59011,2.3528,-0.1049,-144.76
39.928,42.58,-7.341,-10.681,10.718,0.34106,0.65236,2.3519,-0.1018,-148.64
39.968,42.164,-6.8993,-10.6,10.791,0.36136,0.69045,2.3445,-0.1049,-144.2
40.008,41.73,-6.4518,-10.536,10.898,0.2403,0.45864,2.3375,-0.1086,-139.58
40.048,41.293,-6.0372,-10.512,10.903,0.24761,0.47235,2.3361,-0.106,-142.88
40.088,40.859,-5.6474,-10.508,10.842,0.25293,0.48267,2.3387,-0.0998,-151.29
40.128,40.438,-5.1894,-10.462,10.941,0.2205,0.42055,2.3321,-0.102,-148.41
40.168,40.078,-4.5616,-10.188,11.7,-0.027339,-0.051932,2.2874,-0.1448,-107.14
40.208,39.652,-4.1208,-10.162,11.715,-0.016135,-0.030662,2.2854,-0.1417,-109.44
40.251,39.248,-3.6318,-10.106,11.83,-0.014291,-0.027157,2.2779,-0.1433,-108.58
40.288,38.831,-3.1615,-10.073,11.9,-0.022261,-0.042299,2.2734,-0.1422,-109.64
40.328,39.219,-3.3199,-10.045,12.192,-0.15491,-0.29293,2.2622,-0.1483,-106.52
40.368,38.812,-2.8216,-10.005,12.309,-0.16286,-0.30791,2.2557,-0.1487,-106.67
40.408,38.558,-2.3044,-10.095,12.199,-0.17119,-0.32341,2.2647,-0.1346,-117.64
40.448,38.135,-1.8754,-10.129,12.001,-0.11884,-0.22492,2.2737,-0.1209,-129.9
40.488,37.703,-1.4536,-10.147,11.895,-0.082761,-0.15683,2.2784,-0.1128,-138.61
40.528,37.263,-1.1492,-10.258,11.114,0.15293,0.29254,2.3135,-0.075,-201.66
40.568,36.862,-0.62191,-10.161,11.325,0.14519,0.27761,2.2996,-0.0847,-179.64
40.608,36.455,-0.13611,-10.103,11.414,0.14344,0.27422,2.2929,-0.0875,-174.21
40.648,36.133,0.43461,-10.066,11.476,0.14426,0.27582,2.2884,-0.0882,-173.08
40.688,35.748,0.94735,-9.9925,11.633,0.11665,0.22276,2.2786,-0.0933,-164.36
40.728,35.373,1.4757,-9.8853,11.716,0.17056,0.32641,2.2689,-0.0976,-157.06
40.768,34.982,2.0151,-9.8308,11.964,0.093241,0.17787,2.2571,-0.1042,-148.61
40.808,34.59,2.492,-9.742,11.822,0.21197,0.40629,2.2566,-0.1007,-152.12
40.848,34.407,2.7649,-9.7085,12.091,0.10735,0.205,2.2453,-0.1071,-144.79
40.888,34.021,3.2649,-9.6735,12.178,0.072261,0.13778,2.2408,-0.107,-145.35
40.928,33.658,3.7856,-9.6003,12.273,0.071608,0.13653,2.2333,-0.1091,-142.82
40.968,33.293,4.2378,-9.5533,12.254,0.050488,0.096176,2.232,-0.1061,-146.44
41.008,32.889,4.7776,-9.609,12.651,-0.15133,-0.2859,2.223,-0.1103,-144.03
41.048,32.471,5.3239,-9.7564,13.125,-0.42711,-0.79893,2.2171,-0.1115,-146.67
41.088,31.99,6.096,-10.124,13.527,-0.46677,-0.89797,2.206,-0.1169,-144.53
41.128,31.59,6.6407,-10.114,13.653,-0.4577,-0.8801,2.2013,-0.1169,-145.35
41.168,31.14,7.4726,-10.192,14.305,-0.45947,-0.88255,2.1833,-0.1286,-136.58
41.208,30.738,8.0487,-10.173,14.443,-0.44888,-0.86179,2.1782,-0.1286,-137.38
41.248,30.336,8.6301,-10.153,14.582,-0.43827,-0.84105,2.173,-0.1286,-138.17
41.288,29.934,9.2171,-10.132,14.721,-0.42773,-0.82046,2.1678,-0.1286,-138.96
41.328,29.533,9.8102,-10.111,14.859,-0.41717,-0.79987,2.1627,-0.1286,-139.76
41.368,29.134,10.408,-10.088,14.998,-0.40655,-0.77918,2.1575,-0.1286,-140.55
41.408,28.735,11.011,-10.063,15.137,-0.39598,-0.75863,2.1523,-0.1286,-141.35
41.448,28.337,11.621,-10.039,15.276,-0.3854,-0.73808,2.1472,-0.1286,-142.14
41.488,27.94,12.235,-10.012,15.416,-0.37469,-0.7173,2.142,-0.1286,-142.94
41.528,27.541,12.855,-9.9062,15.575,-0.36409,-0.69679,2.1369,-0.1286,-143.53
41.569,27.146,13.482,-9.8389,15.725,-0.35347,-0.67627,2.1317,-0.1286,-144.24
41.609,26.753,14.115,-9.8095,15.864,-0.34287,-0.65576,2.1266,-0.1286,-145.04
41.648,26.361,14.751,-9.8179,15.994,-0.3323,-0.63532,2.1214,-0.1286,-145.93
41.688,25.968,15.393,-9.8642,16.114,-0.3217,-0.61484,2.1163,-0.1286,-146.91
******-------------------------------------------------------------------------------------------------------------------****** 
TargetID: ID11
Relevancy: 0
tj = Inf
Label: -1
Comment: Target is irrelevant as it is not crossing the estimated holding line
DATA:
42.169,22.737,18.632,-9.34,13.724,0.015473,0.02941,2.1684,0.0385,431.19
42.209,22.373,19.18,-9.3423,13.708,0.010996,0.0209,2.1691,0.0377,440.01
42.249,22.107,19.681,-9.129,13.69,-0.0036874,-0.0070092,2.1589,0.0237,694.29
42.289,22.094,20.325,-8.5852,13.51,0.072352,0.13749,2.1372,0.0279,573.73
42.329,21.768,20.869,-8.5681,13.563,0.024032,0.045677,2.1343,0.0173,927.34
42.369,21.54,21.571,-8.2603,13.495,0.079858,0.15174,2.1205,0.004,3955.5
42.409,21.276,22.253,-8.1636,13.615,0.021333,0.040545,2.111,-0.0224,-708.71
42.449,20.912,22.802,-8.25,13.706,-0.048731,-0.092649,2.1124,-0.0212,-754.58
42.489,20.544,23.351,-8.3562,13.809,-0.12336,-0.23462,2.1143,-0.018,-896.7
42.529,20.203,23.9,-8.395,13.875,-0.16105,-0.30635,2.114,-0.0171,-948.38
42.569,19.789,24.452,-8.5733,13.916,-0.19986,-0.38025,2.1219,-0.0055,-2971.8
42.609,19.412,25.016,-8.6926,13.998,-0.24349,-0.46335,2.1252,-0.0003,-54923
42.649,19.055,25.556,-8.722,13.998,-0.23591,-0.44891,2.1268,0.002,8246.3
42.689,18.727,26.106,-8.6666,13.97,-0.20285,-0.38634,2.125,-0.0008,-20550
42.729,18.245,27.462,-8.1073,13.898,-0.014682,-0.027915,2.0987,-0.0293,-549.15
42.769,18.046,28.046,-7.8353,13.817,0.056765,0.10782,2.0873,-0.0394,-403.15
42.809,17.813,28.653,-7.7023,13.895,0.035097,0.066683,2.0773,-0.0475,-334.47
42.849,17.758,29.274,-7.0676,13.841,0.10431,0.19801,2.0441,-0.088,-176.61
42.889,17.541,29.859,-6.9155,13.87,0.093639,0.17779,2.0344,-0.0937,-165.41
42.929,17.33,30.449,-6.7848,13.935,0.069865,0.13269,2.0247,-0.0985,-157.35
42.969,17.074,31.059,-6.8107,13.968,0.07454,0.14156,2.0253,-0.087,-178.62
******-------------------------------------------------------------------------------------------------------------------****** 
TargetID: ID03
Relevancy: 1
tj = 41.2884
Label: 0
Comment: Target is relevant and going straight, since target is crossing Ego X-axis in EFC
DATA:
39.608,61.018,-24.268,NaN,NaN,NaN,NaN,2.4209,NaN,NaN
39.648,60.75,-23.629,NaN,NaN,NaN,NaN,2.3527,NaN,NaN
39.688,60.12,-23.538,NaN,NaN,NaN,NaN,2.4335,NaN,NaN
39.728,59.544,-23.351,NaN,NaN,NaN,NaN,2.4772,NaN,NaN
39.768,59.105,-22.904,NaN,NaN,NaN,NaN,2.4624,NaN,NaN
39.808,58.573,-22.664,NaN,NaN,NaN,NaN,2.4868,NaN,NaN
39.848,58.074,-22.38,NaN,NaN,NaN,NaN,2.4985,NaN,NaN
39.888,57.704,-21.888,NaN,NaN,NaN,NaN,2.4701,NaN,NaN
39.928,57.408,-21.311,NaN,NaN,NaN,NaN,2.4274,NaN,NaN
39.968,56.882,-21.048,NaN,NaN,NaN,NaN,2.4479,NaN,NaN
40.008,56.509,-20.546,NaN,NaN,NaN,NaN,2.4261,NaN,NaN
40.048,56.213,-19.993,NaN,NaN,NaN,NaN,2.394,NaN,NaN
40.088,55.686,-19.755,NaN,NaN,NaN,NaN,2.4184,NaN,NaN
40.128,55.167,-19.516,NaN,NaN,NaN,NaN,2.4385,NaN,NaN
40.168,54.712,-19.137,NaN,NaN,NaN,NaN,2.4395,NaN,NaN
40.208,54.365,-18.617,NaN,NaN,NaN,NaN,2.4193,NaN,NaN
40.251,54.554,-18.056,-10.707,9.6896,0.061162,0.11628,2.406,0,Inf
40.288,54.133,-17.664,-10.687,9.7002,0.067551,0.12842,2.4045,-0.0002,-72166
40.328,53.634,-17.379,-10.79,9.5428,0.071756,0.13643,2.4174,0.0003,48015
40.368,53.153,-17.068,-10.872,9.4437,0.05326,0.10126,2.4263,0.0017,8471.1
40.408,52.8,-16.562,-10.727,9.6114,0.11439,0.21737,2.4111,-0.0016,-9001.8
40.448,52.342,-16.228,-10.763,9.5349,0.12973,0.2467,2.4165,-0.0009,-15977
40.488,51.938,-15.811,-10.71,9.5812,0.15742,0.29923,2.4117,-0.0023,-6247.8
40.528,51.459,-15.504,-10.799,9.4847,0.12526,0.23819,2.4207,0.0012,11977
40.568,51.077,-15.063,-10.694,9.5495,0.19735,0.37532,2.4124,-0.0028,-5120.3
40.608,50.716,-14.581,-10.55,9.6677,0.25964,0.4932,2.4002,-0.0088,-1626.1
40.648,50.274,-14.191,-10.602,9.6773,0.21598,0.41082,2.4015,-0.007,-2050.6
40.688,49.807,-13.86,-10.674,9.6024,0.19835,0.37726,2.4087,-0.0022,-6526
40.728,49.358,-13.488,-10.713,9.5915,0.1775,0.33758,2.4111,-0.0004,-35948
40.768,48.926,-13.107,-10.704,9.5751,0.20716,0.39404,2.4115,-0.0003,-47872
40.808,48.502,-12.722,-10.688,9.5719,0.22993,0.43731,2.4109,-0.0009,-15941
40.848,48.049,-12.379,-10.716,9.5025,0.23981,0.45555,2.4164,0.0037,3870.9
40.888,47.619,-11.98,-10.694,9.5023,0.28015,0.533,2.4147,0.0018,7947.5
40.928,47.196,-11.587,-10.66,9.504,0.31046,0.59072,2.413,0,Inf
40.968,46.862,-11.07,-10.44,9.7199,0.36758,0.69878,2.3919,-0.02,-713.2
41.008,46.552,-10.497,-10.198,10.056,0.35932,0.68241,2.3636,-0.0462,-310.01
41.048,46.14,-10.083,-10.177,10.073,0.37344,0.71067,2.3609,-0.0472,-303.38
41.088,45.744,-9.6518,-10.159,10.16,0.32581,0.6198,2.3558,-0.0496,-289.68
41.128,45.323,-9.2519,-10.169,10.162,0.31001,0.58985,2.3562,-0.0472,-304.58
41.168,44.851,-8.954,-10.294,9.9533,0.30975,0.58935,2.3726,-0.0294,-487.05
41.208,44.455,-8.5139,-10.235,10.042,0.29837,0.56769,2.3653,-0.0353,-406.19
41.248,44.016,-8.1575,-10.277,9.9565,0.29502,0.5613,2.3717,-0.028,-511.04
41.288,44.176,-7.5957,-10.23,10.119,0.15321,0.29183,2.361,-0.0409,-351.81
41.328,43.762,-7.2234,-10.212,10.057,0.18452,0.35163,2.363,-0.0378,-379.18
41.368,43.374,-6.9855,-10.189,9.8256,0.17918,0.3402,2.3752,-0.0245,-577.76
41.408,42.98,-6.5274,-10.179,9.9624,0.13406,0.25529,2.3664,-0.0313,-455.05
41.448,42.513,-6.2066,-10.271,9.8077,0.14022,0.26704,2.3786,-0.0199,-713.63
41.488,42.109,-5.7928,-10.249,9.8632,0.13222,0.25178,2.3748,-0.0225,-632.19
41.528,41.713,-5.3234,-10.234,10.047,0.072746,0.13842,2.3651,-0.03,-478.06
41.569,41.322,-4.8716,-10.163,10.142,0.11208,0.21337,2.3567,-0.0363,-395.52
41.609,40.916,-4.4415,-10.122,10.298,0.045929,0.087357,2.3474,-0.0447,-323.03
41.648,40.702,-4.0251,-9.9089,10.797,-0.026217,-0.049812,2.3135,-0.075,-195.39
41.688,40.296,-3.6033,-9.8929,10.808,0.00032913,0.00062552,2.312,-0.074,-198
41.729,40.03,-3.1691,-9.8973,10.87,-0.039404,-0.074843,2.3097,-0.0747,-196.79
41.769,39.636,-2.7225,-9.8498,10.908,0,0,2.3053,-0.0759,-193.63
41.809,39.249,-2.2545,-9.8039,10.991,0.015272,0.029037,2.2991,-0.0783,-188.1
41.849,39.024,-1.8736,-9.8916,10.698,0.052216,0.099377,2.3166,-0.0605,-240.83
41.889,39.155,-2.0706,-9.9236,10.683,0.020398,0.038804,2.319,-0.0571,-255.36
41.929,38.75,-1.6327,-9.9079,10.716,0.030191,0.057459,2.3166,-0.0573,-254.7
41.969,38.41,-1.0814,-9.7212,11.355,-0.091456,-0.17324,2.2802,-0.0872,-171.42
42.009,38.026,-0.59195,-9.6295,11.6,-0.11981,-0.22673,2.2654,-0.0975,-154.63
42.049,37.639,-0.080633,-9.5768,11.856,-0.16933,-0.31992,2.2527,-0.1053,-144.74
42.089,37.251,0.4217,-9.521,12.095,-0.21456,-0.40481,2.2407,-0.1125,-136.82
42.129,36.864,0.90506,-9.4945,12.292,-0.26869,-0.50611,2.2321,-0.1167,-133.09
42.169,36.479,1.4058,-9.4771,12.391,-0.26479,-0.49888,2.2273,-0.1167,-133.67
42.209,36.09,1.7602,-9.4641,12.131,-0.19217,-0.36287,2.236,-0.1062,-144.88
42.249,35.704,2.2228,-9.4576,12.18,-0.20461,-0.38621,2.2339,-0.1045,-147.57
42.289,35.316,2.6839,-9.4556,12.213,-0.21247,-0.40094,2.2325,-0.1023,-150.99
42.329,34.936,3.1913,-9.4504,12.328,-0.22411,-0.42278,2.2279,-0.1025,-151.55
42.369,34.538,3.6311,-9.48,12.133,-0.1784,-0.33702,2.2365,-0.0912,-168.83
42.409,34.158,4.1034,-9.4636,12.197,-0.18917,-0.35725,2.2333,-0.0909,-169.83
42.449,33.761,4.5626,-9.4817,12.241,-0.21346,-0.40281,2.2328,-0.0887,-174.56
42.489,33.37,4.9993,-9.4964,12.241,-0.23659,-0.44611,2.2339,-0.0851,-182.05
42.529,32.97,5.491,-9.5639,12.49,-0.35853,-0.67354,2.229,-0.0866,-181.65
42.569,32.587,6.0868,-9.7997,12.711,-0.44441,-0.85207,2.2219,-0.0889,-180.54
42.609,32.199,6.5978,-9.8044,12.816,-0.43782,-0.83919,2.2183,-0.0889,-181.51
42.649,31.811,7.1133,-9.8086,12.921,-0.43129,-0.82645,2.2147,-0.0889,-182.47
42.689,31.46,7.4726,-9.6673,12.681,-0.34839,-0.66675,2.2176,-0.0837,-190.51
42.729,31.077,7.9825,-9.6664,12.77,-0.34283,-0.65596,2.2143,-0.0837,-191.35
42.769,30.693,8.4957,-9.6648,12.86,-0.33721,-0.64505,2.211,-0.0837,-192.2
42.809,30.309,9.0127,-9.6628,12.95,-0.33157,-0.63415,2.2077,-0.0837,-193.05
42.849,29.925,9.5337,-9.6606,13.04,-0.32601,-0.62338,2.2044,-0.0837,-193.89
42.889,29.542,10.057,-9.6566,13.131,-0.32024,-0.61223,2.201,-0.0837,-194.74
42.929,29.369,9.9965,-8.9357,11.68,0.09736,0.18574,2.2224,-0.0656,-224.18
42.969,29.004,10.352,-8.8651,11.406,0.15724,0.30074,2.229,-0.0591,-244.44
43.009,28.655,10.737,-8.7615,11.205,0.22224,0.42629,2.2308,-0.0564,-252.19
43.049,28.347,11.095,-8.5528,10.91,0.3465,0.66853,2.2296,-0.0562,-246.67
43.089,28.043,11.39,-8.4415,10.53,0.37979,0.73461,2.2396,-0.0452,-298.58
43.129,27.621,11.889,-8.7249,11.013,0.073496,0.14013,2.2395,-0.044,-319.33
43.169,27.282,12.227,-8.8206,10.975,-0.08863,-0.16785,2.2493,-0.0328,-429.27
43.209,26.92,12.684,-9.2583,11.872,-0.13938,-0.26559,2.2457,-0.03473,-433.48
43.249,26.542,13.175,-9.6249,12.618,-0.19012,-0.36332,2.2421,-0.036661,-432.89
43.289,26.151,13.692,-9.9205,13.213,-0.24084,-0.46101,2.2385,-0.03859,-428.17
43.329,25.749,14.23,-10.145,13.658,-0.29158,-0.55876,2.2349,-0.04052,-419.89
43.369,25.34,14.783,-10.299,13.953,-0.34231,-0.65647,2.2313,-0.04245,-408.53
43.409,24.926,15.345,-10.382,14.097,-0.3931,-0.7543,2.2278,-0.044382,-394.46
43.449,24.51,15.909,-10.394,14.09,-0.4438,-0.85195,2.2242,-0.046311,-378.06
43.489,24.095,16.47,-10.334,13.932,-0.49454,-0.94969,2.2206,-0.048241,-359.58
43.529,23.684,17.021,-10.204,13.624,-0.54525,-1.0474,2.217,-0.05017,-339.28
43.569,23.28,17.558,-10.003,13.165,-0.596,-1.1451,2.2134,-0.0521,-317.36
43.609,22.847,18.075,-10.108,13.246,-0.61054,-1.1732,2.2154,-0.0482,-345.69
43.649,22.45,18.591,-10.121,13.295,-0.58154,-1.1168,2.2146,-0.0468,-357.03
43.689,22.122,19.12,-9.9254,13.232,-0.42119,-0.80661,2.2093,-0.0485,-341.04
43.729,21.839,19.629,-9.6725,13.155,-0.27748,-0.53007,2.2014,-0.0526,-310.43
43.769,21.458,20.134,-9.6326,13.153,-0.26255,-0.50221,2.1997,-0.0526,-309.95
43.809,21.124,20.644,-9.4986,13.125,-0.17207,-0.32808,2.1951,-0.0543,-298.37
43.849,20.808,21.154,-9.3487,13.096,-0.10735,-0.20444,2.1894,-0.057,-282.28
43.889,20.473,21.671,-9.2472,13.091,-0.068724,-0.13079,2.1849,-0.0586,-273.51
43.929,20.143,22.196,-9.1376,13.083,-0.025414,-0.048329,2.1802,-0.0602,-265.08
43.969,19.759,22.727,-9.1636,13.146,-0.062065,-0.1182,2.1788,-0.0595,-269.32
44.009,19.462,23.242,-9.0074,13.123,-0.0040166,-0.0076347,2.1723,-0.0624,-255.07
44.049,19.102,23.767,-8.9751,13.146,-0.0037533,-0.0071339,2.1698,-0.0624,-255.09
44.089,18.693,24.315,-8.8063,12.935,0.24456,0.4613,2.1717,-0.0581,-269.33
44.129,18.51,24.766,-8.1372,12.158,0.7125,1.362,2.1606,-0.0642,-227.88
44.169,18.367,25.365,-7.8062,12.39,0.684,1.2698,2.1429,-0.0739,-198.16
44.209,18.054,25.853,-7.688,12.285,0.67703,1.2567,2.14,-0.0739,-196.1
44.249,17.727,26.405,-7.9927,12.503,0.31387,0.60301,2.1351,-0.075,-197.86
44.289,17.478,26.9,-7.9356,12.732,0.14519,0.27729,2.1261,-0.0793,-189.19
44.329,17.421,27.544,-7.6394,13.01,0.064401,0.12229,2.1026,-0.0923,-163.46
44.369,17.155,28.086,-7.6407,13.186,-0.027588,-0.052462,2.0956,-0.0945,-161.27
44.409,17.076,28.27,-7.6806,13.391,-0.11815,-0.22483,2.0904,-0.0953,-161.99
44.449,16.818,28.822,-7.6488,13.554,-0.16545,-0.31496,2.083,-0.0976,-159.46
44.489,16.506,29.384,-7.6403,13.637,-0.17296,-0.32928,2.0798,-0.0963,-162.32
44.529,16.257,29.943,-7.5737,13.759,-0.18305,-0.34849,2.0723,-0.0987,-159.13
44.569,15.964,30.512,-7.5301,13.819,-0.16947,-0.32261,2.0681,-0.098,-160.59
44.609,15.642,31.069,-7.5218,13.821,-0.14127,-0.26887,2.0679,-0.0937,-167.93
44.649,15.411,31.617,-7.4116,13.875,-0.12724,-0.24213,2.0602,-0.0961,-163.69
******-------------------------------------------------------------------------------------------------------------------****** 
TargetID: ID04
Relevancy: 1
tj = 42.5687
Label: 0
Comment: Target is relevant and going straight, since target is crossing Ego X-axis in EFC
DATA:
40.008,73.244,-29.492,NaN,NaN,NaN,NaN,2.5353,NaN,NaN
40.048,72.767,-29.171,NaN,NaN,NaN,NaN,2.5352,NaN,NaN
40.088,72.3,-28.842,NaN,NaN,NaN,NaN,2.5353,NaN,NaN
40.128,72.229,-27.975,NaN,NaN,NaN,NaN,2.435,NaN,NaN
40.168,71.797,-27.602,NaN,NaN,NaN,NaN,2.435,NaN,NaN
40.208,71.518,-26.906,NaN,NaN,NaN,NaN,2.3872,NaN,NaN
40.251,71.094,-26.509,NaN,NaN,NaN,NaN,2.3872,NaN,NaN
40.288,70.192,-26.914,NaN,NaN,NaN,NaN,2.5164,NaN,NaN
40.328,69.725,-26.583,NaN,NaN,NaN,NaN,2.5164,NaN,NaN
40.368,69.26,-26.249,NaN,NaN,NaN,NaN,2.5164,NaN,NaN
40.408,68.795,-25.915,NaN,NaN,NaN,NaN,2.5164,NaN,NaN
40.448,68.016,-26.069,NaN,NaN,NaN,NaN,2.5849,NaN,NaN
40.488,67.529,-25.769,NaN,NaN,NaN,NaN,2.5849,NaN,NaN
40.528,66.466,-26.214,NaN,NaN,NaN,NaN,2.6869,NaN,NaN
40.568,65.943,-25.959,NaN,NaN,NaN,NaN,2.6869,NaN,NaN
40.608,65.177,-25.937,NaN,NaN,NaN,NaN,2.718,NaN,NaN
40.648,64.639,-25.696,NaN,NaN,NaN,NaN,2.718,NaN,NaN
40.688,64.079,-25.358,NaN,NaN,NaN,NaN,2.7127,NaN,NaN
40.728,63.541,-25.114,NaN,NaN,NaN,NaN,2.7126,NaN,NaN
40.768,62.855,-24.984,NaN,NaN,NaN,NaN,2.7281,NaN,NaN
40.808,62.215,-24.792,NaN,NaN,NaN,NaN,2.736,NaN,NaN
40.848,61.638,-24.548,NaN,NaN,NaN,NaN,2.7369,NaN,NaN
40.888,61.085,-24.312,NaN,NaN,NaN,NaN,2.7369,NaN,NaN
40.928,60.474,-24.148,NaN,NaN,NaN,NaN,2.7446,NaN,NaN
40.968,60.482,-23.797,-13.919,5.8332,-0.020479,-0.038924,2.7448,0,Inf
41.008,59.909,-23.553,-13.94,5.8423,-0.028776,-0.054693,2.7448,-0.0002,-75574
41.048,59.401,-23.197,-13.868,5.9736,-0.017647,-0.033542,2.7349,0.0002,75500
41.088,58.905,-22.841,-13.78,6.1018,0.0035553,0.0067589,2.7247,0.0005,30140
41.128,58.375,-22.547,-13.738,6.1501,0.026863,0.051066,2.7206,0.0008,18814
41.168,57.901,-22.167,-13.626,6.2951,0.049642,0.094374,2.7088,-0.0002,-75049
41.208,57.459,-21.732,-13.458,6.4886,0.10895,0.20716,2.6922,-0.0021,-7114.6
41.248,56.952,-21.428,-13.403,6.5403,0.11556,0.21966,2.6876,-0.0031,-4810.8
41.288,56.483,-21.046,-13.289,6.6725,0.13738,0.26124,2.6761,-0.0065,-2287.7
41.328,56.036,-20.649,-13.155,6.825,0.15114,0.28741,2.6628,-0.0113,-1311.5
41.368,55.568,-20.259,-13.057,6.9713,0.14271,0.27139,2.651,-0.0166,-891.66
41.408,55.114,-19.865,-12.946,7.1237,0.13653,0.25962,2.6384,-0.0229,-645.27
41.448,54.663,-19.465,-12.836,7.2831,0.12573,0.23909,2.6253,-0.03,-491.95
41.488,54.242,-19.043,-12.666,7.4712,0.15094,0.28704,2.6085,-0.0401,-366.72
41.528,53.852,-18.557,-12.468,7.7527,0.12409,0.23596,2.5852,-0.0551,-266.46
41.569,55.136,-18.311,-11.746,8.7492,0.076043,0.14499,2.5002,-0.1493,-98.1
41.609,54.644,-17.964,-11.769,8.8205,0.052666,0.10031,2.4976,-0.1459,-100.81
41.648,54.18,-17.607,-11.73,8.8951,0.050171,0.095547,2.492,-0.1449,-101.6
41.688,53.679,-17.315,-11.757,8.851,0.049954,0.095146,2.4955,-0.137,-107.41
41.729,53.195,-16.969,-11.738,8.8973,0.065727,0.12525,2.492,-0.1359,-108.38
41.769,52.756,-16.525,-11.622,9.1352,0.039531,0.075252,2.4748,-0.146,-101.25
41.809,52.277,-16.182,-11.597,9.1587,0.064353,0.12262,2.4721,-0.1436,-102.9
41.849,51.823,-15.758,-11.498,9.337,0.072492,0.13816,2.4584,-0.1514,-97.828
41.889,51.36,-15.38,-11.433,9.4053,0.10245,0.19547,2.4516,-0.1525,-97.078
41.929,50.922,-14.976,-11.326,9.5066,0.16951,0.32437,2.4406,-0.1569,-94.244
41.969,50.461,-14.573,-11.28,9.6302,0.16577,0.31698,2.4324,-0.1591,-93.222
42.009,50,-14.201,-11.242,9.6725,0.20762,0.39733,2.4279,-0.1579,-93.924
42.049,49.696,-13.571,-10.719,10.494,0.060725,0.11569,2.3659,-0.2139,-70.129
42.089,49.281,-13.145,-10.612,10.596,0.083474,0.15916,2.3557,-0.2152,-69.688
42.129,48.867,-12.712,-10.522,10.712,0.079873,0.15227,2.3461,-0.2158,-69.579
42.169,48.466,-12.239,-10.401,10.91,0.06283,0.1197,2.3314,-0.2206,-68.331
42.209,48.065,-11.795,-10.295,11.026,0.068211,0.12998,2.3209,-0.2218,-68.01
42.249,47.663,-11.34,-10.208,11.17,0.045965,0.087514,2.3106,-0.2228,-67.914
42.289,47.213,-10.976,-10.258,11.107,0.042434,0.080765,2.3159,-0.2111,-71.621
42.329,46.793,-10.529,-10.203,11.22,0.025337,0.0482,2.3084,-0.2103,-72.113
42.369,46.359,-10.12,-10.182,11.218,0.031906,0.060715,2.3074,-0.2046,-74.047
42.409,45.979,-9.61,-10.04,11.461,0.0088868,0.016897,2.2901,-0.2116,-72.009
42.449,45.544,-9.1751,-10.076,11.433,-0.027477,-0.052181,2.2936,-0.2011,-75.782
42.489,45.111,-8.8124,-10.055,11.308,0.017637,0.033547,2.2974,-0.1924,-78.646
42.529,44.767,-8.4568,-10.077,11.379,-0.066434,-0.12597,2.2966,-0.1862,-81.631
42.569,44.355,-7.9664,-10.001,11.62,-0.12946,-0.24494,2.2834,-0.1915,-80.059
42.609,43.917,-7.6207,-10.082,11.375,-0.10687,-0.20234,2.2976,-0.1736,-87.559
42.649,43.503,-7.1889,-10.037,11.426,-0.10249,-0.19409,2.2932,-0.1721,-88.37
42.689,43.092,-6.7436,-9.9943,11.5,-0.10474,-0.19834,2.2878,-0.1711,-89.047
42.729,42.739,-6.2171,-9.9077,11.736,-0.162,-0.30614,2.2743,-0.1771,-86.727
42.769,42.314,-5.8132,-9.879,11.719,-0.14141,-0.26743,2.2733,-0.1734,-88.395
42.809,41.874,-5.4168,-9.8789,11.69,-0.13133,-0.24844,2.2744,-0.1685,-90.832
42.849,41.667,-5.1792,-9.8333,11.859,-0.17425,-0.32886,2.2661,-0.1703,-90.46
42.889,41.291,-4.7168,-9.7322,11.903,-0.12752,-0.24113,2.2584,-0.1708,-90.017
42.929,40.759,-4.3474,-9.6766,12.121,-0.19956,-0.37643,2.2479,-0.1742,-89.036
42.969,40.363,-3.8917,-9.6272,12.167,-0.18611,-0.35125,2.2433,-0.1728,-89.788
43.009,39.947,-3.4123,-9.5979,12.371,-0.24207,-0.45604,2.2346,-0.1746,-89.676
43.049,39.542,-3.0019,-9.6998,12.136,-0.21043,-0.39676,2.2486,-0.1589,-97.772
43.089,39.151,-2.5183,-9.6529,12.225,-0.20648,-0.38941,2.2426,-0.1587,-98.151
43.129,38.761,-1.9883,-9.5645,12.526,-0.25593,-0.48197,2.2271,-0.166,-94.94
43.169,38.006,-1.1146,-9.5735,12.576,-0.26942,-0.50831,2.2246,-0.163,-96.966
43.209,37.591,-0.70699,-9.673,12.574,-0.33713,-0.63479,2.2306,-0.154,-103.02
43.249,37.205,-0.29359,-9.631,12.562,-0.2969,-0.5596,2.2286,-0.1512,-104.69
43.289,36.983,0.29366,-9.4486,12.641,-0.25452,-0.48027,2.2159,-0.1517,-104.04
43.329,36.714,0.90977,-9.4168,12.94,-0.36519,-0.68713,2.2044,-0.1517,-105.5
43.369,36.392,1.4981,-9.4187,13.041,-0.40414,-0.75981,2.2012,-0.1463,-109.95
43.409,36.047,2.0633,-9.4348,13.025,-0.4269,-0.80233,2.2027,-0.1379,-116.63
43.449,35.646,2.4658,-9.4411,12.874,-0.39868,-0.74969,2.2083,-0.1297,-123.09
43.489,35.357,2.8288,-9.4197,12.358,-0.28441,-0.53607,2.2258,-0.1089,-142.69
43.529,35.022,3.2759,-9.4359,12.305,-0.32478,-0.61139,2.2292,-0.1006,-154.14
43.569,34.752,3.6442,-9.4573,12.146,-0.30586,-0.57561,2.2368,-0.089,-172.96
43.609,34.35,4.1284,-9.5025,12.277,-0.36406,-0.68399,2.2346,-0.088,-176.42
43.649,33.923,4.6366,-9.6905,12.63,-0.62444,-1.1647,2.2336,-0.0856,-185.97
43.689,33.512,5.1017,-9.7489,12.688,-0.64967,-1.2111,2.2345,-0.0821,-194.9
43.729,33.121,5.4439,-9.7299,12.542,-0.63742,-1.1882,2.2392,-0.0763,-208.05
43.769,32.662,5.982,-10.17,12.649,-0.7573,-1.4653,2.238,-0.0749,-216.69
43.809,32.215,6.4991,-10.376,12.887,-0.87987,-1.706,2.2375,-0.0727,-227.58
43.849,31.795,6.9717,-10.425,12.957,-0.86902,-1.6842,2.2374,-0.0706,-235.56
43.889,31.377,7.4136,-10.492,12.982,-0.88973,-1.725,2.2394,-0.0665,-251
43.929,30.964,7.9386,-10.552,13.136,-0.88198,-1.7089,2.2368,-0.0665,-253.37
43.969,30.548,8.4695,-10.61,13.29,-0.87416,-1.6927,2.2341,-0.0665,-255.73
44.009,30.129,9.0064,-10.668,13.445,-0.86625,-1.6764,2.2314,-0.0665,-258.09
44.049,29.708,9.5503,-10.726,13.6,-0.8582,-1.6599,2.2287,-0.0665,-260.45
44.089,29.284,10.1,-10.783,13.755,-0.85027,-1.6436,2.2261,-0.0665,-262.82
44.129,28.858,10.656,-10.839,13.91,-0.84233,-1.6274,2.2234,-0.0665,-265.18
44.169,28.429,11.218,-10.895,14.066,-0.83437,-1.6112,2.2207,-0.0665,-267.55
44.209,27.998,11.787,-10.95,14.222,-0.8264,-1.595,2.2181,-0.0665,-269.91
44.249,27.565,12.361,-11.004,14.379,-0.81842,-1.5788,2.2154,-0.0665,-272.28
44.289,27.135,12.905,-10.49,12.817,-0.77903,-1.5024,2.2168,-0.064153,-258.17
44.329,26.725,13.391,-10.068,11.548,-0.73969,-1.4261,2.2182,-0.061808,-247.87
44.369,26.329,13.833,-9.7359,10.57,-0.70034,-1.3497,2.2196,-0.059463,-241.67
44.409,25.944,14.241,-9.4951,9.8821,-0.66098,-1.2734,2.221,-0.057118,-239.93
44.449,25.568,14.627,-9.3453,9.4853,-0.62163,-1.197,2.2224,-0.054772,-243.11
44.489,25.195,15.004,-9.2864,9.3796,-0.58228,-1.1207,2.2238,-0.052427,-251.76
44.529,24.823,15.382,-9.3186,9.5653,-0.54285,-1.0442,2.2252,-0.050078,-266.67
44.569,24.448,15.773,-9.4415,10.041,-0.50356,-0.96794,2.2266,-0.047737,-288.72
44.609,24.066,16.189,-9.6555,10.808,-0.46418,-0.89153,2.228,-0.04539,-319.31
44.649,23.674,16.642,-9.9603,11.866,-0.42484,-0.8152,2.2294,-0.043045,-359.91
44.689,23.268,17.142,-10.356,13.215,-0.38549,-0.73885,2.2308,-0.0407,-412.52
44.729,22.949,17.61,-5.9057,10.34,-0.34464,-0.66034,2.2218,-0.045782,-260.1
44.769,22.774,17.984,-3.1128,8.5511,-0.30377,-0.58179,2.2128,-0.050865,-178.9
44.809,22.677,18.309,-1.9789,7.8484,-0.26285,-0.50313,2.2038,-0.055957,-144.65
44.849,22.593,18.627,-2.5055,8.233,-0.22204,-0.42471,2.1948,-0.061033,-141
44.889,22.455,18.982,-4.6905,9.7037,-0.18118,-0.34619,2.1858,-0.066116,-163.02
44.929,22.196,19.418,-8.536,12.262,-0.14031,-0.26764,2.1768,-0.0712,-209.84
44.969,22.099,19.955,-8.1701,12.244,-0.032781,-0.062359,2.1587,-0.08,-184
45.009,21.746,20.433,-8.2575,12.385,-0.12306,-0.23458,2.1571,-0.0795,-187.23
45.049,21.379,20.907,-8.3941,12.568,-0.24048,-0.45961,2.1562,-0.0786,-192.28
45.089,21.267,21.465,-7.9849,12.508,-0.082511,-0.15713,2.1378,-0.0888,-167.11
45.129,20.944,21.95,-7.9877,12.587,-0.11564,-0.22038,2.1346,-0.0889,-167.69
45.169,20.821,22.501,-7.6609,12.586,-0.032123,-0.061104,2.1171,-0.0985,-149.59
45.209,20.426,23.005,-7.8689,12.771,-0.1537,-0.29311,2.1208,-0.092,-163.05
45.249,20.058,23.502,-7.9889,12.938,-0.24608,-0.47013,2.1206,-0.0901,-168.76
45.289,19.708,24.007,-8.0261,13.029,-0.26485,-0.50615,2.1193,-0.0886,-172.71
45.329,19.381,24.514,-8.0294,13.113,-0.27332,-0.52238,2.1166,-0.0883,-174.13
45.369,19.025,25.085,-8.1375,13.328,-0.33564,-0.64214,2.1146,-0.0868,-179.91
45.409,18.723,25.58,-8.0381,13.308,-0.27046,-0.51679,2.1106,-0.0875,-177.68
45.449,18.427,26.075,-7.9446,13.294,-0.22203,-0.42385,2.1065,-0.0883,-175.4
45.489,18.1,26.58,-7.9198,13.324,-0.20811,-0.39717,2.1044,-0.0875,-177.14
45.529,17.779,27.088,-7.8833,13.346,-0.18979,-0.36207,2.1019,-0.087,-178.16
45.569,17.643,27.686,-7.5477,13.296,-0.050158,-0.095432,2.0864,-0.0941,-162.47
45.609,17.481,28.252,-7.2201,13.151,0.089859,0.17052,2.0741,-0.0989,-151.7
45.649,17.332,28.814,-6.9515,13.101,0.13851,0.2626,2.0606,-0.105,-141.25
45.689,17.052,29.332,-6.9124,13.138,0.10488,0.19898,2.0566,-0.1049,-141.52
******-------------------------------------------------------------------------------------------------------------------****** 
TargetID: ID05
Target can not be processed due to lack of Data
******-------------------------------------------------------------------------------------------------------------------****** 
TargetID: ID22
Target can not be processed due to lack of Data
******-------------------------------------------------------------------------------------------------------------------****** 
TargetID: ID24
Target can not be processed due to lack of Data
******-------------------------------------------------------------------------------------------------------------------****** 
TargetID: ID09
Relevancy: 0
tj = Inf
Label: -1
Comment: Target is irrelevant as it is not crossing the estimated holding line
DATA:
138.99,9.0084,3.8733,7.1251,4.7031,2.1571,0.67463,0.5691,0.2255,37.86
139.03,9.2701,4.0263,7.0539,4.7112,1.8471,0.551,0.5756,0.2228,38.072
139.07,9.5676,4.2216,7.2123,4.9141,2.0304,0.57821,0.5834,0.2217,39.365
139.11,9.8364,4.3979,7.1944,4.9778,1.8374,0.50045,0.5913,0.2206,39.658
139.15,10.142,4.5898,7.3177,5.1173,1.9102,0.49882,0.5957,0.2157,41.398
139.19,10.403,4.7547,7.2723,5.1382,1.7276,0.43346,0.6014,0.2124,41.923
139.23,10.667,4.9224,7.2076,5.113,1.4683,0.35458,0.6048,0.2069,42.711
139.27,10.962,5.1108,7.2707,5.2212,1.4774,0.34388,0.6104,0.2042,43.835
139.31,11.221,5.2835,5.7361,3.5151,1.4923,0.33429,0.6124,0.19708,34.136
139.35,11.43,5.4011,4.8135,2.479,1.5073,0.3247,0.6144,0.18997,28.501
139.39,11.614,5.4907,4.5004,2.1104,1.5222,0.31511,0.6164,0.18285,27.184
139.43,11.798,5.5789,4.7977,2.4102,1.5371,0.30552,0.6184,0.17573,30.552
139.47,12.006,5.6925,5.7053,3.3785,1.552,0.29593,0.6204,0.16862,39.323
139.51,12.263,5.8582,7.2232,5.015,1.567,0.28634,0.6224,0.1615,54.448
139.55,12.54,6.0686,7.2929,5.1409,1.5157,0.26777,0.6289,0.1615,55.249
139.59,12.703,6.1777,6.9699,4.9796,1.1281,0.19402,0.6326,0.1571,54.526
139.63,12.657,6.2166,5.9886,4.5023,0.1343,0.022991,0.6466,0.1628,46.021
139.67,12.897,6.3958,5.9678,4.5493,0.13022,0.021701,0.6533,0.1628,46.094
139.71,13.13,6.5821,5.9471,4.5957,0.12626,0.020509,0.6598,0.1628,46.166
139.75,13.386,6.6592,5.8517,4.4211,0.070653,0.011207,0.6481,0.1432,51.216
139.79,13.592,6.8171,5.8959,4.4721,0.22705,0.034844,0.6525,0.1407,52.595
139.83,14.002,6.9734,6.5,4.6781,0.87891,0.12823,0.6353,0.1162,68.919
139.87,14.247,7.1371,6.5844,4.7371,0.9614,0.136,0.636,0.1114,72.813
139.91,14.509,7.2953,6.7779,4.8282,1.1782,0.16107,0.6334,0.1025,81.188
139.95,14.769,7.4742,6.9432,4.9439,1.3196,0.1749,0.6343,0.098,86.975
139.99,15.031,7.6878,7.0817,5.0949,1.3772,0.17759,0.6394,0.0982,88.84
140.03,15.3,7.894,7.2206,5.2309,1.4299,0.17981,0.6427,0.0965,92.396
140.07,15.595,8.1392,7.4883,5.4824,1.6091,0.1968,0.6486,0.0974,95.284
140.11,15.78,8.3392,7.2875,5.4542,1.3507,0.1674,0.6572,0.1003,90.753
140.15,16.059,8.5647,7.4448,5.6116,1.3301,0.15693,0.6599,0.0976,95.521
140.19,16.336,8.7934,7.5086,5.7197,1.2686,0.14689,0.6641,0.0969,97.409
140.23,16.532,9.0034,7.2992,5.6776,0.9474,0.10866,0.6715,0.0979,94.457
140.27,16.763,9.2199,7.1822,5.6823,0.75591,0.085604,0.6779,0.0993,92.228
140.31,17.007,9.4458,7.1297,5.7257,0.64944,0.072436,0.6841,0.1003,91.169
140.35,17.232,9.675,7.0494,5.7616,0.53738,0.059206,0.6915,0.1021,89.171
140.39,17.444,9.9229,6.9644,5.8283,0.45058,0.049013,0.7022,0.1073,84.635
140.43,17.622,10.172,6.8187,5.8724,0.33774,0.036399,0.7152,0.1142,78.799
140.47,17.823,10.422,6.7257,5.903,0.26257,0.028021,0.7237,0.116,77.144
140.51,18.035,10.654,6.6017,5.9067,0.1723,0.018251,0.7322,0.1183,74.881
140.55,18.21,10.925,6.4758,5.9777,0.12681,0.013278,0.7472,0.1277,69.014
140.59,18.426,11.235,6.4202,6.1031,0.12729,0.01326,0.7618,0.1358,65.229
140.63,18.617,11.491,6.271,6.1335,0.059073,0.0060549,0.7752,0.143,61.342
140.67,18.815,11.769,6.1463,6.1682,0.017585,0.0017879,0.7874,0.1483,58.716
140.71,18.993,12.036,5.9902,6.1671,-0.024908,-0.0025183,0.7996,0.1526,56.34
140.75,19.221,12.311,5.9497,6.2193,-0.019139,-0.0019168,0.8072,0.1525,56.439
140.79,19.439,12.57,5.8623,6.215,-0.037579,-0.003745,0.814,0.1514,56.43
140.83,19.645,12.841,5.7671,6.1748,-0.065739,-0.0065326,0.8185,0.1468,57.555
******-------------------------------------------------------------------------------------------------------------------****** 
TargetID: ID10
Target can not be processed due to lack of Data
******-------------------------------------------------------------------------------------------------------------------****** 
