******-------------------------------------------------------------------------------------------------------------------****** 
Duration of the scene is: 42.6888 seconds
Original Targets Numbers in the hole Scene: 8
Number of Targets in the hole Scene after preprocessing: 20
Number of static portions: 1
******-------------------------------------------------------------------------------------------------------------------****** 
TargetID: ID01
Target can not be processed due to lack of Data
******-------------------------------------------------------------------------------------------------------------------****** 
TargetID: ID13
Relevancy: 0
tj = Inf
Label: -1
Comment: Target is irrelevant as it is not crossing the estimated holding line
DATA:
26.645,11.062,-6.7179,-5.0184,-0.79061,-1.335,-1.2869,-2.9802,0.2779,18.281
26.685,10.843,-6.7565,-5.1001,-0.88356,-1.3801,-1.3308,-2.9651,0.2832,18.277
26.725,10.703,-6.7672,-4.9899,-0.93885,-1.1623,-1.1276,-2.96,0.2797,18.153
26.765,10.484,-6.8058,-5.0736,-1.0183,-1.2371,-1.2001,-2.9479,0.2807,18.435
26.805,10.292,-6.828,-5.0651,-1.0148,-1.1598,-1.125,-2.948,0.2641,19.56
26.845,10.577,-6.8987,-4.9356,-0.75177,-0.78659,-0.75198,-2.9759,0.2053,24.318
26.885,10.325,-6.9332,-5.0219,-0.92485,-0.86813,-0.84594,-2.9752,0.1926,26.513
26.926,10.139,-6.9619,-5.0216,-0.79841,-0.78456,-0.75063,-2.97,0.1896,26.818
26.966,9.9388,-6.9964,-5.0176,-0.9763,-0.75966,-0.73945,-2.9629,0.1893,27.003
27.006,9.8042,-7.0146,-4.927,-0.88897,-0.58305,-0.55983,-2.9527,0.1944,25.754
27.046,9.772,-7.0177,-4.5354,-0.87638,0.020419,0.019785,-2.9503,0.1867,24.742
27.086,9.5639,-7.044,-4.57,-0.90007,-0.024974,-0.024206,-2.9476,0.1811,25.72
27.126,9.363,-7.0532,-4.5157,-0.83794,0.13333,0.12931,-2.9581,0.1593,28.831
27.166,9.1789,-7.0704,-4.5017,-0.8276,0.15586,0.15088,-2.9564,0.1544,29.645
27.206,9.0833,-7.0729,-4.2946,-0.77421,0.46136,0.44558,-2.9523,0.1529,28.54
27.246,8.9691,-7.0784,-4.1314,-0.72549,0.69075,0.66578,-2.9501,0.149,28.151
27.286,8.8425,-7.1089,-4.0207,-0.72047,0.81229,0.78217,-2.9427,0.1506,27.123
27.326,8.7246,-7.1212,-3.8785,-0.67666,0.99082,0.95231,-2.9407,0.1466,26.856
27.366,8.5725,-7.1545,-3.836,-0.69111,0.98942,0.95114,-2.9349,0.1466,26.588
27.406,8.5158,-7.1588,-3.5686,-0.59035,1.3652,1.3064,-2.9325,0.1432,25.259
27.446,8.496,-7.1325,-3.1795,-0.36191,2.0411,1.9289,-2.9417,0.1285,24.903
27.486,8.3762,-7.1586,-3.104,-0.35826,2.0423,1.9294,-2.9366,0.1285,24.316
27.526,8.3539,-7.1329,-2.6165,-0.93175,2.1032,2.3664,-2.9496,0.1126,24.666
******-------------------------------------------------------------------------------------------------------------------****** 
TargetID: ID14
Target can not be processed due to lack of Data
******-------------------------------------------------------------------------------------------------------------------****** 
TargetID: ID15
Target can not be processed due to lack of Data
******-------------------------------------------------------------------------------------------------------------------****** 
TargetID: ID17
Target can not be processed due to lack of Data
******-------------------------------------------------------------------------------------------------------------------****** 
TargetID: ID18
Target can not be processed due to lack of Data
******-------------------------------------------------------------------------------------------------------------------****** 
TargetID: ID21
Target can not be processed due to lack of Data
******-------------------------------------------------------------------------------------------------------------------****** 
TargetID: ID22
Target can not be processed due to lack of Data
******-------------------------------------------------------------------------------------------------------------------****** 
TargetID: ID25
Target can not be processed due to lack of Data
******-------------------------------------------------------------------------------------------------------------------****** 
TargetID: ID26
Target can not be processed due to lack of Data
******-------------------------------------------------------------------------------------------------------------------****** 
TargetID: ID28
Relevancy: 0
tj = Inf
Label: -1
Comment: Target is irrelevant as it is not crossing the estimated holding line
DATA:
31.126,33.387,2.9464,NaN,NaN,NaN,NaN,2.9354,NaN,NaN
31.166,33.23,3.1014,NaN,NaN,NaN,NaN,2.8905,NaN,NaN
31.206,33.03,3.4399,NaN,NaN,NaN,NaN,2.7957,NaN,NaN
31.246,32.868,3.6747,NaN,NaN,NaN,NaN,2.7346,NaN,NaN
31.286,33.327,3.7902,-3.873,1.7635,0,0,2.7143,0,Inf
31.326,33.188,3.5757,-3.743,1.3568,0.25818,0.25104,2.7913,-0.0114,-349.23
31.366,33.065,3.5695,-3.752,1.3057,-0.035025,-0.033965,2.8063,-0.0015,-2648.5
31.407,32.913,3.7199,-3.8021,1.4278,-0.14371,-0.13964,2.781,0.0001,40614
31.446,32.756,3.7442,-3.8258,1.4057,-0.26259,-0.25365,2.7919,0.0069,590.71
31.486,32.6,3.7501,-3.8013,1.3475,-0.12074,-0.11683,2.8021,0.0041,983.67
31.526,32.458,3.6532,-3.7571,1.158,-0.062712,-0.060728,2.8432,0.0148,265.65
31.566,32.293,3.7947,-3.874,1.3256,-0.38496,-0.37341,2.8119,-0.0044,-930.57
31.607,32.163,3.8005,-3.9232,1.2477,-0.51837,-0.50667,2.829,0.0069,596.64
31.647,32.033,3.7899,-3.9482,1.1706,-0.58012,-0.5675,2.8481,0.0172,239.42
31.686,31.851,3.8999,-3.9889,1.3146,-0.63319,-0.60913,2.8287,0.0039,1076.9
31.727,31.727,3.8981,-3.931,1.222,-0.37235,-0.36292,2.8368,0.0055,748.47
31.767,31.58,3.9265,-3.884,1.1955,-0.18953,-0.18416,2.8412,0.0103,394.55
31.807,31.423,3.9979,-3.8815,1.2413,-0.17072,-0.16489,2.8336,0.0038,1072.4
31.847,31.269,3.9572,-3.8631,1.0966,-0.074123,-0.071731,2.8657,0.0319,125.89
31.887,31.119,3.9997,-3.8687,1.0929,-0.071891,-0.069559,2.8669,0.0319,126.02
31.927,30.966,4.0432,-3.8743,1.0891,-0.069557,-0.067289,2.8682,0.0319,126.16
31.967,30.818,4.0876,-3.88,1.085,-0.06742,-0.065223,2.8696,0.0319,126.3
32.006,30.666,4.1261,-3.7866,0.85031,-0.051875,-0.050198,2.6617,0.0385,100.8
32.047,30.515,4.1557,-3.6977,0.62686,-0.036198,-0.035044,2.452,0.045156,83.055
32.087,30.369,4.1766,-3.6144,0.41758,-0.020588,-0.019956,2.2431,0.051784,70.261
32.127,30.226,4.1893,-3.5364,0.22167,-0.0049958,-0.0048844,2.0346,0.058404,60.669
32.167,30.086,4.1945,-3.4635,0.038712,0.010614,0.010204,1.8258,0.065032,53.262
32.207,29.949,4.1926,-3.3958,-0.13119,0.026235,0.025303,1.6168,0.071665,47.42
32.247,29.814,4.1841,-3.3334,-0.28781,0.041846,0.040392,1.408,0.078293,42.735
32.287,29.682,4.1698,-3.2763,-0.43093,0.05742,0.055447,1.1996,0.084906,38.92
32.327,29.552,4.1498,-3.2242,-0.56169,0.073089,0.070592,0.99004,0.091558,35.745
32.367,29.424,4.1249,-3.1774,-0.67881,0.088706,0.085687,0.78114,0.098189,33.09
32.407,29.298,4.0957,-3.1359,-0.78264,0.1043,0.10076,0.57248,0.10481,30.837
32.447,29.173,4.0625,-3.0996,-0.87335,0.11991,0.11585,0.36374,0.11144,28.898
32.487,29.05,4.0259,-3.0685,-0.951,0.13554,0.13095,0.15469,0.11807,27.208
32.527,28.927,3.9866,-3.0427,-1.0154,0.15114,0.14604,-0.05405,0.1247,25.723
32.567,28.806,3.9449,-3.022,-1.0665,0.16674,0.16111,-0.26265,0.13132,24.404
32.607,28.685,3.9014,-3.0066,-1.1047,0.18238,0.17623,-0.47194,0.13796,23.217
32.647,28.565,3.8567,-2.9964,-1.1295,0.19799,0.19132,-0.68068,0.14459,22.147
32.686,28.447,3.8115,-2.9915,-1.1412,0.21348,0.2063,-0.888,0.15117,21.18
32.727,28.326,3.7655,-2.9917,-1.1397,0.22922,0.22151,-1.0985,0.15785,20.281
32.767,28.206,3.7202,-2.9972,-1.1251,0.24481,0.23658,-1.307,0.16447,19.465
32.807,28.086,3.6757,-3.0079,-1.0972,0.26042,0.25167,-1.5159,0.1711,18.713
32.847,27.966,3.6326,-3.0238,-1.0562,0.27603,0.26676,-1.7247,0.17773,18.022
32.887,27.844,3.5913,-3.045,-1.002,0.29166,0.28186,-1.9337,0.18436,17.388
32.927,27.722,3.5525,-3.0714,-0.93462,0.30728,0.29696,-2.1427,0.19099,16.809
32.967,27.598,3.5167,-3.103,-0.85408,0.32289,0.31205,-2.3515,0.19762,16.285
33.007,27.473,3.4844,-3.1398,-0.7604,0.3385,0.32713,-2.5603,0.20425,15.817
33.047,27.347,3.456,-3.1818,-0.65346,0.35412,0.34223,-2.7692,0.21088,15.403
33.087,27.219,3.4323,-3.229,-0.53354,0.36971,0.3573,-2.9778,0.2175,15.047
33.127,27.097,3.4193,-3.2177,-0.53694,0.3329,0.32046,-2.9732,0.2149,15.18
33.167,26.944,3.3959,-3.2427,-0.58408,0.2109,0.20378,-2.9653,0.2143,15.375
33.207,26.813,3.4107,-3.2011,-0.55726,0.38125,0.36976,-2.9728,0.2044,15.897
33.247,26.695,3.3956,-3.1916,-0.54843,0.32446,0.31268,-2.9684,0.2021,16.024
33.287,26.565,3.3803,-3.1968,-0.56528,0.24375,0.23513,-2.9644,0.1998,16.248
33.327,26.439,3.3495,-3.203,-0.60485,0.18482,0.17868,-2.9533,0.2016,16.169
33.367,26.313,3.3246,-3.1906,-0.62938,0.18437,0.17832,-2.9452,0.2016,16.132
33.407,26.208,3.2229,-3.1163,-0.76891,0.26971,0.26116,-2.902,0.2218,14.471
33.447,26.072,3.2385,-3.1446,-0.72455,0.2075,0.20121,-2.9169,0.2082,15.5
33.487,25.943,3.2138,-3.1564,-0.74442,0.12658,0.1227,-2.9111,0.2068,15.682
33.527,25.801,3.1567,-3.2355,-0.81379,-0.16824,-0.16294,-2.8939,0.2115,15.774
33.567,25.66,3.1956,-3.2459,-0.74646,-0.13377,-0.12956,-2.9156,0.1951,17.071
33.607,25.52,3.1578,-3.2473,-0.77948,-0.13153,-0.12732,-2.905,0.1965,16.995
33.647,25.395,3.1839,-3.2391,-0.73023,-0.067112,-0.065031,-2.9204,0.1842,18.026
33.687,25.26,3.21,-3.2477,-0.67019,-0.039622,-0.038377,-2.9378,0.1712,19.37
33.727,25.113,3.2222,-3.2804,-0.64752,-0.13145,-0.12728,-2.9467,0.1631,20.501
33.767,24.964,3.2184,-3.2943,-0.63642,-0.13022,-0.12604,-2.9496,0.1581,21.222
33.807,24.84,3.1928,-3.2772,-0.65111,-0.066556,-0.064451,-2.9449,0.1573,21.241
33.847,24.698,3.2194,-3.2582,-0.59289,0.061015,0.059148,-2.9621,0.1454,22.777
33.887,24.577,3.1988,-3.2602,-0.60621,0.025192,0.024407,-2.9575,0.1449,22.885
33.927,24.452,3.2014,-3.2416,-0.58643,0.095429,0.092441,-2.9618,0.14,23.53
33.967,24.312,3.2091,-3.2469,-0.56492,0.093681,0.090845,-2.9702,0.1331,24.761
34.007,24.171,3.2181,-3.242,-0.53679,0.12452,0.12076,-2.9787,0.1265,25.977
34.047,24.052,3.1919,-3.211,-0.54172,0.21415,0.20729,-2.9725,0.1269,25.661
34.087,23.92,3.1899,-3.2132,-0.53747,0.18751,0.18173,-2.9759,0.1229,26.508
******-------------------------------------------------------------------------------------------------------------------****** 
TargetID: ID30
Target can not be processed due to lack of Data
******-------------------------------------------------------------------------------------------------------------------****** 
TargetID: ID31
Relevancy: 0
tj = Inf
Label: -1
Comment: Target is irrelevant as it is not crossing the estimated holding line
DATA:
34.047,33.178,-3.815,NaN,NaN,NaN,NaN,-2.9506,NaN,NaN
34.087,33.007,-4.0861,NaN,NaN,NaN,NaN,-2.8409,NaN,NaN
34.127,32.805,-4.1687,NaN,NaN,NaN,NaN,-2.8296,NaN,NaN
34.167,32.635,-4.0436,NaN,NaN,NaN,NaN,-2.9243,NaN,NaN
34.207,32.426,-4.4424,NaN,NaN,NaN,NaN,-2.7626,NaN,NaN
34.247,32.891,-4.558,-4.7779,-1.7789,0,0,-2.7852,0,Inf
34.287,32.736,-4.3678,-4.7843,-1.1677,-0.74474,-0.71935,-2.8995,-0.0945,-52.114
34.327,32.551,-4.2665,-4.9566,-1.0258,-1.8915,-1.8263,-2.9375,-0.1826,-27.72
34.367,32.35,-4.2585,-5.0783,0.83798,-2.0495,-1.9785,-2.9597,-0.19455,-26.456
34.407,32.147,-4.2461,-5.1766,-0.79257,-2.2063,-2.1295,-2.9817,-0.2064,-25.373
34.447,31.967,-4.2757,-3.8123,-0.67436,-2.1333,-2.0477,-2.2416,-0.25054,-15.453
34.487,31.835,-4.2996,-2.837,-0.51165,-2.0605,-1.9659,-1.5027,-0.29461,-9.7852
34.527,31.735,-4.3161,-2.2502,-0.30533,-1.9879,-1.8846,-0.76709,-0.33848,-6.7088
34.567,31.65,-4.3234,-2.0465,-0.054259,-1.9152,-1.8031,-0.030114,-0.38244,-5.3532
34.607,31.566,-4.3198,-2.229,0.24254,-1.8422,-1.7212,0.70994,-0.42658,-5.2562
34.647,31.467,-4.3035,-2.7956,0.58233,-1.7696,-1.6397,1.4464,-0.4705,-6.0693
34.687,31.337,-4.2727,-3.7455,0.96622,-1.697,-1.5583,2.1824,-0.51439,-7.5197
34.727,31.162,-4.2255,-5.0828,1.3955,-1.6242,-1.4767,2.9202,-0.5584,-9.4393
34.767,30.96,-4.1405,-4.8733,1.5464,-1.6107,-1.4051,2.8831,-0.5756,-8.8826
34.807,30.78,-4.0463,-5.0078,1.8616,-1.4986,-1.3589,2.8299,-0.6248,-8.551
34.847,30.585,-4.0122,-4.7903,0.031377,-1.35,-1.2273,2.8569,-0.56806,-8.4329
34.887,30.395,-4.029,-4.7454,-0.68771,-1.2013,-1.0955,2.8839,-0.51127,-9.3785
34.927,30.202,-4.0524,-4.8734,-0.29332,-1.0525,-0.96372,2.911,-0.45447,-10.743
34.967,30.003,-4.0379,-5.1727,1.2064,-0.9044,-0.83247,2.9379,-0.3979,-13.349
35.007,29.768,-3.9757,-5.1889,1.325,-0.896,-0.82531,2.9168,-0.4051,-13.22
35.047,29.564,-3.93,-5.213,1.3735,-0.874,-0.8065,2.9084,-0.3956,-13.627
35.087,29.349,-3.9284,-5.246,1.33,-0.72922,-0.6795,2.9136,-0.3791,-14.276
35.127,29.126,-3.8581,-5.2432,1.4545,-0.72865,-0.67909,2.8913,-0.3868,-14.067
35.167,28.912,-3.7496,-5.2089,1.6798,-0.74058,-0.68919,2.8506,-0.4137,-13.229
35.207,28.693,-3.6832,-5.214,1.7615,-0.72426,-0.67512,2.8363,-0.4119,-13.361
35.247,28.482,-3.5933,-5.2242,1.9,-0.80487,-0.7471,2.8152,-0.4148,-13.402
35.287,28.269,-3.4767,-5.2756,2.137,-0.77227,-0.72897,2.7779,-0.4359,-13.058
35.327,28.059,-3.3707,-5.2494,2.2949,-0.76421,-0.72142,2.7504,-0.446,-12.846
35.367,27.855,-3.2809,-5.2399,2.3818,-0.73186,-0.69217,2.735,-0.4441,-12.961
******-------------------------------------------------------------------------------------------------------------------****** 
TargetID: ID05
Target can not be processed due to lack of Data
******-------------------------------------------------------------------------------------------------------------------****** 
TargetID: ID32
Relevancy: 0
tj = Inf
Label: -1
Comment: Target is irrelevant as it is not crossing the estimated holding line
DATA:
10.882,32.434,3.1083,NaN,NaN,NaN,NaN,2.7835,NaN,NaN
10.922,32.217,3.3015,NaN,NaN,NaN,NaN,2.7335,NaN,NaN
10.962,32.045,3.3752,NaN,NaN,NaN,NaN,2.7335,NaN,NaN
11.002,31.863,3.4494,NaN,NaN,NaN,NaN,2.7335,NaN,NaN
11.042,31.694,3.525,NaN,NaN,NaN,NaN,2.7336,NaN,NaN
11.082,31.522,3.5977,NaN,NaN,NaN,NaN,2.7335,NaN,NaN
11.122,31.398,3.7863,NaN,NaN,NaN,NaN,2.7076,NaN,NaN
11.162,31.258,3.7052,NaN,NaN,NaN,NaN,2.7559,NaN,NaN
11.202,31.622,4.1175,-4.3742,2.3027,0,0,2.657,0,Inf
11.242,31.46,4.1842,-4.3747,2.2542,-0.031166,-0.030227,2.6656,0.0074,665.05
11.282,31.264,4.1105,-4.3407,2.0339,-0.036465,-0.035339,2.7037,0.013,368.74
11.322,31.04,4.3783,-4.5959,2.3263,-0.7535,-0.73741,2.6683,0.0895,57.554
11.362,30.884,4.3842,-4.4682,2.311,-0.27891,-0.2713,2.6625,-0.0009,-5589.3
11.402,30.704,4.4532,-4.4433,2.2997,-0.16557,-0.16081,2.6629,-0.0163,-306.94
11.442,30.473,4.6564,-4.5394,2.4797,-0.34911,-0.33715,2.6438,0.0013,3978.9
11.482,30.287,4.7556,-4.5572,2.4884,-0.33694,-0.32545,2.6439,0.0013,3994.1
11.522,30.12,4.7147,-4.4669,2.3343,-0.11528,-0.1116,2.6608,-0.0253,-199.21
11.562,29.942,4.783,-4.4683,2.3015,-0.099093,-0.095918,2.6666,-0.0183,-274.66
11.602,29.806,4.7068,-4.4004,2.0256,0.04663,0.045158,2.7105,0.0234,207.02
11.642,29.642,4.6253,-4.3383,1.7753,0.1422,0.13797,2.7521,0.0581,80.679
11.682,29.476,4.546,-4.2978,1.5969,0.12863,0.12476,2.7849,0.0786,58.331
11.722,29.301,4.6114,-4.3006,1.582,0.13429,0.13029,2.7881,0.0786,58.3
11.762,29.127,4.6747,-4.3034,1.5674,0.13985,0.13571,2.7913,0.0786,58.269
11.802,29.011,4.4986,-4.0831,1.1165,0.50731,0.4909,2.8747,0.17,24.9
11.842,28.846,4.5412,-4.072,1.0839,0.50925,0.49276,2.8814,0.17,24.787
11.882,28.66,4.6175,-4.3231,1.4417,-0.23054,-0.22414,2.818,0.0553,82.407
11.922,28.487,4.6773,-4.3367,1.4353,-0.22791,-0.22158,2.8203,0.0553,82.604
11.962,28.313,4.7363,-4.3503,1.4289,-0.22528,-0.219,2.8226,0.0553,82.802
12.002,28.138,4.7947,-4.3639,1.4226,-0.22265,-0.21644,2.8248,0.0553,83
12.042,27.964,4.8515,-4.3773,1.4164,-0.22002,-0.21387,2.827,0.0553,83.196
12.082,27.789,4.9074,-4.3908,1.4103,-0.21739,-0.2113,2.8292,0.0553,83.395
12.122,27.613,4.9623,-4.4041,1.4044,-0.21466,-0.20863,2.8314,0.0553,83.591
12.162,27.437,5.0176,-4.4175,1.3982,-0.21213,-0.20616,2.8335,0.0553,83.789
12.202,27.26,5.0731,-4.4309,1.392,-0.2095,-0.20359,2.8357,0.0553,83.986
12.242,27.083,5.1289,-4.4444,1.3855,-0.20697,-0.20112,2.8379,0.0553,84.184
12.283,26.905,5.1848,-4.4579,1.3789,-0.20434,-0.19856,2.8402,0.0553,84.381
12.323,26.726,5.2406,-4.4714,1.3723,-0.20181,-0.19609,2.8424,0.0553,84.579
12.363,26.547,5.2957,-4.4848,1.3656,-0.19928,-0.19362,2.8446,0.0553,84.776
12.403,26.368,5.3488,-4.4981,1.3592,-0.19675,-0.19115,2.8468,0.0553,84.973
******-------------------------------------------------------------------------------------------------------------------****** 
TargetID: ID33
Target can not be processed due to lack of Data
******-------------------------------------------------------------------------------------------------------------------****** 
TargetID: ID06
Target can not be processed due to lack of Data
******-------------------------------------------------------------------------------------------------------------------****** 
TargetID: ID35
Target can not be processed due to lack of Data
******-------------------------------------------------------------------------------------------------------------------****** 
TargetID: ID08
Target can not be processed due to lack of Data
******-------------------------------------------------------------------------------------------------------------------****** 
