******-------------------------------------------------------------------------------------------------------------------****** 
Duration of the scene is: 19.6441 seconds
Original Targets Numbers in the hole Scene: 7
Number of Targets in the hole Scene after preprocessing: 7
Number of static portions: 1
******-------------------------------------------------------------------------------------------------------------------****** 
TargetID: ID01
Relevancy: 1
tj = 8.4828
Label: 0
Comment: Target is relevant and going straight, since target is crossing Ego X-axis in EFC
DATA:
8.4417,8.0406,-8.1046,-0.86909,8.0205,0.10799,0.10807,1.6789,1.0697,7.5418
8.4828,7.9033,-7.8891,-1.4207,7.3741,0.28954,0.29039,1.7611,1.1456,6.5553
8.5215,7.84,-7.588,-1.7433,7.2708,0.34206,0.34362,1.8054,1.1432,6.5403
8.5616,7.7613,-7.2992,-2.0618,7.1387,0.39665,0.39878,1.8511,1.1432,6.4997
8.6019,7.583,-7.144,-2.4843,6.1314,1.0021,1.0188,1.9528,1.2561,5.2668
8.6418,7.3738,-6.9469,-2.8753,5.3697,1.4527,1.4904,2.0571,1.3515,4.5069
8.682,7.2423,-6.7501,-3.0727,4.8512,1.8188,1.8789,2.1277,1.3859,4.1435
8.722,7.6558,-8.1355,-3.7711,4.3296,1.7052,2.2623,2.1442,1.3292,4.3196
8.7622,7.5848,-7.9218,-3.718,4.2102,1.7055,2.3039,2.1432,1.255,4.4756
8.8023,7.4214,-7.7565,-4.1052,3.8921,1.9703,2.801,2.2015,1.2702,4.4536
8.8413,7.2647,-7.5957,-3.8564,3.636,1.8342,2.7261,2.189,1.1907,4.4514
8.8815,7.1536,-6.764,-0.39807,7.8049,0.17766,0.17897,1.6164,1.125,6.9467
8.9215,7.1139,-6.3961,-1.1705,7.0525,0.57863,0.59888,1.7127,1.115,6.4117
8.9618,6.9839,-5.7892,-1.3055,6.8171,0.72743,0.74946,1.7373,1.0633,6.5277
9.0018,6.9322,-5.4768,-1.331,6.6381,0.8005,0.83632,1.7423,0.9389,7.2108
9.0419,6.8971,-5.1796,-1.3521,6.645,0.80504,0.84128,1.745,0.8617,7.8695
9.0823,6.8409,-4.673,-1.2064,6.5557,0.80535,0.83674,1.7302,0.7226,9.2247
9.1211,6.8328,-4.4671,-1.0012,6.4187,0.65868,0.68099,1.705,0.567,11.457
9.1614,6.8231,-4.2337,-0.83899,6.3599,0.55183,0.56773,1.6839,0.4565,14.053
9.2014,6.7994,-3.9891,-0.88358,6.2451,0.56841,0.58658,1.6914,0.4352,14.493
9.2415,6.7976,-4.1514,-0.80408,6.2263,0.55053,0.57173,1.6731,0.3547,17.699
9.2816,6.7755,-3.6782,-0.58234,6.3046,0.39878,0.40817,1.6467,0.2668,23.731
9.3219,6.7653,-3.3682,-0.5395,6.2834,0.35654,0.36391,1.6422,0.2374,26.565
9.3618,6.7294,-3.1364,-0.59193,6.1728,0.37253,0.38108,1.6506,0.2361,26.265
9.402,6.7117,-2.89,-0.56965,6.168,0.33776,0.3449,1.6482,0.2148,28.837
9.442,6.6988,-2.8386,-0.52917,6.1876,0.28988,0.29566,1.6418,0.1876,33.104
9.4812,6.996,-0.7492,-0.36174,6.8537,0.19301,0.1917,1.6313,0.1896,36.198
9.5212,6.792,-2.4232,-0.16356,7.2859,0.080251,0.08007,1.596,0.1896,38.438
9.5615,6.8912,-2.0564,-0.35038,6.9571,0.19951,0.19812,1.629,0.1639,42.501
9.6015,6.8792,-1.9322,-0.40367,6.7137,0.24625,0.24393,1.6412,0.1911,35.195
9.6416,6.8152,-1.7187,-0.34777,6.4998,0.23994,0.23769,1.6347,0.1519,42.851
9.6818,6.809,-1.7491,-1.2355,5.571,0.66282,0.7067,1.7474,0.4352,13.112
9.7219,6.8226,-1.4426,-0.52712,5.8152,0.47497,0.46228,1.688,0.2198,26.565
9.7621,6.7874,-1.1176,-0.49441,6.0572,0.35974,0.35321,1.671,0.1702,35.707
9.8024,6.7641,-0.81091,-0.4283,6.2336,0.26936,0.26606,1.6524,0.1083,57.694
9.8422,6.7484,-0.76505,-0.80934,5.5398,0.46068,0.47998,1.6869,0.186,30.1
9.8823,6.7713,-0.41155,-0.3929,5.7929,0.30669,0.30152,1.656,0.0839,69.204
9.9224,6.8134,-0.080368,-0.27727,5.854,0.21023,0.208,1.6297,0.0047,1246.9
9.9629,6.8252,0.024463,-0.030083,5.6938,0.048473,0.0485,1.5761,-0.1242,-45.845
10.003,6.849,0.26217,0.25006,5.8028,-0.062839,-0.062799,1.5277,-0.2227,-26.081
******-------------------------------------------------------------------------------------------------------------------****** 
TargetID: ID03
Relevancy: 0
tj = Inf
Label: -1
Comment: Target is irrelevant as it is not crossing the estimated holding line
DATA:
13.243,-4.6074,2.6693,2.6784,1.0817,-0.83534,-1.0015,0.2156,0.0904,31.953
13.283,-4.449,2.7163,4.9799,1.2344,-0.65255,-0.77715,0.22382,0.092273,55.603
13.323,-4.2272,2.7663,5.8246,1.2311,-0.46958,-0.5526,0.23204,0.094148,63.234
13.363,-3.9996,2.8133,5.2018,1.0701,-0.28554,-0.32673,0.24031,0.096033,55.301
13.403,-3.8282,2.8503,3.1309,0.75514,-0.10337,-0.10316,0.2485,0.0979,32.898
13.444,-3.7118,2.8746,3.1224,0.76918,-0.082183,-0.082056,0.2509,0.0974,33.016
13.484,-3.6811,2.8907,3.141,0.7907,-0.058357,-0.058281,0.2536,0.0968,33.461
13.524,-3.5313,2.9077,3.2203,0.90401,0.1952,0.19605,0.2511,0.0939,35.621
13.564,-3.4476,2.9351,3.1907,0.898,0.16068,0.16126,0.2554,0.0941,35.225
13.602,-3.3259,2.9696,3.1799,0.89148,0.12053,0.12085,0.2591,0.0942,35.058
13.642,-3.2146,3.0022,3.1533,0.87115,0.054383,0.054446,0.263,0.0943,34.692
13.682,-3.1058,3.0284,3.1065,0.84762,-0.02952,-0.029608,0.2627,0.0925,34.812
13.722,-2.9669,3.0624,3.1407,0.88371,0.077067,0.077191,0.2651,0.0919,35.503
13.763,-2.8415,3.1001,3.1407,0.89591,0.076976,0.077095,0.2688,0.0919,35.539
13.803,-2.7125,3.13,3.1553,0.92425,0.12363,0.12393,0.2706,0.091,36.131
13.843,-2.5964,3.163,3.1467,0.93522,0.13042,0.13074,0.2738,0.0908,36.153
13.883,-2.4554,3.2073,3.1799,0.98959,0.25218,0.2533,0.2731,0.0886,37.588
13.923,-2.3731,3.2292,3.1121,0.9139,0.10157,0.10175,0.2736,0.0872,37.196
13.963,-2.2874,3.255,3.0437,0.84054,-0.027958,-0.027944,0.2729,0.0852,37.061
14.003,-2.1825,3.2854,3.02,0.84086,-0.0089062,-0.0089045,0.2727,0.0833,37.634
14.042,-2.0981,3.2967,2.971,0.80494,-0.062908,-0.062837,0.2729,0.0818,37.629
14.082,-2.0124,3.3053,2.9246,0.77117,-0.10865,-0.10843,0.2726,0.0801,37.76
14.122,-1.9415,3.3098,2.8567,0.7302,-0.15298,-0.15253,0.2722,0.0783,37.657
14.163,-1.8613,3.3104,2.8121,0.71246,-0.15234,-0.15187,0.2707,0.0761,38.12
14.203,-1.8089,3.2963,2.7288,0.66928,-0.17892,-0.17819,0.2689,0.0736,38.174
14.243,-1.7637,3.2853,2.6418,0.61111,-0.2321,-0.23075,0.267,0.0712,38.083
14.283,-1.7037,3.2787,2.4212,0.78379,-0.23871,-0.24042,0.2658,0.0695,36.617
14.323,-1.6668,3.285,2.3217,0.83232,-0.34904,-0.36295,0.2673,0.0691,35.692
14.363,-1.6666,3.2602,2.252,0.86652,-0.41098,-0.45103,0.2652,0.0668,36.122
14.403,-1.6424,3.2488,2.1644,0.85437,-0.413,-0.45804,0.2638,0.0649,35.854
14.443,-1.6148,3.2551,2.0559,0.90024,-0.47954,-0.55175,0.2653,0.0643,34.904
14.483,-1.5999,3.2603,1.9281,0.97198,-0.5518,-0.67433,0.2666,0.0635,34.004
14.523,-1.5317,3.2859,1.8937,0.97894,-0.55277,-0.67922,0.2706,0.064,33.309
14.564,-1.3595,3.3327,1.7496,0.83443,-0.49078,-0.50288,0.2731,0.0647,29.959
14.604,-1.2775,3.3666,1.8524,0.88232,-0.49525,-0.5397,0.2775,0.0657,31.229
14.644,-1.1794,3.4173,2.0088,0.89646,-0.4477,-0.50534,0.2844,0.0676,32.54
14.683,-1.1245,3.4469,1.9433,0.93679,-0.49374,-0.57017,0.2897,0.0689,31.311
14.723,-1.0003,3.4945,1.9302,0.83956,-0.39434,-0.41664,0.2935,0.0695,30.286
14.763,-0.95886,3.4965,1.9118,0.93546,-0.48746,-0.5622,0.2949,0.0687,30.981
******-------------------------------------------------------------------------------------------------------------------****** 
TargetID: ID04
Relevancy: 0
tj = Inf
Label: -1
Comment: Target is irrelevant as it is not crossing the estimated holding line
DATA:
6.8412,8.3978,-20.284,1.4834,8.3213,0.39126,0.39145,1.3939,0.3766,22.444
6.8813,8.4945,-19.948,1.5113,8.3968,0.41153,0.41161,1.3927,0.3456,24.687
6.9216,8.468,-19.629,1.1754,8.3652,0.36125,0.36144,1.4308,0.3849,21.947
6.9615,8.5116,-19.293,1.0536,8.4383,0.36205,0.36224,1.4461,0.3849,22.094
7.0017,8.5506,-18.954,0.92967,8.5096,0.36275,0.36295,1.4615,0.3849,22.24
7.0417,7.9921,-18.861,-0.8858,7.5004,0.22724,0.22729,1.6883,0.738,10.234
7.0809,7.8093,-18.598,-1.5022,7.1463,0.18434,0.18448,1.7776,0.8361,8.734
7.1209,7.7425,-18.307,-1.7602,7.0395,0.18713,0.18728,1.8154,0.8462,8.5751
7.1611,8.3071,-18.527,-2.1314,6.874,0.18015,0.18148,1.8683,0.8645,8.3249
7.2022,8.1944,-18.24,-2.4042,6.7501,0.19522,0.19685,1.9095,0.8745,8.1938
7.2423,8.0672,-17.985,-2.6639,6.6063,0.21441,0.21644,1.9501,0.882,8.0762
7.2824,7.9663,-17.702,-2.8275,6.5482,0.20976,0.21029,1.9784,0.872,8.1795
7.3226,7.6754,-17.486,-3.2922,6.3323,0.1522,0.15244,2.0502,0.9066,7.8723
7.3627,7.5273,-17.241,-3.5121,6.1957,0.16361,0.16387,2.0865,0.9066,7.8556
7.4019,7.3696,-17.002,-3.7261,6.0516,0.17473,0.17499,2.1227,0.9066,7.8389
7.4419,7.2049,-16.769,-3.9347,5.9,0.18555,0.1858,2.159,0.9066,7.8223
7.482,7.0328,-16.543,-4.1372,5.7412,0.19606,0.1963,2.1952,0.9066,7.8057
7.5221,6.8524,-16.324,-4.3335,5.5755,0.20629,0.20649,2.2315,0.9066,7.7891
7.5622,6.6638,-16.112,-4.523,5.4035,0.21612,0.21628,2.2677,0.9066,7.7727
7.6023,6.4682,-15.907,-4.706,5.2249,0.22575,0.22585,2.304,0.9066,7.7563
7.6426,6.2659,-15.709,-4.8821,5.0402,0.23489,0.23493,2.3403,0.9066,7.7399
7.6825,6.057,-15.52,-5.051,4.8498,0.24375,0.2437,2.3765,0.9066,7.7237
7.7227,5.8419,-15.338,-5.2127,4.6537,0.25221,0.25207,2.4128,0.9066,7.7076
7.7608,5.6209,-15.165,-5.3669,4.4521,0.26029,0.26004,2.4491,0.9066,7.6916
7.801,5.3942,-15,-5.5134,4.2459,0.26788,0.26751,2.4854,0.9066,7.6757
******-------------------------------------------------------------------------------------------------------------------****** 
TargetID: ID05
Relevancy: 0
tj = Inf
Label: -1
Comment: Target is irrelevant as it is not crossing the estimated holding line
DATA:
8.0416,2.9665,20.354,-0.85631,-3.0479,-0.027003,-0.027003,-1.8449,-0.0343,-92.302
8.0817,3.0065,20.21,-0.74398,-3.0854,-0.036498,-0.036508,-1.8077,-0.0086,-369.05
8.122,3.016,20.077,-0.68429,-3.0993,-0.035198,-0.035208,-1.7884,0.0051,622.34
8.1619,3.0691,19.911,-0.56964,-3.1333,-0.031798,-0.031807,-1.7509,0.0356,89.458
8.201,3.0534,19.766,-0.56809,-3.1538,-0.029999,-0.030006,-1.7493,0.0376,85.227
8.2411,2.9991,19.613,-0.64269,-3.1846,-0.034998,-0.035008,-1.7702,0.0222,146.34
8.2812,2.9922,19.476,-0.60958,-3.191,-0.030998,-0.031006,-1.7598,0.0314,103.46
8.3213,2.849,19.333,-0.82874,-3.2794,-0.09131,-0.091258,-1.8177,-0.0185,-182.84
8.3616,2.8547,19.183,-0.75158,-3.352,-0.10876,-0.10875,-1.7907,0.0121,283.9
8.4015,2.8415,19.06,-0.71899,-3.335,-0.091171,-0.091163,-1.7825,0.0169,201.87
8.4417,2.8202,18.923,-0.70435,-3.3321,-0.079791,-0.079835,-1.7796,0.0191,178.31
8.4828,2.8633,18.791,-0.56279,-3.3177,-0.054392,-0.054401,-1.7388,0.0561,59.985
8.5215,2.8767,18.666,-0.48204,-3.3057,-0.040493,-0.040491,-1.7153,0.0751,44.483
8.5616,2.8422,18.537,-0.50073,-3.3028,-0.034902,-0.034892,-1.721,0.0669,49.933
8.6019,2.9461,18.409,-0.25167,-3.2718,-0.017299,-0.017297,-1.6474,0.1318,24.897
8.6418,2.8736,18.293,-0.33918,-3.2561,-0.0099002,-0.0098989,-1.6745,0.1011,32.381
8.682,2.8739,18.176,-0.29265,-3.2418,-0.0054996,-0.0054997,-1.6608,0.1085,30
8.722,2.9005,18.053,-0.20297,-3.2322,-0.0024998,-0.0025002,-1.6335,0.128,25.301
8.7622,2.8925,17.923,-0.18638,-3.2328,-0.0026998,-0.0027003,-1.6284,0.128,25.298
8.8023,2.8859,17.794,-0.16988,-3.2334,-0.0029998,-0.0029995,-1.6233,0.128,25.295
8.8413,2.8798,17.665,-0.15329,-3.2337,-0.0031998,-0.0031996,-1.6181,0.128,25.292
8.8815,2.874,17.535,-0.1367,-3.2341,-0.0034997,-0.0034997,-1.613,0.128,25.289
8.9215,2.869,17.406,-0.12011,-3.2344,-0.0036997,-0.0036998,-1.6079,0.128,25.286
8.9618,2.8434,17.284,-0.13492,-3.2158,0.0062005,0.0062,-1.6128,0.1201,26.8
9.0018,2.8384,17.155,-0.11942,-3.2146,0.0061005,0.0061,-1.608,0.1201,26.784
9.0419,2.834,17.027,-0.10393,-3.2133,0.0059005,0.0058999,-1.6032,0.1201,26.769
9.0823,3.1488,16.913,0.40733,-3.1459,0.00079993,0.00080039,-1.442,0.2349,13.504
9.1211,3.4203,16.805,0.81701,-3.0943,0.034587,0.034615,-1.3131,0.3192,10.026
9.1614,3.3497,16.684,0.69622,-3.1308,0.040883,0.04092,-1.3525,0.2798,11.463
9.2014,3.3733,16.547,0.71622,-3.1657,0.05573,0.055664,-1.3477,0.2747,11.815
9.2415,3.4584,16.41,0.83657,-3.1864,0.082531,0.082679,-1.315,0.2893,11.388
9.2816,3.494,16.283,0.87596,-3.1861,0.085824,0.085985,-1.3035,0.2893,11.422
9.3219,3.3914,16.156,0.7058,-3.1985,0.063263,0.063346,-1.3543,0.2466,13.282
9.3618,3.3421,16.037,0.62439,-3.197,0.052975,0.053032,-1.3785,0.2231,14.601
9.402,3.3501,15.911,0.63056,-3.2086,0.055473,0.055535,-1.3774,0.2176,15.028
9.442,3.3765,15.782,0.66003,-3.2107,0.05767,0.057738,-1.3687,0.2176,15.063
9.4812,3.3497,15.632,0.59349,-3.2381,0.052889,0.052863,-1.389,0.1998,16.477
9.5212,3.351,15.468,0.57311,-3.2847,0.056087,0.056059,-1.3975,0.1909,17.466
9.5615,3.3594,15.336,0.57834,-3.2913,0.054683,0.054696,-1.3969,0.1864,17.928
9.6015,3.3729,15.197,0.58644,-3.3135,0.058587,0.058556,-1.395,0.183,18.388
9.6416,3.3919,15.067,0.60608,-3.3292,0.062631,0.062558,-1.3901,0.1812,18.675
9.6818,3.4133,14.909,0.61697,-3.3593,0.066284,0.066245,-1.3885,0.1789,19.092
9.7219,3.4081,14.773,0.59622,-3.3666,0.062478,0.062496,-1.3955,0.1704,20.064
9.7621,3.3724,14.625,0.51145,-3.3698,0.049291,0.049271,-1.4197,0.1528,22.306
9.8024,3.3454,14.494,0.45594,-3.367,0.041593,0.04158,-1.4358,0.1396,24.339
9.8422,3.3589,14.341,0.45866,-3.3875,0.041293,0.04128,-1.4358,0.1372,24.916
9.8823,3.3563,14.195,0.43739,-3.3975,0.037994,0.037983,-1.4424,0.1307,26.209
9.9224,3.3388,14.046,0.39338,-3.4075,0.032996,0.032988,-1.4555,0.1209,28.372
9.9629,3.3207,13.892,0.34557,-3.4193,0.027897,0.027892,-1.4698,0.111,30.962
10.003,3.2285,13.767,0.20169,-3.3829,0.013599,0.0136,-1.5113,0.0851,39.823
10.043,3.2188,13.662,0.19749,-3.3499,0.0093993,0.0094006,-1.512,0.0817,41.074
10.083,3.2349,13.507,0.21167,-3.3734,0.010099,0.010099,-1.508,0.0829,40.772
10.122,3.2116,13.377,0.17429,-3.3589,0.0064995,0.0064992,-1.5189,0.0752,44.726
10.163,3.2096,13.23,0.16331,-3.3718,0.0060995,0.0061,-1.5223,0.0723,46.691
10.203,3.2052,13.094,0.15464,-3.372,0.0051996,0.0051995,-1.5249,0.0695,48.569
10.241,3.1236,12.954,0.030076,-3.366,0.00079993,0.00080039,-1.5618,0.0489,68.837
10.281,3.0877,12.817,-0.019662,-3.3637,-0.0012999,-0.0012996,-1.5767,0.0404,83.262
10.322,3.1028,12.671,0.0031268,-3.3756,-0.00089992,-0.00090044,-1.5699,0.0434,77.779
10.362,3.1082,12.535,0.0148,-3.3758,-0.00079993,-0.00080039,-1.5664,0.0444,76.033
10.402,3.0746,12.397,-0.031842,-3.3751,-0.0019998,-0.002,-1.5802,0.0367,91.969
10.442,3.056,12.259,-0.053527,-3.3738,-0.0024998,-0.0025002,-1.5867,0.0329,102.56
10.482,2.9915,12.127,-0.13658,-3.364,-0.0042997,-0.0043001,-1.6114,0.0199,169.18
10.522,2.9666,11.992,-0.16147,-3.3605,-0.0045996,-0.0046002,-1.6188,0.0159,211.59
10.562,2.9604,11.858,-0.15947,-3.3632,-0.0045996,-0.0046002,-1.6182,0.0159,211.76
10.602,2.958,11.72,-0.15501,-3.3559,-0.0031997,-0.0032006,-1.617,0.0164,204.85
10.642,2.9362,11.579,-0.17781,-3.3583,-0.0031997,-0.0032006,-1.6237,0.0132,254.78
10.683,2.9208,11.44,-0.19032,-3.3594,-0.0029998,-0.0030005,-1.6274,0.0113,297.77
10.723,2.8933,11.305,-0.21583,-3.3547,-0.0025998,-0.0026003,-1.6351,0.0076,442.33
10.763,2.8605,11.165,-0.2493,-3.3618,-0.0036997,-0.0036998,-1.6449,0.003,1123.7
10.803,2.8502,11.03,-0.249,-3.3631,-0.0036997,-0.0036998,-1.6447,0.003,1124.1
10.843,2.8397,10.901,-0.24905,-3.3508,-0.0017999,-0.0017999,-1.645,0.0028,1200
10.883,2.8341,10.754,-0.24896,-3.359,-0.0015999,-0.0015998,-1.6448,0.0032,1052.6
10.922,2.8242,10.62,-0.24856,-3.3591,-0.0015999,-0.0015998,-1.6447,0.0032,1052.6
10.962,2.8125,10.519,-0.23812,-3.3111,0.0027998,0.0028004,-1.6426,0.0033,1005.9
11.003,2.8028,10.387,-0.23742,-3.3088,0.0027998,0.0028004,-1.6425,0.0033,1005.2
11.043,2.7938,10.255,-0.23702,-3.3066,0.0027998,0.0028004,-1.6424,0.0033,1004.6
11.083,2.7268,10.14,-0.29534,-3.2818,0.0054996,0.0055007,-1.6606,-0.0051,-646.1
11.123,2.7154,10.008,-0.29594,-3.2788,0.0054996,0.0055007,-1.6609,-0.0051,-645.52
11.163,2.7038,9.8769,-0.29644,-3.2759,0.0054996,0.0055007,-1.6611,-0.0051,-644.97
******-------------------------------------------------------------------------------------------------------------------****** 
TargetID: ID10
Target can not be processed due to lack of Data
******-------------------------------------------------------------------------------------------------------------------****** 
TargetID: ID07
Target can not be processed due to lack of Data
******-------------------------------------------------------------------------------------------------------------------****** 
TargetID: ID08
Relevancy: 1
tj = 4.8405
Label: 0
Comment: Target is relevant and going straight, since target is crossing Ego X-axis in EFC
DATA:
0,5.4455,37.789,1.2743,-6.2805,0.079915,0.079881,-1.3704,0.0939,68.248
0.041105,5.2871,37.304,0.97274,-6.2698,0.060696,0.060688,-1.4167,0.0638,99.449
0.081538,5.3264,37.054,0.99041,-6.2782,0.061795,0.061787,-1.4142,0.0638,99.622
0.12123,4.988,36.837,0.54177,-6.2244,0.035498,0.035499,-1.484,0.0242,258.18
0.16129,4.9425,36.59,0.48397,-6.2386,0.028699,0.028702,-1.4935,0.0186,336.42
0.19946,5.7441,37.721,0.40558,-6.2714,0.025683,0.025671,-1.5052,0.0131,479.73
0.23953,5.6759,37.461,0.29541,-6.2856,0.018591,0.018586,-1.5231,0.0035,1797.9
0.27992,5.4876,37.252,0.094236,-6.2349,0.0044997,0.0044992,-1.5555,-0.0151,-412.95
0.31972,5.4702,36.98,0.054024,-6.2806,-9.9991e-05,-0.00010005,-1.5622,-0.0177,-354.85
0.36091,5.4267,36.737,-0.0060138,-6.292,-0.0051996,-0.0052005,-1.5719,-0.0224,-280.89
0.40098,5.495,36.465,0.059237,-6.3462,-0.0018999,-0.0018999,-1.5615,-0.0159,-399.15
0.44132,5.4208,36.227,-0.015796,-6.347,-0.0080013,-0.0080019,-1.5736,-0.0224,-283.35
0.48118,5.2897,35.95,-0.21318,-6.3604,-0.025015,-0.025021,-1.6052,-0.0374,-170.16
0.52136,5.2603,35.639,-0.31065,-6.4119,-0.035027,-0.034999,-1.6192,-0.0421,-152.48
0.56142,5.1659,35.381,-0.41873,-6.412,-0.045748,-0.04576,-1.6375,-0.0505,-127.24
0.59955,5.1617,35.144,-0.39344,-6.4137,-0.041841,-0.041851,-1.6334,-0.048,-133.87
0.63961,4.9773,34.928,-0.55112,-6.3763,-0.053865,-0.053879,-1.6587,-0.0612,-104.58
0.68068,4.9863,34.668,-0.53432,-6.4058,-0.053264,-0.053277,-1.6557,-0.0582,-110.45
0.71991,5.0336,34.369,-0.54883,-6.4477,-0.052755,-0.052695,-1.6557,-0.0557,-116.18
0.75996,4.9899,34.142,-0.53525,-6.4385,-0.049154,-0.049165,-1.6553,-0.0553,-116.83
0.80006,4.9842,33.88,-0.54305,-6.4456,-0.046147,-0.046157,-1.6563,-0.0545,-118.69
0.84025,4.8504,33.576,-0.75709,-6.4717,-0.064888,-0.0649,-1.6892,-0.0682,-95.541
0.88129,4.7925,33.302,-0.84788,-6.4779,-0.070016,-0.070121,-1.703,-0.0728,-89.742
0.92159,4.7349,33.055,-0.88619,-6.4685,-0.066715,-0.066808,-1.7089,-0.0745,-87.637
0.9616,4.7326,32.782,-0.88679,-6.4781,-0.061412,-0.061491,-1.7086,-0.0725,-90.186
1.0007,4.6547,32.546,-0.93961,-6.4518,-0.056658,-0.056784,-1.717,-0.0755,-86.356
1.0408,4.6299,32.327,-0.87745,-6.4236,-0.042406,-0.042445,-1.7078,-0.0713,-90.929
1.0809,4.5275,32.079,-0.97967,-6.4137,-0.044408,-0.044447,-1.7236,-0.0774,-83.825
1.1211,4.4864,31.822,-1.0012,-6.4205,-0.045208,-0.045247,-1.7268,-0.0774,-83.955
1.1601,4.4439,31.566,-1.0226,-6.4273,-0.046107,-0.046149,-1.7299,-0.0774,-84.085
1.2002,4.4708,31.306,-0.921,-6.395,-0.027789,-0.02782,-1.7146,-0.0697,-92.698
1.2404,4.4304,31.05,-0.93952,-6.3987,-0.028289,-0.028322,-1.7174,-0.0697,-92.788
1.2809,4.3898,30.794,-0.95813,-6.4023,-0.028789,-0.028822,-1.7202,-0.0697,-92.878
1.3207,4.3232,30.541,-2.1972,-6.3569,-0.031106,-0.031135,-1.73,-0.07245,-92.834
1.3607,4.2298,30.286,-2.272,-6.3647,-0.033438,-0.033463,-1.7398,-0.075218,-89.845
1.401,4.1567,30.029,-1.1624,-6.4266,-0.035781,-0.035803,-1.7497,-0.078,-83.729
1.4408,4.3155,29.794,-0.89628,-6.464,-0.025714,-0.025715,-1.7093,-0.0591,-110.42
1.481,4.3558,29.523,-0.81012,-6.4365,-0.013398,-0.013405,-1.6964,-0.0527,-123.1
1.5211,4.2579,29.282,-0.89453,-6.4095,-0.0089003,-0.0089024,-1.7097,-0.0575,-112.55
1.5603,4.2925,29.055,-0.78807,-6.38,-0.0047996,-0.0048003,-1.6938,-0.0509,-126.3
1.6004,4.2587,28.8,-0.80106,-6.3793,-0.0048996,-0.0049004,-1.6959,-0.0509,-126.31
1.6406,4.2638,28.56,-0.74141,-6.346,0.00099993,0.00099949,-1.6871,-0.047,-135.94
1.6812,4.2491,28.288,-0.74649,-6.3669,-0.0015999,-0.0015998,-1.6876,-0.0461,-139.06
1.7208,4.2635,28.035,-0.69691,-6.3694,-0.0024998,-0.0025002,-1.6799,-0.0423,-151.47
1.7608,4.2871,27.789,-0.61056,-6.3818,-0.0034007,-0.0034007,-1.6663,-0.0358,-179.08
1.7999,4.3244,27.509,-0.56417,-6.4131,-0.0061005,-0.006101,-1.6587,-0.0317,-203.09
1.84,4.3416,27.26,-0.51536,-6.4095,-0.0050996,-0.0051005,-1.6512,-0.0284,-226.41
1.8804,4.3103,27.032,-0.50751,-6.3912,-0.0040997,-0.004101,-1.6502,-0.0283,-226.55
1.9202,4.2527,26.818,-0.52618,-6.3689,-0.0037997,-0.0038009,-1.6533,-0.0301,-212.31
1.9604,4.2938,26.558,-0.45544,-6.3847,-0.0050996,-0.0051005,-1.6422,-0.0251,-255.02
2.0004,4.3213,26.302,-0.38934,-6.397,-0.0043007,-0.0043001,-1.6317,-0.02,-320.44
2.0416,4.3311,26.042,-0.36448,-6.4163,-0.0058005,-0.0058009,-1.6277,-0.0181,-355.06
2.0802,4.2856,25.767,-0.42202,-6.4369,-0.0076004,-0.0076017,-1.6365,-0.0209,-308.65
2.1199,4.3108,25.499,-0.3819,-6.4515,-0.0072004,-0.0072015,-1.6302,-0.0178,-363.08
2.1599,4.2942,25.226,-0.4019,-6.4657,-0.0077004,-0.0077018,-1.6331,-0.0183,-354
2.2,4.3232,24.955,-0.3584,-6.4778,-0.0067005,-0.0067013,-1.6263,-0.0149,-435.42
2.2402,4.3284,24.68,-0.35097,-6.4913,-0.0064005,-0.0064011,-1.625,-0.0138,-471.07
2.2804,4.3051,24.412,-0.37351,-6.5039,-0.0072004,-0.0072015,-1.6284,-0.0147,-443.17
2.3203,4.3046,24.137,-0.37089,-6.5227,-0.0078004,-0.0078018,-1.6279,-0.0139,-470.02
2.3607,4.3515,23.868,-0.29895,-6.5297,-0.0054996,-0.0055007,-1.6167,-0.0089,-734.44
2.4006,4.3555,23.6,-0.28574,-6.5303,-0.0040997,-0.004101,-1.6147,-0.0077,-848.91
2.4417,4.4067,23.331,-0.2193,-6.548,-0.0034007,-0.0034007,-1.6044,-0.0029,-2259.2
2.4802,4.3775,23.074,-0.205,-6.5436,-0.0023998,-0.0024002,-1.6022,-0.0016,-4091.7
2.52,4.3771,22.813,-0.19817,-6.5361,-0.0010999,-0.0010995,-1.6011,-0.001,-6539.1
2.56,4.4018,22.528,-0.17949,-6.5491,-0.00049996,-0.00050024,-1.5982,0.0009,7279.5
2.6003,4.4068,22.272,-0.16075,-6.5343,0.00069994,0.00070034,-1.5954,0.002,3268.1
2.6402,4.3582,22.021,-0.21036,-6.5163,0.0016999,0.0016998,-1.603,-0.0013,-5015.1
2.6806,4.3759,21.758,-0.18078,-6.5029,0.0026998,0.0026993,-1.5985,0.0007,9293.4
2.7205,4.4419,21.498,-0.16252,-6.4845,0.0033997,0.0033997,-1.5957,0.002,3243.3
2.7606,4.4418,21.234,-0.16079,-6.475,0.0040997,0.004099,-1.5955,0.0023,2816.1
2.8017,4.4201,20.978,-0.18015,-6.4572,0.0052996,0.0052986,-1.5985,0.001,6459.7
2.8421,4.3533,20.735,-0.24497,-6.434,0.0072995,0.0072986,-1.6086,-0.0036,-1788.5
2.8803,4.3708,20.458,-0.22561,-6.4469,0.0060995,0.006099,-1.6056,-0.0017,-3794.6
2.9201,4.3505,20.201,-0.24057,-6.4404,0.0063995,0.0063991,-1.6079,-0.0027,-2387
2.9612,4.3875,19.947,-0.1757,-6.4271,0.0054996,0.0054987,-1.5979,0.0015,4286.3
3.0014,4.3816,19.693,-0.17126,-6.4135,0.0057996,0.0057988,-1.5973,0.0017,3774
3.0415,4.3752,19.436,-0.17067,-6.4066,0.0057996,0.0057988,-1.5972,0.0017,3769.9
3.0817,4.2988,19.232,-0.23288,-6.3603,0.0093023,0.0092966,-1.6071,-0.0036,-1767.9
3.1218,4.355,18.951,-0.16077,-6.3839,0.0057996,0.0057988,-1.5958,0.0019,3361
3.1617,4.407,18.679,-0.089897,-6.3972,0.0035997,0.0035998,-1.5847,0.0071,901.1
3.2018,4.3451,18.433,-0.17662,-6.4021,0.0055006,0.0054987,-1.5982,0.0011,5822.3
3.2401,4.4596,18.121,-0.021181,-6.4357,0.0025998,0.0025993,-1.574,0.0124,519.01
3.2805,4.5115,17.857,0.053862,-6.4351,0.0014999,0.0014997,-1.5624,0.0175,367.73
3.3215,4.5784,17.575,0.13729,-6.451,0.00049996,0.00050024,-1.5495,0.0235,274.57
3.3613,4.5727,17.318,0.12459,-6.4406,0.00049996,0.00050024,-1.5514,0.0223,288.87
3.4014,4.5712,17.055,0.11289,-6.4347,0.00049996,0.00050024,-1.5532,0.0213,302.15
3.4416,4.5113,16.828,0.037538,-6.3916,0.0015999,0.0015998,-1.5649,0.0151,423.29
3.4817,4.5129,16.572,0.041437,-6.3853,0.0015999,0.0015998,-1.5642,0.0151,422.88
3.5217,4.4742,16.354,0.0005978,-6.3484,0.0030998,0.0030995,-1.5706,0.0111,571.93
3.5623,4.3968,16.151,-0.098199,-6.3017,0.0066015,0.0065983,-1.5861,0.003,2100.8
3.602,4.4315,15.887,-0.039736,-6.3216,0.0036997,0.0036998,-1.5769,0.0073,865.99
3.6401,4.4413,15.633,-0.017189,-6.3264,0.0025998,0.0025993,-1.5734,0.0086,735.63
3.6805,4.4683,15.383,0.034503,-6.3317,0.0012999,0.0012996,-1.5653,0.0119,532.08
3.7204,4.4646,15.16,0.05097,-6.3113,0.00099993,0.00099949,-1.5627,0.012,525.96
3.7605,4.4487,14.94,0.04381,-6.2891,0.0016999,0.0016998,-1.5638,0.0102,616.59
3.8006,4.421,14.72,0.016562,-6.2492,0.0018999,0.0018999,-1.5681,0.0072,867.95
3.8408,4.5057,14.432,0.14058,-6.301,0.00049996,0.00050024,-1.5485,0.017,370.74
3.8818,4.4522,14.193,0.038607,-6.3125,0.0025998,0.0025993,-1.5646,0.0091,693.7
3.9209,4.4905,13.937,0.10798,-6.3267,0.0017999,0.0017999,-1.5537,0.0145,436.39
3.9623,4.5269,13.659,0.15397,-6.3572,0.0022998,0.0023001,-1.5465,0.0182,349.4
4.0002,4.5834,13.372,0.22816,-6.396,0.0035997,0.0035998,-1.535,0.024,266.67
4.0402,4.585,13.132,0.22877,-6.3878,0.0039997,0.003999,-1.5348,0.0232,275.51
4.0803,4.6075,12.867,0.24187,-6.4111,0.0079004,0.0078979,-1.5328,0.0237,270.7
4.1205,4.6113,12.63,0.2419,-6.4007,0.0086004,0.0085972,-1.5327,0.0226,283.42
4.1606,4.599,12.408,0.2137,-6.3806,0.0086004,0.0085972,-1.537,0.0189,337.79
4.2007,4.585,12.178,0.19043,-6.3667,0.0085004,0.0084972,-1.5406,0.016,398.09
4.2408,4.6517,11.857,0.27501,-6.4527,0.0129,0.012893,-1.5277,0.0235,274.83
4.2811,4.6547,11.634,0.26144,-6.4412,0.0132,0.013193,-1.5298,0.0207,311.43
4.3211,4.6758,11.371,0.26333,-6.449,0.013295,0.013293,-1.5295,0.0203,317.95
4.3612,4.6981,11.103,0.28203,-6.4753,0.0146,0.014592,-1.5268,0.0213,304.3
4.4013,4.7266,10.82,0.29696,-6.5311,0.018901,0.018887,-1.5247,0.0219,298.53
4.4404,4.719,10.578,0.26652,-6.5082,0.0156,0.015591,-1.5293,0.0186,350.2
4.4805,4.7404,10.303,0.28713,-6.5285,0.016,0.015991,-1.5263,0.0203,321.91
4.5206,4.7205,10.053,0.25025,-6.5087,0.0133,0.013294,-1.5319,0.0169,385.42
4.5607,4.7367,9.7911,0.2559,-6.5087,0.011896,0.011895,-1.5311,0.0171,380.92
4.6008,4.7555,9.5098,0.26684,-6.5421,0.0134,0.013394,-1.5296,0.0178,367.84
4.642,4.7396,9.2713,0.23059,-6.5127,0.011,0.010995,-1.535,0.014,465.48
4.6821,4.755,9.0069,0.23998,-6.5206,0.0106,0.010596,-1.5336,0.0146,446.92
4.7221,4.7678,8.745,0.24463,-6.5187,0.0095003,0.0094967,-1.533,0.0148,440.76
4.7604,4.7773,8.4836,0.24702,-6.5223,0.0091003,0.0090975,-1.5326,0.0147,444.01
4.8004,4.7892,8.2176,0.25303,-6.5355,0.0095003,0.0094967,-1.5318,0.0149,438.95
4.8405,4.8007,7.9491,0.25879,-6.5565,0.0106,0.010596,-1.531,0.0151,434.54
4.8807,4.8129,7.6849,0.26501,-6.5623,0.0105,0.010496,-1.5301,0.0153,429.26
4.9207,4.8387,7.4099,0.2921,-6.5835,0.011,0.010995,-1.5261,0.0175,376.57
4.9608,4.8557,7.135,0.30374,-6.603,0.0117,0.011695,-1.5244,0.0182,363.19
5.0012,4.8559,6.8739,0.28559,-6.618,0.0133,0.013294,-1.5272,0.0159,416.62
5.042,4.8513,6.616,0.26115,-6.6259,0.014,0.013993,-1.5309,0.0131,506.19
5.0822,4.856,6.3545,0.25535,-6.6277,0.014,0.013993,-1.5318,0.0122,543.66
5.1203,4.8571,6.0952,0.2418,-6.6262,0.0138,0.013794,-1.5339,0.0107,619.68
5.1605,5.7641,5.7284,0.30891,-6.5538,0.010497,0.010496,-1.5233,0.0107,613.18
5.2015,5.7529,5.4446,0.079478,-6.447,0.021588,0.021583,-1.5577,-0.0105,-614.05
5.2418,5.6667,5.202,-0.053091,-6.3915,0.045846,0.045827,-1.5775,-0.0537,-119.03
5.2817,5.5755,4.6917,-0.22123,-6.3183,0.018492,0.018491,-1.6053,-0.0987,-64.054
5.3218,5.4936,4.4081,-0.27423,-6.2794,0.039365,0.03936,-1.6133,-0.0923,-68.097
5.361,5.4661,4.1359,-0.15581,-6.2983,0.081752,0.081713,-1.5932,-0.0214,-294.4
5.4011,5.4346,3.6297,-0.22384,-6.321,0.088829,0.088835,-1.6042,-0.0516,-122.58
5.4412,5.2516,3.3032,-0.04607,-6.4108,0.11029,0.11024,-1.5756,0.03,213.7
5.4815,5.2316,2.9217,-0.014116,-6.4862,0.09206,0.092041,-1.5712,0.0348,186.39
5.5205,5.2117,2.6496,-0.027743,-6.6161,0.07601,0.075995,-1.5736,0.0152,435.28
5.5607,5.1975,2.5909,0.074179,-6.7165,0.074716,0.07467,-1.5581,0.0532,126.26
5.6006,5.181,2.3119,-0.01808,-6.6534,0.048564,0.048547,-1.5724,0.0134,496.52
5.6407,5.163,2.0619,-0.0272,-6.6507,0.039677,0.039664,-1.574,0.0095,700.08
5.6809,5.1505,1.8667,-0.027463,-6.689,0.048565,0.048654,-1.576,-0.0059,-1133.7
5.721,5.1519,1.6136,0.10031,-6.7829,0.062841,0.062991,-1.5575,0.0373,181.87
5.7612,5.1442,1.443,0.096482,-6.6886,0.059347,0.059485,-1.5578,0.0309,216.48
5.8023,5.0413,1.3239,-0.1204,-6.5968,0.022593,0.022614,-1.5897,-0.0407,-162.11
5.8423,4.9973,1.0383,-0.14635,-6.5245,0.013698,0.013706,-1.5937,-0.0471,-138.56
5.8825,4.9744,0.91956,-0.14724,-6.4371,0.012798,0.012805,-1.5941,-0.0449,-143.4
5.9206,4.916,0.777,-0.20298,-6.2651,0.010398,0.010404,-1.6036,-0.0582,-107.7
5.9606,4.878,0.7653,-0.23295,-6.2043,0.0085993,0.0086032,-1.6087,-0.064,-97.01
6.0017,4.8725,0.5403,-0.19692,-6.2505,0.0070994,0.0071025,-1.6026,-0.0502,-124.57
6.0418,4.8675,0.30938,-0.17295,-6.2904,0.0061995,0.006202,-1.5985,-0.0413,-152.37
6.082,4.8521,0.11763,-0.15362,-6.2432,0.0068994,0.0069024,-1.5957,-0.0346,-180.49
6.1222,4.8302,-0.074508,-0.16822,-6.1725,0.0067994,0.0068023,-1.5984,-0.037,-166.89
6.1623,4.7532,-0.3334,-0.25477,-5.8487,0.016396,0.016411,-1.615,-0.0588,-99.563
6.2024,4.7296,-0.54532,-0.27247,-5.8676,0.011497,0.011495,-1.6167,-0.0591,-99.39
6.2425,4.7049,-0.71898,-0.29585,-5.8024,0.012497,0.012494,-1.6212,-0.0634,-91.639
6.2816,4.6833,-0.97353,-0.29857,-5.9211,0.0018999,0.0018999,-1.6211,-0.0611,-97.031
6.3217,4.6584,-1.1873,-0.30874,-5.9661,-0.0051006,-0.0051015,-1.6227,-0.0618,-96.667
6.3617,4.6685,-1.4484,-0.28038,-6.0617,-0.011402,-0.011405,-1.6175,-0.0531,-114.28
******-------------------------------------------------------------------------------------------------------------------****** 
