******-------------------------------------------------------------------------------------------------------------------****** 
Duration of the scene is: 19.6036 seconds
Original Targets Numbers in the hole Scene: 6
Number of Targets in the hole Scene after preprocessing: 6
Number of static portions: 1
******-------------------------------------------------------------------------------------------------------------------****** 
TargetID: ID08
Relevancy: 0
tj = Inf
Label: -1
Comment: Target is irrelevant as it is not crossing the estimated holding line
DATA:
0.51954,NaN,NaN,NaN,NaN,NaN,NaN,-2.649,NaN,NaN
0.56049,NaN,NaN,NaN,NaN,NaN,NaN,-2.6571,NaN,NaN
0.60062,6.1151,2.8024,-2.8074,-1.4357,0,0,-2.6689,0,Inf
0.64076,6.4718,3.1887,-3.2016,-0.6687,-0.0057015,-0.0057009,-2.9354,-0.0246,-132.95
0.68081,6.3396,3.1677,-3.398,-0.38521,-0.081763,-0.088378,-2.4433,-0.043104,-79.338
0.72135,6.1982,3.1573,-3.5713,-0.13244,-0.15875,-0.17206,-1.9453,-0.061833,-57.797
0.76137,6.0523,3.1565,-3.7172,0.083387,-0.23476,-0.25468,-1.4536,-0.080324,-46.289
0.80114,5.902,3.1635,-3.8373,0.26468,-0.3103,-0.3368,-0.96487,-0.098701,-38.971
0.83974,5.752,3.1766,-3.9303,0.40896,-0.38361,-0.41648,-0.49064,-0.11653,-33.909
0.88137,5.5867,3.1963,-4.0045,0.52964,-0.46267,-0.50242,0.020819,-0.13577,-29.752
0.91957,5.4329,3.2181,-4.0487,0.60847,-0.53522,-0.58128,0.49016,-0.15342,-26.687
0.95978,5.2695,3.2437,-4.0707,0.65847,-0.6116,-0.6643,0.98427,-0.172,-23.974
0.99969,5.107,3.2704,-4.0674,0.67464,-0.68739,-0.74669,1.4746,-0.19044,-21.65
1.0399,4.9438,3.2973,-4.039,0.6572,-0.76382,-0.82976,1.969,-0.20903,-19.576
1.0801,4.7825,3.3228,-3.9853,0.60596,-0.84016,-0.91274,2.4629,-0.2276,-17.711
1.1202,4.6244,3.3455,-3.9067,0.52132,-0.9162,-0.99539,2.9548,-0.2461,-16.015
1.1602,4.4619,3.3771,-3.9644,0.57906,-0.94521,-1.0283,2.9422,-0.2512,-15.949
1.2013,4.2998,3.4003,-4.0108,0.61696,-0.95741,-1.041,2.9352,-0.2475,-16.396
1.24,4.1362,3.4338,-4.062,0.66214,-0.97361,-1.059,2.9267,-0.2468,-16.676
1.2806,3.9745,3.4551,-4.0962,0.69282,-0.97076,-1.0541,2.9219,-0.2409,-17.245
1.3209,3.8143,3.4662,-4.1189,0.6993,-0.9536,-1.0323,2.9231,-0.2275,-18.364
1.3608,3.6771,3.4753,-4.1082,0.70234,-0.90128,-0.97009,2.9255,-0.2141,-19.467
1.4009,3.7284,3.5173,-3.5525,0.9091,-0.30313,-0.30381,2.8911,-0.2509,-14.615
1.441,3.5876,3.5577,-3.5554,0.94798,-0.30164,-0.3023,2.881,-0.2509,-14.666
1.4812,3.5613,3.5368,-3.2507,0.84706,0.075982,0.075932,2.8867,-0.2365,-14.204
1.5212,3.4204,3.5597,-3.2341,0.76282,0.12345,0.12506,2.9004,-0.2074,-16.022
1.5614,3.3003,3.5673,-3.2165,0.81093,0.13266,0.13063,2.9044,-0.1926,-17.223
1.6015,3.1719,3.6015,-3.205,0.83462,0.13267,0.13061,2.8967,-0.1926,-17.196
1.6396,3.0619,3.6159,-3.2025,0.83582,0.13169,0.12973,2.8957,-0.1855,-17.843
1.6796,2.6723,3.6605,-3.8055,0.88757,-0.50741,-0.50909,2.9124,-0.1614,-24.211
1.7198,2.5208,3.6986,-3.8201,0.91695,-0.50632,-0.50797,2.906,-0.1614,-24.341
1.7599,2.3688,3.7378,-3.8344,0.94663,-0.50523,-0.50685,2.8996,-0.1614,-24.47
1.8,2.2162,3.7782,-3.8485,0.9764,-0.50404,-0.50564,2.8931,-0.1614,-24.6
1.8401,2.0629,3.8199,-3.8623,1.0064,-0.50285,-0.50442,2.8867,-0.1614,-24.729
******-------------------------------------------------------------------------------------------------------------------****** 
TargetID: ID21
Relevancy: 0
tj = Inf
Label: -1
Comment: Target is irrelevant as it is not crossing the estimated holding line
DATA:
5.7614,5.0713,18.167,0.5005,-2.3863,0,0,-1.3641,0,Inf
5.8018,5.0912,18.072,0.5005,-2.3863,0,0,-1.3641,0,Inf
5.8417,5.1167,17.986,0.76701,-1.9193,0.0029913,0.002994,-1.3826,-0.004856,-425.64
5.8818,5.1518,17.917,0.97186,-1.5444,0.0059934,0.0059988,-1.4011,-0.0097295,-187.55
5.9223,5.1943,17.861,1.115,-1.2612,0.0090242,0.0090323,-1.4198,-0.01465,-114.91
5.9611,5.2392,17.815,1.1922,-1.0796,0.011928,0.011939,-1.4377,-0.019364,-83.061
6.0011,5.2875,17.774,1.2103,-0.98444,0.014924,0.014938,-1.4562,-0.024228,-64.394
6.0415,5.3357,17.735,1.1652,-0.98326,0.017951,0.017967,-1.4749,-0.029141,-52.319
6.0813,5.3802,17.694,1.0582,-1.0756,0.020935,0.020953,-1.4933,-0.033985,-44.398
6.1217,5.4196,17.647,0.88672,-1.2636,0.023957,0.023979,-1.512,-0.038891,-39.693
6.1615,5.4505,17.592,0.65522,-1.5425,0.026939,0.026963,-1.5304,-0.043732,-38.321
6.2016,5.4711,17.523,0.35922,-1.9173,0.029944,0.029971,-1.5489,-0.048611,-40.128
6.2419,5.4785,17.437,-0.00045761,-2.3873,0.032956,0.032986,-1.5675,-0.0535,-44.623
6.282,5.4779,17.341,-0.0059153,-2.3866,0.034543,0.034575,-1.5697,-0.0535,-44.61
6.3221,5.5054,17.155,0.011879,-2.4698,0.014574,0.0146,-1.566,-0.0477,-51.777
6.3621,5.5053,17.056,0.0071859,-2.4704,0.01567,0.0157,-1.5679,-0.0477,-51.791
6.4022,5.5056,16.956,0.0022955,-2.471,0.016765,0.0168,-1.5699,-0.0477,-51.803
6.4414,5.5051,16.857,-0.002395,-2.4717,0.017762,0.0178,-1.5718,-0.0477,-51.818
6.4814,5.2897,16.712,-8.1372,-4.1938,0.022326,0.022361,-1.6481,-0.069569,-131.59
6.5217,5.0645,16.568,-0.36631,-2.3202,0.026924,0.026957,-1.725,-0.0916,-25.644
6.5618,5.0497,16.475,-0.37456,-2.3149,0.028117,0.028153,-1.7287,-0.0916,-25.6
6.6018,5.0334,16.383,-0.38261,-2.3097,0.029311,0.02935,-1.7323,-0.0916,-25.558
6.6419,5.0174,16.29,-0.39066,-2.3043,0.030503,0.030547,-1.736,-0.0916,-25.515
******-------------------------------------------------------------------------------------------------------------------****** 
TargetID: ID11
Relevancy: 0
tj = Inf
Label: -1
Comment: Target is irrelevant as it is not crossing the estimated holding line
DATA:
9.4429,-4.2394,1.86,1.9325,0.95055,-0.83619,-1.4284,0.175,0.0577,37.325
9.483,-4.1301,1.9118,1.8763,1.1102,-0.86797,-1.776,0.1959,0.0636,34.279
9.5233,-4.0323,1.9306,1.36,0.98808,-0.94036,-1.3415,0.2006,0.0643,26.143
9.5612,-4.0093,2.1738,1.0102,0.90533,-0.95241,-1.0623,0.1996,0.0631,21.498
9.6012,-3.9104,2.2003,1.6529,0.98953,-0.86001,-1.4216,0.2068,0.0646,29.821
9.6414,-3.7712,2.2438,1.6892,0.94073,-0.88293,-1.3023,0.2224,0.0687,28.143
9.6816,-3.6362,2.281,1.7467,0.87329,-0.85001,-1.1255,0.2346,0.0718,27.198
9.7219,-3.4718,2.3225,1.884,0.76243,-0.69163,-0.80851,0.2416,0.0732,27.765
9.7617,-3.3443,2.3518,1.9628,0.7102,-0.55809,-0.6197,0.2462,0.0737,28.322
9.802,-3.177,2.3911,2.1264,0.64325,-0.30803,-0.32192,0.2487,0.0736,30.184
9.8421,-3.0866,2.412,2.1596,0.43144,-0.38706,-0.38501,0.251,0.0734,30.003
9.8822,-2.9984,2.3938,2.1231,0.38612,-0.48941,-0.48508,0.2504,0.0722,29.888
9.9222,-2.9215,2.411,2.1009,0.3861,-0.48106,-0.47688,0.2522,0.0719,29.708
9.9622,-2.8271,2.4303,2.0999,0.39671,-0.45748,-0.45376,0.2535,0.0714,29.93
10.002,-2.7611,2.443,2.0623,0.37773,-0.48703,-0.48274,0.2549,0.0709,29.571
10.043,-2.6898,2.4593,2.0361,0.37437,-0.48318,-0.47894,0.2566,0.0706,29.323
10.083,-2.6198,2.4732,2.0129,0.37934,-0.45244,-0.44868,0.2577,0.07,29.262
10.123,-2.5684,2.4905,1.9645,0.35475,-0.49836,-0.49377,0.261,0.0701,28.478
10.162,-2.5053,2.4587,1.9021,0.30154,-0.54872,-0.54093,0.256,0.0674,28.574
10.202,-2.447,2.4676,1.8707,0.30305,-0.51549,-0.50841,0.2564,0.0666,28.455
10.242,-2.386,2.4726,1.8443,0.30883,-0.46913,-0.46306,0.2556,0.0654,28.593
10.281,-2.3313,2.4823,1.8078,0.28782,-0.49546,-0.48847,0.2566,0.0649,28.206
10.321,-2.2886,2.4737,1.758,0.25924,-0.50468,-0.49675,0.2535,0.0631,28.162
10.361,-2.2478,2.4581,1.6964,0.21126,-0.53653,-0.52588,0.2487,0.0605,28.256
10.402,-2.2073,2.4474,1.6535,0.20859,-0.48523,-0.47571,0.2449,0.0585,28.489
10.442,-2.1816,2.4245,1.5849,0.16395,-0.49809,-0.4861,0.2391,0.0557,28.606
10.482,-1.9344,2.4984,1.7974,0.44911,-0.083297,-0.08381,0.2448,0.0568,32.618
10.522,-1.9017,2.4714,1.7358,0.37071,-0.129,-0.12828,0.2394,0.0541,32.808
10.562,-1.839,2.445,1.7083,0.34236,-0.13981,-0.13887,0.2308,0.0508,34.297
10.602,-1.8034,2.4377,1.6599,0.30831,-0.17749,-0.17586,0.2283,0.0494,34.177
10.642,-1.8035,2.4087,1.5126,0.34079,-0.37715,-0.39429,0.2216,0.047,32.989
10.682,-1.7362,2.4222,1.5492,0.16522,-0.39511,-0.3854,0.2226,0.0467,33.362
10.723,-1.6849,2.4248,1.525,0.14763,-0.41168,-0.40074,0.2219,0.0459,33.38
10.763,-1.6291,2.4383,1.5105,0.14579,-0.41193,-0.40094,0.2237,0.0459,33.061
10.803,-1.5765,2.4475,1.4912,0.13294,-0.42711,-0.41508,0.2245,0.0456,32.831
10.843,-1.4562,2.462,3.756,0.50327,-0.21093,-0.20492,0.2229,0.044549,85.065
10.883,-1.3331,2.4812,1.643,0.37186,0.0047964,0.0047977,0.2213,0.0435,38.726
10.922,-1.2683,2.486,1.6324,0.35831,-0.015647,-0.01561,0.2202,0.0426,39.231
10.962,-1.2602,2.4866,1.5412,0.23606,-0.23448,-0.23097,0.2216,0.0425,36.686
******-------------------------------------------------------------------------------------------------------------------****** 
TargetID: ID14
Target can not be processed due to lack of Data
******-------------------------------------------------------------------------------------------------------------------****** 
TargetID: ID15
Relevancy: 0
tj = Inf
Label: -1
Comment: Target is irrelevant as it is not crossing the estimated holding line
DATA:
3.8801,5.1351,3.1102,-2.3321,1.1559,0,0,2.6814,0,Inf
3.9201,5.5032,2.9514,-2.3394,0.94959,-0.0003004,-0.00030001,2.756,0.0046,548.86
3.9613,5.6678,2.9225,-2.0717,0.57867,0.37078,0.4294,2.79,0.002,1075.5
4.0013,5.5855,2.9467,-1.9805,0.46577,0.40468,0.4683,2.8148,0.0077,264.22
4.0415,5.5287,2.9595,-1.96,0.39098,0.421,0.49563,2.836,0.0155,128.94
4.0816,5.4429,2.9817,-1.9463,0.36153,0.41776,0.49091,2.8487,0.0217,91.224
4.1228,5.4152,2.9302,-1.8689,0.71438,0.47606,0.41622,2.861,0.0303,66.031
4.1609,5.3029,2.9653,-1.9349,0.67666,0.35241,0.31918,2.867,0.0355,57.741
4.2009,5.1872,2.9879,-2.0139,0.63824,0.22426,0.21092,2.873,0.0413,51.153
4.2412,5.0666,3.0166,-2.1179,0.60283,0.071646,0.070309,2.876,0.0444,49.594
4.2812,4.9447,3.0559,-2.2336,0.56939,-0.080538,-0.082188,2.8795,0.048,48.022
4.3217,4.8889,3.0969,-2.0565,0.55479,0.24106,0.25799,2.8326,-0.0047,-453.19
4.3616,4.7849,3.1256,-2.0377,0.71557,0.21426,0.20188,2.8397,0.0044,490.84
4.4015,4.6808,3.1818,-2.1197,0.71122,0.0918,0.093947,2.8026,-0.0366,-61.089
4.4417,4.5853,3.205,-2.1016,0.75581,0.095948,0.093433,2.8118,-0.0239,-93.447
4.4818,4.2175,3.4245,-2.9343,1.0763,-0.94647,-0.95558,2.79,-0.0198,-157.85
4.5224,4.0888,3.4441,-3.052,0.81593,-0.83951,-0.96638,2.8029,-0.006,-526.53
4.561,3.9311,3.5222,-3.1155,1.1274,-1.0606,-1.0713,2.7944,-0.0113,-293.21
4.6013,3.7762,3.5519,-3.3264,1.0655,-1.2908,-1.3055,2.8316,0.0388,90.022
4.6412,3.6438,3.5936,-3.3791,1.0767,-1.29,-1.3043,2.8331,0.0388,91.405
4.6813,3.3791,3.7293,-3.8276,1.3264,-1.8193,-1.8406,2.808,0.0132,306.88
4.7218,3.227,3.7817,-3.9001,1.3494,-1.8179,-1.8384,2.8085,0.0132,312.64
4.7616,3.1939,3.7024,-3.5676,0.90679,-1.232,-1.2446,2.8927,0.1126,32.691
4.8017,3.0871,3.7256,-3.6034,0.64295,-1.05,-1.1735,2.8986,0.1137,32.192
4.842,2.9883,3.7274,-3.5266,0.60695,-0.92587,-1.0207,2.9118,0.1234,28.999
4.8819,2.9808,3.7655,-3.2092,0.65732,-0.56524,-0.60641,2.897,0.1027,31.897
4.9225,2.8536,3.7958,-3.2354,0.65114,-0.56604,-0.60636,2.9011,0.1027,32.135
4.9602,2.6607,3.8477,-3.4394,0.66602,-0.73987,-0.80225,2.9013,0.0978,35.821
5.0013,2.5249,3.8794,-3.4728,0.66194,-0.74116,-0.80207,2.9052,0.0978,36.149
5.0414,2.8144,3.7508,-2.3083,0.61539,0.47755,0.43767,2.9391,0.129,18.519
******-------------------------------------------------------------------------------------------------------------------****** 
TargetID: ID19
Target can not be processed due to lack of Data
******-------------------------------------------------------------------------------------------------------------------****** 
