******-------------------------------------------------------------------------------------------------------------------****** 
Duration of the scene is: 19.4431 seconds
Original Targets Numbers in the hole Scene: 9
Number of Targets in the hole Scene after preprocessing: 12
Number of static portions: 1
******-------------------------------------------------------------------------------------------------------------------****** 
TargetID: ID02
Relevancy: 1
tj = 6.2418
Label: 0
Comment: Target is relevant and going straight, since the velocity ratio is almost not changing
DATA:
4.5211,8.6833,-13.546,-0.20709,3.9519,-0.0492,-0.049183,1.6235,-0.0386,-102.52
4.5612,8.7775,-13.385,-0.11468,4.0073,-0.02732,-0.027296,1.5996,-0.0718,-55.835
4.6013,8.7923,-13.176,-0.078379,4.1666,-0.018709,-0.018698,1.5897,-0.0744,-56.013
4.6412,8.7897,-13.008,-0.066768,4.2036,-0.014705,-0.014699,1.5868,-0.0744,-56.507
4.6815,8.7726,-12.804,-0.079815,4.3398,-0.0207,-0.020698,1.5893,-0.0697,-62.275
4.7214,8.8071,-12.672,-0.042717,4.2851,-0.0037003,-0.0036997,1.5808,-0.079,-54.244
4.7616,8.8735,-12.452,0.13105,4.4503,0.042362,0.042409,1.5411,-0.1173,-37.956
4.8017,8.8875,-12.315,0.13512,4.4024,0.042958,0.04301,1.5399,-0.1164,-37.839
4.8418,8.9289,-12.118,0.22644,4.4849,0.067406,0.067525,1.52,-0.1296,-34.65
4.8821,8.947,-11.996,0.23627,4.4033,0.064109,0.064224,1.5169,-0.1288,-34.236
4.9225,9.0154,-11.783,0.38817,4.5251,0.10309,0.10336,1.4848,-0.1561,-29.095
4.9623,8.9605,-12.748,0.2953,3.6242,0.020389,0.020421,1.4884,-0.1487,-24.453
5.0025,8.9696,-12.507,0.28095,3.8071,0.032673,0.032751,1.4955,-0.1361,-28.049
5.0404,8.9603,-12.709,0.24902,3.1423,-0.018112,-0.018077,1.493,-0.1357,-23.229
5.0805,8.997,-12.439,0.3109,3.3949,-0.0055009,-0.0054981,1.4798,-0.141,-24.178
5.1206,9.0051,-12.234,0.30909,3.514,0.0061987,0.0062025,1.4827,-0.1345,-26.227
5.1607,8.9787,-12.289,0.25944,3.1545,-0.021021,-0.021027,1.4872,-0.1264,-25.041
5.2008,8.9759,-12.431,0.24743,2.7678,-0.050019,-0.049661,1.4866,-0.1217,-22.833
5.2409,8.9885,-12.134,0.27934,3.0737,-0.026226,-0.026147,1.4823,-0.124,-24.89
5.2811,9.0039,-11.892,0.30197,3.2671,-0.010504,-0.010492,1.4794,-0.1238,-26.503
5.3224,9.0253,-11.604,0.37313,3.5438,0.013295,0.01331,1.4651,-0.1352,-26.357
5.3623,9.0466,-11.363,0.40914,3.7165,0.029978,0.030045,1.4596,-0.1366,-27.372
5.4026,9.0485,-11.113,0.38563,3.8802,0.041359,0.04148,1.4697,-0.1232,-31.65
5.4406,9.0663,-10.958,0.40586,3.8909,0.043456,0.043587,1.4647,-0.1232,-31.753
5.4807,9.0852,-10.802,0.42622,3.9016,0.045454,0.045594,1.4598,-0.1232,-31.857
5.5208,9.1049,-10.646,0.44668,3.9121,0.047451,0.047601,1.4548,-0.1232,-31.96
5.5609,9.1256,-10.49,0.46723,3.9226,0.049548,0.049708,1.4499,-0.1232,-32.064
5.601,9.1469,-10.333,0.48801,3.9329,0.051546,0.051715,1.445,-0.1232,-32.167
5.6412,9.1692,-10.175,0.50879,3.9431,0.053543,0.053722,1.44,-0.1232,-32.271
5.6815,9.192,-10.018,0.52978,3.9532,0.05554,0.055729,1.4351,-0.1232,-32.374
5.723,9.2161,-9.86,0.55077,3.9632,0.057538,0.057736,1.4301,-0.1232,-32.478
5.7615,9.2409,-9.7014,0.57197,3.9732,0.059535,0.059743,1.4252,-0.1232,-32.582
5.8016,9.2668,-9.5423,0.59318,3.983,0.061533,0.06175,1.4203,-0.1232,-32.686
5.8416,9.2931,-9.3833,0.61469,3.9926,0.063532,0.063757,1.4153,-0.1232,-32.79
5.8823,9.2952,-9.252,-0.39908,2.6333,0.062673,0.062908,1.4281,-0.11242,-23.691
5.9219,9.2703,-9.1581,-0.7544,2.258,0.061835,0.062079,1.4406,-0.1019,-23.363
5.9623,9.2433,-9.0584,-0.47184,2.8429,0.060982,0.061234,1.4533,-0.09118,-31.605
6.0022,9.2407,-8.9175,0.44488,4.3771,0.060139,0.0604,1.4659,-0.0806,-54.586
6.0423,9.2616,-8.742,0.461,4.3972,0.062038,0.062309,1.4627,-0.0806,-54.855
6.0815,9.2312,-8.6011,0.37992,4.5346,0.054848,0.055077,1.4838,-0.0671,-67.816
6.1217,9.2494,-8.4192,0.39385,4.5581,0.056546,0.056785,1.4811,-0.0671,-68.183
6.1617,9.232,-8.2596,0.34079,4.6301,0.049856,0.05005,1.4941,-0.0588,-78.957
6.2017,9.2288,-8.0664,0.32342,4.7143,0.049157,0.049346,1.4992,-0.0552,-85.604
6.2418,9.2441,-7.8772,0.33557,4.7409,0.050656,0.050853,1.4969,-0.0552,-86.101
6.2821,9.2477,-7.6837,0.34502,4.8084,0.053353,0.053567,1.4958,-0.0555,-86.861
6.322,9.2502,-7.5247,0.33902,4.8131,0.050756,0.050953,1.4973,-0.0541,-89.187
6.3624,9.2502,-7.3315,0.33097,4.8571,0.049858,0.050048,1.4996,-0.0522,-93.265
6.4022,9.2661,-7.1365,0.34282,4.8846,0.051356,0.051554,1.4976,-0.0522,-93.805
6.4423,9.282,-6.9409,0.35498,4.912,0.052855,0.05306,1.4954,-0.0522,-94.346
6.4826,9.2991,-6.7433,0.36698,4.9394,0.054254,0.054467,1.4934,-0.0522,-94.885
6.5227,9.2927,-6.5901,0.34715,4.9103,0.047963,0.048134,1.4973,-0.0494,-99.647
6.5607,9.309,-6.393,0.35856,4.9358,0.049261,0.049438,1.4953,-0.0494,-100.18
6.601,9.3257,-6.195,0.37007,4.9613,0.050559,0.050744,1.4933,-0.0494,-100.71
6.6409,9.343,-5.996,0.38168,4.9867,0.051859,0.052049,1.4914,-0.0494,-101.24
6.681,9.3351,-5.8731,0.36181,4.9038,0.043069,0.043208,1.4945,-0.047,-104.62
6.7211,9.3277,-5.7345,0.3431,4.8429,0.036278,0.036379,1.4978,-0.0447,-108.61
6.7613,9.3258,-5.5806,0.33316,4.807,0.032182,0.032264,1.4995,-0.0432,-111.54
6.8015,9.3352,-5.4101,0.33345,4.7722,0.029385,0.029453,1.4991,-0.0428,-111.77
6.8416,9.3389,-5.2417,0.33401,4.7598,0.027786,0.027848,1.4989,-0.0423,-112.8
6.8817,9.3401,-5.076,0.32952,4.7399,0.025388,0.025441,1.4997,-0.0414,-114.77
6.9217,9.3428,-4.9056,0.32901,4.7266,0.023789,0.023836,1.4997,-0.0407,-116.41
6.9621,9.3468,-4.7331,0.33311,4.717,0.02279,0.022833,1.4987,-0.0407,-116.18
7.002,9.3528,-4.5623,0.33422,4.7217,0.022291,0.022332,1.4986,-0.0401,-118.04
7.0421,9.3588,-4.3919,0.33435,4.7046,0.020593,0.020628,1.4984,-0.0396,-119.1
7.0825,9.3617,-4.2118,0.33126,4.7023,0.019593,0.019625,1.4991,-0.0385,-122.44
7.1223,9.3703,-4.0369,0.33435,4.6906,0.018393,0.018423,1.4984,-0.0384,-122.46
7.1625,9.3775,-3.8599,0.33293,4.6818,0.017195,0.017219,1.4986,-0.0376,-124.83
7.2025,9.3834,-3.676,0.33647,4.6862,0.017095,0.017119,1.4979,-0.0374,-125.62
7.2426,9.3923,-3.4996,0.34382,4.6922,0.017195,0.017219,1.4965,-0.0376,-125.13
7.2808,9.4002,-3.3202,0.34654,4.6867,0.016495,0.016518,1.4958,-0.0373,-125.99
7.3209,9.4155,-3.1331,0.35436,4.6948,0.016795,0.016819,1.4943,-0.0373,-126.22
7.3611,9.4313,-2.9452,0.36198,4.7028,0.017095,0.017119,1.4928,-0.0373,-126.45
7.4011,9.4474,-2.7569,0.3696,4.7109,0.017395,0.01742,1.4913,-0.0373,-126.69
7.4412,9.4482,-2.5789,0.36785,4.6991,0.015995,0.016016,1.4916,-0.0365,-129.14
7.4816,9.4486,-2.3984,0.36497,4.6924,0.014996,0.015015,1.4921,-0.0355,-132.58
7.5214,9.4496,-2.2315,0.36485,4.6627,0.012598,0.012611,1.4918,-0.035,-133.63
7.5623,9.4646,-2.0469,0.3799,4.6683,0.013098,0.013112,1.4887,-0.0363,-129.03
7.6017,9.4798,-1.8771,0.39833,4.6492,0.012097,0.012109,1.4845,-0.0384,-121.52
7.6419,9.4917,-1.7105,0.40442,4.6229,0.0099978,0.010006,1.4828,-0.0386,-120.22
7.6819,9.5028,-1.5471,0.40739,4.5909,0.0073995,0.0074035,1.4818,-0.0385,-119.71
7.722,9.5166,-1.3669,0.41516,4.5885,0.0071988,0.0072037,1.4801,-0.0388,-118.74
7.7623,9.5294,-1.2044,0.41836,4.5554,0.0044997,0.004501,1.4789,-0.0388,-117.9
7.8026,9.5404,-1.0453,0.41985,4.5171,0.0013002,0.0013003,1.478,-0.0385,-117.83
7.8424,9.5518,-0.88198,0.41878,4.4865,-0.0011004,-0.0011,1.4778,-0.0379,-118.89
******-------------------------------------------------------------------------------------------------------------------****** 
TargetID: ID20
Target can not be processed due to lack of Data
******-------------------------------------------------------------------------------------------------------------------****** 
TargetID: ID21
Target can not be processed due to lack of Data
******-------------------------------------------------------------------------------------------------------------------****** 
TargetID: ID22
Target can not be processed due to lack of Data
******-------------------------------------------------------------------------------------------------------------------****** 
TargetID: ID23
Target can not be processed due to lack of Data
******-------------------------------------------------------------------------------------------------------------------****** 
TargetID: ID26
Target can not be processed due to lack of Data
******-------------------------------------------------------------------------------------------------------------------****** 
TargetID: ID10
Relevancy: 0
tj = Inf
Label: -1
Comment: Target is irrelevant as it is not crossing the estimated holding line
DATA:
4.2823,9.2189,-3.431,0.45042,4.1266,-0.035495,-0.035426,1.4644,0.4645,8.9368
4.3203,9.223,-3.2653,0.37124,4.1218,-0.029298,-0.029246,1.483,0.4645,8.9095
4.3606,9.086,-3.4582,0.005518,3.5287,-0.00079975,-0.00079997,1.5693,0.5752,6.1348
4.4005,9.0687,-3.3172,-0.07964,3.5116,0.0093998,0.0094103,1.5924,0.5752,6.1065
4.4406,9.0107,-3.386,-0.24827,3.4469,0.025689,0.0258,1.639,0.6142,5.6266
4.4809,8.98,-3.2501,-0.33658,3.4274,0.034775,0.034991,1.6636,0.6142,5.6071
4.5211,8.9431,-3.1248,-0.35246,3.7567,0.0060994,0.0061054,1.6635,0.5787,6.5201
4.5612,8.9578,-3.1309,-0.3953,4.0044,-0.025096,-0.025169,1.6667,0.5468,7.359
4.6013,8.9349,-2.8458,-0.45852,4.2236,-0.060277,-0.060677,1.6732,0.5216,8.1449
4.6412,8.957,-2.485,-0.47645,4.4382,-0.090263,-0.091133,1.6693,0.4817,9.2665
4.6815,8.9187,-2.2321,-0.46771,4.6384,-0.11263,-0.11391,1.6614,0.439,10.62
4.7214,8.9737,-1.9711,-0.38658,4.9097,-0.11206,-0.11316,1.6405,0.3818,12.899
4.7616,8.9984,-1.7088,-0.34518,5.1901,-0.11368,-0.11467,1.6291,0.3419,15.214
4.8017,8.9677,-1.3664,-0.23768,5.7339,-0.11988,-0.11892,1.6193,0.3103,18.494
4.8418,8.9357,-1.0383,-0.23458,6.1986,-0.12918,-0.12822,1.6152,0.2876,21.568
4.8821,8.9174,-0.7247,-0.19829,6.6062,-0.11085,-0.11023,1.6057,0.2603,25.39
4.9225,8.8904,-0.43729,-0.18986,6.9113,-0.10694,-0.10642,1.6026,0.2426,28.499
4.9623,8.8686,-0.18197,-0.16944,7.1176,-0.092429,-0.09206,1.5982,0.2249,31.657
5.0025,8.8394,0.038899,-0.18513,7.208,-0.10093,-0.1005,1.6003,0.2163,33.335
5.0404,8.8236,0.25918,-0.16879,7.2955,-0.088024,-0.087704,1.5972,0.2028,35.983
5.0805,8.8014,0.45638,-0.17534,7.3071,-0.089325,-0.088995,1.5981,0.1948,37.522
5.1206,8.8142,0.5907,-0.20554,7.1618,-0.077007,-0.077238,1.5965,0.1846,38.813
5.1607,8.7953,0.73847,-0.18363,7.0492,-0.085025,-0.084699,1.6003,0.1812,38.916
5.2008,8.7802,0.86594,-0.19545,6.8938,-0.086028,-0.085675,1.6028,0.177,38.964
******-------------------------------------------------------------------------------------------------------------------****** 
TargetID: ID11
Relevancy: 0
tj = Inf
Label: -1
Comment: Target is irrelevant as it is not crossing the estimated holding line
DATA:
0,8.3078,-6.2912,-0.74201,2.8382,-0.05414,-0.052824,1.84,0.1022,28.705
0.040208,8.2297,-6.0851,-0.77438,2.806,-0.05436,-0.053208,1.8539,0.1042,27.935
0.080427,8.1934,-5.9746,-0.78758,2.8103,-0.055171,-0.053984,1.8581,0.1042,28.009
0.12062,8.1511,-5.8706,-0.8104,2.8025,-0.050939,-0.049913,1.8653,0.1052,27.731
0.16052,8.113,-5.7604,-0.82365,2.8063,-0.051648,-0.050593,1.8694,0.1052,27.801
0.20163,8.0724,-5.6594,-0.84049,2.7951,-0.049738,-0.048745,1.8756,0.1059,27.561
0.23969,8.0382,-5.5791,-0.85136,2.7538,-0.038852,-0.038225,1.8809,0.1062,27.141
0.27985,7.9964,-5.4605,-0.86713,2.77,-0.043189,-0.04242,1.8854,0.1063,27.305
0.3199,7.9596,-5.3635,-0.87848,2.7532,-0.038454,-0.037834,1.8898,0.1064,27.161
0.36008,7.9216,-5.2471,-0.88871,2.7667,-0.041681,-0.040958,1.8925,0.1058,27.466
0.40023,7.8847,-5.1479,-0.89874,2.7528,-0.037853,-0.037249,1.8963,0.1057,27.397
0.44024,7.8455,-5.027,-0.90931,2.7736,-0.042389,-0.041643,1.8986,0.1051,27.772
0.48136,7.8043,-4.9173,-0.92269,2.7755,-0.042896,-0.04213,1.9028,0.1051,27.829
0.51973,7.7666,-4.7966,-0.93037,2.7955,-0.047337,-0.046416,1.9042,0.1042,28.275
0.55956,7.7297,-4.6826,-0.93724,2.804,-0.048246,-0.047294,1.9056,0.1034,28.593
0.59986,7.69,-4.5556,-0.9459,2.8339,-0.055823,-0.054575,1.9068,0.1025,29.147
0.63976,7.6525,-4.442,-0.95401,2.8378,-0.055622,-0.054385,1.9089,0.1018,29.409
0.67999,7.614,-4.3165,-0.96132,2.8632,-0.06088,-0.059422,1.9095,0.1008,29.963
0.72002,7.5797,-4.2092,-0.96557,2.8536,-0.056025,-0.054781,1.9108,0.0999,30.155
0.76008,7.5421,-4.0847,-0.97174,2.8751,-0.060271,-0.058852,1.9112,0.0988,30.718
0.80028,7.5104,-3.9799,-0.97309,2.8592,-0.052788,-0.051688,1.9117,0.0977,30.913
0.84044,7.4706,-3.8713,-0.98219,2.8526,-0.050265,-0.04926,1.9147,0.0975,30.943
0.88057,7.4368,-3.7641,-0.98522,2.841,-0.044712,-0.04391,1.9156,0.0965,31.16
0.92065,7.3967,-3.636,-0.99155,2.87,-0.052385,-0.051306,1.9161,0.0955,31.795
0.9607,7.3607,-3.5328,-0.99636,2.8514,-0.045419,-0.044596,1.918,0.0949,31.828
1.0008,7.3202,-3.4062,-1.0039,2.8764,-0.050769,-0.049758,1.9188,0.094,32.41
1.0409,7.2837,-3.299,-1.0082,2.8634,-0.045519,-0.044698,1.9204,0.0934,32.502
1.0812,7.2422,-3.1704,-1.0153,2.8914,-0.052891,-0.051804,1.921,0.0924,33.166
1.1212,7.1357,-2.9848,-0.93483,3.1474,-0.092746,-0.089622,1.8783,0.0763,43.032
1.1614,7.0985,-2.8582,-0.93622,3.1418,-0.09327,-0.090499,1.8794,0.0757,43.306
1.2014,7.0062,-2.6797,-0.89781,3.3111,-0.11497,-0.11083,1.8566,0.0671,51.128
1.2416,6.973,-2.5638,-0.89891,3.2789,-0.10735,-0.10405,1.8584,0.0669,50.821
1.2797,6.9683,-2.2937,-0.86603,3.386,-0.11431,-0.11061,1.8402,0.0599,58.348
1.3198,6.9363,-2.1891,-0.86771,3.3308,-0.10189,-0.099197,1.8431,0.06,57.366
1.36,6.8971,-2.0569,-0.87957,3.3434,-0.1027,-0.099978,1.8455,0.06,57.62
1.4,6.8609,-1.9541,-0.8885,3.302,-0.091799,-0.089559,1.8497,0.0605,56.52
1.4401,6.833,-1.8661,-0.8893,3.2324,-0.07263,-0.071162,1.8525,0.0606,55.322
1.4803,6.7996,-1.7616,-0.89493,3.1958,-0.061645,-0.060561,1.8553,0.0607,54.674
1.5203,6.7687,-1.6309,-0.88422,3.1044,-0.035452,-0.035037,1.855,0.0598,53.978
1.5607,6.7306,-1.5078,-0.89305,3.1073,-0.035654,-0.035235,1.8574,0.0598,54.065
1.6006,6.7013,-1.3934,-0.87814,3.0155,-0.011818,-0.01177,1.8565,0.0585,53.688
1.6407,6.6621,-1.3027,-0.88704,2.9627,-0.00059991,-0.00059963,1.8618,0.0594,52.065
1.6808,6.6008,-1.0694,-0.87266,2.8903,0.018256,0.01837,1.8605,0.058,52.054
1.7208,6.5471,-0.92627,-0.8961,2.9458,0.0045984,0.0046053,1.8652,0.0587,52.455
1.761,6.5294,-0.83799,-0.87861,2.8632,0.025612,0.025839,1.8636,0.0573,52.269
1.8014,6.5025,-0.70354,-0.862,2.8137,0.038101,0.038608,1.8607,0.0554,53.119
1.8414,6.4623,-0.56143,-0.8585,2.7653,0.049064,0.049908,1.8623,0.0553,52.361
1.8814,6.4345,-0.43823,-0.85403,2.749,0.052316,0.053278,1.8619,0.0545,52.818
1.9214,6.3998,-0.32837,-0.85818,2.7402,0.052706,0.05369,1.864,0.0545,52.686
1.9616,6.3541,-0.16208,-0.88178,2.8528,0.01965,0.019776,1.867,0.0551,54.192
2.0018,6.2966,-0.0094192,-0.91926,2.9296,-0.0056043,-0.0055941,1.8758,0.0582,52.757
2.0419,6.258,0.10733,-0.92632,2.9284,-0.0057042,-0.0056943,1.8781,0.0582,52.773
2.08,6.2181,0.20297,-0.95599,3.0319,-0.036664,-0.036253,1.8824,0.0592,53.701
2.1203,6.1643,0.36578,-1.0376,3.1141,-0.063964,-0.06485,1.8822,0.0581,56.496
2.1601,6.1203,0.48724,-0.97951,3.0858,-0.050394,-0.04966,1.8862,0.0588,55.06
2.2002,6.0787,0.60969,-0.98869,3.0897,-0.050799,-0.050054,1.8886,0.0588,55.17
2.2404,5.146,0.8192,NaN,NaN,NaN,NaN,1.8816,NaN,NaN
2.2807,5.7133,0.86462,-1.0502,3.3223,-0,0,1.877,0,Inf
2.3206,6.3086,-0.70492,-1.1061,3.3624,-0.0036012,-0.0035968,1.8893,0.0062,570.91
2.3607,6.264,-0.5705,-1.1071,3.3626,-0.0036012,-0.0035968,1.8896,0.0062,570.99
2.4008,6.2194,-0.43557,-1.1082,3.3627,-0.0036012,-0.0035968,1.8899,0.0062,571.06
2.4408,6.1734,-0.25217,-1.1959,3.4656,-0.048635,-0.047898,1.912,0.0392,93.524
2.481,6.1521,-0.23777,-1.2703,3.6384,-0.13525,-0.12956,1.9314,0.0681,56.589
2.5213,6.0613,-0.039398,-1.3583,3.82,-0.23874,-0.22256,1.9518,0.0981,41.329
2.5603,5.9622,0.17491,-1.4765,4.0353,-0.38111,-0.344,1.9776,0.1382,31.092
2.6004,5.8886,0.32991,-1.5125,4.0619,-0.38589,-0.3483,1.9832,0.1382,31.363
2.6404,5.6718,0.66279,-1.6327,4.3441,-0.57091,-0.50373,1.9981,0.1537,30.194
2.6806,5.5888,0.82901,-1.6806,4.3826,-0.57857,-0.51073,2.0043,0.1537,30.539
2.7206,5.4965,0.98701,-1.7406,4.3781,-0.62053,-0.54236,2.0211,0.1693,27.829
2.762,5.408,1.1528,-1.7892,4.413,-0.63234,-0.55246,2.0278,0.1693,28.127
2.802,5.2831,1.3916,-1.9103,4.603,-0.73814,-0.63897,2.0402,0.1774,28.093
2.84,5.5191,0.89887,-1.8559,2.3146,0.53676,0.7564,2.0564,0.2078,14.277
2.8801,5.447,1.0334,-1.9186,2.338,0.50939,0.70259,2.083,0.2359,12.821
2.9203,5.3108,1.1975,-2.0897,2.3479,0.49761,0.67342,2.1387,0.3059,10.275
2.9604,5.2123,1.3122,-1.2823,2.86,0.62489,0.45527,2.1515,0.3059,10.246
3.0005,5.1175,1.4227,-1.3118,2.8336,0.6168,0.44887,2.1634,0.3049,10.241
3.0407,5.0162,1.5331,-1.3672,2.8105,0.59461,0.43676,2.1775,0.3071,10.177
3.0808,4.9194,1.6391,-1.4062,2.7844,0.58177,0.42875,2.1904,0.3074,10.147
3.1208,4.9123,1.5749,-2.4359,1.0432,0.56609,1.8146,2.2164,0.3239,8.1813
3.1611,4.8508,1.6239,-2.5493,0.60563,0.37661,2.3156,2.2373,0.3319,7.8948
3.201,4.7547,1.7287,-2.4893,0.65,0.40361,2.1443,2.2476,0.3277,7.851
3.2414,4.683,1.8062,-2.5046,0.4883,0.31369,2.2306,2.2697,0.3365,7.5832
3.2813,4.5886,1.9312,-2.4192,0.72115,0.4366,1.8334,2.2772,0.3302,7.6451
3.3216,4.5101,2.0071,-2.3936,0.68484,0.41578,1.8243,2.2782,0.3167,7.8613
3.3616,4.4322,2.0795,-2.348,0.71907,0.43464,1.7114,2.2897,0.3157,7.7784
3.4016,4.3432,2.1849,-2.3277,0.77426,0.45414,1.5804,2.3022,0.3156,7.7727
3.4418,4.2827,2.2487,-2.3019,0.74309,0.44227,1.5737,2.3059,0.3061,7.9022
3.4822,4.1559,2.379,-2.2568,0.98325,0.49702,1.2495,2.3182,0.3057,8.0525
3.5221,4.0585,2.4832,-2.2545,1.0336,0.49724,1.1447,2.3333,0.3083,8.0445
3.5621,3.9729,2.5685,-2.2475,0.99663,0.48656,1.1174,2.3486,0.311,7.9054
3.6002,3.9014,2.6382,-2.2569,0.91326,0.47332,1.1703,2.356,0.3065,7.9433
3.6403,3.782,2.7628,-2.2728,0.98422,0.48117,1.0619,2.3748,0.3117,7.946
3.6805,3.6968,2.8406,-2.2819,0.94497,0.47395,1.0598,2.387,0.3114,7.9314
3.7205,3.5959,2.9372,-2.2867,0.98168,0.47233,0.99949,2.3953,0.307,8.1058
3.7608,3.517,2.9871,-2.2732,0.92812,0.46097,1.007,2.4017,0.3025,8.1169
3.8019,3.4519,3.0486,-2.2701,0.82704,0.44725,1.0626,2.4106,0.2999,8.0561
3.8412,3.3861,3.1131,-0.95429,2.1759,1.2263,0.46405,2.4185,0.2963,8.0189
3.8812,3.3146,3.1633,-0.89053,2.1697,1.3095,0.4488,2.4306,0.2965,7.91
3.9212,3.2471,3.223,-0.84932,2.1544,1.3467,0.43193,2.4401,0.2947,7.8581
3.9615,3.2406,3.248,-2.2565,0.27453,0.26541,1.4478,2.4358,0.287,7.9203
4.0015,3.1786,3.2914,-0.53263,2.2004,1.6929,0.30399,2.4485,0.2879,7.8637
4.0415,3.1068,3.3406,-0.51329,2.1898,1.7271,0.28792,2.4599,0.2878,7.8151
4.0817,3.01,3.4276,-0.61661,2.136,1.576,0.33049,2.4682,0.2853,7.7926
4.1217,2.9259,3.4801,-0.65143,2.1051,1.5402,0.33987,2.4807,0.286,7.705
4.1619,2.826,3.5427,-0.89228,2.1452,1.4718,0.45653,2.494,0.287,8.0952
4.2021,2.7377,3.6407,-0.81518,2.0234,1.3456,0.38968,2.4967,0.2804,7.7798
4.2422,2.6697,3.6781,-0.78323,2.0141,1.3875,0.37685,2.5079,0.2804,7.7071
4.2823,2.5498,3.8241,-1.0917,1.8939,1.0048,0.42418,2.5068,0.2723,8.028
4.3203,2.4779,3.8639,-1.0714,1.8775,1.0278,0.42069,2.5176,0.2723,7.9387
4.3606,2.4061,3.9025,-1.0507,1.8622,1.0519,0.41698,2.5286,0.2723,7.8522
4.4005,2.3352,3.9393,-1.0294,1.8479,1.0769,0.41295,2.5395,0.2723,7.7681
4.4406,2.2651,3.9745,-1.0077,1.8346,1.1027,0.40862,2.5504,0.2723,7.687
4.4809,1.6665,4.7047,-2.0433,2.4149,0.76182,0.53948,2.4451,0.1294,24.446
4.5211,1.5668,4.7812,-2.0242,2.388,0.76791,0.53929,2.4503,0.1294,24.192
4.5612,1.468,4.8565,-2.0046,2.3613,0.77399,0.53895,2.4554,0.1294,23.937
4.6013,1.3701,4.9299,-1.9846,2.3352,0.77995,0.5384,2.4605,0.1294,23.683
4.6412,1.2725,5.0024,-1.9647,2.309,0.78578,0.53768,2.4657,0.1294,23.43
4.6815,1.1755,5.0736,-1.9446,2.2832,0.79175,0.53688,2.4709,0.1294,23.177
4.7214,1.0792,5.1434,-1.9244,2.2577,0.79745,0.53583,2.4761,0.1294,22.925
4.7616,0.98364,5.2117,-1.9037,2.2324,0.80318,0.53464,2.4813,0.1294,22.673
******-------------------------------------------------------------------------------------------------------------------****** 
TargetID: ID14
Relevancy: 0
tj = Inf
Label: -1
Comment: Target is irrelevant as it is not crossing the estimated holding line
DATA:
9.7229,8.7619,-6.1135,0.31182,5.7871,0.05406,0.054238,1.5143,0.0109,531.7
9.7628,8.7748,-5.8806,0.31082,5.8183,0.053961,0.054136,1.5148,0.0109,534.55
9.803,8.7873,-5.6473,0.3103,5.8495,0.053961,0.054135,1.5152,0.0109,537.41
9.8429,8.7998,-5.4127,0.30968,5.8807,0.053961,0.054134,1.5156,0.0109,540.27
9.8832,8.8122,-5.1771,0.30908,5.9119,0.053862,0.054032,1.516,0.0109,543.11
9.9215,8.8245,-4.9654,0.30858,5.9077,0.051365,0.05152,1.5162,0.011,537.8
9.9614,8.8369,-4.7287,0.30785,5.9378,0.051366,0.051519,1.5166,0.011,540.53
10.001,8.813,-4.6508,0.27282,5.7235,0.037504,0.037567,1.5213,0.0131,437.41
10.042,8.8237,-4.4212,0.27096,5.7456,0.037504,0.037567,1.5218,0.0131,439.09
10.082,8.837,-3.8494,0.28211,6.2608,0.048104,0.048194,1.5237,0.0128,489.62
10.122,8.8644,-3.6134,0.29299,6.2724,0.048672,0.048796,1.5221,0.0121,518.95
10.162,8.8761,-3.3617,0.29187,6.309,0.048272,0.048394,1.5225,0.0121,521.97
10.202,8.8895,-3.125,0.28771,6.2995,0.045004,0.045081,1.5233,0.0124,508.55
10.242,8.8997,-2.8459,0.30439,6.4095,0.049768,0.049802,1.5233,0.0119,539.22
10.283,8.9182,-2.6077,0.29709,6.4015,0.047774,0.047889,1.5225,0.0114,562.14
10.323,8.9352,-2.3387,0.3022,6.3659,0.044378,0.044476,1.5216,0.0109,584.69
10.361,8.9354,-2.024,0.31209,6.5481,0.051567,0.051602,1.5232,0.0112,585.31
10.402,8.9506,-1.7057,0.32356,6.7313,0.059957,0.060002,1.5228,0.0106,635.76
10.443,8.959,-1.3576,0.33023,6.9662,0.069447,0.069503,1.5234,0.0106,657.93
10.483,8.9808,-1.0306,0.34611,7.1368,0.077038,0.077103,1.5223,0.0097,736.62
10.522,9.0043,-0.70658,0.36248,7.2867,0.08353,0.083604,1.5211,0.0088,829.05
10.563,9.0288,-0.37679,0.37915,7.4352,0.091021,0.091104,1.5199,0.008,930.61
10.603,9.0551,-0.054724,0.39573,7.5545,0.095915,0.096004,1.5185,0.007,1080.7
10.643,9.0753,0.26461,0.61221,8.4008,0.1093,0.10935,1.5154,0.0051528,1634.7
10.682,9.1031,0.60879,0.80091,9.1419,0.12242,0.12243,1.5124,0.0033418,2746.1
10.722,9.1386,0.98847,0.96958,9.8082,0.13582,0.13579,1.5093,0.0014924,6604.2
10.763,9.1806,1.3951,1.1146,10.386,0.14929,0.14921,1.5062,-0.00036633,-28514
10.803,9.2277,1.8202,1.2344,10.868,0.16267,0.16255,1.5031,-0.0022126,-4943.4
10.843,9.2793,2.2652,1.3304,11.261,0.17613,0.17596,1.5,-0.0040694,-2786.5
10.883,9.3342,2.7234,1.4018,11.562,0.18955,0.18935,1.4969,-0.0059227,-1966.4
10.923,9.3917,3.1938,1.449,11.771,0.20304,0.20279,1.4938,-0.0077839,-1523.6
10.963,9.4502,3.6675,1.4715,11.887,0.21644,0.21615,1.4907,-0.0096326,-1243.5
11.003,9.5093,4.1449,1.4697,11.912,0.22986,0.22952,1.4876,-0.011484,-1045.1
11.043,9.5677,4.6206,1.4436,11.845,0.24325,0.24288,1.4845,-0.013333,-894.96
11.082,9.6223,5.073,1.3957,11.695,0.25611,0.25569,1.4815,-0.015107,-779.62
11.122,9.6764,5.5335,1.3226,11.451,0.26942,0.26896,1.4785,-0.016944,-680.31
11.163,9.729,5.9999,1.2212,11.102,0.28325,0.28275,1.4753,-0.018853,-592.42
11.203,9.7755,6.4355,1.0984,10.671,0.29663,0.29609,1.4722,-0.0207,-518.25
11.243,9.8192,6.8652,1.1192,10.789,0.29923,0.29869,1.4713,-0.0207,-524.02
11.283,9.8634,7.2999,1.1399,10.907,0.30184,0.3013,1.4705,-0.0207,-529.79
11.323,9.9082,7.7397,1.1605,11.025,0.30424,0.30371,1.4697,-0.0207,-535.55
11.363,9.954,8.1838,1.1815,11.143,0.30674,0.30622,1.4689,-0.0207,-541.32
11.403,10.001,8.6325,1.203,11.261,0.30925,0.30872,1.4681,-0.0207,-547.09
11.443,10.049,9.086,1.2243,11.378,0.31175,0.31123,1.4672,-0.0207,-552.85
11.483,10.097,9.5444,1.2456,11.496,0.31415,0.31364,1.4664,-0.0207,-558.61
11.523,10.146,10.007,1.2674,11.614,0.31665,0.31615,1.4656,-0.0207,-564.38
11.563,10.196,10.475,1.2895,11.731,0.31915,0.31865,1.4648,-0.0207,-570.15
******-------------------------------------------------------------------------------------------------------------------****** 
TargetID: ID16
Relevancy: 1
tj = 11.4827
Label: 0
Comment: Target is relevant and going straight, since the velocity ratio is almost not changing
DATA:
9.7229,9.4749,-17.373,1,5.5715,-0,0,1.3932,0,Inf
9.7628,9.5156,-17.15,0.9997,5.5715,-0,0,1.3933,0,Inf
9.803,9.5551,-16.927,0.9999,5.5715,-0,0,1.3932,0,Inf
9.8429,9.5947,-16.705,1,5.5715,-0,0,1.3932,0,Inf
9.8832,9.6342,-16.482,1.0002,5.5714,-0,0,1.3932,0,Inf
9.9215,9.6746,-16.259,1,5.5715,-0,0,1.3932,0,Inf
9.9614,9.7142,-16.037,1.0002,5.5714,-0,0,1.3932,0,Inf
10.001,9.7541,-15.814,1.0002,5.5714,-0,0,1.3932,0,Inf
10.042,9.7942,-15.591,1.0002,5.5714,-0,0,1.3932,0,Inf
10.082,9.8336,-15.368,1.0004,5.5714,-0,0,1.3931,0,Inf
10.122,9.8734,-15.146,1.0005,5.5714,-0,0,1.3931,0,Inf
10.162,9.9136,-14.923,1.0004,5.5714,-0,0,1.3931,0,Inf
10.202,9.9535,-14.7,1.0004,5.5714,-0,0,1.3931,0,Inf
10.242,8.5673,-14.403,-1.832,5.6176,-0.15709,-0.15691,1.8866,0.546,10.822
10.283,8.7802,-14.098,-1.6264,5.8345,-0.21833,-0.21774,1.8434,0.4484,13.508
10.323,8.5594,-14.135,-1.5821,5.3232,-0.11296,-0.11299,1.8601,0.396,14.023
10.361,8.6265,-13.85,-1.3328,5.6078,-0.13933,-0.13907,1.8046,0.303,19.023
10.402,8.5395,-13.768,-1.131,5.393,-0.074543,-0.074562,1.7778,0.2233,24.677
10.443,8.62,-13.494,-0.95519,5.5805,-0.077774,-0.077687,1.7406,0.1681,33.68
10.483,8.5648,-13.304,-1.0105,5.5283,-0.071557,-0.071532,1.7513,0.1706,32.942
10.522,8.5156,-13.069,-0.89613,5.6171,-0.064235,-0.064189,1.7292,0.1396,40.746
10.563,8.4406,-12.823,-1.0058,5.698,-0.038911,-0.038908,1.7454,0.1496,38.677
10.603,8.4515,-12.562,-1.0039,5.7668,-0.057028,-0.056992,1.7433,0.1459,40.12
10.643,8.4314,-12.422,-0.9799,5.5813,-0.0034996,-0.0034999,1.7446,0.1407,40.275
10.682,8.4932,-12.128,-0.77627,5.7874,-0.017002,-0.016999,1.7042,0.0917,63.678
10.722,8.4938,-11.97,-0.72119,5.6429,0.020597,0.020598,1.698,0.0815,69.801
10.763,8.5725,-11.668,-0.48106,5.8534,0.017098,0.017101,1.6528,0.0318,184.69
10.803,8.5236,-11.503,-0.54043,5.7472,0.027705,0.027703,1.6645,0.0407,141.83
10.843,8.5348,-11.31,-0.47206,5.6758,0.047517,0.047509,1.6536,0.0284,200.54
10.883,8.5286,-11.137,-0.43742,5.5731,0.06157,0.061583,1.6493,0.0225,248.46
10.923,8.5652,-10.941,-0.31926,5.5094,0.077045,0.077025,1.6284,0.0019,2904.6
10.963,8.5524,-10.72,-0.32044,5.5222,0.08095,0.080927,1.6285,0.0019,2911.3
11.003,8.5398,-10.499,-0.32181,5.5348,0.084755,0.08473,1.6286,0.0019,2918
11.043,8.5273,-10.277,-0.32319,5.5475,0.088559,0.088532,1.6287,0.0019,2924.7
11.082,8.5288,-10.001,-0.3073,5.666,0.082149,0.082126,1.6247,-0.0008,-7092.9
11.122,8.5167,-9.7736,-0.30827,5.6827,0.085853,0.085828,1.6247,-0.0008,-7113.9
11.163,8.4391,-9.6201,-0.42216,5.5661,0.0294,0.029403,1.6464,0.0159,351.07
11.203,8.4221,-9.3971,-0.4267,5.5783,0.0312,0.031204,1.647,0.0159,351.86
11.243,8.498,-9.0722,-0.2654,5.7559,0.015102,0.015101,1.6168,-0.0071,-811.55
11.283,8.5422,-8.98,-0.14672,5.4794,0.046717,0.046708,1.5974,-0.0228,-240.41
11.323,8.6008,-8.6847,-0.028296,5.6073,0.03841,0.038404,1.5757,-0.0379,-147.95
11.363,8.5602,-8.4972,-0.091531,5.5599,0.043914,0.043907,1.5871,-0.0286,-194.43
11.403,8.5566,-8.2749,-0.08516,5.5679,0.045715,0.045707,1.5859,-0.0286,-194.7
11.443,8.5391,-8.1039,-0.10288,5.4778,0.050519,0.05051,1.5894,-0.0255,-214.85
11.483,8.5354,-7.8845,-0.097606,5.4821,0.05222,0.05221,1.5884,-0.0255,-215.02
11.523,8.514,-7.6987,-0.12063,5.4218,0.0443,0.044307,1.5929,-0.0219,-247.63
11.563,8.4979,-7.4982,-0.13392,5.3945,0.037799,0.037805,1.5955,-0.0196,-275.31
11.603,8.4864,-7.3038,-0.13933,5.3534,0.0329,0.032904,1.5967,-0.0184,-291.04
11.643,8.4807,-7.09,-0.13515,5.3526,0.0338,0.033804,1.5959,-0.0184,-290.99
11.683,8.4754,-6.8758,-0.13127,5.3517,0.0348,0.034805,1.5952,-0.0184,-290.94
11.723,8.4705,-6.6616,-0.12738,5.3509,0.035699,0.035705,1.5945,-0.0184,-290.89
11.763,8.4565,-6.4887,-0.13633,5.273,0.0274,0.027402,1.5965,-0.0168,-313.97
11.804,8.4513,-6.2777,-0.13275,5.2693,0.0281,0.028103,1.5959,-0.0168,-313.75
11.844,8.4215,-6.1084,-0.16277,5.2002,0.026806,0.026803,1.602,-0.0128,-406.47
11.882,8.3957,-5.916,-0.18629,5.1726,0.013401,0.013401,1.6067,-0.0097,-533.6
11.922,8.4147,-5.6677,-0.14871,5.2314,0.010101,0.0101,1.5992,-0.0138,-379.24
11.962,8.4092,-5.4577,-0.14611,5.227,0.010301,0.010301,1.5987,-0.0138,-378.92
12.002,8.4533,-5.2199,-0.13543,5.2566,0.0069997,0.0070006,1.5965,-0.014,-375.59
12.042,8.4479,-5.0098,-0.13243,5.2534,0.0070991,0.0070999,1.596,-0.014,-375.36
12.082,8.4348,-4.812,-0.13876,5.2324,-0.0018002,-0.0017998,1.5973,-0.0129,-405.76
12.123,8.4294,-4.603,-0.13596,5.2286,-0.0019001,-0.0018999,1.5968,-0.0129,-405.46
12.164,8.4135,-4.3884,-0.14573,5.2371,0.0013002,0.0013003,1.5986,-0.0117,-447.79
12.204,8.4034,-4.1559,-0.14799,5.2735,-0.00059991,-0.00059963,1.5989,-0.0113,-466.86
12.242,8.3935,-3.9296,-0.14983,5.2987,0.0017003,0.0016996,1.5991,-0.011,-481.89
12.282,8.3887,-3.691,-0.14482,5.3422,-0.0041,-0.0041004,1.5979,-0.0114,-468.79
12.322,8.3988,-3.5126,-0.12618,5.283,-0.0089007,-0.0089001,1.5946,-0.0128,-412.85
12.362,8.3982,-3.2555,-0.11487,5.3589,-0.011499,-0.011499,1.5923,-0.0138,-388.41
12.402,8.378,-3.0134,-0.12893,5.4095,-0.0083994,-0.0084002,1.5947,-0.0124,-436.37
12.442,8.3703,-2.7642,-0.12744,5.4699,-0.0081995,-0.0081999,1.5941,-0.0126,-434.24
12.482,8.3971,-2.5791,-0.090927,5.4203,-0.0065001,-0.0064998,1.5875,-0.0156,-347.5
12.523,8.3936,-2.3622,-0.087627,5.4233,-0.0065001,-0.0064998,1.5869,-0.0156,-347.69
12.564,8.3877,-2.1326,-0.085811,5.4482,-0.0046,-0.0045999,1.5866,-0.0155,-351.54
12.602,8.4694,-2.5096,-0.028656,4.7214,0.0042998,0.0043007,1.5768,-0.0185,-255.21
12.642,8.5357,-2.9079,0.014024,4.158,-0.0024001,-0.0023994,1.5675,-0.0216,-192.5
12.682,8.5469,-2.898,0.0085466,3.8328,-0.0010005,-0.00099981,1.5686,-0.0197,-194.56
12.723,8.5723,-3.1134,0.016823,3.3978,-0.0058002,-0.0057978,1.5662,-0.0198,-171.61
12.763,8.5848,-3.2021,0.0082603,2.9207,-0.0035005,-0.0034994,1.5683,-0.0173,-168.83
12.803,8.595,-2.9185,0.043597,3.3689,-0.016706,-0.01668,1.5591,-0.0224,-150.41
12.844,8.5957,-2.4591,0.036301,3.3441,-0.014004,-0.013991,1.5606,-0.0207,-161.56
12.884,8.6027,-2.3427,0.039122,3.2939,-0.016406,-0.016387,1.5597,-0.0203,-162.27
12.924,8.6035,-2.3375,0.02773,2.99,-0.014506,-0.014487,1.5624,-0.0179,-167.05
12.962,8.6197,-2.1815,0.040902,3.0226,-0.021212,-0.021173,1.5585,-0.0191,-158.27
13.003,8.6068,-2.119,0.03935,2.8762,-0.022012,-0.021967,1.5586,-0.0183,-157.18
13.042,8.5841,-1.6841,0.011507,3.4015,-0.0048002,-0.0047988,1.5676,-0.0127,-267.84
13.082,8.5738,-1.6613,0.0088464,3.1658,-0.0046004,-0.0045985,1.5683,-0.0118,-268.29
13.122,8.5959,-1.1783,0.056809,3.7861,-0.011202,-0.011195,1.5562,-0.0182,-208.05
13.162,8.6038,-1.1496,0.058178,3.5498,-0.015004,-0.01499,1.5551,-0.0182,-195.07
******-------------------------------------------------------------------------------------------------------------------****** 
TargetID: ID17
Target can not be processed due to lack of Data
******-------------------------------------------------------------------------------------------------------------------****** 
TargetID: ID19
Relevancy: 0
tj = Inf
Label: -1
Comment: Target is irrelevant as it is not crossing the estimated holding line
DATA:
3.5221,6.265,-1.8539,0.11563,5.5328,-0.0024001,-0.0023994,1.55,0.1616,34.245
3.5621,6.2539,-1.6509,0.12484,5.5087,0.00069983,0.0006998,1.5481,0.1411,39.051
3.6002,6.2769,-1.766,0.18288,4.8879,-0.016505,-0.016514,1.5325,0.0882,55.457
3.6403,6.1526,-1.6744,-0.04015,5.1617,0.054354,0.054238,1.5815,0.2036,25.353
3.6805,6.1656,-1.7876,-0.038193,5.0784,0.04876,0.048953,1.5752,0.1779,28.547
3.7205,6.1717,-1.667,0.018132,4.8946,0.049756,0.049626,1.5706,0.1518,32.244
3.7608,6.1602,-1.4865,0.019043,4.9628,0.046765,0.04695,1.5637,0.1244,39.894
3.8019,6.1836,-1.3445,0.098326,4.8364,0.045063,0.044956,1.5537,0.0938,51.572
3.8412,6.1673,-1.1634,0.11984,4.8992,0.046071,0.046246,1.5431,0.0653,75.048
3.8812,6.1701,-0.96724,0.10579,4.9024,0.049865,0.050072,1.5457,0.0653,75.092
3.9212,6.1591,-0.77301,0.15802,4.9534,0.04907,0.049261,1.5355,0.0422,117.44
3.9615,6.1635,-0.60885,0.16778,4.8942,0.047272,0.047453,1.5332,0.0352,139.12
4.0015,6.0814,-0.3819,0.046348,4.9975,0.036879,0.036805,1.5641,0.0858,58.248
4.0415,6.0652,-0.15438,-0.0018072,5.0631,0.029887,0.029838,1.5732,0.0965,52.467
4.0817,6.0831,0.12848,0.0075163,5.3255,0.030788,0.030742,1.5713,0.0884,60.243
4.1217,6.0994,0.41036,0.012075,5.5623,0.031488,0.031445,1.5704,0.0826,67.341
4.1619,6.1172,0.69091,0.025059,5.7823,0.033488,0.033443,1.5681,0.0754,76.689
4.2021,6.139,0.96689,0.048818,5.9777,0.037885,0.037834,1.5644,0.0665,89.894
4.2422,6.1416,1.2046,0.083704,5.8866,0.042078,0.042,1.5624,0.064686,91.011
4.2823,6.1457,1.4391,0.11794,5.8009,0.046276,0.046172,1.5604,0.06287,92.289
4.3203,6.1508,1.6582,0.14973,5.7251,0.050252,0.050123,1.5584,0.061149,93.657
4.3606,6.1575,1.887,0.18271,5.6504,0.054461,0.054306,1.5564,0.059328,95.29
4.4005,6.1654,2.1114,0.21475,5.582,0.05864,0.058459,1.5544,0.05752,97.115
4.4406,6.1747,2.3338,0.24622,5.5189,0.062833,0.062626,1.5524,0.055706,99.171
4.4809,6.1852,2.5549,0.27713,5.4613,0.067044,0.066811,1.5503,0.053884,101.48
4.5211,6.197,2.7734,0.3073,5.4096,0.07125,0.07099,1.5483,0.052064,104.07
4.5612,6.2099,2.9896,0.33674,5.3636,0.07545,0.075164,1.5463,0.050247,106.96
4.6013,6.2239,3.2035,0.36539,5.3234,0.079638,0.079325,1.5443,0.048435,110.17
4.6412,6.2391,3.4156,0.39331,5.2889,0.083819,0.08348,1.5423,0.046626,113.75
4.6815,6.2555,3.6278,0.42073,5.26,0.088027,0.087662,1.5402,0.044805,117.77
4.7214,6.2728,3.8374,0.44726,5.2369,0.092206,0.091814,1.5382,0.042997,122.24
4.7616,6.2913,4.0474,0.47324,5.2194,0.096408,0.09599,1.5362,0.041179,127.27
4.8017,6.3108,4.2564,0.49848,5.2076,0.1006,0.10016,1.5342,0.039365,132.89
4.8418,6.3313,4.465,0.52303,5.2015,0.10479,0.10432,1.5322,0.03755,139.22
4.8821,6.3529,4.6749,0.54705,5.2011,0.10902,0.10852,1.5301,0.035723,146.4
4.9225,6.3754,4.8849,0.57035,5.2065,0.11324,0.11271,1.5281,0.033897,154.51
4.9623,6.3986,5.0926,0.59269,5.2175,0.11741,0.11686,1.5261,0.032093,163.62
5.0025,6.4229,5.3026,0.61453,5.2342,0.12161,0.12104,1.5241,0.030274,174.08
5.0404,6.4465,5.5014,0.63447,5.2553,0.12558,0.12497,1.5221,0.028559,185.35
5.0805,6.4724,5.7127,0.65491,5.2831,0.12977,0.12914,1.5201,0.026744,199.06
5.1206,6.499,5.925,0.67463,5.3165,0.13396,0.13331,1.5181,0.02493,214.97
5.1607,6.5265,6.1391,0.69369,5.3558,0.13816,0.13748,1.5161,0.023115,233.64
5.2008,6.5546,6.3546,0.71204,5.4006,0.14235,0.14164,1.5141,0.021301,255.74
5.2409,6.5836,6.5722,0.72971,5.4512,0.14655,0.14581,1.512,0.019486,282.25
5.2811,6.6133,6.7927,0.74675,5.5077,0.15076,0.15,1.51,0.017664,314.66
5.3224,6.6444,7.0214,0.7635,5.5716,0.15507,0.15429,1.5079,0.015795,356.03
5.3623,6.6752,7.2449,0.77898,5.6391,0.15925,0.15843,1.5059,0.013991,406.89
5.4026,6.7069,7.4736,0.79393,5.7129,0.16346,0.16262,1.5039,0.012167,474.05
5.4406,6.7373,7.6919,0.80738,5.7878,0.16743,0.16657,1.502,0.010448,559.31
5.4807,6.77,7.926,0.82092,5.8726,0.17163,0.17074,1.4999,0.0086313,686.99
5.5208,6.8031,8.163,0.83374,5.9628,0.17582,0.17491,1.4979,0.0068182,883.04
5.5609,6.8368,8.404,0.84589,6.0588,0.18002,0.17907,1.4959,0.0050033,1222.7
5.601,6.871,8.6491,0.85735,6.1606,0.18421,0.18325,1.4939,0.0031873,1951.5
5.6412,6.9057,8.8989,0.86813,6.2682,0.18842,0.18742,1.4919,0.0013681,4625.3
5.6815,6.9409,9.1538,0.87824,6.3819,0.19263,0.19161,1.4898,-0.00045568,-14137
5.723,6.9775,9.421,0.88792,6.5049,0.19697,0.19592,1.4877,-0.0023325,-2814.6
5.7615,7.0118,9.6739,0.89625,6.6247,0.201,0.19993,1.4858,-0.0040764,-1639.9
5.8016,7.048,9.9424,0.90425,6.755,0.2052,0.2041,1.4838,-0.005893,-1156.5
5.8416,7.0843,10.215,0.91153,6.8906,0.20939,0.20826,1.4818,-0.0077041,-902.2
5.8823,7.1215,10.498,0.91822,7.0341,0.21364,0.21248,1.4797,-0.009543,-743.35
5.9219,7.158,10.78,0.92406,7.1798,0.21779,0.21661,1.4777,-0.011338,-638.46
5.9623,7.1955,11.073,0.92932,7.334,0.22201,0.22081,1.4757,-0.013167,-561.44
6.0022,7.2326,11.369,0.93382,7.4918,0.22619,0.22495,1.4737,-0.014972,-504.25
6.0423,7.2701,11.672,0.93765,7.656,0.23037,0.22912,1.4716,-0.016785,-459.53
6.0815,7.3069,11.976,0.94073,7.8221,0.23447,0.23319,1.4697,-0.018558,-424.52
6.1217,7.3448,12.294,0.94321,7.9983,0.23868,0.23737,1.4676,-0.020379,-395.2
6.1617,7.3826,12.617,0.94497,8.1791,0.24286,0.24153,1.4656,-0.022189,-371.07
6.2017,7.4204,12.948,0.94606,8.3658,0.24705,0.24569,1.4636,-0.024,-350.8
6.2418,7.4577,13.284,0.96401,8.4568,0.24925,0.24789,1.4626,-0.024,-354.65
6.2821,7.5411,13.72,1.0467,8.7008,0.27876,0.2772,1.4567,-0.0271,-323.38
6.322,7.5825,14.07,1.0673,8.7968,0.28146,0.27991,1.4556,-0.0271,-326.98
6.3624,7.6402,14.57,1.1116,9.1387,0.30517,0.30348,1.4553,-0.0262,-351.38
6.4022,7.6837,14.938,1.1332,9.2428,0.30797,0.30629,1.4543,-0.0262,-355.42
6.4423,7.7289,15.309,1.1555,9.3467,0.31076,0.3091,1.4532,-0.0262,-359.46
6.4826,7.7738,15.685,1.1772,9.4508,0.31336,0.31172,1.4522,-0.0262,-363.5
6.5227,7.8198,16.065,1.1993,9.5548,0.31606,0.31443,1.4511,-0.0262,-367.55
6.5607,7.8669,16.449,1.2218,9.6587,0.31876,0.31714,1.4501,-0.0262,-371.59
6.601,7.9151,16.837,1.2447,9.7625,0.32145,0.31985,1.4491,-0.0262,-375.63
6.6409,7.9642,17.229,1.2677,9.8664,0.32415,0.32256,1.448,-0.0262,-379.67
6.681,8.0145,17.625,1.2911,9.9701,0.32695,0.32537,1.4469,-0.0262,-383.72
6.7211,8.6526,17.996,2.0103,10.154,0.56268,0.56354,1.3753,-0.0597,-173.39
6.7613,8.7364,18.404,2.0575,10.263,0.56948,0.57034,1.3729,-0.0597,-175.33
6.8015,8.8211,18.818,2.1048,10.372,0.56621,0.56704,1.3706,-0.0597,-177.28
6.8416,8.8707,19.6,2.177,10.842,0.61006,0.60741,1.3796,-0.0523,-211.44
6.8817,8.8628,20.22,2.1057,11.117,0.59524,0.59271,1.3902,-0.0451,-250.89
6.9217,8.786,20.829,1.9675,11.403,0.56008,0.55705,1.406,-0.0361,-320.54
6.9621,8.7546,21.381,1.8616,11.541,0.50974,0.5078,1.4163,-0.0295,-396.29
******-------------------------------------------------------------------------------------------------------------------****** 
