******-------------------------------------------------------------------------------------------------------------------****** 
Duration of the scene is: 22.8064 seconds
Original Targets Numbers in the hole Scene: 3
Number of Targets in the hole Scene after preprocessing: 4
Number of static portions: 1
******-------------------------------------------------------------------------------------------------------------------****** 
TargetID: ID01
Target can not be processed due to lack of Data
******-------------------------------------------------------------------------------------------------------------------****** 
TargetID: ID03
Relevancy: 1
tj = 12.2035
Label: 0
Comment: Target is relevant and going straight, since target is crossing Ego X-axis in EFC
DATA:
5.7217,4.4406,80.451,NaN,NaN,NaN,NaN,-1.6046,NaN,NaN
5.7616,4.4277,80.067,NaN,NaN,NaN,NaN,-1.6046,NaN,NaN
5.8017,5.4037,79.576,NaN,NaN,NaN,NaN,-1.2212,NaN,NaN
5.8416,5.5397,79.186,NaN,NaN,NaN,NaN,-1.2211,NaN,NaN
5.8817,5.6858,78.794,NaN,NaN,NaN,NaN,-1.2212,NaN,NaN
5.9216,5.8303,78.403,NaN,NaN,NaN,NaN,-1.2212,NaN,NaN
5.9618,5.103,77.96,NaN,NaN,NaN,NaN,-1.4945,NaN,NaN
6.0016,5.1321,77.571,NaN,NaN,NaN,NaN,-1.4945,NaN,NaN
6.0418,5.2964,77.076,NaN,NaN,NaN,NaN,-1.4691,NaN,NaN
6.0817,5.3367,76.683,NaN,NaN,NaN,NaN,-1.4691,NaN,NaN
6.1218,5.2983,76.289,NaN,NaN,NaN,NaN,-1.4964,NaN,NaN
6.1617,5.3293,75.895,NaN,NaN,NaN,NaN,-1.4964,NaN,NaN
6.2018,5.207,75.611,NaN,NaN,NaN,NaN,-1.5258,NaN,NaN
6.2417,5.2218,75.218,NaN,NaN,NaN,NaN,-1.5258,NaN,NaN
6.2817,4.2569,74.908,NaN,NaN,NaN,NaN,-1.718,NaN,NaN
6.3218,4.1987,74.516,NaN,NaN,NaN,NaN,-1.718,NaN,NaN
6.3618,4.8791,74.06,NaN,NaN,NaN,NaN,-1.5816,NaN,NaN
6.4019,4.8753,73.662,NaN,NaN,NaN,NaN,-1.5816,NaN,NaN
6.4418,4.8728,73.264,NaN,NaN,NaN,NaN,-1.5817,NaN,NaN
6.4818,4.8657,72.865,NaN,NaN,NaN,NaN,-1.5816,NaN,NaN
6.5219,5.1668,72.43,NaN,NaN,NaN,NaN,-1.5363,NaN,NaN
6.5618,5.1785,72.027,NaN,NaN,NaN,NaN,-1.5363,NaN,NaN
6.6019,5.3459,71.731,-0.1228,-10.142,0,0,-1.5829,0,Inf
6.6418,5.3429,71.325,-0.1231,-10.142,0,0,-1.5829,0,Inf
6.6819,5.3372,70.919,-0.123,-10.142,0,0,-1.5829,0,Inf
6.7218,5.3301,70.514,-0.1227,-10.142,0,0,-1.5829,0,Inf
6.7619,5.8772,70.006,0.52612,-10.592,0.080903,0.080906,-1.5212,-0.0033,-3213.6
6.8019,5.9019,69.581,0.52712,-10.651,0.081603,0.081606,-1.5214,-0.0033,-3231.5
6.8419,5.7742,69.14,0.25548,-10.839,0.1084,0.10839,-1.5471,-0.0239,-453.65
6.8819,5.7869,68.705,0.24637,-10.913,0.1099,0.10989,-1.5481,-0.0239,-456.74
6.922,5.7963,68.267,0.23757,-10.987,0.1114,0.11139,-1.5491,-0.0239,-459.83
6.962,5.8072,67.825,0.22826,-11.061,0.1128,0.11279,-1.5501,-0.0239,-462.92
7.002,6.2987,67.259,0.75649,-11.271,0.19659,0.19656,-1.5036,0.0066,1711.6
7.042,6.3289,66.806,0.76497,-11.352,0.20028,0.20026,-1.5033,0.0066,1724
7.082,5.8008,66.393,0.097818,-11.298,0.098397,0.098393,-1.5621,-0.0171,-660.75
7.122,5.805,65.94,0.090494,-11.369,0.1018,0.10179,-1.5628,-0.0171,-664.86
7.162,5.9145,65.49,0.16117,-11.38,0.085503,0.085505,-1.5567,-0.0147,-774.2
7.202,5.9202,65.034,0.15548,-11.445,0.088003,0.088006,-1.5573,-0.0147,-778.64
7.242,5.6667,64.598,-0.30965,-11.397,0.0182,0.018199,-1.5979,-0.0481,-237.02
7.282,5.6528,64.141,-0.33305,-11.454,0.0186,0.0186,-1.5999,-0.0481,-238.22
7.3222,5.7173,63.682,-0.33905,-11.46,-0.0058003,-0.0057997,-1.6004,-0.0496,-231.15
7.3621,5.7064,63.222,-0.36404,-11.513,-0.0066001,-0.0065999,-1.6024,-0.0496,-232.23
7.4022,5.6757,62.741,-0.50603,-11.525,-0.033001,-0.033001,-1.6147,-0.0574,-200.99
7.4421,5.6554,62.279,-0.53482,-11.574,-0.0344,-0.034401,-1.617,-0.0574,-201.85
7.4821,5.6042,61.828,-0.69442,-11.552,-0.057,-0.057003,-1.6309,-0.0696,-166.28
7.5221,5.5748,61.365,-0.72931,-11.595,-0.059199,-0.059202,-1.6336,-0.0696,-166.93
7.5621,5.7985,60.888,-0.33524,-11.622,-0.031099,-0.031101,-1.5997,-0.036,-322.97
7.6021,5.782,60.422,-0.35263,-11.662,-0.0323,-0.0323,-1.601,-0.036,-324.11
7.6422,5.8206,59.96,-0.24138,-11.66,-0.0139,-0.0139,-1.5915,-0.0246,-474.1
7.6822,5.8113,59.492,-0.25378,-11.697,-0.0144,-0.014401,-1.5925,-0.0246,-475.6
7.7222,5.8288,59.043,-0.16471,-11.673,0.0006001,0.0005999,-1.5849,-0.0163,-716.19
7.7622,5.823,58.576,-0.17301,-11.705,0.00069995,0.00070005,-1.5856,-0.0163,-718.17
7.8022,5.9997,58.094,0.19624,-11.715,0.03,0.029999,-1.554,0.0125,937.33
7.8422,6.0073,57.625,0.20273,-11.744,0.0312,0.031199,-1.5535,0.0125,939.69
7.8823,5.9612,57.173,0.17448,-11.719,0.0369,0.036899,-1.5559,0.0113,1037.2
7.9222,5.9702,56.704,0.17977,-11.744,0.0383,0.038298,-1.5555,0.0113,1039.4
7.9624,6.09,56.224,0.40135,-11.753,0.050499,0.050498,-1.5366,0.027,435.57
8.0022,6.1033,55.754,0.41553,-11.777,0.052199,0.052198,-1.5355,0.027,436.45
8.0423,6.1132,55.28,0.42452,-11.783,0.053499,0.053497,-1.5347,0.0276,427.21
8.0822,6.1293,54.808,0.43851,-11.805,0.055199,0.055198,-1.5336,0.0276,428
8.1224,6.1869,54.336,0.53349,-11.802,0.056398,0.056398,-1.5256,0.0333,354.79
8.1622,6.2054,53.864,0.55087,-11.822,0.058199,0.058197,-1.5242,0.0333,355.39
8.2023,6.1788,53.404,0.50364,-11.798,0.051399,0.051398,-1.5281,0.03,393.62
8.2423,6.1994,52.932,0.51852,-11.814,0.052899,0.052897,-1.5269,0.03,394.18
8.2823,6.2549,52.463,0.59679,-11.811,0.049999,0.05,-1.5203,0.034,347.82
8.3224,6.2057,51.987,0.48332,-11.807,0.0423,0.042298,-1.5299,0.0272,434.45
8.3624,6.2799,51.506,0.57403,-11.817,0.0408,0.040798,-1.5222,0.0321,368.57
8.4024,6.3028,51.033,0.58992,-11.829,0.041899,0.041899,-1.5209,0.0321,368.96
8.4424,6.1506,50.575,0.3235,-11.802,0.031099,0.0311,-1.5434,0.0166,711.22
8.4824,6.0569,50.108,0.14751,-11.787,0.022399,0.0224,-1.5583,0.0067,1759.4
8.5224,5.9758,49.649,0.01217,-11.769,0.0153,0.0153,-1.5697,-0.001,-11769
8.5623,5.9753,49.178,0.011965,-11.776,0.0158,0.0158,-1.5698,-0.001,-11776
8.6025,5.8901,48.695,-0.14057,-11.786,0.0081997,0.0082003,-1.5827,-0.0084,-1403.2
8.6424,5.951,48.2,-0.058946,-11.819,0.0053999,0.0054001,-1.5758,-0.0033,-3581.7
8.6825,5.9378,47.733,-0.073329,-11.821,0.0034998,0.0035003,-1.577,-0.0041,-2883.1
8.7224,5.8404,47.258,-0.2319,-11.817,-0.0001997,-0.0002003,-1.5904,-0.0118,-1001.6
8.7625,5.8619,46.768,-0.21639,-11.833,-0.0014998,-0.0015003,-1.5891,-0.0101,-1171.7
8.8024,5.8785,46.288,-0.19709,-11.839,-0.0017005,-0.0016996,-1.5874,-0.0086,-1376.8
8.8425,5.6764,45.833,-0.486,-11.814,-0.0060999,-0.0061002,-1.6119,-0.023,-514.1
8.8824,5.694,45.358,-0.43906,-11.827,-0.0071004,-0.0070997,-1.6079,-0.0202,-585.92
8.9225,5.5718,44.884,-0.62171,-11.825,-0.011001,-0.011001,-1.6233,-0.0284,-416.94
8.9625,5.715,44.394,-0.39166,-11.853,-0.0080999,-0.0081002,-1.6038,-0.0164,-723.15
9.0026,5.702,43.924,-0.38806,-11.854,-0.0073001,-0.0073,-1.6035,-0.016,-741.29
9.0425,5.6663,43.458,-0.41525,-11.851,-0.0067998,-0.0068002,-1.6058,-0.0171,-693.49
9.0826,5.7312,42.977,-0.30266,-11.863,-0.0047,-0.0047001,-1.5963,-0.0114,-1041
9.1226,5.7799,42.498,-0.21698,-11.871,-0.0025003,-0.0024998,-1.5891,-0.0071,-1672.2
9.1626,5.7937,42.069,-0.11,-11.836,0.0001997,0.0002003,-1.5801,-0.0036,-3288
9.2025,5.7741,41.581,-0.16091,-11.853,0.0006001,0.0005999,-1.5844,-0.0054,-2195.2
9.2426,5.7655,41.108,-0.16039,-11.866,0.0009995,0.0009995,-1.5843,-0.0054,-2197.5
9.2826,5.7488,40.635,-0.17301,-11.874,0.0011004,0.0010997,-1.5854,-0.0059,-2012.8
9.3227,5.6027,40.172,-0.3683,-11.866,-0.0009995,-0.0009995,-1.6018,-0.0147,-807.57
9.3626,5.6223,39.676,-0.35088,-11.895,-0.002,-0.002,-1.6003,-0.013,-915.41
9.4027,5.308,39.216,-0.78944,-11.861,-0.0078003,-0.0077997,-1.6373,-0.032,-371.49
9.4426,5.2989,38.733,-0.78322,-11.876,-0.0101,-0.0101,-1.6367,-0.0309,-385.18
9.4827,5.2996,38.252,-0.7617,-11.889,-0.011,-0.011,-1.6348,-0.0291,-409.39
9.5226,5.3771,37.77,-0.62824,-11.893,-0.0078003,-0.0077997,-1.6236,-0.0227,-524.64
9.5627,5.398,37.29,-0.57885,-11.9,-0.0067,-0.0067001,-1.6194,-0.02,-595.7
9.6026,5.3585,36.819,-0.60985,-11.896,-0.0064004,-0.0063996,-1.622,-0.021,-567.24
9.6427,5.3263,36.345,-0.63225,-11.897,-0.0061997,-0.0062003,-1.6239,-0.0215,-554.12
9.6827,5.3693,35.854,-0.56386,-11.913,-0.0053999,-0.0054001,-1.6181,-0.0178,-670.01
9.7227,5.3585,35.375,-0.55714,-11.916,-0.0046001,-0.0045999,-1.6175,-0.0171,-697.6
9.7627,5.3939,34.897,-0.48217,-11.919,-0.0032002,-0.0031998,-1.6112,-0.0137,-870.73
9.8028,5.3041,34.417,-0.59627,-11.918,-0.0034998,-0.0035003,-1.6208,-0.0179,-666.62
9.8427,5.2949,33.928,-0.60628,-11.919,-0.0022996,-0.0023005,-1.6216,-0.0175,-681.97
9.8828,5.4189,33.442,-0.4197,-11.921,-0.0001997,-0.0002003,-1.606,-0.0093,-1282.6
9.9228,5.4027,32.965,-0.4244,-11.922,-0.0001997,-0.0002003,-1.6064,-0.0093,-1282.7
9.9628,5.3479,32.504,-0.46288,-11.892,0.0020999,0.0021002,-1.6097,-0.011,-1081.9
10.003,6.0377,32.503,-0.56258,-11.863,0.004,0.004,-1.6182,-0.0153,-776.26
10.043,5.9623,32.02,-0.64649,-11.863,0.0038003,0.0037997,-1.6252,-0.0182,-652.8
10.083,5.9464,31.542,-0.602,-11.881,0.0021997,0.0022003,-1.6214,-0.0154,-772.48
10.123,5.9691,31.085,-0.52877,-11.859,0.0036995,0.0036996,-1.6153,-0.0125,-949.69
10.163,5.9292,30.624,-0.53902,-11.838,0.0048997,0.0049004,-1.6163,-0.0131,-904.58
10.203,5.9133,30.152,-0.53734,-11.83,0.0053999,0.0054001,-1.6162,-0.0128,-925.14
10.243,5.9465,29.672,-0.48131,-11.837,0.0047,0.0047001,-1.6114,-0.01,-1184.7
10.283,5.932,29.202,-0.47403,-11.829,0.0051004,0.0050997,-1.6108,-0.0095,-1246.1
10.323,5.9649,28.724,-0.41512,-11.833,0.0047,0.0047001,-1.6058,-0.0067,-1767.2
10.363,5.9732,28.252,-0.3817,-11.832,0.0043994,0.0043996,-1.603,-0.0053,-2233.6
10.403,5.992,27.778,-0.3388,-11.833,0.0041997,0.0042003,-1.5994,-0.0033,-3587.1
10.443,5.9036,27.318,-0.4335,-11.811,0.0061997,0.0062003,-1.6075,-0.0075,-1575.8
10.483,5.8277,27.799,-0.58858,-11.798,0.0078003,0.0077997,-1.6206,-0.014,-843.73
10.523,5.7359,27.344,-0.68342,-11.767,0.01,0.009999,-1.6287,-0.0181,-651.22
10.563,5.7436,26.871,-0.64347,-11.766,0.0089995,0.0089995,-1.6253,-0.016,-736.47
10.603,5.7155,26.587,-0.6568,-11.766,0.0081997,0.0081993,-1.6265,-0.0161,-731.92
10.643,5.6968,26.143,-0.63653,-11.774,0.0067998,0.0067992,-1.6247,-0.0145,-813.17
10.683,5.6185,25.686,-0.71215,-11.752,0.0082996,0.0082995,-1.6312,-0.0178,-661.45
10.723,5.5392,25.213,-0.80485,-11.744,0.0091004,0.0090987,-1.6391,-0.0212,-555.26
10.763,5.4517,24.736,-0.90962,-11.737,0.0096995,0.0096986,-1.648,-0.0249,-472.77
10.803,5.3831,24.272,-0.96607,-11.713,0.0123,0.012298,-1.6529,-0.0268,-438.55
10.843,5.3087,23.814,-1.0212,-11.695,0.013,0.012999,-1.6577,-0.0291,-403.43
10.883,5.2809,23.33,-1.0327,-11.697,0.0132,0.013198,-1.6587,-0.0284,-413.47
10.923,5.2394,22.866,-1.043,-11.682,0.0147,0.014698,-1.6597,-0.0283,-414.42
10.963,5.2076,22.396,-1.0423,-11.674,0.0154,0.015397,-1.6597,-0.0276,-424.64
11.003,5.1968,21.923,-1.0073,-11.671,0.0156,0.015597,-1.6567,-0.0252,-464.85
11.043,5.1769,21.455,-0.98245,-11.664,0.015799,0.015798,-1.6546,-0.0236,-495.99
11.083,5.0935,21.008,-1.0526,-11.635,0.019101,0.019096,-1.6608,-0.0268,-435.92
11.123,5.0994,20.546,-0.97558,-11.621,0.0196,0.019595,-1.6543,-0.0229,-509.27
11.163,5.1005,20.071,-0.92298,-11.63,0.0173,0.017297,-1.6498,-0.0197,-592.21
11.203,5.1015,19.591,-0.87755,-11.636,0.0163,0.016297,-1.6459,-0.0166,-702.97
11.243,4.9957,19.153,-0.99841,-11.597,0.021202,0.021195,-1.6564,-0.0225,-517.35
11.283,4.9249,18.701,-1.0588,-11.572,0.023902,0.023894,-1.6618,-0.0251,-462.97
11.323,4.8119,18.258,-1.1938,-11.542,0.026803,0.026792,-1.6736,-0.0314,-369.53
11.363,4.6894,17.798,-1.132,-11.557,0.021897,0.021895,-1.6682,-0.0272,-426.94
11.403,4.5992,17.344,-1.225,-11.535,0.024602,0.024594,-1.6763,-0.0311,-373
11.443,4.5722,16.903,-1.067,-11.425,0.051409,0.05137,-1.6633,-0.0209,-549.05
11.483,4.4757,16.456,-1.1335,-11.381,0.058911,0.058861,-1.6694,-0.0234,-488.78
11.523,4.4359,15.977,-1.0971,-11.365,0.061112,0.061058,-1.6663,-0.0196,-582.56
11.563,4.2976,15.525,-0.98448,-11.361,0.055986,0.055966,-1.6565,-0.0124,-919.61
11.603,4.3288,15.029,-0.88912,-11.413,0.042605,0.042579,-1.648,-0.0066,-1734.5
11.643,4.3448,14.552,-0.81898,-11.433,0.035203,0.035186,-1.6419,-0.0027,-4245.2
11.683,4.2837,13.678,-0.77105,-11.431,0.031695,0.031692,-1.6378,0.0001,1.1457e+05
11.723,4.2818,13.208,-0.72946,-11.442,0.027402,0.027393,-1.6342,0.0024,4777.3
11.763,4.3129,12.718,-0.64016,-11.47,0.021901,0.021896,-1.6263,0.0077,1491.9
11.803,4.3085,12.25,-0.60521,-11.472,0.019602,0.019596,-1.6233,0.0094,1222.1
11.843,4.3462,11.798,-0.46362,-11.446,0.020098,0.020096,-1.6111,0.0173,662.13
11.883,4.3355,11.699,-0.39835,-11.431,0.019399,0.019395,-1.6054,0.0208,549.89
11.923,4.3588,11.008,-0.36273,-11.442,0.016499,0.016497,-1.6023,0.0217,527.56
11.963,4.4045,10.505,-0.28402,-11.507,0.0105,0.010499,-1.5954,0.026,442.72
12.003,4.4007,10.037,-0.26371,-11.508,0.0096006,0.0095994,-1.5936,0.0266,432.76
12.043,4.4124,9.5724,-0.17755,-11.494,0.0091004,0.0090987,-1.5861,0.0318,361.48
12.083,4.4354,9.0859,-0.12836,-11.523,0.0067998,0.0067992,-1.5819,0.0341,337.94
12.123,4.4372,8.6248,-0.10663,-11.51,0.0065003,0.0064998,-1.58,0.0346,332.67
12.163,4.4369,8.1534,-0.085924,-11.519,0.0057005,0.0056996,-1.5782,0.0349,330.08
12.204,4.4311,7.6922,-0.076413,-11.516,0.0056006,0.0055994,-1.5774,0.0344,334.78
12.243,4.4251,7.2275,-0.070825,-11.524,0.0057005,0.0056996,-1.5769,0.0336,342.97
12.283,4.4285,6.7649,-0.045913,-11.515,0.0055996,0.0055994,-1.5747,0.0343,335.71
12.323,4.4431,6.2734,-0.0091103,-11.567,0.0047998,0.0048002,-1.5715,0.0355,325.83
12.363,4.4486,5.8065,0.015238,-11.571,0.0052002,0.0051998,-1.5694,0.0361,320.51
12.404,4.4417,5.3482,0.01385,-11.557,0.0051004,0.0050997,-1.5695,0.035,330.19
12.444,5.1989,4.5082,0.04145,-11.694,-0.0004004,-0.0003996,-1.5673,0.016,730.86
12.483,5.2098,4.0547,-0.18934,-11.519,0.018699,0.018696,-1.587,0.0073,1578.2
12.524,5.146,3.2843,-0.35788,-11.409,0.019698,0.019697,-1.602,-0.0334,-341.76
12.563,5.1054,2.8238,-0.4704,-11.427,0.020999,0.020997,-1.6118,-0.0767,-149.11
12.604,5.093,2.3323,-0.30131,-11.635,0.023498,0.023496,-1.5965,-0.042,-277.11
12.644,5.0999,2.3002,-0.17152,-11.809,0.021798,0.021795,-1.5851,-0.0167,-707.19
12.684,5.224,3.1871,-0.017988,-11.679,-0.0014998,-0.0015003,-1.5723,-0.0041,-2848.6
12.724,5.1635,2.1715,0.079044,-11.751,0.0070994,0.0071007,-1.5642,0.0289,406.63
12.764,5.1288,1.6759,0.13692,-11.859,0.018799,0.018804,-1.5595,0.033,359.38
12.804,5.0307,1.2008,-0.078193,-11.815,0.0101,0.010101,-1.5775,-0.0305,-387.38
12.844,5.0498,0.70135,0.022849,-11.753,0.024798,0.024808,-1.5692,0.0142,827.65
12.884,5.0516,0.20725,0.025692,-11.781,0.033396,0.033414,-1.569,0.014,841.51
12.924,5.0714,0.44253,0.23754,-12.081,0.0061997,0.0062003,-1.5512,0.0084,1438.5
12.964,4.9695,-0.28564,-0.023644,-12.286,0.0024004,0.0023996,-1.5728,-0.0228,-538.86
13.004,4.8916,-0.7307,-0.22077,-12.209,-0.0052002,-0.0051998,-1.5888,-0.0831,-146.94
13.044,4.861,-1.4059,-0.12528,-12.621,-0.0035996,-0.0036004,-1.5808,-0.0509,-247.97
13.084,4.8187,-2.0981,-0.35179,-13.227,-0.053808,-0.053829,-1.5979,-0.1085,-121.95
13.124,4.8164,-2.5481,-0.3668,-12.882,-0.034304,-0.034312,-1.5996,-0.1118,-115.27
13.164,4.7539,-3.092,-0.80685,-12.704,-0.026502,-0.026507,-1.6345,-0.2173,-58.579
13.204,4.6796,-3.5319,-0.99895,-12.144,0.087971,0.087921,-1.6519,-0.2576,-47.303
13.244,4.6441,-3.9178,-0.92896,-11.515,0.19454,0.19427,-1.6488,-0.2334,-49.497
13.284,4.7182,-4.1007,-0.48929,-10.937,0.11874,0.1186,-1.6137,-0.1797,-60.923
13.324,4.7348,-4.5286,-0.43245,-10.825,0.10525,0.10514,-1.6091,-0.15,-72.225
13.364,4.7374,-4.9612,-0.37778,-10.769,0.087863,0.087785,-1.6045,-0.1252,-86.07
13.404,4.7247,-5.3523,-0.38324,-10.522,0.11185,0.1121,-1.609,-0.1308,-80.497
13.444,4.746,-5.7098,-0.37741,-10.135,0.14252,0.14294,-1.6105,-0.1309,-77.476
13.484,4.7246,-6.1298,-0.43841,-10.073,0.1586,0.15913,-1.6171,-0.1352,-74.572
13.524,4.7081,-6.5819,-0.47632,-10.177,0.14372,0.14414,-1.62,-0.1295,-78.672
13.564,4.6911,-7.0157,-0.5363,-10.215,0.14263,0.14303,-1.6257,-0.1317,-77.673
13.604,4.6941,-7.4426,-0.5538,-10.241,0.12794,0.12826,-1.627,-0.1256,-81.656
13.644,4.6815,-7.8637,-0.56745,-10.24,0.11915,0.11943,-1.6281,-0.1203,-85.255
13.684,4.6682,-8.2984,-0.6039,-10.26,0.11485,0.11511,-1.6315,-0.1191,-86.292
13.724,4.6656,-8.747,-0.61022,-10.348,0.09417,0.094337,-1.6312,-0.113,-91.732
13.764,4.7002,-9.1816,-0.55933,-10.395,0.073681,0.073785,-1.6258,-0.1011,-102.96
13.804,4.6987,-9.6342,-0.56566,-10.485,0.057688,0.057751,-1.6256,-0.0964,-108.93
13.844,4.6264,-10.107,-0.68937,-10.636,0.04511,0.045129,-1.6362,-0.1039,-102.58
13.884,4.6408,-10.544,-0.66492,-10.653,0.037095,0.03712,-1.6337,-0.0968,-110.27
13.924,4.6342,-10.973,-0.66829,-10.655,0.033696,0.033717,-1.634,-0.0929,-114.91
13.964,4.6434,-11.418,-0.6638,-10.684,0.027697,0.027712,-1.6333,-0.0887,-120.69
14.004,4.6435,-11.849,-0.65294,-10.681,0.025598,0.025609,-1.6322,-0.0838,-127.69
14.044,4.6003,-12.297,-0.71749,-10.708,0.023098,0.023108,-1.6381,-0.0864,-124.22
14.084,4.5676,-12.725,-0.7533,-10.692,0.024299,0.024308,-1.6415,-0.0864,-124.06
14.124,4.5415,-13.167,-0.78501,-10.71,0.021299,0.021306,-1.6443,-0.0858,-125.16
14.164,4.4123,-13.634,-0.96701,-10.786,0.0121,0.012102,-1.6604,-0.0976,-110.96
14.204,4.4222,-14.058,-0.92961,-10.762,0.0142,0.014202,-1.6572,-0.0909,-118.84
14.244,4.4072,-14.486,-0.93115,-10.754,0.0137,0.013703,-1.6574,-0.0878,-122.95
14.284,4.4056,-14.907,-0.91489,-10.733,0.0162,0.016203,-1.6561,-0.0834,-129.16
14.324,4.3542,-15.36,-0.9749,-10.739,0.0173,0.017304,-1.6616,-0.0852,-126.56
14.364,4.3321,-15.795,-0.98594,-10.726,0.019001,0.019005,-1.6627,-0.0833,-129.31
14.404,4.3336,-16.214,-0.96787,-10.676,0.026299,0.026309,-1.6616,-0.08,-134
14.444,4.341,-16.638,-0.93603,-10.655,0.027101,0.02711,-1.6588,-0.075,-142.61
14.484,4.3616,-17.062,-0.88701,-10.622,0.029501,0.029512,-1.6546,-0.0691,-154.25
14.524,4.3608,-17.477,-0.85639,-10.578,0.033696,0.033716,-1.6521,-0.0643,-165.04
14.564,4.3474,-17.883,-0.84836,-10.528,0.038202,0.03822,-1.6518,-0.0621,-170.08
14.604,4.3628,-18.291,-0.82487,-10.48,0.041995,0.042025,-1.65,-0.0588,-178.78
14.644,4.393,-18.699,-0.76567,-10.429,0.043702,0.043728,-1.6448,-0.0529,-197.67
14.684,4.3853,-19.102,-0.75402,-10.373,0.048492,0.048535,-1.6441,-0.0507,-205.13
14.724,4.2504,-19.572,-0.89768,-10.398,0.054116,0.054139,-1.6577,-0.0589,-177.19
14.764,4.2327,-19.976,-0.89258,-10.342,0.058919,0.058947,-1.6578,-0.0573,-181.16
******-------------------------------------------------------------------------------------------------------------------****** 
TargetID: ID04
Target can not be processed due to lack of Data
******-------------------------------------------------------------------------------------------------------------------****** 
TargetID: ID05
Relevancy: 0
tj = Inf
Label: -1
Comment: Target is irrelevant as it is not crossing the estimated holding line
DATA:
17.805,5.063,76.91,NaN,NaN,NaN,NaN,-1.6271,NaN,NaN
17.845,5.0427,76.543,NaN,NaN,NaN,NaN,-1.6271,NaN,NaN
17.885,4.4287,75.607,NaN,NaN,NaN,NaN,-1.8703,NaN,NaN
17.925,4.3192,75.242,NaN,NaN,NaN,NaN,-1.8703,NaN,NaN
17.965,4.2116,74.876,NaN,NaN,NaN,NaN,-1.8704,NaN,NaN
18.005,4.0994,74.511,NaN,NaN,NaN,NaN,-1.8704,NaN,NaN
18.045,3.9874,74.145,NaN,NaN,NaN,NaN,-1.8704,NaN,NaN
18.085,3.8726,73.78,NaN,NaN,NaN,NaN,-1.8704,NaN,NaN
18.125,3.7581,73.415,NaN,NaN,NaN,NaN,-1.8704,NaN,NaN
18.165,3.6454,73.05,NaN,NaN,NaN,NaN,-1.8704,NaN,NaN
18.205,3.5322,72.685,NaN,NaN,NaN,NaN,-1.8704,NaN,NaN
18.245,3.4177,72.319,NaN,NaN,NaN,NaN,-1.8703,NaN,NaN
18.285,3.3008,71.955,NaN,NaN,NaN,NaN,-1.8703,NaN,NaN
18.325,3.1883,71.589,NaN,NaN,NaN,NaN,-1.8703,NaN,NaN
18.365,6.5836,70.764,NaN,NaN,NaN,NaN,-1.2942,NaN,NaN
18.405,6.695,70.378,NaN,NaN,NaN,NaN,-1.2943,NaN,NaN
18.445,5.3712,69.87,NaN,NaN,NaN,NaN,-1.521,NaN,NaN
18.485,5.3894,69.481,NaN,NaN,NaN,NaN,-1.521,NaN,NaN
18.525,5.9421,69.022,NaN,NaN,NaN,NaN,-1.4502,NaN,NaN
18.565,5.9918,68.628,NaN,NaN,NaN,NaN,-1.4503,NaN,NaN
18.605,6.6505,68.266,1.3182,-9.9155,0,0,-1.4386,0,Inf
18.645,6.7051,67.869,1.3179,-9.9155,0,0,-1.4387,0,Inf
18.685,6.3924,67.43,0.75408,-10.055,0.083896,0.083892,-1.4959,-0.0276,-365.32
18.725,6.4217,67.028,0.74506,-10.083,0.085996,0.085991,-1.4969,-0.0276,-366.32
18.765,6.4496,66.587,0.76635,-10.273,0.088696,0.088691,-1.4962,-0.0392,-262.78
18.805,6.478,66.175,0.75402,-10.322,0.091697,0.091691,-1.4978,-0.0392,-264.02
18.845,6.6125,65.735,0.87607,-10.438,0.13461,0.13458,-1.4869,-0.039,-268.58
18.885,6.6453,65.317,0.86454,-10.493,0.13851,0.13848,-1.4885,-0.039,-269.97
18.925,6.8762,64.871,1.1454,-10.544,0.19378,0.19376,-1.4624,-0.024,-441.93
18.965,6.9229,64.448,1.1406,-10.597,0.19938,0.19936,-1.4634,-0.024,-444.08
19.005,6.9694,64.023,1.1357,-10.649,0.20488,0.20485,-1.4644,-0.024,-446.24
19.045,7.0146,63.596,1.1309,-10.702,0.21038,0.21035,-1.4653,-0.024,-448.39
19.085,7.0626,63.166,1.1255,-10.754,0.21578,0.21575,-1.4663,-0.024,-450.54
19.125,7.105,62.735,1.121,-10.807,0.22118,0.22115,-1.4672,-0.024,-452.7
19.165,7.3573,62.302,1.5098,-10.772,0.28247,0.28241,-1.4313,0.0101,1077
19.205,7.4181,61.87,1.5205,-10.817,0.29067,0.2906,-1.4309,0.0101,1081.5
19.245,7.4804,61.437,1.531,-10.862,0.29877,0.2987,-1.4305,0.0101,1086.1
19.285,7.5414,61.001,1.5419,-10.907,0.30687,0.30679,-1.4301,0.0101,1090.6
19.326,6.9283,60.607,0.51125,-10.783,0.18698,0.18697,-1.5232,-0.0578,-186.76
19.365,6.9489,60.175,0.4877,-10.817,0.19308,0.19306,-1.5256,-0.0578,-187.34
19.406,6.5935,59.863,-0.26034,-10.576,0.083403,0.083406,-1.5955,-0.1275,-82.973
19.445,6.5832,59.44,-0.31512,-10.595,0.086204,0.086206,-1.6006,-0.1275,-83.133
19.486,6.4473,58.991,-0.62062,-10.584,0.014,0.014,-1.6294,-0.1464,-72.419
19.525,6.424,58.566,-0.68442,-10.599,0.014,0.014,-1.6353,-0.1464,-72.549
19.566,6.2523,58.149,-1.0213,-10.55,-0.024,-0.024,-1.6673,-0.1697,-62.457
19.605,6.2118,57.727,-1.0951,-10.559,-0.0254,-0.0254,-1.6742,-0.1697,-62.558
19.646,6.0051,57.298,-1.4082,-10.538,-0.058101,-0.058102,-1.7037,-0.1864,-57.038
19.686,5.9451,56.877,-1.4889,-10.545,-0.060701,-0.060702,-1.7111,-0.1864,-57.133
19.726,5.9082,56.433,-1.6131,-10.541,-0.074099,-0.074103,-1.7227,-0.1916,-55.654
19.766,5.8395,56.011,-1.696,-10.544,-0.077098,-0.077104,-1.7303,-0.1916,-55.739
19.806,5.8036,55.571,-1.8042,-10.533,-0.082398,-0.082405,-1.7405,-0.1954,-54.689
19.846,5.7271,55.15,-1.8886,-10.533,-0.085499,-0.085504,-1.7483,-0.1954,-54.763
19.886,5.4939,54.728,-2.2548,-10.483,-0.1046,-0.10461,-1.7827,-0.217,-49.414
19.926,5.4015,54.309,-2.3489,-10.477,-0.1083,-0.1083,-1.7914,-0.217,-49.481
19.966,5.1557,53.893,-2.7121,-10.42,-0.13041,-0.13041,-1.8255,-0.2373,-45.375
20.006,5.0476,53.477,-2.8155,-10.409,-0.13471,-0.13471,-1.835,-0.2373,-45.44
20.046,4.9673,53.057,-2.9047,-10.383,-0.13239,-0.13239,-1.8435,-0.2378,-45.34
20.086,4.849,52.642,-3.0073,-10.368,-0.13649,-0.13649,-1.853,-0.2378,-45.398
20.126,4.9322,52.207,-2.8344,-10.374,-0.1082,-0.10821,-1.8376,-0.2207,-48.728
20.166,4.9793,51.773,-2.7156,-10.368,-0.084199,-0.084203,-1.827,-0.2075,-51.652
20.206,4.8684,51.359,-2.8033,-10.352,-0.086699,-0.086703,-1.8353,-0.2075,-51.684
20.246,4.7554,50.945,-2.8911,-10.334,-0.089099,-0.089104,-1.8436,-0.2075,-51.716
20.286,4.5304,50.523,-3.1598,-10.31,-0.1021,-0.1021,-1.8682,-0.2184,-49.376
20.326,4.6753,50.086,-2.871,-10.304,-0.060499,-0.060502,-1.8426,-0.1955,-54.715
20.366,4.6466,49.683,-2.8142,-10.261,-0.035199,-0.0352,-1.8385,-0.1884,-56.474
20.406,4.5306,49.273,-2.891,-10.239,-0.0361,-0.036099,-1.846,-0.1884,-56.472
20.446,4.4108,48.864,-2.9675,-10.217,-0.037099,-0.0371,-1.8535,-0.1884,-56.47
20.486,4.6295,48.438,-2.5639,-10.185,0.0058003,0.0057997,-1.8174,-0.1604,-65.476
20.526,4.8794,48.02,-2.1153,-10.139,0.0344,0.0344,-1.7765,-0.1301,-79.614
20.566,5.0605,47.594,-1.8086,-10.112,0.0445,0.044499,-1.7477,-0.1081,-95.028
20.606,4.9975,47.177,-1.8524,-10.101,0.052301,0.052299,-1.7521,-0.1077,-95.348
20.646,5.0542,46.75,-1.7369,-10.091,0.0532,0.053198,-1.7412,-0.0975,-105.02
20.686,4.9794,46.351,-1.7724,-10.062,0.059798,0.059798,-1.7451,-0.0976,-104.68
20.726,5.0288,45.936,-1.655,-10.047,0.058301,0.058298,-1.734,-0.088,-115.71
20.766,4.9647,45.534,-1.6884,-10.026,0.059401,0.059397,-1.7376,-0.088,-115.54
20.806,4.8976,45.133,-1.7214,-10.005,0.060601,0.060597,-1.7411,-0.088,-115.36
20.846,4.9152,44.733,-1.6294,-9.9822,0.060801,0.0608,-1.7326,-0.0808,-125.18
20.886,4.8497,44.334,-1.6592,-9.9612,0.061901,0.0619,-1.7358,-0.0808,-124.98
20.926,5.3449,43.922,-0.94487,-9.928,0.038301,0.038301,-1.6657,-0.0377,-264.53
20.966,5.5032,43.518,-0.70761,-9.9045,0.0325,0.0325,-1.6421,-0.023,-431.73
21.006,5.4773,43.122,-0.71634,-9.8928,0.035001,0.034999,-1.643,-0.0232,-427.53
21.046,5.6416,42.686,-0.51535,-9.9145,0.0254,0.025399,-1.6227,-0.0101,-982.96
21.086,5.6728,42.284,-0.45944,-9.9031,0.0246,0.0246,-1.6171,-0.0066,-1502.1
21.126,5.699,41.872,-0.41913,-9.9044,0.0234,0.023399,-1.6131,-0.0038,-2608.8
21.166,5.7101,41.478,-0.38309,-9.8927,0.0225,0.022501,-1.6095,-0.0018,-5500.1
21.206,5.696,41.076,-0.38662,-9.8805,0.023099,0.0231,-1.6099,-0.0017,-5816.5
21.246,5.7973,40.669,-0.24703,-9.8803,0.0178,0.017801,-1.5958,0.0062,1594.1
21.286,5.6458,40.272,-0.43624,-9.8569,0.025099,0.0251,-1.615,-0.0039,-2529.9
21.326,5.6231,39.879,-0.44494,-9.8327,0.0256,0.025599,-1.616,-0.0043,-2289
21.366,5.4741,39.499,-0.61021,-9.7891,0.033399,0.033399,-1.633,-0.0134,-731.95
21.406,5.4697,39.111,-0.58812,-9.763,0.0324,0.032399,-1.6309,-0.012,-815.06
21.446,5.5295,38.712,-0.49267,-9.7521,0.0272,0.027199,-1.6212,-0.0064,-1525.7
21.486,5.4091,38.366,-0.58256,-9.6802,0.034499,0.034501,-1.6309,-0.0123,-788.43
21.526,5.4935,37.969,-0.45471,-9.6698,0.0271,0.0271,-1.6178,-0.005,-1936.1
21.566,5.5111,37.582,-0.40781,-9.6501,0.0245,0.0245,-1.613,-0.0025,-3863.5
21.606,5.4611,37.202,-0.44977,-9.6155,0.027699,0.0277,-1.6175,-0.0047,-2048.1
21.646,5.3724,36.822,-0.53951,-9.5826,0.033,0.032999,-1.627,-0.0095,-1010.3
21.686,5.3511,36.439,-0.54202,-9.5609,0.033299,0.033299,-1.6274,-0.0095,-1008
21.726,5.4092,36.029,-0.47148,-9.563,0.0281,0.028099,-1.62,-0.0048,-1994.7
21.766,5.4145,35.624,-0.46856,-9.5587,0.0273,0.027299,-1.6197,-0.0039,-2453.9
21.806,5.3951,35.245,-0.47211,-9.5223,0.0291,0.0291,-1.6203,-0.004,-2383.5
21.846,5.6881,34.848,-0.08693,-9.5095,0.0067998,0.0068002,-1.5799,0.0162,587.03
21.886,5.7623,34.46,0.014282,-9.4836,0.0017005,0.0016996,-1.5693,0.0213,445.24
21.926,5.7114,34.074,-0.054172,-9.4618,0.0068997,0.0069004,-1.5765,0.0177,534.57
21.966,5.7502,33.697,0.0055002,-9.4268,0.0034998,0.0035003,-1.5702,0.0205,459.84
22.006,5.73,33.325,-0.0111,-9.3919,0.0049995,0.0049995,-1.572,0.0192,489.16
22.046,5.7609,32.95,0.038,-9.3656,0.0018003,0.0017997,-1.5667,0.0214,437.65
22.086,5.7634,32.576,0.0457,-9.3399,0.0013999,0.0014001,-1.5659,0.0214,436.45
22.126,5.7659,32.203,0.0534,-9.3142,0.00089965,0.00090035,-1.5651,0.0214,435.25
22.166,5.7683,31.831,0.0611,-9.2886,0.00050025,0.00049975,-1.5642,0.0214,434.06
22.206,5.4704,31.491,-11.256,-8.0555,0.027046,0.027048,-1.6009,0.0033186,4170.9
22.246,5.1606,31.156,-0.60824,-9.1261,0.053499,0.053503,-1.6374,-0.0147,-622.2
22.286,5.1815,30.779,-0.56131,-9.1235,0.045201,0.0452,-1.6322,-0.0119,-768.13
22.326,5.1986,30.396,-0.53473,-9.1177,0.041001,0.040999,-1.6293,-0.01,-913.34
22.366,5.1919,30.026,-0.52421,-9.0979,0.039401,0.039401,-1.6284,-0.0093,-979.89
22.406,5.1107,29.656,-0.60655,-9.0675,0.045399,0.045398,-1.6375,-0.0131,-693.73
22.446,4.9158,29.345,-0.79275,-8.8943,0.080397,0.080407,-1.6598,-0.0236,-378.37
22.486,5.0136,28.972,-0.65646,-8.89,0.064402,0.064405,-1.6446,-0.0158,-564.19
22.526,5.0048,28.612,-0.64139,-8.8701,0.060903,0.060903,-1.643,-0.0148,-600.89
22.566,5.0687,28.243,-0.54624,-8.8635,0.049602,0.049597,-1.6323,-0.0092,-965.25
22.606,5.0461,27.89,-0.54724,-8.8304,0.049901,0.049897,-1.6326,-0.0092,-961.67
22.646,5.0405,27.498,-0.5644,-8.8464,0.0476,0.047597,-1.6345,-0.0091,-974.1
22.686,5.0534,27.142,-0.52421,-8.8232,0.044101,0.0441,-1.6301,-0.0068,-1299.8
22.726,5.1242,26.776,-0.42328,-8.8134,0.034901,0.034898,-1.6187,-0.0011,-8021.4
22.766,5.0788,26.423,-0.45619,-8.7935,0.036799,0.036798,-1.6226,-0.0029,-3036.3
22.806,5.084,26.07,-0.42918,-8.7719,0.0344,0.034399,-1.6196,-0.0015,-5854.9
******-------------------------------------------------------------------------------------------------------------------****** 
