******-------------------------------------------------------------------------------------------------------------------****** 
Duration of the scene is: 24.9276 seconds
Original Targets Numbers in the hole Scene: 10
Number of Targets in the hole Scene after preprocessing: 19
Number of static portions: 1
******-------------------------------------------------------------------------------------------------------------------****** 
TargetID: ID11
Relevancy: 1
tj = 7.6026
Label: 0
Comment: Target is relevant and going straight, since target is crossing Ego X-axis in EFC
DATA:
6.4423,45.058,19.155,NaN,NaN,NaN,NaN,-2.1907,NaN,NaN
6.4823,NaN,NaN,NaN,NaN,NaN,NaN,-1.7916,NaN,NaN
6.5222,NaN,NaN,NaN,NaN,NaN,NaN,-2.1192,NaN,NaN
6.5622,NaN,NaN,NaN,NaN,NaN,NaN,-1.8886,NaN,NaN
6.6022,NaN,NaN,NaN,NaN,NaN,NaN,-1.9224,NaN,NaN
6.6422,NaN,NaN,NaN,NaN,NaN,NaN,-1.8757,NaN,NaN
6.6824,NaN,NaN,NaN,NaN,NaN,NaN,-2.0524,NaN,NaN
6.7223,44.453,16.323,-4.3094,-9.1355,-0.030212,-0.016963,-2.0116,-0.0214,-472
6.7623,43.842,16.261,-4.4342,-9.1928,-0.055595,-0.030967,-2.0203,-0.05,-204.13
6.8023,43.733,15.789,-4.4161,-9.4737,-0.11425,-0.063119,-2.0071,-0.0942,-110.96
6.8424,43.607,15.376,-4.566,-9.5584,-0.18075,-0.098974,-2.0167,-0.1245,-85.085
6.8824,43.517,15.109,-4.5788,-9.7682,-0.20463,-0.11124,-2.0096,-0.1298,-83.113
6.9224,43.367,14.702,-4.6289,-9.8583,-0.1979,-0.10656,-2.0102,-0.1371,-79.438
6.9623,43.173,14.291,-4.7223,-9.9063,-0.19246,-0.10282,-2.016,-0.1394,-78.725
7.0024,42.994,13.877,-4.8381,-9.9479,-0.19736,-0.10438,-2.0239,-0.1508,-73.355
7.0424,42.829,13.416,-4.7543,-10.177,-0.17479,-0.091652,-2.0082,-0.1237,-90.803
7.0824,42.589,13.092,-4.9813,-10.016,-0.18577,-0.096716,-2.0327,-0.1509,-74.133
7.1225,42.365,12.732,-5.2085,-9.8965,-0.2022,-0.10435,-2.0557,-0.1811,-61.753
7.1626,42.116,12.432,-5.4594,-9.6861,-0.20333,-0.10403,-2.0844,-0.2159,-51.499
7.2025,41.895,12.084,-5.6219,-9.5913,-0.2061,-0.10451,-2.1013,-0.23,-48.337
7.2425,41.701,11.719,-5.6511,-9.6094,-0.20103,-0.10105,-2.1028,-0.2221,-50.193
7.2825,41.504,11.271,-5.6423,-9.7532,-0.22049,-0.10988,-2.0957,-0.1955,-57.635
7.3225,41.247,10.937,-5.7646,-9.7122,-0.23443,-0.11583,-2.1069,-0.2017,-55.995
7.3626,41.055,10.412,-5.6669,-9.9623,-0.25473,-0.12466,-2.0883,-0.1618,-70.836
7.4027,40.85,9.9934,-5.5947,-10.131,-0.24827,-0.12048,-2.0757,-0.1357,-85.283
7.4425,40.643,9.5724,-5.6129,-10.198,-0.24447,-0.11762,-2.0743,-0.1258,-92.532
7.4825,40.558,9.034,-5.2975,-10.636,-0.20147,-0.096014,-2.0326,-0.0618,-192.27
7.5225,40.314,8.6129,-5.4212,-10.617,-0.21606,-0.10225,-2.0432,-0.0703,-169.57
7.5627,40.21,8.1096,-5.2473,-10.881,-0.18417,-0.086419,-2.0204,-0.0369,-327.38
7.6026,40.09,7.6207,-5.0933,-11.096,-0.14412,-0.067093,-2.0009,-0.0126,-969.01
7.6427,39.943,7.103,-4.9397,-11.336,-0.10347,-0.047848,-1.9819,0.012,1030.4
7.6827,39.823,6.5724,-4.7163,-11.634,-0.039464,-0.018106,-1.956,0.043,291.93
7.7227,39.568,6.1698,-4.8171,-11.588,-0.051233,-0.023311,-1.9647,0.0313,400.95
7.7627,39.415,5.6738,-4.7049,-11.766,-0.013535,-0.0061074,-1.9512,0.0453,279.73
7.8027,39.174,5.3437,-4.9739,-11.56,-0.062231,-0.02784,-1.9772,0.012,1048.7
7.8426,38.957,4.8879,-5.0589,-11.563,-0.068006,-0.03017,-1.9833,0.0052,2427.1
7.8829,38.79,4.3742,-4.9792,-11.73,-0.041684,-0.018336,-1.9722,0.0178,715.92
7.9227,38.586,3.8936,-4.9615,-11.834,-0.026966,-0.011758,-1.9679,0.0219,585.91
7.9627,38.441,3.3825,-4.8537,-12.048,0.0077891,0.0033656,-1.9538,0.0356,364.85
8.0028,38.197,2.9341,-4.9563,-12.001,-0.0053308,-0.002282,-1.9624,0.027,480.9
8.0428,38.061,2.4007,-4.854,-12.181,0.030596,0.012974,-1.9501,0.0391,335.36
8.0828,37.903,1.8762,-4.7613,-12.344,0.065324,0.027429,-1.939,0.0493,268.36
8.1229,37.584,1.4678,-4.9965,-12.152,0.020241,0.0084111,-1.9609,0.0248,529.81
8.1628,37.353,1.011,-5.0754,-12.136,0.014909,0.0061326,-1.9669,0.0179,734.9
8.2028,37.075,0.63038,-5.3362,-11.867,-0.026984,-0.010984,-1.9934,-0.0087,-1495.5
8.2428,36.852,0.16174,-5.3762,-11.877,-0.023612,-0.0095122,-1.9959,-0.0097,-1344
8.2828,36.588,-0.26201,-5.4764,-11.786,-0.029427,-0.011732,-2.0058,-0.0176,-738.42
8.3228,36.359,-0.71951,-5.5284,-11.779,-0.02855,-0.011261,-2.0097,-0.0203,-640.97
8.3629,36.121,-1.1732,-5.5686,-11.759,-0.028724,-0.011203,-2.0131,-0.0217,-599.57
8.4028,35.9,-1.6418,-5.5967,-11.778,-0.023489,-0.0090566,-2.0144,-0.0219,-595.45
8.4429,35.666,-2.0908,-5.6284,-11.743,-0.01837,-0.0070001,-2.0178,-0.0233,-558.89
8.483,35.489,-2.5284,-5.5498,-11.86,-0.001985,-0.00074746,-2.0085,-0.0122,-1073.3
8.523,35.28,-2.9278,-5.6026,-11.757,-0.0025185,-0.00093748,-2.0155,-0.0172,-757.18
8.563,35.057,-3.3115,-5.6459,-11.714,-0.001991,-0.00073222,-2.0199,-0.0201,-646.94
8.6032,34.858,-3.6244,-5.7259,-11.592,-0.0058484,-0.0021241,-2.0296,-0.0278,-465.06
8.643,34.631,-4.0141,-5.7636,-11.475,-0.0038605,-0.0013847,-2.0363,-0.0319,-402.54
8.683,34.579,-3.9781,-5.8402,-11.232,-0.0022668,-0.0008023,-2.0503,-0.0428,-295.78
8.7229,34.224,-4.6224,-5.8647,-11.144,0.00053463,0.00018658,-2.0552,-0.0448,-281.1
8.763,33.976,-5.0635,-6.5171,-10.905,0.00048601,0.00016961,-2.0535,-0.040726,-311.94
8.8031,33.704,-5.4968,-7.0398,-10.724,0.00043734,0.00015262,-2.0518,-0.036647,-350.05
8.8431,33.414,-5.9234,-7.4315,-10.601,0.00038873,0.00013566,-2.0501,-0.032574,-397.45
8.8831,33.111,-6.3458,-7.6929,-10.536,0.00034016,0.00011871,-2.0484,-0.028504,-457.68
8.9231,32.8,-6.767,-7.8242,-10.529,0.00029158,0.00010176,-2.0467,-0.024433,-536.89
8.9631,32.487,-7.1887,-7.8256,-10.58,0.00024303,8.4815e-05,-2.0449,-0.020365,-646.18
9.0031,32.176,-7.6145,-7.6967,-10.689,0.00019439,6.7838e-05,-2.0432,-0.016289,-808.63
9.0431,31.872,-8.0455,-7.4377,-10.856,0.00014577,5.0873e-05,-2.0415,-0.012215,-1077.3
9.0833,31.581,-8.4853,-7.0474,-11.081,9.7053e-05,3.387e-05,-2.0398,-0.0081327,-1614.7
9.1231,31.311,-8.932,-6.5306,-11.362,4.8686e-05,1.6991e-05,-2.0381,-0.0040797,-3212.3
9.1632,31.061,-9.3942,-5.8802,-11.703,0,0,-2.0364,0,Inf
9.2032,30.832,-9.8658,-5.8811,-11.703,0,0,-2.0365,0,Inf
9.2432,30.604,-10.292,-5.0727,-10.948,-0.00081661,-0.00023098,-2.0047,0.0063,1915.2
9.2832,30.466,-10.343,-5.3318,-11.027,-0.00095409,-0.00026458,-2.0212,-0.0128,-956.87
9.3234,31.031,-10.028,-6.5828,-11.607,-0.00027275,-7.4063e-05,-2.0867,-0.0115,-1160.3
9.3633,30.959,-10.197,1.8241,1.4542,-0.00018206,-4.9435e-05,-2.0919,-0.012996,-179.5
9.4033,31.088,-10.046,3.4863,4.416,-9.1047e-05,-2.4723e-05,-2.0972,-0.014498,-388.08
9.4433,31.147,-9.9795,-1.6403,-2.789,0,0,-2.1024,-0.016,-202.23
9.4833,30.042,-11.979,-6.5829,-12.033,0.00013748,3.3598e-05,-2.0714,0.0513,267.37
9.5232,29.958,-12.343,-5.8391,-11.215,-0.0012379,-0.00029703,-2.0508,0.0764,165.49
9.5634,29.714,-12.742,-5.7221,-11.124,-0.0019288,-0.0004484,-2.0459,0.0788,158.75
9.6033,29.583,-13.148,-5.2948,-11.088,-0.0024837,-0.00055642,-2.0163,0.1428,86.048
9.6433,29.478,-13.578,-4.959,-10.992,-0.017972,-0.003866,-1.9944,0.1617,74.573
9.6833,29.352,-14.056,-4.7147,-11.115,-0.022162,-0.0045622,-1.9718,0.192,62.883
9.7233,29.078,-14.509,-4.8628,-11.188,0.0022206,0.00043593,-1.9808,0.1648,74.024
9.7634,28.904,-14.986,-4.7471,-11.249,0.00013941,2.577e-05,-1.9701,0.1728,70.66
9.8035,28.572,-15.42,-5.0654,-11.244,0.032595,0.00574,-1.9944,0.1144,107.8
9.8434,28.504,-15.912,-4.7023,-11.356,0.030005,0.0049437,-1.9637,0.1624,75.686
9.8833,28.432,-16.412,-4.3347,-11.489,0.044602,0.0068291,-1.932,0.2093,58.672
9.9233,28.251,-16.896,-4.2956,-11.564,0.080266,0.01132,-1.9272,0.2041,60.442
9.9634,28.192,-17.406,-3.9768,-11.683,0.10539,0.013536,-1.9,0.2373,52.005
10.003,28.046,-17.908,-3.8509,-11.783,0.15976,0.018504,-1.8883,0.2416,51.31
10.044,27.949,-18.41,-3.6384,-11.898,0.22372,0.023004,-1.8698,0.2558,48.64
10.083,27.842,-18.911,-3.4473,-12.005,0.28965,0.02592,-1.8534,0.2651,47.114
10.124,27.709,-19.405,-3.3465,-12.082,0.34456,0.025967,-1.8445,0.2623,47.794
10.164,27.44,-19.883,-3.5454,-12.088,0.36383,0.021957,-1.8597,0.2249,56.013
10.203,27.316,-20.376,-3.4189,-12.164,0.41142,0.018441,-1.8489,0.2272,55.611
10.244,27.024,-20.834,-3.6818,-12.116,0.38835,0.010889,-1.8697,0.1862,68.008
10.284,26.749,-21.299,-3.8675,-12.103,0.39767,0.004416,-1.884,0.1578,80.522
10.323,26.544,-21.793,-3.9073,-12.133,0.41463,-0.0024943,-1.8864,0.1476,86.359
10.364,26.318,-22.263,-3.9802,-12.15,0.43924,-0.010307,-1.8917,0.1338,95.555
10.404,26.041,-22.713,-4.1764,-12.098,0.42372,-0.017559,-1.9074,0.108,118.51
10.444,25.908,-23.218,-4.0778,-12.173,0.47072,-0.027763,-1.8987,0.1129,113.71
10.484,25.575,-23.674,-4.3491,-12.114,0.46633,-0.036063,-1.9201,0.084,153.22
10.524,25.383,-24.145,-4.3597,-12.142,0.47919,-0.045983,-1.9202,0.0803,160.66
10.564,25.113,-24.612,-4.5023,-12.118,0.48243,-0.055495,-1.9312,0.0653,197.97
10.604,24.862,-25.052,-4.6741,-12.067,0.4703,-0.06343,-1.9449,0.0479,270.17
10.644,24.709,-25.548,-4.6117,-12.121,0.4967,-0.076881,-1.9392,0.0514,252.31
10.684,24.557,-26.016,-4.5491,-12.146,0.48662,-0.085444,-1.9339,0.0536,241.98
10.724,24.318,-26.459,-4.6616,-12.129,0.49277,-0.096976,-1.9425,0.0424,306.46
10.764,24.081,-26.938,-4.7298,-12.137,0.50594,-0.11036,-1.9473,0.0363,358.85
10.804,23.85,-27.403,-4.7881,-12.146,0.52547,-0.12608,-1.9514,0.0309,422.5
10.844,23.692,-27.896,-4.731,-12.186,0.53314,-0.13983,-1.9463,0.034,384.47
10.884,23.456,-28.378,-4.7854,-12.19,0.53135,-0.15153,-1.9501,0.0299,437.97
10.924,23.221,-28.835,-4.8817,-12.247,0.56175,-0.1736,-1.9555,0.0246,535.93
10.964,22.892,-29.29,-5.0346,-12.169,0.57198,-0.19036,-1.9686,0.0134,982.78
******-------------------------------------------------------------------------------------------------------------------****** 
TargetID: ID12
Relevancy: 0
tj = Inf
Label: -1
Comment: Target is irrelevant as it is not crossing the estimated holding line
DATA:
9.5232,21.088,-42.15,NaN,NaN,NaN,NaN,1.6034,NaN,NaN
9.5634,21.79,-41.888,NaN,NaN,NaN,NaN,1.3089,NaN,NaN
9.6033,23.349,-41.894,NaN,NaN,NaN,NaN,0.8167,NaN,NaN
9.6433,22.255,-40.979,NaN,NaN,NaN,NaN,1.2627,NaN,NaN
9.6833,22.426,-40.416,NaN,NaN,NaN,NaN,1.2626,NaN,NaN
9.7233,22.61,-39.86,NaN,NaN,NaN,NaN,1.2626,NaN,NaN
9.7634,22.784,-39.298,NaN,NaN,NaN,NaN,1.2625,NaN,NaN
9.8035,22.967,-38.742,NaN,NaN,NaN,NaN,1.2625,NaN,NaN
9.8434,23.143,-38.181,NaN,NaN,NaN,NaN,1.2623,NaN,NaN
9.8833,23.318,-37.618,NaN,NaN,NaN,NaN,1.2623,NaN,NaN
9.9233,24.271,-37.654,5.3727,13.551,0,0,1.1933,0,Inf
9.9634,24.489,-37.115,5.373,13.551,0,0,1.1933,0,Inf
10.003,23.927,-36.466,3.9472,13.597,0.15371,0.01758,1.2882,-0.003,-4719.6
10.044,24.088,-35.926,3.9484,13.593,0.16083,0.016197,1.288,-0.003,-4718.3
10.083,24.244,-35.382,3.9495,13.589,0.1678,0.014548,1.2879,-0.003,-4717.1
10.124,23.877,-34.842,3.1405,13.632,-0.14092,-0.010143,1.3443,0.0097,1442.2
10.164,23.998,-34.295,3.138,13.641,-0.1364,-0.0077491,1.3446,0.0097,1443.1
10.203,24.121,-33.75,3.1365,13.65,-0.13198,-0.0053812,1.3449,0.0097,1443.9
10.244,24.251,-33.207,3.1328,13.66,-0.12795,-0.0031037,1.3453,0.0097,1444.8
10.284,26.229,-32.726,5.9862,13.27,0.10112,0.00073094,1.147,-0.1013,-143.71
10.323,26.475,-32.201,6.0389,13.243,0.11172,-0.0011253,1.1429,-0.1013,-143.68
10.364,26.852,-31.655,6.3435,13.217,0.059374,-0.0016493,1.1233,-0.113,-129.74
10.404,27.112,-31.131,6.4041,13.191,0.067671,-0.0030859,1.1188,-0.113,-129.76
10.444,27.374,-30.61,6.4654,13.164,0.07579,-0.0048245,1.1142,-0.113,-129.79
10.484,27.634,-30.087,6.5264,13.137,0.083583,-0.0068493,1.1097,-0.113,-129.81
10.524,28.476,-29.597,8.0181,12.823,-0.11918,0.012009,1.012,-0.2267,-66.71
10.564,28.802,-29.089,8.1482,12.772,-0.11542,0.013838,1.003,-0.2267,-66.826
10.604,28.877,-29.65,5.4437,13.304,0.48323,-0.066034,1.1799,0.0367,391.68
10.644,29.1,-29.123,5.414,13.291,0.50046,-0.07845,1.1814,0.0367,391.04
10.684,29.207,-28.434,5.1848,13.441,0.44658,-0.081531,1.205,0.0652,220.96
10.724,29.52,-27.925,5.511,13.42,0.32953,-0.065858,1.1794,0.0297,488.48
10.764,29.753,-27.473,5.6403,13.329,0.29905,-0.067212,1.1721,0.0178,813.09
10.804,30.025,-26.961,5.8493,13.293,0.23981,-0.058503,1.155,-0.0051,-2847.7
10.844,30.455,-26.417,6.3154,13.28,0.10653,-0.028473,1.1263,-0.0348,-422.56
10.884,30.73,-25.89,6.3482,13.265,0.10155,-0.029477,1.1239,-0.0354,-415.41
10.924,31.003,-25.312,6.1402,13.322,0.16168,-0.050717,1.138,-0.0142,-1033
10.964,31.184,-24.767,5.9596,13.353,0.21453,-0.072468,1.1499,-0.0005,-29245
11.004,31.259,-24.793,6.4672,13.331,-0.0037211,0.001355,1.1192,-0.0367,-403.73
11.044,31.928,-23.802,7.5332,13.175,-0.3512,0.13774,1.0532,-0.1117,-135.87
11.084,32.257,-23.306,8.0169,13.132,-0.51977,0.21819,1.0256,-0.1378,-111.65
11.124,32.401,-22.49,7.9742,13.11,-0.47875,0.21352,1.0266,-0.1317,-116.52
11.163,32.656,-21.893,8.0866,13.242,-0.62991,0.29919,1.0257,-0.1261,-123.04
11.204,32.679,-21.538,7.9469,13.166,-0.48247,0.24289,1.0308,-0.1162,-132.35
11.244,33.047,-20.961,8.1175,13.202,-0.59849,0.31971,1.0232,-0.119,-130.23
11.284,33.188,-20.507,7.4157,13.289,-0.31059,0.17484,1.0639,-0.0722,-210.78
11.324,33.494,-19.959,7.4739,13.328,-0.37066,0.22074,1.0623,-0.0706,-216.43
11.364,33.76,-19.418,7.4014,13.381,-0.38005,0.23766,1.0655,-0.0644,-237.44
11.404,34.098,-18.856,7.5738,13.435,-0.49647,0.33022,1.061,-0.0661,-233.33
11.444,34.36,-18.341,7.5401,13.437,-0.46299,0.32475,1.0628,-0.0621,-248.11
11.484,34.643,-17.745,7.5163,13.468,-0.46281,0.34227,1.0651,-0.0579,-266.38
11.524,34.89,-17.226,7.4423,13.463,-0.40767,0.3176,1.0688,-0.0525,-293.01
11.564,34.949,-16.747,6.8735,13.295,-0.01227,0.010018,1.0937,-0.0283,-528.87
11.604,35.007,-16.349,6.3979,13.054,0.39696,-0.33922,1.1117,-0.0116,-1253.3
11.644,35.178,-15.914,6.1967,12.975,0.52694,-0.47254,1.1204,-0.0033,-4357.2
11.684,35.302,-15.507,5.8723,12.747,0.84596,-0.79237,1.1306,0.0058,2419.7
11.724,35.457,-15.113,5.7736,12.596,0.98524,-0.96417,1.1302,0.0045,3079.2
11.764,35.603,-14.757,5.9466,12.767,0.69475,-0.71355,1.1261,-0.0001,-1.4084e+05
11.804,35.878,-14.162,6.1583,12.955,0.37162,-0.40109,1.1224,-0.0042,-3415.4
11.844,36.108,-13.644,5.9943,12.872,0.52419,-0.58785,1.1282,0.0012,11832
11.884,36.339,-13.112,6.1258,12.807,0.49408,-0.58954,1.1312,0.0036,3943.6
11.924,36.578,-12.616,6.1227,12.739,0.52456,-0.65098,1.1298,0.0022,6424.4
11.964,36.792,-12.076,6.0575,12.756,0.5076,-0.65351,1.1344,0.006,2353.6
12.004,37.029,-11.56,6.0357,12.758,0.48283,-0.64432,1.1356,0.007,2016.3
12.044,37.256,-11.047,6.0008,12.73,0.49166,-0.68036,1.1373,0.0082,1716.3
12.084,37.479,-10.534,5.9596,12.699,0.50418,-0.7234,1.1393,0.0097,1446.2
12.124,37.713,-10.029,5.9437,12.678,0.49436,-0.73502,1.1397,0.0097,1443.5
12.164,37.946,-9.5192,5.9275,12.657,0.48429,-0.74601,1.1401,0.0097,1440.9
12.204,38.178,-9.0143,5.9107,12.637,0.47407,-0.75648,1.1405,0.0097,1438.3
12.243,38.411,-8.5083,5.8937,12.617,0.46372,-0.76625,1.141,0.0097,1435.6
12.284,38.643,-8.0006,5.877,12.596,0.4535,-0.77553,1.1414,0.0097,1433
******-------------------------------------------------------------------------------------------------------------------****** 
TargetID: ID02
Relevancy: 0
tj = Inf
Label: -1
Comment: Target is irrelevant as it is not crossing the estimated holding line
DATA:
1.4006,32.398,-6.0919,-3.808,-7.7377,-0.44997,-0.4478,-2.0328,-0.0117,-737.09
1.4406,32.236,-6.442,-4.2499,-9.5244,-0.48784,-0.48521,-2.0284,-0.0081688,-1276.8
1.4806,32.063,-6.8319,-4.2807,-9.6826,-0.52579,-0.5227,-2.0241,-0.0046294,-2286.8
1.5205,31.899,-7.1945,-3.9005,-8.2127,-0.56363,-0.56008,-2.0197,-0.0011,-8265.3
1.5605,31.744,-7.5228,-3.924,-8.2601,-0.56313,-0.55936,-2.0197,-0.0011,-8313.5
1.6006,31.56,-7.9387,-3.9856,-8.474,-0.62002,-0.61565,-2.0162,0.0013,7203.5
1.6406,31.398,-8.2785,-4.0109,-8.5268,-0.61939,-0.61465,-2.0162,0.0013,7248.5
1.6806,31.227,-8.7039,-4.0593,-8.7608,-0.67328,-0.66776,-2.0107,0.0051,1893.2
1.7207,31.064,-9.0553,-4.0853,-8.8194,-0.67246,-0.66654,-2.0105,0.0051,1905.8
1.7607,30.862,-9.4551,-4.1514,-8.9673,-0.70791,-0.70129,-2.0104,0.0049,2016.7
1.8006,30.694,-9.8133,-4.1784,-9.029,-0.7071,-0.70007,-2.0102,0.0049,2030.4
1.8406,30.529,-10.205,-4.1967,-9.1832,-0.72624,-0.71849,-2.0055,0.0081,1246.5
1.8808,30.356,-10.573,-4.2238,-9.2476,-0.7252,-0.71688,-2.0053,0.0081,1255.1
1.9207,30.012,-11.44,-4.6662,-10.048,-0.98733,-0.97205,-1.9985,0.0113,980.38
1.9607,29.774,-11.931,-4.7038,-10.302,-1.0402,-1.0249,-1.9991,0.0104,1088.9
2.0007,29.478,-12.624,-4.9924,-10.802,-1.1852,-1.1645,-1.9964,0.0115,1034.7
2.0408,29.292,-13.059,-5.0348,-10.91,-1.1882,-1.1667,-1.9959,0.0115,1044.9
2.0807,29.214,-13.072,-4.8483,-10.356,-0.973,-0.95475,-2.0022,0.0082,1394.5
2.121,29.024,-13.489,-4.8837,-10.444,-0.97158,-0.95243,-2.0018,0.0082,1406
2.1608,28.776,-14.062,-5.0198,-10.768,-1.0522,-1.0304,-2.0005,0.0085,1397.7
2.2008,28.583,-14.495,-5.058,-10.863,-1.0505,-1.0277,-2.0001,0.0085,1409.8
2.2407,28.414,-14.811,-5.0434,-10.77,-0.99402,-0.97141,-2.0026,0.007,1698.9
2.2808,28.218,-15.243,-5.0796,-10.86,-0.9926,-0.96908,-2.0023,0.007,1712.7
2.3208,28.181,-15.166,-4.827,-10.156,-0.73576,-0.71797,-2.0095,0.0032,3513.9
2.361,27.99,-15.576,-4.8562,-10.22,-0.73508,-0.71646,-2.0094,0.0032,3535.9
2.4009,27.799,-15.985,-4.8837,-10.285,-0.73423,-0.71493,-2.0092,0.0032,3557.9
2.4409,27.6,-16.256,-5.0303,-4.24,-0.64221,-0.62483,-2.0197,-0.0043291,-1519.7
2.4808,27.399,-16.401,-5.0189,-3.962,-0.55024,-0.53479,-2.0302,-0.011853,-539.45
2.5209,27.2,-16.651,-4.849,-9.4697,-0.45801,-0.44448,-2.0408,-0.0194,-548.4
2.561,27.01,-17.03,-4.8741,-9.5021,-0.45852,-0.44436,-2.0415,-0.0194,-550.48
2.601,26.818,-17.41,-4.8993,-9.5346,-0.45904,-0.44424,-2.0423,-0.0194,-552.56
******-------------------------------------------------------------------------------------------------------------------****** 
TargetID: ID14
Relevancy: 0
tj = Inf
Label: -1
Comment: Target is irrelevant as it is not crossing the estimated holding line
DATA:
6.2822,38.543,5.125,-4.2097,-8.9717,0.12072,0.073994,-2.0081,0.0157,631.23
6.3222,38.488,4.982,-3.952,-8.3983,0.30552,0.18667,-2.0147,-0.0005,-18563
6.3622,38.25,4.7787,-4.0042,-7.9874,0.44088,0.26559,-2.0292,-0.0162,-551.54
6.4022,38.165,4.404,-4.0952,-8.2126,0.24495,0.14653,-2.03,-0.0326,-281.5
6.4423,38.022,4.1651,-4.2423,-8.0569,0.2308,0.13686,-2.0524,-0.0711,-128.07
6.4823,37.861,3.757,-4.2309,-8.3729,0.063721,0.037598,-2.0395,-0.0483,-194.23
6.5222,37.68,3.4069,-4.2583,-8.4176,0.04211,0.024619,-2.0386,-0.0441,-213.91
6.5622,37.526,3.0793,-4.2947,-8.4194,0.023972,0.013908,-2.0422,-0.0484,-195.28
6.6022,37.411,2.6929,-4.2691,-8.6016,-0.040702,-0.023434,-2.032,-0.0347,-276.74
6.6422,37.254,2.3228,-4.2387,-8.7123,-0.061183,-0.034945,-2.0244,-0.0222,-436.43
6.6824,37.143,1.8227,-4.2135,-8.8867,-0.083844,-0.047504,-2.0146,-0.0076,-1294.1
6.7223,36.987,1.4275,-4.2503,-8.966,-0.10797,-0.060654,-2.0148,-0.0085,-1167.3
6.7623,36.812,1.0827,-4.2712,-8.9697,-0.10608,-0.059104,-2.0165,-0.0101,-983.64
6.8023,36.644,0.73613,-4.326,-8.9179,-0.099473,-0.054953,-2.0237,-0.0185,-535.77
6.8424,36.486,0.33672,-4.344,-8.9959,-0.11259,-0.061675,-2.022,-0.0158,-632.27
6.8824,36.341,-0.11421,-4.3359,-9.1903,-0.14068,-0.07644,-2.0133,-0.0051,-1992.5
6.9224,36.166,-0.46461,-4.3759,-9.1624,-0.13385,-0.072101,-2.018,-0.0101,-1005.3
6.9623,35.989,-0.81103,-4.3988,-9.1639,-0.12886,-0.068814,-2.0199,-0.0116,-876.29
7.0024,35.821,-1.1966,-4.412,-9.2341,-0.13498,-0.071482,-2.0181,-0.0093,-1100.4
7.0424,35.647,-1.5625,-4.4612,-9.2773,-0.13999,-0.07328,-2.0174,-0.0084,-1225.5
7.0824,35.462,-1.9219,-4.4709,-9.2682,-0.13373,-0.069606,-2.0219,-0.0126,-816.68
7.1225,35.292,-2.2999,-4.4868,-9.3208,-0.13523,-0.069775,-2.0211,-0.0113,-915.44
7.1626,35.108,-2.6603,-4.5102,-9.3271,-0.13132,-0.067172,-2.0228,-0.0125,-828.83
7.2025,34.935,-3.0598,-4.5295,-9.4095,-0.13661,-0.069264,-2.021,-0.0101,-1034
7.2425,34.74,-3.4117,-4.5676,-9.3661,-0.12774,-0.064201,-2.026,-0.0145,-718.65
7.2825,34.556,-3.7687,-4.6005,-9.3336,-0.11972,-0.059645,-2.0302,-0.0178,-584.6
7.3225,34.364,-4.1445,-4.6555,-9.3928,-0.12641,-0.062276,-2.0295,-0.0161,-651.13
7.3626,34.198,-4.5704,-4.6522,-9.5045,-0.12574,-0.061398,-2.0245,-0.0097,-1090.9
7.4027,34.03,-4.7203,-4.6497,-8.9943,-0.04951,-0.024028,-2.0485,-0.032,-316.41
7.4425,33.838,-5.0106,-4.6564,-8.8814,-0.028805,-0.013852,-2.0537,-0.0351,-285.7
7.4825,33.646,-5.6109,-4.7562,-9.3305,-0.10338,-0.049233,-2.041,-0.0224,-467.54
7.5225,33.445,-6.0267,-4.8131,-9.4389,-0.11951,-0.056435,-2.041,-0.0215,-492.8
7.5627,33.252,-6.5306,-4.8589,-9.7221,-0.14758,-0.069121,-2.0326,-0.0129,-842.54
7.6026,33.054,-7.0682,-4.9417,-10.063,-0.18097,-0.084085,-2.0254,-0.0058,-1932.9
7.6427,32.85,-7.4108,-4.9571,-9.9406,-0.15978,-0.073701,-2.0317,-0.0106,-1047.9
7.6827,32.618,-7.8833,-5.0569,-10.14,-0.18389,-0.084153,-2.0315,-0.0101,-1121.9
7.7227,32.425,-8.234,-5.0388,-10.051,-0.16593,-0.0756,-2.0372,-0.0145,-775.4
7.7627,32.218,-8.582,-5.0618,-9.9609,-0.15184,-0.068588,-2.0425,-0.0184,-607.24
7.8027,31.336,-9.4128,-10.362,-16.539,-0.18168,-0.081304,-2.131,-0.0032,-6099
7.8426,31.099,-9.931,-9.6763,-16.495,-0.15188,-0.067343,-2.1008,-0.0001,-1.9124e+05
7.8829,31.364,-9.6551,-5.68,-10.786,-0.071088,-0.03129,-2.0561,-0.0251,-485.66
7.9227,31.062,-10.259,-5.0795,-9.4357,-0.044475,-0.019399,-2.0651,0.0492,217.81
7.9627,30.877,-10.632,-4.2123,-9.1905,-0.041261,-0.017906,-2.0515,0.066111,152.92
8.0028,30.721,-10.997,-3.5939,-9.0545,-0.038049,-0.016414,-2.0379,0.083011,117.35
8.0428,30.586,-11.358,-3.2238,-9.0275,-0.034841,-0.014924,-2.0243,0.099885,95.969
8.0828,30.46,-11.721,-3.101,-9.1093,-0.031632,-0.013433,-2.0107,0.11677,82.407
8.1229,30.334,-12.09,-3.2265,-9.3008,-0.028413,-0.011937,-1.997,0.13371,73.628
8.1628,30.199,-12.466,-3.5973,-9.599,-0.025218,-0.010453,-1.9835,0.15051,68.107
8.2028,30.043,-12.858,-4.2169,-10.007,-0.022008,-0.0089619,-1.9699,0.1674,64.871
8.2428,29.849,-13.254,-4.2784,-10.082,-0.019151,-0.0077123,-1.9719,0.1479,74.053
8.2828,29.669,-13.71,-4.3446,-10.269,-0.019573,-0.0078009,-1.9708,0.1377,80.974
8.3228,29.488,-14.111,-4.356,-10.338,-0.0044731,-0.0017643,-1.9695,0.1289,87.03
8.3629,29.309,-14.513,-4.3583,-10.4,0.0096181,0.003752,-1.9677,0.1234,91.383
8.4028,29.118,-14.926,-4.3923,-10.5,0.028503,0.010996,-1.9673,0.1158,98.288
8.4429,28.883,-15.344,-4.4656,-10.537,0.027224,0.010381,-1.9719,0.1,114.44
8.483,28.752,-15.751,-4.3477,-10.567,0.057573,0.021713,-1.9618,0.1081,105.71
8.523,28.595,-16.209,-4.3441,-10.703,0.0843,0.031437,-1.9573,0.1072,107.75
8.563,28.371,-16.648,-4.4156,-10.784,0.089731,0.033068,-1.9604,0.0975,119.51
8.6032,28.204,-17.086,-4.3969,-10.863,0.10675,0.03887,-1.9565,0.0975,120.19
8.643,28.155,-17.52,-4.1238,-10.897,0.14671,0.052806,-1.9342,0.1209,96.37
8.683,27.926,-17.97,-4.2282,-10.972,0.1496,0.053136,-1.9402,0.108,108.88
8.7229,27.648,-18.418,-4.4212,-11.034,0.13807,0.048354,-1.9533,0.0877,135.54
8.763,27.49,-18.864,-4.3682,-11.105,0.15795,0.054563,-1.9472,0.0907,131.57
8.8031,27.214,-19.292,-4.5653,-11.135,0.13895,0.047237,-1.9613,0.0708,169.97
8.8431,26.954,-19.718,-4.6919,-11.192,0.13755,0.046067,-1.9691,0.0591,205.34
8.8831,26.693,-20.159,-4.8274,-11.219,0.12381,0.040782,-1.9784,0.0468,260.97
8.9231,26.565,-20.618,-4.7138,-11.281,0.14977,0.048652,-1.9681,0.0557,219.5
8.9631,26.363,-21.065,-4.7382,-11.313,0.15203,0.048565,-1.9689,0.0519,236.33
9.0031,26.1,-21.497,-4.8811,-11.358,0.14655,0.045959,-1.9781,0.0408,302.99
9.0431,25.721,-21.903,-5.2112,-11.267,0.09478,0.029215,-2.0049,0.0103,1205.2
9.0833,25.456,-22.336,-5.3263,-11.295,0.090718,0.027492,-2.0123,0.0033,3784.2
9.1231,25.056,-22.741,-5.7575,-11.214,0.037414,0.011144,-2.0455,-0.0342,-368.58
9.1632,24.786,-23.176,-5.8673,-11.207,0.029997,0.0087838,-2.0534,-0.0422,-299.75
9.2032,24.564,-23.619,-5.9005,-11.209,0.031805,0.0091525,-2.0556,-0.0437,-289.87
9.2432,24.33,-24.068,-5.9549,-11.217,0.032529,0.0091914,-2.0591,-0.0467,-271.94
9.2832,24.117,-24.52,-5.9532,-11.276,0.04484,0.012442,-2.0569,-0.0428,-297.93
9.3234,23.851,-24.992,-6.0384,-11.318,0.047086,0.01282,-2.0613,-0.0445,-288.27
9.3633,23.588,-25.449,-6.0751,-11.355,0.053711,0.014337,-2.0625,-0.0426,-302.31
9.4033,23.436,-25.918,-5.9851,-11.404,0.071445,0.018672,-2.0547,-0.0347,-371.15
9.4433,23.172,-26.358,-6.0694,-11.399,0.068261,0.017417,-2.0607,-0.0404,-319.65
9.4833,22.882,-26.811,-6.2149,-11.422,0.068912,0.01712,-2.0697,-0.0479,-271.48
9.5232,22.63,-27.255,-6.2609,-11.433,0.072901,0.01755,-2.0724,-0.0492,-264.94
9.5634,22.413,-27.722,-6.2665,-11.473,0.086251,0.020094,-2.0714,-0.0473,-276.38
9.6033,22.183,-28.19,-6.2851,-11.503,0.096767,0.021725,-2.0717,-0.0461,-284.34
9.6433,21.92,-28.646,-6.3502,-11.511,0.10094,0.021789,-2.0758,-0.049,-268.29
9.6833,21.673,-29.099,-6.3914,-11.539,0.11087,0.022887,-2.0775,-0.0496,-265.94
9.7233,21.468,-29.572,-6.3878,-11.535,0.11117,0.021932,-2.0775,-0.0495,-266.38
******-------------------------------------------------------------------------------------------------------------------****** 
TargetID: ID03
Relevancy: 0
tj = Inf
Label: -1
Comment: Target is irrelevant as it is not crossing the estimated holding line
DATA:
3.3611,35.173,2.7279,NaN,NaN,NaN,NaN,-2.7674,NaN,NaN
3.4011,34.986,2.656,NaN,NaN,NaN,NaN,-2.7673,NaN,NaN
3.4411,35.225,3.7579,NaN,NaN,NaN,NaN,2.5548,NaN,NaN
3.4812,35.018,3.9009,NaN,NaN,NaN,NaN,2.5549,NaN,NaN
3.5212,34.81,4.043,NaN,NaN,NaN,NaN,2.5549,NaN,NaN
3.5614,34.596,4.1842,NaN,NaN,NaN,NaN,2.5548,NaN,NaN
3.6013,34.383,4.3273,NaN,NaN,NaN,NaN,2.5548,NaN,NaN
3.6413,34.174,4.4696,NaN,NaN,NaN,NaN,2.5548,NaN,NaN
3.6812,33.959,4.6143,NaN,NaN,NaN,NaN,2.5549,NaN,NaN
3.7213,34.72,-0.49019,-4.3038,-8.5109,0,0,-2.039,0,Inf
3.7613,34.547,-0.82977,-4.3035,-8.5111,0,0,-2.0389,0,Inf
3.8014,34.533,-0.927,-4.2677,-8.7393,-0.0021039,-0.0018907,-2.0251,0.0062,1568.7
3.8414,34.367,-1.2766,-4.2656,-8.7404,-0.0021069,-0.0018867,-2.0248,0.0062,1568.7
3.8814,34.2,-1.6273,-4.2635,-8.7415,-0.0021109,-0.0018824,-2.0246,0.0062,1568.7
3.9214,34.034,-1.9763,-4.2612,-8.7427,-0.0020082,-0.0017848,-2.0243,0.0062,1568.7
3.9614,33.868,-2.3269,-4.2593,-8.7437,-0.0020115,-0.0017818,-2.0241,0.0062,1568.7
4.0013,33.691,-2.6759,-4.257,-8.7449,-0.0020155,-0.0017776,-2.0238,0.0062,1568.7
4.0415,33.567,-3.037,-4.0743,-8.8245,-0.00031906,-0.00028027,-2.0033,0.0455,213.62
4.0814,33.41,-3.3887,-4.0572,-8.8317,0.0007452,0.00065167,-2.0014,0.0455,213.61
4.1214,33.208,-3.7776,-4.1495,-8.8834,-0.0095953,-0.0083629,-2.0078,0.0294,333.5
4.1614,33.042,-4.1335,-4.1397,-8.8897,-0.007155,-0.0062115,-2.0066,0.0294,333.55
4.2014,32.865,-4.4893,-4.1304,-8.8957,-0.0047079,-0.0040692,-2.0055,0.0294,333.6
4.2415,32.706,-4.8452,-4.1205,-8.9019,-0.0022503,-0.0019373,-2.0043,0.0294,333.65
4.2816,32.547,-5.2036,-4.1112,-8.9079,0.00032208,0.00027629,-2.0032,0.0294,333.7
4.3215,32.377,-5.5596,-4.1016,-8.9141,0.0027981,0.0023853,-2.002,0.0294,333.76
4.3615,32.22,-5.9168,-4.0919,-8.9203,0.0051755,0.0043924,-2.0009,0.0294,333.81
4.4015,32.062,-6.2729,-4.0814,-8.9267,0.0076695,0.0064807,-1.9996,0.0294,333.86
4.4415,31.906,-6.6317,-4.0719,-8.9328,0.010174,0.0085555,-1.9985,0.0294,333.91
4.4815,31.738,-6.9874,-4.0618,-8.9391,0.012581,0.010528,-1.9973,0.0294,333.97
4.5217,31.581,-7.3467,-4.0523,-8.9451,0.014997,0.012488,-1.9961,0.0294,334.02
******-------------------------------------------------------------------------------------------------------------------****** 
TargetID: ID15
Relevancy: 0
tj = Inf
Label: -1
Comment: Target is irrelevant as it is not crossing the estimated holding line
DATA:
11.324,NaN,NaN,NaN,NaN,NaN,NaN,1.1695,NaN,NaN
11.364,NaN,NaN,NaN,NaN,NaN,NaN,1.3643,NaN,NaN
11.404,NaN,NaN,NaN,NaN,NaN,NaN,1.4059,NaN,NaN
11.444,NaN,NaN,NaN,NaN,NaN,NaN,1.4059,NaN,NaN
11.484,21.046,-41.455,6.0535,13.83,-0.077494,0.056939,1.1582,0.0015,10065
11.524,21.934,-41.172,6.112,13.825,-0.078957,0.061161,1.1546,0,Inf
11.564,22.343,-40.545,6.4405,13.791,-0.177,0.14456,1.134,0.001,15221
11.604,22.63,-40.035,6.584,13.756,-0.1726,0.14828,1.1243,-0.0038,-4013.3
11.644,23.005,-39.507,6.8288,13.744,-0.27292,0.24656,1.1097,-0.0052,-2951.3
11.684,23.177,-39.285,6.6894,13.794,-0.23347,0.22172,1.1198,-0.0033,-4645.6
11.724,23.569,-38.753,7.0018,13.803,-0.41957,0.41784,1.1024,-0.0122,-1268.7
11.764,23.933,-38.21,7.219,13.803,-0.50238,0.52348,1.0901,-0.0207,-752.49
11.804,24.269,-37.658,7.3707,13.845,-0.60983,0.66347,1.0831,-0.0271,-578.77
11.844,24.625,-37.127,7.5595,13.802,-0.60774,0.68713,1.0697,-0.0442,-356.03
11.884,24.793,-36.558,7.1611,13.822,-0.34776,0.40872,1.0919,-0.0129,-1206.7
11.924,25.037,-35.974,7.0257,13.89,-0.31968,0.39152,1.1034,0.0052,2993.5
11.964,24.907,-36.419,7.7657,13.806,-0.6122,0.78396,1.0641,-0.0649,-244.07
12.004,25.126,-35.833,7.4328,13.949,-0.5411,0.71153,1.0812,-0.0347,-455.49
12.044,25.356,-35.358,7.5875,14.066,-0.68835,0.9489,1.0832,-0.0301,-530.95
12.084,25.55,-34.764,7.1425,14.199,-0.56453,0.80478,1.1106,0.0119,1335.7
12.124,25.797,-34.107,7.4621,14.317,-0.77288,1.1451,1.0983,-0.0082,-1968.9
12.164,25.756,-33.69,6.2742,14.145,-0.13623,0.20769,1.1548,0.0702,220.43
12.204,25.961,-33.303,6.5856,14.371,-0.40181,0.63636,1.1461,0.0538,293.84
12.243,26.253,-32.765,6.697,14.313,-0.36978,0.60627,1.1379,0.0396,399.04
12.284,26.463,-32.093,6.4356,14.032,-0.044839,0.075721,1.1413,0.0353,437.32
12.324,26.821,-31.509,6.8697,14.054,-0.19296,0.33765,1.1185,0.0028,5586.8
12.364,27.101,-30.947,7.0252,14.13,-0.27071,0.49028,1.1128,-0.0051,-3094.1
******-------------------------------------------------------------------------------------------------------------------****** 
TargetID: ID04
Target can not be processed due to lack of Data
******-------------------------------------------------------------------------------------------------------------------****** 
TargetID: ID16
Target can not be processed due to lack of Data
******-------------------------------------------------------------------------------------------------------------------****** 
TargetID: ID17
Relevancy: 0
tj = Inf
Label: -1
Comment: Target is irrelevant as it is not crossing the estimated holding line
DATA:
3.1211,37.958,4.1658,-4.1591,-6.039,0.03881,0.036755,-2.1735,-0.0116,-632.13
3.1611,37.759,3.889,-5.6723,-7.6817,0.017395,0.016641,-2.1663,-0.014437,-661.43
3.2011,37.514,3.5609,-6.4549,-8.592,-0.004042,-0.0034936,-2.1591,-0.017277,-622.02
3.2412,37.252,3.2111,-6.5051,-8.7677,-0.025478,-0.023627,-2.1519,-0.020116,-542.71
3.2811,37.003,2.8696,-5.8253,-8.211,-0.046866,-0.043716,-2.1447,-0.02295,-438.68
3.3213,36.795,2.5633,-4.4057,-6.9133,-0.068382,-0.063924,-2.1375,-0.0258,-317.74
3.3611,36.561,2.1788,-4.343,-7.3448,-0.26537,-0.24717,-2.1022,0.049,174.14
3.4011,36.39,1.8233,-4.1752,-9.7352,-0.25918,-0.24073,-2.0557,0.13884,76.297
3.4411,36.231,1.4559,-3.7193,-7.9328,-0.25299,-0.2343,-2.0092,0.2287,38.309
3.4812,36.047,1.0376,-3.7477,-8.2895,-0.41262,-0.38021,-1.9904,0.2403,37.858
3.5212,35.9,0.56071,-3.8579,-8.6315,-0.56078,-0.51452,-1.9847,0.2251,42.001
3.5614,35.692,0.23514,-4.1532,-8.7892,-0.73608,-0.67282,-2.0046,0.1736,55.997
3.6013,35.52,-0.18185,-4.0461,-9.0946,-0.8057,-0.73741,-1.9976,0.1714,58.075
3.6413,35.35,-0.60721,-4.0519,-9.3417,-0.85783,-0.78255,-1.9886,0.174,58.52
3.6812,35.161,-1.0584,-4.0999,-9.6171,-0.9279,-0.84384,-1.9827,0.1707,61.245
3.7213,34.925,-1.4042,-4.3865,-9.4834,-0.88237,-0.79517,-1.9957,0.1377,75.881
3.7613,34.724,-1.8733,-4.3138,-9.8662,-0.9844,-0.88891,-1.9918,0.1338,80.479
3.8014,34.552,-2.2701,-4.3061,-9.9872,-0.96357,-0.86699,-1.9865,0.1338,81.285
3.8414,34.345,-2.7548,-4.4198,-10.293,-1.0601,-0.95047,-1.9854,0.127,88.207
3.8814,34.155,-3.1615,-4.4691,-10.397,-1.0594,-0.94642,-1.9856,0.1204,93.995
3.9214,33.942,-3.6438,-4.5789,-10.674,-1.1329,-1.0084,-1.9851,0.1145,101.44
3.9614,33.776,-4.0155,-4.4484,-10.763,-1.0606,-0.94065,-1.9714,0.1279,91.053
4.0013,33.503,-4.5903,-4.6909,-11.219,-1.1924,-1.05,-1.9668,0.127,95.749
4.0415,33.305,-4.994,-4.7279,-11.238,-1.1883,-1.0457,-1.9778,0.1071,113.84
4.0814,33.069,-5.4901,-4.8046,-11.465,-1.2335,-1.0814,-1.9764,0.1044,119.07
4.1214,32.886,-6.0631,-4.773,-11.997,-1.2989,-1.1343,-1.9583,0.1202,107.42
4.1614,32.641,-6.4656,-5.003,-11.942,-1.3127,-1.1415,-1.9762,0.0959,135.01
4.2014,32.416,-6.9014,-5.066,-11.99,-1.2866,-1.114,-1.979,0.0886,146.91
4.2415,32.23,-7.2113,-5.1065,-11.708,-1.1674,-1.0063,-1.9899,0.0739,172.85
4.2816,32.032,-7.5873,-5.2049,-11.547,-1.107,-0.94961,-2.0017,0.0582,217.62
4.3215,31.723,-8.2617,-5.4496,-11.971,-1.2404,-1.0592,-2.0056,0.0498,264.12
4.3615,31.545,-8.6353,-5.4952,-11.712,-1.1325,-0.96238,-2.0164,0.0337,383.89
4.4015,31.393,-8.9215,-5.4118,-11.413,-0.98325,-0.83172,-2.0198,0.0273,462.69
4.4415,31.202,-9.3116,-5.4344,-11.265,-0.9059,-0.76248,-2.0261,0.0183,683.44
4.4815,30.813,-10.1,-5.8714,-11.861,-1.1348,-0.94859,-2.0304,0.0125,1058.8
4.5217,30.621,-10.495,-5.8876,-11.665,-1.0551,-0.87933,-2.0441,-0.0056,-2333.4
4.5616,30.324,-10.778,-6.0743,-11.386,-0.95856,-0.79232,-2.0555,-0.0141,-915.25
4.6016,30.076,-11.236,-6.1235,-11.464,-0.95619,-0.78636,-2.0561,-0.0141,-921.78
4.6416,29.827,-11.696,-6.1723,-11.542,-0.95383,-0.7806,-2.0566,-0.0141,-928.31
4.6816,29.673,-12.174,-6.1853,-11.652,-0.95233,-0.77514,-2.0537,-0.0104,-1268.4
4.7216,29.611,-12.465,-5.9458,-11.455,-0.79985,-0.64756,-2.0449,-0.003,-4302.1
4.7617,29.369,-12.925,-5.9839,-11.526,-0.79612,-0.64073,-2.0451,-0.003,-4328.8
4.8017,29.294,-13.216,-5.7734,-11.316,-0.65689,-0.52567,-2.0385,0.0022,5774.4
4.8417,29.069,-13.672,-5.8034,-11.377,-0.65299,-0.51924,-2.0385,0.0022,5805.3
4.8817,28.971,-13.964,-5.6289,-11.155,-0.5279,-0.41714,-2.0347,0.0047,2658.5
******-------------------------------------------------------------------------------------------------------------------****** 
TargetID: ID20
Target can not be processed due to lack of Data
******-------------------------------------------------------------------------------------------------------------------****** 
TargetID: ID21
Target can not be processed due to lack of Data
******-------------------------------------------------------------------------------------------------------------------****** 
TargetID: ID05
Target can not be processed due to lack of Data
******-------------------------------------------------------------------------------------------------------------------****** 
TargetID: ID22
Relevancy: 0
tj = Inf
Label: -1
Comment: Target is irrelevant as it is not crossing the estimated holding line
DATA:
4.9618,35.524,-0.15845,-4.8256,-9.003,0.016047,0.012537,-2.0627,-0.0351,-291.02
5.0018,35.225,-0.88933,-4.4606,-9.3461,-0.04324,-0.033563,-2.0163,0.0847,122.27
5.0418,35.071,-1.236,-4.5063,-9.5049,-0.11662,-0.089935,-2.0141,0.0652,161.34
5.0818,34.94,-1.0675,-4.6566,-8.9572,0.027835,0.021333,-2.05,-0.017,-593.84
5.1218,34.757,-1.2243,-4.6563,-8.6442,0.10676,0.081269,-2.0641,-0.0269,-365
5.1618,34.45,-1.7537,-4.5396,-8.7947,0.035525,0.026871,-2.0471,0.0103,960.89
5.2018,34.306,-1.99,-4.5528,-9.0447,-0.066386,-0.049874,-2.0376,0.0263,385.02
5.242,34.113,-2.2828,-4.4668,-8.7884,0.051569,0.038466,-2.0407,0.0184,535.78
5.2819,33.919,-2.7104,-4.5185,-9.0803,-0.082749,-0.061305,-2.0331,0.0286,354.63
5.3219,33.785,-3.0888,-4.3122,-9.082,-0.023923,-0.017595,-2.0139,0.0637,157.83
5.3619,33.654,-3.2965,-4.3244,-8.9206,0.013248,0.0096758,-2.0223,0.0506,195.92
5.4019,33.61,-3.4239,-3.9411,-8.4023,0.26556,0.19291,-2.0118,0.0695,133.54
5.4419,33.476,-3.9782,-3.8849,-9.011,0.036735,0.026439,-1.9782,0.1198,81.91
5.482,33.368,-4.1057,-3.9811,-8.4586,0.21122,0.15106,-2.0126,0.0592,157.92
5.522,33.203,-4.4626,-4.13,-8.8626,0.026881,0.019052,-2.0066,0.0635,153.98
5.5619,33.049,-4.8202,-4.1083,-8.8741,0.029724,0.020906,-2.0041,0.0635,154
5.6019,32.74,-5.2197,-4.4796,-9.2255,-0.20018,-0.13978,-2.0245,0.0313,327.65
5.642,32.57,-5.6258,-4.4538,-9.3727,-0.22886,-0.1586,-2.0163,0.0418,248.26
5.682,32.356,-6.0984,-4.5284,-9.6209,-0.30684,-0.21103,-2.0131,0.0428,248.44
5.7221,32.175,-6.5058,-4.5396,-9.6561,-0.30569,-0.2087,-2.0126,0.0411,259.61
5.762,31.915,-7.0354,-4.7486,-10.122,-0.46744,-0.31683,-2.0128,0.0377,296.55
5.802,31.716,-7.4354,-4.8178,-10.133,-0.46274,-0.31134,-2.0179,0.0288,389.58
5.842,31.578,-7.974,-4.7925,-10.477,-0.4841,-0.32199,-1.9964,0.0557,206.85
5.8821,31.494,-8.2301,-4.6976,-9.8977,-0.30668,-0.20317,-2.0162,0.0289,379.1
5.9221,31.365,-8.5378,-4.5702,-9.8667,-0.27268,-0.17932,-2.0067,0.0392,277.39
5.9622,31.136,-8.9512,-4.7451,-9.9204,-0.30687,-0.19972,-2.0146,0.0271,405.79
6.0021,30.944,-9.3483,-4.7526,-9.9655,-0.30175,-0.1949,-2.0135,0.0271,407.41
6.0421,30.759,-9.7627,-4.7264,-10.001,-0.28897,-0.18525,-2.0101,0.0302,366.28
6.0821,30.581,-10.166,-4.7327,-10.046,-0.28378,-0.18053,-2.0089,0.0302,367.71
6.1221,30.39,-10.57,-4.7388,-10.091,-0.27855,-0.17585,-2.0077,0.0302,369.13
6.1621,30.3,-10.665,-4.5058,-9.5104,-0.11916,-0.074746,-2.0122,0.0237,444.04
6.2023,30.126,-11.047,-4.5043,-9.5312,-0.11714,-0.07291,-2.0113,0.0237,444.81
6.2421,29.833,-11.625,-4.3913,-9.2769,-0.046671,-0.028837,-2.0124,0.0212,484.14
6.2822,29.642,-12.031,-4.4191,-9.349,-0.05714,-0.035019,-2.0117,0.021,492.42
******-------------------------------------------------------------------------------------------------------------------****** 
TargetID: ID07
Relevancy: 1
tj = 10.6436
Label: 0
Comment: Target is relevant and going straight, since target is crossing Ego X-axis in EFC
DATA:
7.9627,22.16,-40.548,NaN,NaN,NaN,NaN,1.4921,NaN,NaN
8.0028,21.991,-40.041,NaN,NaN,NaN,NaN,1.5671,NaN,NaN
8.0428,21.739,-39.439,NaN,NaN,NaN,NaN,1.6616,NaN,NaN
8.0828,22.146,-38.978,NaN,NaN,NaN,NaN,1.4975,NaN,NaN
8.1229,22.19,-38.428,NaN,NaN,NaN,NaN,1.4975,NaN,NaN
8.1628,22.234,-37.88,NaN,NaN,NaN,NaN,1.4975,NaN,NaN
8.2028,NaN,NaN,NaN,NaN,NaN,NaN,1.394,NaN,NaN
8.2428,NaN,NaN,NaN,NaN,NaN,NaN,1.3673,NaN,NaN
8.2828,23.877,-36.716,3.8156,13.267,0,0,1.2907,0,Inf
8.3228,24.035,-36.187,3.8153,13.267,0,0,1.2908,0,Inf
8.3629,24.186,-35.656,3.8154,13.267,0,0,1.2908,0,Inf
8.4028,24.342,-35.127,3.8158,13.267,0,0,1.2907,0,Inf
8.4429,25.188,-35.224,5.7945,12.788,0.043743,0.016673,1.1453,-0.0204,-688.23
8.483,25.517,-34.66,5.8208,12.905,0.099398,0.03745,1.1468,0.0103,1374.5
8.523,25.781,-34.148,5.8238,12.957,0.11373,0.042345,1.1481,0.0219,648.65
8.563,26.006,-33.625,5.8174,12.975,0.12106,0.044539,1.149,0.0219,649.29
8.6032,26.244,-33.109,5.8122,12.993,0.12842,0.046665,1.1499,0.0219,649.94
8.643,26.478,-32.59,5.8061,13.011,0.13567,0.048671,1.1507,0.0219,650.58
8.683,26.711,-32.07,5.8007,13.029,0.1428,0.050558,1.1516,0.0219,651.22
8.7229,26.944,-31.548,5.7947,13.047,0.14997,0.05237,1.1525,0.0219,651.86
8.763,27.178,-31.071,5.8831,11.346,0.15502,0.053338,1.1441,0.0034613,3692.5
8.8031,27.415,-30.597,5.9481,12.811,0.16007,0.054307,1.1357,-0.015,-941.63
8.8431,27.789,-30.05,6.2669,12.84,0.14542,0.048606,1.1164,-0.0363,-393.61
8.8831,28.295,-29.594,6.9558,12.746,0.16379,0.053887,1.0709,-0.0828,-175.37
8.9231,28.58,-29.087,7.0088,12.744,0.17265,0.055906,1.0676,-0.0828,-175.66
8.9631,28.861,-28.577,7.0626,12.741,0.18142,0.057766,1.0643,-0.0828,-175.94
9.0031,29.151,-28.071,7.116,12.739,0.19033,0.059602,1.061,-0.0828,-176.23
9.0431,29.433,-27.56,7.1694,12.736,0.19914,0.061311,1.0577,-0.0828,-176.51
9.0833,29.354,-27.009,6.2321,12.827,0.087313,0.026428,1.1183,-0.0123,-1159.4
9.1231,29.484,-26.499,5.9417,12.819,0.087432,0.026036,1.1366,0.0072,1962.4
9.1632,29.696,-25.972,5.9286,12.825,0.082935,0.024282,1.1376,0.0065,2173.7
9.2032,30.46,-25.791,6.1473,12.847,0.039278,0.011299,1.1244,-0.0149,-955.82
9.2432,30.629,-25.279,6.1217,12.804,0.036746,0.01038,1.1247,-0.0206,-688.94
9.2832,30.871,-24.735,5.8935,12.834,0.041564,0.011527,1.1402,-0.0009,-15692
9.3234,30.925,-24.109,5.957,12.819,0.040802,0.011104,1.1357,-0.0102,-1385.9
9.3633,31.185,-23.576,6.0675,12.8,0.03908,0.010426,1.128,-0.0216,-655.79
9.4033,31.4,-23.096,6.0955,12.738,0.046114,0.012041,1.1243,-0.0268,-526.91
9.4433,31.614,-22.592,6.0998,12.698,0.052761,0.013452,1.1228,-0.0287,-490.85
9.4833,31.811,-22.105,6.0651,12.628,0.068631,0.017035,1.1228,-0.0298,-470.1
9.5232,32,-21.619,6.0252,12.551,0.087863,0.021152,1.1229,-0.0304,-457.97
9.5634,32.243,-21.118,6.0323,12.528,0.093115,0.02168,1.1217,-0.0304,-457.38
9.6033,32.487,-20.621,6.0412,12.504,0.098669,0.022134,1.1204,-0.0304,-456.79
9.6433,32.731,-20.122,6.0481,12.48,0.10452,0.022529,1.1192,-0.0304,-456.21
9.6833,32.967,-19.621,6.0563,12.457,0.11053,0.022811,1.1179,-0.0304,-455.62
9.7233,33.215,-19.126,6.0634,12.433,0.11684,0.023009,1.1167,-0.0304,-455.03
9.7634,33.406,-18.617,5.9576,12.499,0.084943,0.015866,1.1257,-0.0172,-805
9.8035,33.839,-17.854,6.1063,12.543,0.052508,0.0092411,1.1176,-0.0238,-586.14
9.8434,34.117,-17.33,6.2145,12.577,0.029444,0.0048468,1.1118,-0.0279,-502.83
9.8833,34.433,-16.804,6.4225,12.626,-0.006571,-0.001004,1.1002,-0.0375,-377.74
9.9233,34.727,-16.302,6.546,12.655,-0.02591,-0.0036363,1.0935,-0.0421,-338.43
9.9634,35.055,-15.775,6.648,12.704,-0.047838,-0.0060981,1.0888,-0.0444,-322.93
10.003,35.323,-15.274,6.6805,12.718,-0.05803,-0.0066249,1.0873,-0.044,-326.5
10.044,35.684,-14.737,6.9439,12.804,-0.11806,-0.011849,1.0741,-0.0539,-270.24
10.083,36.009,-14.177,7.0439,12.904,-0.16544,-0.014308,1.0711,-0.0539,-272.76
10.124,36.272,-13.659,7.0571,12.904,-0.17309,-0.012381,1.0707,-0.0523,-281.21
10.164,36.555,-13.114,7.0526,12.948,-0.19218,-0.010823,1.0724,-0.0489,-301.52
10.203,36.848,-12.561,7.0719,13.012,-0.22408,-0.0091646,1.0725,-0.0472,-313.75
10.244,37.119,-11.999,7.0313,13.091,-0.25958,-0.0063399,1.0774,-0.0411,-361.56
10.284,37.391,-11.447,7.0425,13.139,-0.28825,-0.0018745,1.0794,-0.0379,-393.34
10.323,37.653,-10.901,7.0159,13.187,-0.31116,0.0033791,1.0825,-0.034,-439.33
10.364,37.295,-11.609,7.0637,13.401,-0.4214,0.010713,1.0824,-0.0329,-460.46
10.404,37.582,-11.02,7.094,13.497,-0.48184,0.020655,1.0831,-0.0313,-487.15
10.444,37.845,-10.474,7.1815,13.455,-0.487,0.032727,1.0843,-0.0296,-515.25
10.484,38.282,-9.7017,7.4362,13.911,-0.79237,0.065325,1.0799,-0.0327,-482.38
10.524,38.58,-8.9758,7.524,14.294,-1.0546,0.10683,1.0863,-0.0271,-596.06
10.564,38.112,-8.8598,6.3191,12.492,-1.0904,0.14164,1.1127,-0.0105,-1333.2
10.604,38.277,-8.3157,5.902,12.569,-1.1754,0.15296,1.1207,-0.0139,-998.99
10.644,38.506,-7.855,5.9991,12.699,-1.2077,0.18129,1.1183,-0.0022,-6384
10.684,38.611,-7.4138,5.7108,12.758,-1.1772,0.20071,1.1388,0.1396,100.13
10.724,38.951,-6.8522,6.0674,13.202,-1.324,0.253,1.1283,0.0655,221.83
10.764,39.141,-6.4423,5.7354,12.839,-1.2401,0.26317,1.1389,0.1125,124.99
10.804,39.394,-5.6267,5.7115,14.296,-1.9238,0.44314,1.1755,0.174,88.475
10.844,39.649,-5.1878,5.8514,14.127,-1.864,0.47175,1.1633,0.131,116.72
10.884,39.893,-4.6669,5.8645,14.121,-1.8604,0.51274,1.1623,0.118,129.58
10.924,40.165,-4.1821,5.9053,13.9,-1.7594,0.52542,1.1545,0.0937,161.18
10.964,40.466,-3.9679,6.1315,12.861,-0.62634,0.20847,1.1201,0.0143,996.37
11.004,40.71,-3.5504,6.2023,12.574,-0.37142,0.13378,1.1089,-0.0102,-1374.5
11.044,41.058,-3.1835,6.4791,12.226,-0.17071,0.066223,1.0818,-0.0576,-240.23
11.084,41.28,-2.6606,6.4118,12.285,-0.1392,0.057694,1.0883,-0.0429,-323.01
11.124,41.567,-2.209,6.5776,12.243,-0.36953,0.16211,1.074,-0.0688,-202.01
11.163,41.724,-1.6086,6.3305,12.4,-0.18694,0.087592,1.0968,-0.0288,-483.43
11.204,41.963,-1.1016,6.2796,12.406,-0.079499,0.039633,1.1014,-0.0183,-759.81
11.244,42.186,-0.57284,6.2126,12.47,-0.084673,0.044729,1.1077,-0.0069,-2019.1
11.284,42.471,-0.1199,6.2892,12.382,-0.03357,0.018788,1.1005,-0.0173,-802.77
11.324,42.726,0.37297,6.2919,12.365,0.0077881,-0.0046118,1.1002,-0.0165,-840.85
11.364,43.022,0.83642,6.3269,12.327,0.034522,-0.021609,1.097,-0.0191,-725.44
11.404,43.272,1.3128,6.3246,12.315,0.049779,-0.032912,1.0969,-0.0175,-791.08
11.444,43.518,1.8219,6.305,12.355,0.013691,-0.0095418,1.0991,-0.0141,-983.76
11.484,43.764,2.3462,6.2778,12.381,0.049453,-0.036378,1.1021,-0.0105,-1322
11.524,44.015,2.8433,6.2824,12.376,0.049408,-0.038316,1.1017,-0.0105,-1321.8
11.564,44.268,3.3307,6.2872,12.371,0.049182,-0.040191,1.1012,-0.0105,-1321.7
11.604,44.519,3.8299,6.2915,12.367,0.048897,-0.042073,1.1008,-0.0105,-1321.5
11.644,44.771,4.3118,6.2947,12.363,0.048566,-0.043947,1.1004,-0.0105,-1321.3
11.684,45,4.8327,5.425,13.36,0.014317,-0.012056,1.1036,-0.0074054,-1947.2
11.724,45.228,5.3573,6.2301,12.46,-0.020051,0.019946,1.1069,-0.0043,-3239.7
11.764,45.536,5.81,6.3282,12.385,-0.0072496,0.0075476,1.0983,-0.0126,-1103.8
11.804,45.806,6.2901,6.3635,12.356,0.0026807,-0.0029146,1.0952,-0.0156,-890.92
11.844,46.137,6.7237,6.4909,12.259,0.010855,-0.0123,1.084,-0.026,-533.51
******-------------------------------------------------------------------------------------------------------------------****** 
TargetID: ID08
Target can not be processed due to lack of Data
******-------------------------------------------------------------------------------------------------------------------****** 
TargetID: ID09
Target can not be processed due to lack of Data
******-------------------------------------------------------------------------------------------------------------------****** 
TargetID: ID24
Target can not be processed due to lack of Data
******-------------------------------------------------------------------------------------------------------------------****** 
