******-------------------------------------------------------------------------------------------------------------------****** 
Duration of the scene is: 10.0433 seconds
Original Targets Numbers in the hole Scene: 2
Number of Targets in the hole Scene after preprocessing: 3
Number of static portions: 1
******-------------------------------------------------------------------------------------------------------------------****** 
TargetID: ID01
Relevancy: 1
tj = 8.1627
Label: 0
Comment: Target is relevant and going straight, since the velocity ratio is almost not changing
DATA:
0,3.6984,67.506,-0.80695,-7.688,-0.050298,-0.050305,-1.6755,0.0069,1120.3
0.04008,3.6564,67.197,-0.81191,-7.7296,-0.10901,-0.10902,-1.6757,0.0074,1050.3
0.080091,3.6265,66.887,-0.81204,-7.7506,-0.11471,-0.11472,-1.6754,0.0074,1053.1
0.12003,3.6834,66.555,-0.73601,-7.7954,-0.15369,-0.15374,-1.6652,0.0116,675.01
0.16008,3.6885,66.226,-0.70215,-7.8416,-0.064298,-0.064307,-1.6602,0.0139,566.4
0.20006,3.6946,65.898,-0.6641,-7.8942,-0.10789,-0.10792,-1.6549,0.0167,474.38
0.24016,3.6676,65.582,-0.66084,-7.9197,-0.11229,-0.11232,-1.6542,0.0167,475.88
0.2802,3.6855,65.269,-0.61009,-7.9214,-0.12759,-0.12757,-1.6474,0.0205,387.56
0.32012,3.6599,64.952,-0.60515,-7.9442,-0.13259,-0.13257,-1.6466,0.0205,388.64
0.36018,3.6632,64.627,-0.56755,-7.9737,-0.12729,-0.1273,-1.6419,0.0231,346.05
0.40018,3.6354,64.302,-0.57536,-8.016,0.0173,0.0173,-1.6424,0.0216,372.06
0.44025,3.6338,63.994,-0.55087,-7.9978,-0.038701,-0.038698,-1.6395,0.0227,353.16
0.48021,3.7951,63.67,-0.29962,-7.9802,0.085306,0.0853,-1.6083,0.0463,172.48
0.52019,3.7479,63.343,-0.32722,-8.0122,0.062897,0.062893,-1.6115,0.0425,188.68
0.56024,3.7733,63.024,-0.24863,-8.0098,0.18683,0.1868,-1.6018,0.0492,162.88
0.60023,3.7924,62.704,-0.19482,-8.0217,0.12811,0.1281,-1.5951,0.0528,151.97
0.64029,3.7797,62.385,-0.18877,-8.0329,0.24096,0.241,-1.5943,0.0517,155.42
0.68031,3.7304,62.064,-0.23188,-8.0557,0.14358,0.1436,-1.5996,0.0462,174.44
0.72023,3.649,61.733,-0.33438,-8.1097,0.21257,0.21252,-1.6116,0.0351,231.24
0.76029,3.6361,61.408,-0.32401,-8.1301,0.22136,0.22132,-1.6102,0.0351,231.81
0.80026,3.708,61.098,-0.18901,-8.0879,0.25385,0.25392,-1.5946,0.0456,177.42
0.84036,3.6995,60.776,-0.17378,-8.1141,0.080095,0.080112,-1.5924,0.0461,176.05
0.88037,3.8325,60.441,0.043806,-8.1393,0.18303,0.183,-1.5654,0.0648,125.61
0.9203,3.8341,60.115,0.065009,-8.1544,0.19003,0.19,-1.5628,0.0648,125.84
0.97525,4.4241,60.739,0.53819,-8.1786,0.24068,0.24002,-1.501,0.1147,71.458
1.0002,4.4451,60.413,0.57555,-8.1937,0.24856,0.24785,-1.4965,0.1147,71.612
1.0412,4.5116,60.084,0.64129,-8.2436,0.48204,0.47567,-1.4851,0.1188,69.6
1.0802,4.5346,59.752,0.68023,-8.2601,0.49671,0.48992,-1.4803,0.1188,69.765
1.1202,4.5105,59.428,0.62356,-8.2242,0.5602,0.55646,-1.4857,0.1119,73.707
1.1602,4.4608,59.091,0.57027,-8.241,0.36824,0.36669,-1.4956,0.1026,80.514
1.2002,4.4206,58.774,0.49845,-8.2927,0.41259,0.40813,-1.504,0.0943,88.098
1.2404,4.32,58.468,0.36057,-8.2538,0.24725,0.24616,-1.5231,0.0797,103.66
1.2803,4.3383,58.145,0.39334,-8.2675,0.23909,0.2385,-1.5194,0.0799,103.59
1.3212,4.3634,57.815,0.46163,-8.2941,0.10382,0.10371,-1.5135,0.0816,101.8
1.3603,4.3189,57.471,0.3825,-8.3396,0.15503,0.15479,-1.5225,0.0738,113.12
1.4013,4.334,57.138,0.40743,-8.3619,0.16052,0.16026,-1.5196,0.0738,113.44
1.4403,4.3729,56.799,0.4652,-8.3932,0.19853,0.19812,-1.5123,0.0766,109.74
1.4803,4.3906,56.464,0.4914,-8.4157,0.20491,0.20448,-1.5092,0.0766,110.05
1.5203,4.4872,56.125,0.64468,-8.432,0.24739,0.24671,-1.4905,0.0861,98.218
1.5604,4.5181,55.793,0.69546,-8.425,0.15023,0.14981,-1.486,0.0866,97.618
1.6005,4.4789,55.471,0.60327,-8.4433,0.23647,0.23545,-1.4957,0.0785,107.83
1.6404,4.6344,55.121,0.85559,-8.4736,0.14297,0.14272,-1.4679,0.093,91.578
1.6805,4.6575,54.779,0.85967,-8.4942,0.23355,0.2329,-1.4662,0.0917,93.103
1.7204,4.5182,54.504,0.63442,-8.4515,0.18693,0.18603,-1.4929,0.0742,114.22
1.7605,4.5347,54.163,0.64573,-8.4563,0.2135,0.21299,-1.4912,0.0734,115.54
1.8005,4.5593,53.826,0.67106,-8.4708,0.21938,0.21885,-1.4883,0.0734,115.77
1.8405,4.5591,53.476,0.65303,-8.4938,0.23793,0.23731,-1.4903,0.0707,120.49
1.8805,4.5564,53.138,0.64843,-8.4996,0.10742,0.1073,-1.493,0.0676,126.1
1.9204,4.5408,52.813,0.60698,-8.4765,0.14276,0.14255,-1.4971,0.0638,133.2
1.9606,4.5306,52.439,0.58216,-8.5109,0.076961,0.076898,-1.5013,0.0602,141.71
2.0005,4.5813,52.098,0.6398,-8.5256,0.10593,0.10581,-1.4942,0.0628,136.14
2.0407,4.5562,51.769,0.59038,-8.4814,0.037991,0.037975,-1.5007,0.0576,147.6
2.0805,4.5817,51.435,0.60732,-8.4692,0.07806,0.077994,-1.498,0.0579,146.65
2.1205,4.6033,51.083,0.62379,-8.4609,0.05568,0.055646,-1.4963,0.0574,147.8
2.1606,4.5934,50.741,0.5888,-8.4511,0.040589,0.040571,-1.5006,0.0536,158.05
2.2006,4.5991,50.406,0.58489,-8.4296,0.0044001,0.0043998,-1.5015,0.0519,162.81
2.2406,4.5935,50.053,0.55776,-8.4321,-0.018602,-0.018606,-1.505,0.0487,173.52
2.2806,4.6,49.709,0.54879,-8.4067,0.0030004,0.003,-1.5056,0.0473,178.11
2.3207,4.5896,49.392,0.51903,-8.3794,0.031309,0.031284,-1.5084,0.0448,187.4
2.3606,4.6111,49.049,0.54143,-8.378,0.024396,0.02439,-1.5059,0.0452,185.74
2.4007,4.5939,48.713,0.50258,-8.3689,0.026995,0.026987,-1.5104,0.0417,201.06
2.4407,4.4913,48.381,0.35383,-8.3492,0.026994,0.026999,-1.5284,0.0308,271.32
2.4807,4.4899,48.045,0.33704,-8.3494,0.051901,0.051856,-1.5296,0.0294,284.22
2.5207,4.4999,47.712,0.34677,-8.3406,0.053802,0.053752,-1.5284,0.0294,283.94
2.5607,4.5113,47.378,0.35622,-8.3319,0.055602,0.055548,-1.5272,0.0294,283.66
2.6008,4.4896,47.062,0.31736,-8.3132,0.035801,0.035778,-1.5321,0.0259,321.21
2.6408,4.5357,46.726,0.37506,-8.3202,0.032601,0.032582,-1.5252,0.0291,286.21
2.6808,4.5292,46.392,0.35116,-8.3361,0.035001,0.034979,-1.5281,0.0266,313.67
2.7207,4.5152,46.052,0.32364,-8.3349,0.0277,0.027687,-1.5316,0.0242,344.68
2.7608,4.4599,45.723,0.23074,-8.3281,0.018497,0.018495,-1.5428,0.0172,484.38
2.8008,4.4187,45.409,0.16319,-8.3229,0.018703,0.018695,-1.5509,0.0122,682.34
2.8408,4.4115,45.076,0.14592,-8.3138,0.034192,0.034181,-1.5527,0.0109,762.85
2.8809,4.4222,44.74,0.15283,-8.3264,0.060328,0.060242,-1.5515,0.0113,736.98
2.9208,4.3695,44.402,0.067631,-8.3124,0.068466,0.068426,-1.5616,0.0054,1539.4
2.9609,4.3746,44.057,0.085258,-8.3356,0.018097,0.018094,-1.5603,0.0062,1344.5
3.0009,4.3194,43.732,-1.8595e-05,-8.2925,-0.0022005,-0.0021999,-1.5708,-0.0001,-82925
3.0409,4.3459,43.387,0.038699,-8.2917,-0.015502,-0.015504,-1.5664,0.0024,3454.9
3.0809,4.2966,43.068,-0.037194,-8.2576,-0.0054993,-0.0055001,-1.5754,-0.0029,-2847.5
3.1209,4.2981,42.723,-0.03594,-8.2641,-0.0074999,-0.0075005,-1.5753,-0.0027,-3060.8
3.161,4.3079,42.378,-0.022047,-8.2587,-0.0051004,-0.0051002,-1.5735,-0.0015,-5505.8
3.2009,4.359,42.038,0.056805,-8.2508,0.0069002,0.0068989,-1.5638,0.0043,1918.8
3.241,4.3674,41.707,0.067938,-8.2382,0.013499,0.013497,-1.5623,0.0051,1615.4
3.281,4.4025,41.359,0.11569,-8.2477,0.015299,0.015296,-1.5565,0.0085,970.41
3.321,4.4562,41.022,0.18964,-8.2443,0.020697,0.020693,-1.5475,0.0138,597.57
3.361,4.4679,40.688,0.19651,-8.2456,0.032192,0.032183,-1.5465,0.0141,584.96
3.401,4.4794,40.353,0.19799,-8.2501,0.044801,0.044767,-1.5461,0.0139,593.71
3.441,4.4715,40.025,0.17296,-8.2559,0.057226,0.057147,-1.5489,0.0118,699.81
3.481,4.4629,39.699,0.15413,-8.2442,0.049582,0.04956,-1.5513,0.01,824.56
3.521,4.4519,39.372,0.12667,-8.2537,0.049201,0.049161,-1.5547,0.0076,1086.1
3.561,4.4419,39.04,0.10225,-8.2548,0.038489,0.038476,-1.5578,0.0055,1501
3.601,4.4283,38.714,0.081224,-8.2498,0.0175,0.017495,-1.5607,0.0035,2357.2
3.6411,4.4207,38.391,0.066688,-8.2403,0.0247,0.02469,-1.5623,0.0025,3296.2
3.6811,4.4403,38.058,0.10048,-8.2503,0.00090032,0.00089994,-1.5586,0.0047,1755.5
3.7211,4.4973,37.697,0.18149,-8.2979,0.015198,0.015196,-1.5487,0.011,754.54
3.7611,4.5157,37.369,0.20512,-8.2757,0.026895,0.026888,-1.5456,0.0128,646.74
3.8012,4.4881,37.06,0.15665,-8.2207,0.0353,0.03528,-1.5512,0.0089,923.84
3.8412,4.4792,36.739,0.13945,-8.203,0.046317,0.046266,-1.5531,0.0076,1079.5
3.8812,4.4453,36.424,0.079049,-8.1888,0.047918,0.047863,-1.5604,0.0026,3149.7
3.9211,4.4284,36.106,0.053144,-8.1736,0.044115,0.044069,-1.5636,0.0005,16347
3.9612,4.4123,35.791,0.029841,-8.1474,0.015699,0.015696,-1.5669,-0.0016,-5092.2
4.0012,4.4003,35.472,0.0049975,-8.1342,0.0222,0.022192,-1.5698,-0.0036,-2259.5
4.0413,4.3826,35.154,-0.02107,-8.1282,0.018198,0.018194,-1.5731,-0.0056,-1451.5
4.0813,4.4303,34.822,0.057534,-8.1365,0.020196,0.020193,-1.5634,0.0008,10171
4.1212,4.3903,34.514,-0.0083907,-8.1132,0.0282,0.028187,-1.5714,-0.0044,-1843.9
4.1613,4.382,34.188,-0.020547,-8.1194,0.024895,0.02489,-1.5729,-0.0053,-1532
4.2013,4.3698,33.873,-0.037736,-8.1027,0.020996,0.020993,-1.5751,-0.0066,-1227.7
4.2413,4.3698,33.549,-0.040278,-8.1011,0.022097,0.022092,-1.5754,-0.0066,-1227.5
4.2813,4.3761,33.227,-0.025828,-8.1004,0.033809,0.033782,-1.5734,-0.0051,-1588.3
4.3213,4.3816,32.893,-0.013532,-8.118,0.0339,0.033882,-1.5719,-0.0038,-2136.3
4.3614,4.3942,32.552,0.0071643,-8.1518,0.0086998,0.0086987,-1.5698,-0.0021,-3881.8
4.4014,4.4229,32.221,0.052938,-8.1257,0.0225,0.022491,-1.5639,0.0019,4276.8
4.4414,4.4365,31.885,0.073384,-8.13,0.027294,0.027288,-1.5613,0.0038,2139.6
4.4814,4.4279,31.564,0.05367,-8.1064,0.032691,0.032683,-1.5636,0.0022,3684.8
4.5213,4.426,31.238,0.043007,-8.0934,0.03469,0.03468,-1.5649,0.0012,6744.6
4.5614,4.4242,30.911,0.037271,-8.0867,0.0184,0.018394,-1.5659,0.0006,13478
4.6014,4.3904,30.594,-0.017553,-8.0712,0.026295,0.026289,-1.5725,-0.0039,-2069.5
4.6414,4.3945,30.27,-0.00886,-8.0609,0.0331,0.033082,-1.5714,-0.0029,-2779.6
4.6814,4.4218,29.939,0.040947,-8.0706,0.010199,0.010198,-1.5656,0.0011,7337
4.7214,4.433,29.61,0.053713,-8.0644,0.0421,0.042071,-1.5634,0.0026,3101.8
4.7615,4.4444,29.289,0.070048,-8.0358,0.037689,0.037676,-1.5615,0.0038,2114.8
4.8015,4.4841,28.954,0.14918,-8.0513,0.017097,0.017095,-1.552,0.0109,738.77
4.8415,4.5065,28.63,0.17931,-8.0295,0.031701,0.031683,-1.5479,0.0134,599.37
4.8815,4.5081,28.317,0.17182,-7.9881,0.0403,0.040272,-1.5486,0.0126,634.12
4.9215,4.4893,28.009,0.13348,-7.951,0.040287,0.040271,-1.5533,0.0089,893.5
4.9615,4.4869,27.698,0.12625,-7.924,0.0415,0.04147,-1.5542,0.008,990.62
5.0015,4.4779,27.396,0.11162,-7.8926,0.0387,0.038674,-1.556,0.0065,1214.4
5.0415,4.4842,27.088,0.11936,-7.8732,0.035611,0.035578,-1.555,0.007,1124.9
5.0816,4.4865,26.777,0.12007,-7.8428,0.0162,0.016195,-1.5552,0.0066,1188.4
5.1215,4.5145,26.451,0.15828,-7.8376,0.024,0.02399,-1.5502,0.01,783.92
5.1616,4.5058,26.136,0.13239,-7.8257,0.0312,0.031182,-1.5533,0.0076,1029.8
5.2017,4.55,25.812,0.19933,-7.8033,0.0299,0.029883,-1.5447,0.0134,582.53
5.2416,4.5982,25.491,0.26925,-7.7985,0.025494,0.025488,-1.5358,0.0192,406.42
5.2817,4.6341,25.177,0.31932,-7.7683,0.021,0.020992,-1.5293,0.0232,335.12
5.3216,4.6536,24.868,0.33894,-7.7473,0.028308,0.028285,-1.5265,0.0245,316.52
5.3617,4.6911,24.551,0.38863,-7.723,0.0213,0.021291,-1.5201,0.0284,272.28
5.4017,4.6899,24.256,0.37129,-7.6778,0.011401,0.011398,-1.5223,0.0259,296.78
5.4417,4.7016,23.946,0.35689,-7.677,0.046822,0.046758,-1.5235,0.0241,318.89
5.4817,4.7002,23.635,0.33191,-7.6845,0.074905,0.07479,-1.5262,0.0213,361.11
5.5217,4.7484,23.309,0.39084,-7.6945,0.086317,0.086145,-1.5184,0.0266,289.64
5.5617,4.7414,23.017,0.35,-7.6381,0.051908,0.051842,-1.524,0.0217,352.36
5.6017,4.7792,22.699,0.3987,-7.6378,0.027899,0.027879,-1.5181,0.0252,303.5
5.6418,4.8293,22.382,0.4672,-7.629,0.0093021,0.0092955,-1.5095,0.0307,248.97
5.6818,4.904,22.065,0.55517,-7.6035,-0.0046022,-0.0045985,-1.498,0.038,200.62
5.7217,4.9371,21.77,0.56342,-7.5515,-0.0090054,-0.0089976,-1.4965,0.0378,200.33
5.7619,4.9181,21.469,0.45763,-7.5226,0.0079034,0.0078949,-1.5099,0.0244,308.88
5.8019,4.9189,21.17,0.41476,-7.5138,0.013306,0.013289,-1.5154,0.0194,387.9
5.8418,4.9395,20.874,0.41748,-7.4716,-0.010508,-0.010495,-1.5152,0.0189,395.94
5.8819,4.9379,20.584,0.4026,-7.4111,-0.030032,-0.029996,-1.5171,0.0169,439.17
5.9218,4.9507,20.288,0.37956,-7.3913,-0.023916,-0.02389,-1.52,0.0143,517.55
5.9619,4.9461,19.999,0.35416,-7.362,-0.024023,-0.023989,-1.5232,0.0115,640.91
6.002,4.9573,19.715,0.33901,-7.3051,-0.032545,-0.032487,-1.5251,0.0098,746.22
6.0419,4.9495,19.435,0.2985,-7.2687,0.013119,0.013079,-1.5295,0.0061,1192.6
6.082,4.9577,19.149,0.26003,-7.279,0.037471,0.037314,-1.5343,0.0019,3833.5
6.1219,4.9951,18.863,0.30956,-7.2494,0.034272,0.034117,-1.5274,0.0068,1067.1
6.162,4.9739,18.589,0.25713,-7.1931,0.016227,0.016165,-1.5347,0.001,7197.7
6.202,5.0576,18.299,0.36092,-7.1778,0.0057106,0.0056888,-1.5206,0.0113,636.01
6.2421,5.0267,18.028,0.26361,-7.1205,0.017335,0.017255,-1.5334,0.0012,5937.9
6.2819,5.0147,17.741,0.20641,-7.0734,0.018543,0.018446,-1.5412,-0.0045,-1572.5
6.3219,5.0137,17.462,0.17489,-7.0384,0.020451,0.020336,-1.5455,-0.0079,-891.21
6.362,5.0591,17.171,0.23584,-7.0078,0.0065195,0.0064799,-1.537,-0.0011,-6374.3
6.4021,5.0497,16.907,0.19035,-6.9614,0.012438,0.012357,-1.5432,-0.0062,-1123.2
6.4421,5.0406,16.628,0.15207,-6.9111,0.010637,0.010564,-1.549,-0.0105,-658.36
6.4822,5.042,16.37,0.12793,-6.8342,-0.0018074,-0.0017936,-1.5521,-0.0128,-534.02
6.522,5.0423,16.088,0.089004,-6.8161,0.019276,0.01911,-1.5573,-0.0167,-408.18
6.5622,5.0364,15.837,0.060061,-6.7125,0.026228,0.025964,-1.5612,-0.0191,-351.45
6.6021,5.0219,15.584,0.00027616,-6.6057,0.020796,0.020588,-1.5702,-0.0258,-256.04
6.6422,5.0101,15.327,-0.025704,-6.5213,0.022108,0.021873,-1.5742,-0.0281,-232.08
6.6822,5.0018,15.073,-0.063607,-6.4427,0.016692,0.0165,-1.5802,-0.0318,-202.61
6.7222,5.0075,14.823,-0.070051,-6.3428,0.020516,0.020267,-1.5813,-0.0317,-200.1
6.7621,5.0281,14.559,-0.033207,-6.294,0.029275,0.02889,-1.5753,-0.0259,-243.02
6.8023,5.043,14.34,-0.047254,-6.1737,0.034249,0.033732,-1.5775,-0.027,-228.66
6.8422,5.0373,14.104,-0.076188,-6.0874,0.040719,0.040053,-1.5822,-0.0298,-204.29
6.8823,5.0354,13.867,-0.094771,-6.0224,0.044674,0.043892,-1.5852,-0.0314,-191.82
6.9221,4.9842,13.646,-0.2,-5.9,0.066885,0.065721,-1.6027,-0.0442,-133.56
6.9623,5.0452,13.369,-0.086874,-5.8888,0.032799,0.032181,-1.5846,-0.028,-210.34
7.0023,5.0354,13.122,-0.11367,-5.8224,0.039159,0.038391,-1.5891,-0.0305,-190.94
7.0423,5.0634,12.874,-0.077605,-5.7509,0.027369,0.026804,-1.5834,-0.0245,-234.75
7.0823,5.0669,12.635,-0.067185,-5.6553,0.021727,0.021256,-1.582,-0.0223,-253.62
7.1223,5.0617,12.404,-0.079979,-5.5704,0.017186,0.016797,-1.5846,-0.0227,-245.42
7.1623,5.047,12.184,-0.11284,-5.4548,0.023263,0.022706,-1.5907,-0.0266,-205.11
7.2024,5.0575,11.975,-0.1021,-5.3347,0.020039,0.019537,-1.5892,-0.0246,-216.9
7.2423,5.0341,11.785,-0.13806,-5.2296,0.036144,0.035178,-1.5958,-0.0291,-179.77
7.2824,5.0268,11.583,-0.16629,-5.1096,0.052406,0.050877,-1.6013,-0.0323,-158.28
7.3223,5.047,11.392,-0.13332,-5.0021,0.034868,0.033852,-1.596,-0.0271,-184.65
7.3624,5.0289,11.21,-0.19274,-4.8555,0.057069,0.055315,-1.608,-0.0374,-129.93
7.4024,5.004,11.007,-0.24081,-4.758,0.077761,0.075235,-1.6179,-0.0436,-109.27
7.4425,5.0127,10.819,-0.23244,-4.6626,0.075885,0.073313,-1.6171,-0.0415,-112.49
7.4825,5.006,10.609,-0.23539,-4.6181,0.075022,0.072377,-1.6182,-0.0408,-113.34
7.5224,5.0096,10.433,-0.2151,-4.5089,0.0698,0.067136,-1.615,-0.037,-122
7.5625,4.9996,10.256,-0.229,-4.3803,0.078665,0.075645,-1.6189,-0.0386,-113.63
7.6025,5.0028,10.086,-0.24302,-4.279,0.10016,0.095852,-1.622,-0.0398,-107.69
7.6425,5.0041,9.8716,-0.21933,-4.2563,0.079544,0.076072,-1.6178,-0.0348,-122.47
7.6826,5.0015,9.705,-0.23064,-4.1465,0.083174,0.079386,-1.6215,-0.0364,-114.09
7.7225,5.0085,9.5335,-0.13894,-4.0568,0.025538,0.02441,-1.6034,-0.0185,-219.41
7.7626,5.0271,9.3764,-0.10432,-3.9431,0.0090993,0.0086901,-1.5966,-0.012,-328.71
7.8025,5.0344,9.2197,-0.090212,-3.8512,-0.00071634,-0.00068308,-1.5943,-0.0098,-393.09
7.8426,5.0307,9.0596,-0.090541,-3.7739,-0.0093193,-0.0088819,-1.5955,-0.0104,-362.98
7.8826,5.0285,8.91,-0.11246,-3.7104,-0.0012303,-0.0011694,-1.6012,-0.0159,-233.46
7.9226,5.0274,8.7427,-0.11942,-3.6376,0.0073864,0.0070048,-1.603,-0.0165,-220.58
7.9626,5.038,8.5979,-0.095298,-3.5565,-0.0027726,-0.0026263,-1.5978,-0.0121,-294.03
8.0027,5.0269,8.4488,-0.12839,-3.458,0.022934,0.021622,-1.6059,-0.0183,-189.09
8.0426,5.08,8.2955,-0.05552,-3.3886,-0.02345,-0.02218,-1.5893,-0.0056,-605.19
8.0827,5.0852,8.157,-0.04719,-3.3042,-0.02872,-0.027134,-1.5878,-0.0043,-768.51
8.1226,5.09,8.0171,-0.018565,-3.2374,-0.055372,-0.052227,-1.5821,0.001,3237.4
8.1627,5.0932,7.8908,-0.015529,-3.1114,-0.053789,-0.050928,-1.5816,0.0011,2828.6
8.2027,5.122,7.7578,0.02751,-3.1107,-0.075228,-0.070809,-1.5702,0.0095,327.45
8.2427,5.117,7.6527,-0.045927,-3.0044,-0.030533,-0.028692,-1.5896,-0.0086,-349.39
8.2827,5.1083,7.5437,-0.072155,-2.9012,-0.01612,-0.015079,-1.5977,-0.0137,-211.83
8.3227,5.1099,7.4393,-0.054349,-2.8018,-0.028989,-0.027085,-1.594,-0.0109,-257.1
8.3627,5.0156,7.3086,0.010032,-2.8379,-0.063716,-0.05952,-1.5756,0.0037,767.01
8.4028,5.024,7.196,0.0062308,-2.807,-0.054732,-0.051253,-1.5759,0.0017,1651.2
8.4427,4.9112,7.0633,0.2731,-2.5144,-0.24174,-0.23964,-1.5053,0.0632,40.019
8.4828,4.9264,6.9644,0.26091,-2.5065,-0.20812,-0.20408,-1.5041,0.0616,40.91
8.5227,4.9353,6.8603,0.24636,-2.5088,-0.1768,-0.17145,-1.5043,0.0594,42.439
8.5628,4.9502,6.7705,0.23862,-2.4247,-0.17887,-0.17381,-1.5067,0.0544,44.787
8.6028,4.9569,6.6378,0.22037,-2.4561,-0.15296,-0.14697,-1.5096,0.05,49.319
8.6428,4.96,6.5737,0.23217,-2.2651,-0.19077,-0.18673,-1.5101,0.0483,47.143
8.6828,4.9614,6.4966,0.22044,-2.1908,-0.18185,-0.17776,-1.5126,0.0446,49.37
8.7228,4.9681,6.4199,0.22427,-2.1616,-0.18748,-0.18001,-1.5119,0.0439,49.504
8.7629,4.9712,6.3283,0.23182,-2.1183,-0.18876,-0.18138,-1.5086,0.0451,47.248
8.8028,4.9757,6.2365,0.24703,-1.9762,-0.20551,-0.20494,-1.5051,0.0469,42.465
8.8429,4.9807,6.154,0.2817,-1.8575,-0.23691,-0.24271,-1.4971,0.0522,35.992
8.8829,4.9905,6.0762,0.31324,-1.7375,-0.26369,-0.27867,-1.4903,0.0565,31.248
8.9228,4.9908,6.0252,0.33155,-1.5882,-0.28133,-0.30891,-1.4896,0.0552,29.391
8.963,4.9928,5.9545,0.33672,-1.5034,-0.28211,-0.31579,-1.4895,0.054,28.531
9.0029,5.0145,5.867,0.32234,-1.5385,-0.24988,-0.27106,-1.4826,0.0568,27.675
9.0429,5.0241,5.8032,0.32611,-1.4987,-0.24067,-0.2616,-1.477,0.0587,26.13
9.0829,5.0359,5.7385,0.33569,-1.4279,-0.24495,-0.27155,-1.4748,0.0587,24.989
******-------------------------------------------------------------------------------------------------------------------****** 
TargetID: ID02
Relevancy: 0
tj = Inf
Label: -1
Comment: Target is irrelevant as it is not crossing the estimated holding line
DATA:
1.7605,-15.803,59.127,NaN,NaN,NaN,NaN,-1.3605,NaN,NaN
1.8005,-15.743,58.846,1.4987,-7.0214,NaN,NaN,-1.3605,0,Inf
1.8405,-15.68,58.566,1.499,-7.0261,0.0067451,-0.11769,-1.3606,-0.0025,-2873.7
1.8805,-15.618,58.285,1.4993,-7.0273,0.006266,-0.02937,-1.3606,0,Inf
1.9204,-15.557,58.004,1.5023,-7.0416,0.076742,-0.3597,-1.3606,0,Inf
1.9606,-15.493,57.723,1.4934,-7.0034,-0.22105,0.95111,-1.3607,-0.00249,-2875.9
2.0005,-15.431,57.443,1.5025,-7.0461,0.22777,-1.0681,-1.3607,0,Inf
2.0407,-15.373,57.161,1.4931,-7.0021,-0.23367,1.0958,-1.3607,0,Inf
2.0805,-15.311,56.881,1.5036,-7.051,0.26176,-1.2275,-1.3607,0,Inf
2.1205,-15.252,56.599,1.4988,-7.0285,-0.1198,0.56181,-1.3607,0,Inf
2.1606,-15.192,56.318,1.4974,-7.0221,-0.034213,0.16044,-1.3607,0,Inf
2.2006,-15.133,56.036,1.499,-7.0294,0.039233,-0.18398,-1.3607,0,Inf
2.2406,-16.71,55.38,-6.1321,-42.258,-501.71,-824.36,-1.7149,-8.8552,-4.8221
2.2806,-16.754,55.081,-1.088,-7.4977,126.09,868.96,-1.7149,0,Inf
2.3207,-16.797,54.781,-1.0849,-7.4763,0.077367,0.53316,-1.7149,0,Inf
2.3606,-16.845,54.481,-1.0926,-7.5348,-0.19293,-1.4633,-1.7148,0.002503,3041.8
2.4007,-16.889,54.181,-1.0834,-7.4712,0.22968,1.5839,-1.7148,0,Inf
2.4407,-16.932,53.882,-1.0855,-7.4858,-0.052902,-0.36482,-1.7148,0,Inf
2.4807,-16.975,53.582,-1.0865,-7.4926,-0.024527,-0.16915,-1.7148,0,Inf
2.5207,-17.022,53.281,-1.0925,-7.5342,-0.15094,-1.0409,-1.7148,0,Inf
2.5607,-17.067,52.981,-1.0877,-7.5063,0.12013,0.69688,-1.7147,0.002498,3036.3
2.6008,-17.112,52.681,-1.0855,-7.4909,0.055478,0.38286,-1.7147,0,Inf
2.6408,-17.741,52.295,-4.2799,-17.963,-103.56,-255.37,-1.8047,-2.2501,-8.2065
2.6808,-17.814,51.991,-1.811,-7.6008,61.721,259.04,-1.8047,0,Inf
2.7207,-17.888,51.686,-1.8155,-7.6229,-0.11166,-0.55345,-1.8046,0.002502,3131.9
2.7608,-17.96,51.383,-1.8026,-7.5688,0.32115,1.3485,-1.8046,0,Inf
2.8008,-18.032,51.079,-1.808,-7.5914,-0.13486,-0.56625,-1.8046,0,Inf
2.8408,-18.104,50.775,-1.8087,-7.5947,-0.019256,-0.080851,-1.8046,0,Inf
2.8809,-18.176,50.471,-1.8067,-7.5862,0.050482,0.21197,-1.8046,0,Inf
2.9208,-18.248,50.168,-1.8114,-7.6023,-0.11608,-0.40277,-1.8047,-0.002504,-3121
2.9609,-18.324,49.863,-1.8125,-7.6103,-0.027411,-0.19921,-1.8046,0.002491,3140.6
3.0009,-18.396,49.559,-1.812,-7.6084,0.011164,0.046878,-1.8046,0,Inf
3.0409,-18.469,49.255,-1.8087,-7.5945,0.082843,0.34784,-1.8046,0,Inf
3.0809,-18.541,48.951,-1.8101,-7.6004,-0.035371,-0.14852,-1.8046,0,Inf
3.1209,-18.614,48.647,-1.8106,-7.6023,-0.011169,-0.046898,-1.8046,0,Inf
******-------------------------------------------------------------------------------------------------------------------****** 
TargetID: ID03
Relevancy: 0
tj = Inf
Label: -1
Comment: Target is irrelevant as it is not crossing the estimated holding line
DATA:
3.401,-12.5,48.825,NaN,NaN,NaN,NaN,-1.2958,NaN,NaN
3.441,-12.43,48.582,1.7134,-6.0727,NaN,NaN,-1.2958,0,Inf
3.481,-12.362,48.339,1.7128,-6.0708,-0.013209,0.046817,-1.2958,0,Inf
3.521,-12.292,48.097,1.7147,-6.0796,0.045653,-0.22008,-1.2959,-0.002502,-2524.7
3.561,-12.221,47.855,1.7118,-6.0694,-0.071945,0.25509,-1.2959,0,Inf
3.601,-12.154,47.611,1.7116,-6.0687,-0.0046104,0.016347,-1.2959,0,Inf
3.6411,-12.085,47.369,1.7099,-6.0628,-0.041929,0.14867,-1.2959,0,Inf
3.6811,-12.018,47.126,1.7102,-6.0616,0.0081196,0.029191,-1.2958,0.002499,2520.3
3.7211,-12.317,46.526,2.0976,-16.653,-29.614,-268.43,-1.4455,-3.749,-4.4772
3.7611,-12.285,46.27,0.80292,-6.3746,-32.295,256.4,-1.4455,0,Inf
3.8012,-12.24,46.184,0.33229,-2.4157,-12.878,98.717,-1.4341,0.28468,8.5656
3.8412,-12.208,45.934,0.85884,-6.239,13.185,-95.665,-1.434,0.002502,2517.1
3.8812,-12.173,45.685,0.8569,-6.2249,-0.048555,0.35273,-1.434,0,Inf
3.9211,-12.14,45.436,0.85864,-6.2376,0.043714,-0.31756,-1.434,0,Inf
3.9612,-12.105,45.187,0.85479,-6.2096,-0.096056,0.6978,-1.434,0,Inf
4.0012,-12.07,44.938,0.85668,-6.2279,0.047172,-0.45831,-1.4341,-0.002501,-2513.6
4.0413,-12.036,44.688,0.85675,-6.2238,0.0017582,0.1023,-1.434,0.002498,2515
4.0813,-12.002,44.439,0.85775,-6.2311,0.025083,-0.18222,-1.434,0,Inf
4.1212,-11.968,44.19,0.8591,-6.2409,0.033823,-0.24571,-1.434,0,Inf
4.1613,-12.417,43.785,0.17636,-15.078,-44.496,-219.55,-1.5591,-3.121,-4.8313
4.2013,-12.697,43.479,-0.57238,-10.339,-10.787,118.82,-1.6261,-1.6744,-6.1844
4.2413,-12.71,43.221,-0.35741,-6.456,5.3705,97.011,-1.6261,0,Inf
4.2813,-12.77,43.119,-0.17652,-2.9581,4.897,87.409,-1.6304,-0.10748,-27.571
4.3213,-12.786,42.865,-0.37847,-6.3423,-5.0517,-84.654,-1.6304,0,Inf
4.3614,-12.801,42.612,-0.37696,-6.317,0.037705,0.63184,-1.6304,0,Inf
4.4014,-12.816,42.359,-0.37793,-6.3332,-0.024045,-0.40294,-1.6304,0,Inf
4.4414,-12.831,42.106,-0.3783,-6.3394,-0.0093215,-0.1562,-1.6304,0,Inf
4.4814,-12.846,41.852,-0.37769,-6.3291,0.015311,0.25657,-1.6304,0,Inf
4.5213,-12.86,41.599,-0.37864,-6.3345,-0.023997,-0.13509,-1.6305,-0.002505,-2533.3
4.5614,-12.875,41.346,-0.37743,-6.3142,0.030238,0.50587,-1.6305,0,Inf
4.6014,-12.891,41.092,-0.37884,-6.3378,-0.035194,-0.58878,-1.6305,0,Inf
4.6414,-12.907,40.839,-0.37845,-6.342,0.0097097,-0.10394,-1.6304,0.0025,2541.3
4.6814,-12.924,40.585,-0.37875,-6.347,-0.0075206,-0.12604,-1.6304,0,Inf
4.7214,-12.939,40.332,-0.37824,-6.3384,0.012842,0.21519,-1.6304,0,Inf
4.7615,-12.956,40.078,-0.37694,-6.3272,0.032404,0.2782,-1.6303,0.002493,2542.5
4.8015,-12.971,39.825,-0.37739,-6.3349,-0.011352,-0.19054,-1.6303,0,Inf
******-------------------------------------------------------------------------------------------------------------------****** 
