******-------------------------------------------------------------------------------------------------------------------****** 
Duration of the scene is: 17.9251 seconds
Original Targets Numbers in the hole Scene: 16
Number of Targets in the hole Scene after preprocessing: 41
Number of static portions: 1
******-------------------------------------------------------------------------------------------------------------------****** 
TargetID: ID01
Target can not be processed due to lack of Data
******-------------------------------------------------------------------------------------------------------------------****** 
TargetID: ID18
Relevancy: 1
tj = 13.2034
Label: 0
Comment: Target is relevant and going straight, since target is crossing Ego X-axis in EFC
DATA:
9.5222,46.351,36.826,NaN,NaN,NaN,NaN,-2.0318,NaN,NaN
9.5622,45.403,36.979,NaN,NaN,NaN,NaN,-2.8495,NaN,NaN
9.6022,45.283,36.772,NaN,NaN,NaN,NaN,-2.6728,NaN,NaN
9.6423,45.032,36.64,NaN,NaN,NaN,NaN,-2.6728,NaN,NaN
9.6822,45.258,36.277,NaN,NaN,NaN,NaN,-2.2926,NaN,NaN
9.7223,45.398,35.832,NaN,NaN,NaN,NaN,-2.0355,NaN,NaN
9.7623,45.287,35.553,NaN,NaN,NaN,NaN,-2.0254,NaN,NaN
9.8023,45.072,35.355,NaN,NaN,NaN,NaN,-2.0826,NaN,NaN
9.8423,45.066,35.031,NaN,NaN,NaN,NaN,-2.0136,NaN,NaN
9.8823,44.868,34.857,NaN,NaN,NaN,NaN,-2.0598,NaN,NaN
9.9223,44.668,34.712,NaN,NaN,NaN,NaN,-2.1051,NaN,NaN
9.9624,44.436,34.549,NaN,NaN,NaN,NaN,-2.1517,NaN,NaN
10.002,44.291,34.367,NaN,NaN,NaN,NaN,-2.1552,NaN,NaN
10.042,44.111,34.14,NaN,NaN,NaN,NaN,-2.1631,NaN,NaN
10.082,44.077,33.822,NaN,NaN,NaN,NaN,-2.1199,NaN,NaN
10.122,43.892,33.596,NaN,NaN,NaN,NaN,-2.1336,NaN,NaN
10.162,44.219,33.468,-3.9229,-5.8154,-0,-0,-2.1643,0,Inf
10.202,44.286,33.086,-3.4778,-6.1245,-0.062799,-0.057271,-2.0872,0.001,7043.1
10.242,44.091,32.86,-3.7128,-6.111,-0.26427,-0.24081,-2.117,-0.0164,-436
10.282,43.95,32.574,-3.7751,-6.2133,-0.46099,-0.41973,-2.1171,-0.0207,-351.22
10.322,43.803,32.292,-3.8288,-6.2869,-0.54868,-0.49907,-2.1182,-0.0216,-340.79
10.362,43.708,31.981,-3.7597,-6.435,-0.60497,-0.54984,-2.1,-0.0123,-605.92
10.403,43.601,31.693,-3.7497,-6.5478,-0.64796,-0.58834,-2.0913,-0.0097,-777.89
10.443,43.512,31.37,-3.6602,-6.6996,-0.64014,-0.58056,-2.0713,0.0103,741.19
10.483,43.381,31.086,-3.6678,-6.7776,-0.62446,-0.56548,-2.0673,0.0161,478.66
10.523,43.201,30.808,-3.7932,-6.791,-0.6396,-0.57826,-2.0806,0.0038,2047
10.563,43.056,30.529,-3.8128,-6.865,-0.64812,-0.58491,-2.0773,0.0073,1075.7
10.603,42.956,30.211,-3.7264,-6.9983,-0.6296,-0.56733,-2.0605,0.0326,243.21
10.643,42.823,29.913,-3.7055,-7.0963,-0.61991,-0.5574,-2.0525,0.043,186.18
10.683,42.664,29.64,-3.7677,-7.1283,-0.61505,-0.55184,-2.0575,0.0345,233.7
10.723,42.64,29.264,-3.4137,-7.4233,-0.55796,-0.49978,-2.0023,0.1092,74.823
10.763,42.638,28.867,-3.0054,-7.7293,-0.47683,-0.42627,-1.9421,0.1886,43.972
10.803,42.557,28.532,-2.8851,-7.874,-0.4528,-0.40369,-1.9216,0.2026,41.392
10.843,42.6,28.106,-2.3837,-8.1937,-0.35865,-0.31928,-1.8542,0.2779,30.707
10.883,42.555,27.739,-2.2569,-8.3389,-0.34018,-0.30216,-1.8354,0.2849,30.323
10.923,42.493,27.378,-2.1714,-8.47,-0.32131,-0.28451,-1.8214,0.2836,30.832
10.963,42.381,27.057,-2.1793,-8.5339,-0.31311,-0.27658,-1.8208,0.2697,32.658
11.003,42.34,26.69,-2.0477,-8.675,-0.27865,-0.24545,-1.8023,0.2765,32.237
11.043,42.312,26.306,-1.8431,-8.8542,-0.23065,-0.20261,-1.7758,0.2904,31.143
11.083,42.263,25.935,-1.7604,-8.9735,-0.20821,-0.18236,-1.7647,0.2876,31.796
11.123,42.187,25.581,-1.7231,-9.0622,-0.19023,-0.16596,-1.7587,0.2804,32.898
11.163,42.157,25.192,-1.5807,-9.216,-0.15265,-0.13266,-1.7407,0.2852,32.786
11.203,42.074,24.837,-1.5493,-9.2923,-0.13655,-0.11821,-1.7361,0.2772,33.985
11.243,41.99,24.475,-1.5435,-9.3666,-0.12834,-0.11063,-1.7342,0.2666,35.607
11.283,41.906,24.111,-1.5146,-9.4385,-0.1129,-0.096896,-1.7299,0.2606,36.682
11.323,41.811,23.759,-1.5349,-9.4812,-0.11031,-0.09428,-1.7314,0.2487,38.62
11.363,41.665,23.431,-1.6537,-9.4529,-0.12657,-0.1077,-1.7441,0.228,42.09
11.403,41.588,23.058,-1.6173,-9.5313,-0.11559,-0.097896,-1.739,0.2239,43.178
11.443,41.52,22.682,-1.5726,-9.6115,-0.10166,-0.085667,-1.7331,0.2207,44.129
11.483,41.481,22.267,-1.4572,-9.7415,-0.071861,-0.060234,-1.7193,0.2271,43.372
11.523,41.421,21.887,-1.4132,-9.8071,-0.054541,-0.045446,-1.7139,0.224,44.234
11.563,41.377,21.479,-1.3532,-9.8945,-0.040521,-0.033554,-1.7068,0.2213,45.127
11.603,41.321,21.087,-1.304,-9.9563,-0.024246,-0.019946,-1.701,0.2192,45.809
11.643,41.304,20.668,-1.1799,-10.056,0.0093088,0.0076055,-1.6876,0.2235,45.3
11.683,41.337,20.234,-0.90446,-10.211,0.075348,0.061104,-1.6591,0.2415,42.445
11.723,41.302,19.842,-0.82993,-10.25,0.093752,0.075467,-1.6517,0.2388,43.062
11.763,41.226,19.474,-0.83403,-10.217,0.09193,0.073428,-1.6522,0.2324,44.109
11.803,41.816,19.829,-0.72237,-10.271,0.10999,0.087129,-1.6401,0.2398,42.935
11.843,41.793,19.431,-0.6398,-10.277,0.12045,0.094621,-1.632,0.2398,42.938
11.883,41.809,19.005,-0.47234,-10.323,0.13966,0.10878,-1.6154,0.2472,41.804
11.923,41.7,18.695,-0.55629,-10.165,0.10781,0.08326,-1.6246,0.2317,43.937
11.963,41.666,18.305,-0.5136,-10.133,0.10211,0.07817,-1.6206,0.2287,44.366
12.003,41.644,17.913,-0.42418,-10.103,0.095234,0.072276,-1.6119,0.2303,43.908
12.043,41.61,17.522,-0.38074,-10.081,0.090625,0.068128,-1.6078,0.2272,44.402
12.083,41.574,17.161,-0.32716,-10.011,0.075013,0.055923,-1.6028,0.2247,44.577
12.123,41.469,16.842,-0.36139,-9.8844,0.052303,0.038662,-1.6073,0.2137,46.284
12.163,41.467,16.455,-0.30653,-9.8513,0.042889,0.031401,-1.6015,0.2109,46.733
12.203,41.404,16.134,-0.36382,-9.7108,0.020713,0.015031,-1.608,0.1975,49.203
12.243,41.341,16.869,-0.41886,-9.5728,0.0063146,0.004541,-1.6144,0.1847,51.879
12.283,41.314,16.504,-0.38946,-9.5375,0.0017271,0.0012313,-1.6116,0.1808,52.796
12.323,41.274,16.114,-0.35059,-9.5753,0.01952,0.01378,-1.607,0.1783,53.739
12.363,41.292,15.707,-0.2497,-9.6055,0.021201,0.01483,-1.5964,0.1817,52.883
12.403,41.274,15.426,-0.20002,-9.6309,0.038576,0.02672,-1.5907,0.1796,53.636
12.443,41.243,15.064,-0.17905,-9.6132,0.042421,0.029105,-1.5885,0.175,54.942
12.483,41.196,14.742,-0.28611,-9.54,0.056336,0.038276,-1.5996,0.1574,60.637
12.523,41.181,14.363,-0.23455,-9.5494,0.05932,0.03991,-1.5941,0.1568,60.92
12.563,41.163,14.002,-0.24162,-9.5359,0.07184,0.047851,-1.5946,0.15,63.593
12.603,41.164,13.622,-0.26551,-9.5524,0.098336,0.064818,-1.5965,0.1418,67.392
12.643,41.121,13.26,-0.237,-9.578,0.11587,0.075612,-1.593,0.1393,68.779
12.683,41.139,12.847,-0.18288,-9.6263,0.13137,0.084867,-1.587,0.1396,68.969
12.723,41.156,12.461,-0.11754,-9.6336,0.127,0.081239,-1.5803,0.141,68.328
12.763,41.127,12.107,-0.1206,-9.6128,0.13022,0.082467,-1.5805,0.1352,71.106
12.803,41.127,11.726,-0.13049,-9.6313,0.157,0.098363,-1.581,0.1289,74.726
12.843,41.145,11.286,-0.052839,-9.6979,0.18224,0.11296,-1.5724,0.1319,73.526
12.883,41.122,10.922,-0.034708,-9.6866,0.17674,0.10847,-1.5707,0.1285,75.382
12.924,41.065,10.608,-0.045462,-9.6004,0.13903,0.084566,-1.5726,0.1221,78.628
12.963,41.009,10.31,-0.085872,-9.4916,0.10715,0.06457,-1.5775,0.1129,84.074
13.003,41.018,9.908,-0.016783,-9.5723,0.14596,0.086981,-1.5694,0.1156,82.806
13.043,41.052,9.5002,0.11022,-9.6442,0.16019,0.09446,-1.556,0.1245,77.468
13.083,41.112,9.0412,0.22461,-9.7896,0.22901,0.1334,-1.5431,0.1316,74.409
13.123,41.179,8.5994,0.3234,-9.895,0.28131,0.16195,-1.5324,0.1367,72.424
13.163,41.135,8.2744,0.26297,-9.8109,0.25242,0.14399,-1.5387,0.1246,78.767
13.203,41.143,7.8879,0.33472,-9.8333,0.24913,0.14069,-1.5316,0.1268,77.595
13.243,41.19,6.2324,0.3993,-9.8557,0.26433,0.14864,-1.5284,0.1243,79.354
13.284,41.201,5.8268,0.41419,-9.907,0.31073,0.17296,-1.5267,0.1197,82.838
13.324,41.243,5.3738,0.48337,-9.9831,0.35057,0.19313,-1.52,0.1216,82.194
13.364,41.254,4.988,0.51326,-10.008,0.34411,0.18735,-1.5172,0.1193,84
13.404,41.264,4.7111,0.56333,-10.044,0.37925,0.20468,-1.5117,0.1196,84.109
13.444,41.286,4.2949,0.6108,-10.094,0.41733,0.22447,-1.5104,0.1151,87.857
13.484,41.29,3.9064,0.58557,-10.098,0.41246,0.21827,-1.5095,0.1108,91.288
13.524,41.312,3.521,0.62943,-10.085,0.37892,0.19873,-1.5054,0.1111,90.953
13.564,41.343,3.1011,0.68607,-10.146,0.4065,0.21121,-1.5,0.1119,90.873
13.604,41.384,2.65,0.7601,-10.276,0.45471,0.23349,-1.4934,0.1142,90.23
13.644,41.424,2.2185,0.82482,-10.32,0.48589,0.24792,-1.4873,0.1158,89.399
13.684,41.47,1.7777,0.93244,-10.387,0.50538,0.25776,-1.4813,0.1177,88.601
13.724,41.526,1.3368,0.98491,-10.469,0.53808,0.26984,-1.4729,0.1219,86.261
13.764,41.565,0.91681,1.0379,-10.501,0.54069,0.26903,-1.4682,0.1219,86.562
13.804,41.451,0.44363,1.0962,-10.555,0.55972,0.27632,-1.4633,0.1219,87.051
13.844,41.526,-0.020863,1.2041,-10.626,0.59051,0.28952,-1.454,0.1272,84.074
13.884,41.597,-0.47127,1.2493,-10.671,0.61338,0.29894,-1.4502,0.1255,85.611
13.924,41.684,-0.94978,1.4012,-10.796,0.69125,0.33472,-1.4374,0.1341,81.184
13.964,41.776,-1.4504,1.5591,-10.949,0.79153,0.3809,-1.4247,0.1422,77.774
14.004,41.815,-1.8247,1.6135,-11.01,0.81121,0.38772,-1.42,0.1414,78.694
14.044,41.901,-2.3136,1.7469,-11.174,0.93847,0.44564,-1.4098,0.1465,77.197
14.084,41.935,-2.6106,1.7859,-11.195,0.91548,0.43163,-1.4058,0.145,78.181
14.124,41.835,-2.1286,1.7585,-11.309,0.97042,0.44693,-1.4018,0.143,80.031
14.164,41.922,-2.673,1.8322,-11.351,0.97168,0.44677,-1.3969,0.1424,80.745
14.204,41.931,-3.1596,2.1352,-11.419,1.0448,0.51291,-1.4006,0.1309,88.744
14.244,42.01,-3.6171,2.2078,-11.473,1.0568,0.51753,-1.3953,0.1309,89.253
14.284,42.092,-4.0779,2.2805,-11.526,1.0685,0.52211,-1.3901,0.1309,89.761
14.324,42.035,-4.4388,2.0461,-11.335,0.80555,0.38957,-1.4035,0.1083,106.35
14.364,42.104,-4.8896,2.1049,-11.376,0.81286,0.39254,-1.3991,0.1083,106.83
14.404,42.181,-5.3451,2.1641,-11.417,0.81972,0.39547,-1.3948,0.1083,107.3
14.444,42.149,-5.569,1.9339,-10.873,0.26132,0.12365,-1.3987,0.098,112.69
14.484,42.174,-5.9958,1.9119,-10.832,0.20401,0.096291,-1.3992,0.0934,117.77
14.524,42.228,-6.4338,1.9405,-10.872,0.22046,0.10404,-1.3975,0.0915,120.7
14.564,42.291,-6.8664,1.9682,-10.876,0.21531,0.10164,-1.395,0.0905,122.13
14.604,42.376,-7.2955,2.01,-10.881,0.21567,0.10184,-1.3914,0.0906,122.13
14.644,42.44,-7.7006,1.9639,-10.786,0.11051,0.051579,-1.389,0.09,121.81
14.684,42.5,-8.0858,1.9925,-10.661,-0.00051223,-0.00023952,-1.386,0.0904,119.98
14.724,42.568,-8.4552,2.0245,-10.492,-0.15524,-0.073127,-1.3827,0.0908,117.69
14.764,42.648,-8.873,2.0607,-10.476,-0.15627,-0.073599,-1.3791,0.0908,117.58
14.804,42.712,-9.2829,2.0795,-10.484,-0.081584,-0.038327,-1.3763,0.0913,117.07
14.844,42.785,-9.6815,2.1056,-10.428,-0.11462,-0.053944,-1.3734,0.091,116.9
14.884,42.833,-10.131,2.0749,-10.507,-0.047652,-0.02229,-1.3751,0.0864,123.96
14.924,42.868,-10.643,2.08,-10.666,0.098658,0.046437,-1.3797,0.0798,136.17
14.964,42.987,-11.134,2.1463,-10.835,0.27376,0.12969,-1.3794,0.0775,142.52
15.004,43.082,-11.619,2.2237,-10.969,0.40644,0.19347,-1.3768,0.0785,142.57
15.044,43.124,-12.103,2.1945,-11.061,0.46644,0.22242,-1.3817,0.0702,160.63
15.084,43.168,-12.58,2.1547,-11.141,0.50121,0.23924,-1.3869,0.061,186.02
15.124,43.182,-13.071,2.1404,-11.236,0.55958,0.26755,-1.3904,0.0558,204.99
15.164,43.215,-13.524,2.1236,-11.308,0.56593,0.26992,-1.393,0.0529,217.49
15.204,43.291,-13.966,2.1078,-11.23,0.46211,0.22018,-1.3918,0.052,219.74
15.244,43.363,-14.405,2.1043,-11.201,0.38682,0.18383,-1.3906,0.0514,221.73
15.284,43.451,-14.838,2.2489,-10.639,0.29057,0.13777,-1.3878,0.0519,209.52
15.324,43.539,-15.27,2.1195,-11.105,0.19415,0.091633,-1.385,0.0524,215.76
15.364,43.624,-15.709,2.1242,-11.07,0.11849,0.05577,-1.3829,0.0523,215.52
15.404,43.764,-16.156,2.159,-11.013,-0.012423,-0.0058182,-1.377,0.0543,206.68
15.444,43.867,-16.558,2.1875,-10.976,-0.072005,-0.033649,-1.373,0.0559,200.22
15.484,43.957,-16.981,2.2045,-10.965,-0.079954,-0.037353,-1.3712,0.0552,202.62
15.524,44.043,-17.389,2.1871,-10.915,-0.1822,-0.084799,-1.3705,0.0522,213.26
15.564,44.145,-17.794,2.2108,-10.894,-0.19286,-0.08973,-1.3679,0.0521,213.35
******-------------------------------------------------------------------------------------------------------------------****** 
TargetID: ID02
Target can not be processed due to lack of Data
******-------------------------------------------------------------------------------------------------------------------****** 
TargetID: ID19
Relevancy: 1
tj = 14.4439
Label: 0
Comment: Target is relevant and going straight, since target is crossing Ego X-axis in EFC
DATA:
10.162,47.487,44.064,NaN,NaN,NaN,NaN,-1.8417,NaN,NaN
10.202,47.397,43.772,NaN,NaN,NaN,NaN,-1.8417,NaN,NaN
10.242,47.324,43.46,NaN,NaN,NaN,NaN,-1.8372,NaN,NaN
10.282,47.243,43.133,NaN,NaN,NaN,NaN,-1.8293,NaN,NaN
10.322,47.396,42.684,NaN,NaN,NaN,NaN,-1.6688,NaN,NaN
10.362,47.363,42.357,NaN,NaN,NaN,NaN,-1.6688,NaN,NaN
10.403,47.345,42.031,NaN,NaN,NaN,NaN,-1.6688,NaN,NaN
10.443,46.477,42.182,NaN,NaN,NaN,NaN,-2.0992,NaN,NaN
10.483,47.083,41.575,NaN,NaN,NaN,NaN,-1.7479,NaN,NaN
10.523,46.988,41.226,NaN,NaN,NaN,NaN,-1.7617,NaN,NaN
10.563,46.709,41.036,NaN,NaN,NaN,NaN,-1.8469,NaN,NaN
10.603,46.765,40.642,NaN,NaN,NaN,NaN,-1.7997,NaN,NaN
10.643,46.933,40.191,NaN,NaN,NaN,NaN,-1.7222,NaN,NaN
10.683,47.064,39.744,NaN,NaN,NaN,NaN,-1.6721,NaN,NaN
10.723,46.816,39.537,NaN,NaN,NaN,NaN,-1.7364,NaN,NaN
10.763,47.144,39.365,-1.8201,-8.0931,-0,-0,-1.792,0,Inf
10.803,46.841,39.17,-2.3101,-7.8125,-0.028286,-0.025228,-1.8583,-0.0178,-457.69
10.843,46.813,38.823,-2.1969,-8.0179,-0.16143,-0.14363,-1.8381,-0.0519,-160.18
10.883,46.611,38.579,-2.4798,-7.9374,-0.22409,-0.19893,-1.8734,-0.0862,-96.471
10.923,46.49,38.261,-2.5773,-7.9975,-0.281,-0.24891,-1.8828,-0.1036,-81.105
10.963,46.393,37.933,-2.6325,-8.063,-0.28968,-0.25589,-1.8864,-0.1084,-78.246
11.003,46.269,37.625,-2.7381,-8.0558,-0.26667,-0.23495,-1.8984,-0.1138,-74.766
11.043,46.086,37.33,-2.931,-8.0226,-0.2856,-0.25095,-1.9213,-0.1322,-64.609
11.083,45.755,37.145,-3.4685,-7.7305,-0.34973,-0.30618,-1.9923,-0.2087,-40.599
11.123,45.553,36.88,-3.7112,-7.6227,-0.4059,-0.35407,-2.0236,-0.24,-35.325
11.163,45.38,36.591,-3.8594,-7.5912,-0.45186,-0.39269,-2.0411,-0.2499,-34.077
11.203,45.232,36.282,-3.9238,-7.6248,-0.48505,-0.41988,-2.0457,-0.2397,-35.775
11.243,45.272,35.857,-3.6016,-7.8697,-0.40903,-0.35257,-1.9997,-0.1733,-49.941
11.283,45.259,35.476,-3.3635,-8.0339,-0.33982,-0.29167,-1.967,-0.1268,-68.687
11.323,45.162,35.142,-3.3324,-8.0887,-0.30292,-0.25889,-1.9614,-0.1147,-76.271
11.363,45.113,34.776,-3.1667,-8.2089,-0.25686,-0.21855,-1.9388,-0.0814,-108.09
11.403,44.996,34.444,-3.1796,-8.2429,-0.23409,-0.19824,-1.9389,-0.0782,-112.98
11.443,44.673,34.223,-3.7248,-7.9741,-0.25503,-0.2149,-2.008,-0.1641,-53.633
11.483,44.547,33.896,-3.772,-7.9584,-0.24939,-0.20906,-2.0136,-0.1685,-52.267
11.523,44.401,33.581,-3.8815,-7.9198,-0.25607,-0.21339,-2.0265,-0.1782,-49.494
11.563,44.273,33.249,-3.8973,-7.9285,-0.25064,-0.20756,-2.0278,-0.1743,-50.686
11.603,44.117,32.936,-3.9948,-7.8928,-0.25066,-0.20621,-2.0395,-0.1813,-48.793
11.643,44.069,32.56,-3.7562,-8.008,-0.17435,-0.14244,-2.0094,-0.1396,-63.361
11.683,43.918,32.235,-3.7731,-8.0079,-0.14378,-0.1166,-2.0111,-0.1328,-66.659
11.723,43.851,31.869,-3.6219,-8.1131,-0.13441,-0.10819,-1.9908,-0.1053,-84.377
11.763,43.839,31.451,-3.3547,-8.2798,-0.11016,-0.088005,-1.9558,-0.0603,-148.15
11.803,43.753,31.086,-3.2918,-8.342,-0.11195,-0.088717,-1.9467,-0.0472,-190
11.843,43.695,30.707,-3.1596,-8.4412,-0.11441,-0.08993,-1.929,-0.027,-333.82
11.883,43.579,30.357,-3.1987,-8.4726,-0.12493,-0.097372,-1.9319,-0.0294,-308.04
11.923,43.477,30.001,-3.1655,-8.5278,-0.13183,-0.10186,-1.9263,-0.0227,-400.72
11.963,43.393,29.628,-3.132,-8.6002,-0.14124,-0.10819,-1.9202,-0.0162,-564.98
12.003,43.315,29.252,-3.053,-8.6871,-0.14564,-0.11059,-1.9089,-0.0047,-1959.1
12.043,43.261,28.86,-2.9751,-8.7901,-0.14928,-0.11234,-1.8973,0.0055,1687.3
12.083,43.119,28.521,-3.0722,-8.8018,-0.16609,-0.12386,-1.9066,-0.0043,-2168
12.123,43.073,28.144,-2.9672,-8.9089,-0.16641,-0.12297,-1.8924,0.0051,1841.2
12.163,42.983,27.768,-2.9167,-8.9866,-0.16487,-0.12076,-1.8848,0.0117,807.53
12.203,42.851,27.426,-2.9637,-9.0121,-0.17111,-0.12416,-1.8884,0.0075,1264.9
12.243,42.692,27.081,-3.0339,-9.0397,-0.18095,-0.13011,-1.8945,0.0017,5609
12.283,42.618,26.69,-2.9598,-9.1371,-0.1762,-0.1256,-1.8842,0.0104,923.51
12.323,42.385,26.382,-3.1352,-9.0942,-0.18784,-0.13265,-1.9028,-0.0048,-2004.1
12.363,42.376,25.963,-2.9655,-9.2215,-0.15978,-0.1118,-1.8818,0.0125,774.93
12.403,42.175,25.641,-3.1099,-9.1731,-0.16179,-0.11216,-1.8977,-0.0006,-16143
12.443,42.039,25.283,-3.1349,-9.1927,-0.15121,-0.10384,-1.8994,-0.0019,-5111.9
12.483,41.755,25.005,-3.4148,-9.0547,-0.16546,-0.11257,-1.9315,-0.0272,-355.78
12.523,41.113,24.841,-3.5477,-9.0034,-0.17386,-0.11723,-1.9463,-0.0383,-252.67
12.563,40.979,24.471,-3.5536,-9.0391,-0.17168,-0.11464,-1.9455,-0.0359,-270.54
12.603,40.94,24.039,-3.4107,-9.1308,-0.13824,-0.091402,-1.9284,-0.0207,-470.87
12.643,40.875,23.629,-3.2825,-9.189,-0.10233,-0.067004,-1.914,-0.0085,-1148
12.683,40.86,23.183,-3.0943,-9.2795,-0.070714,-0.045854,-1.8927,0.0087,1124.4
12.723,40.764,22.798,-3.0257,-9.3069,-0.051526,-0.033078,-1.8851,0.0146,670.3
12.763,40.673,22.401,-2.9642,-9.3525,-0.044038,-0.027992,-1.8778,0.0201,488.11
12.803,40.612,21.992,-2.8548,-9.408,-0.031717,-0.01996,-1.8654,0.0289,340.2
12.843,40.58,21.58,-2.7377,-9.4669,-0.022446,-0.013983,-1.8523,0.0376,262.09
12.883,40.471,21.228,-2.7359,-9.4681,-0.021907,-0.013511,-1.8521,0.0355,277.62
12.924,40.495,20.787,-2.538,-9.5555,-0.0076037,-0.0046428,-1.8304,0.0502,196.95
12.963,40.398,20.397,-2.5157,-9.6077,-0.0032681,-0.0019752,-1.8269,0.0514,193.22
13.003,40.848,21.699,-2.2769,-9.7632,0.018203,0.010889,-1.7996,0.0705,142.2
13.043,40.758,21.335,-2.2917,-9.7694,0.022874,0.013546,-1.8008,0.0669,149.99
13.083,40.745,20.899,-2.1095,-9.8514,0.042079,0.024663,-1.7811,0.0799,126.09
13.123,40.692,20.49,-2.0218,-9.8889,0.050023,0.029009,-1.7717,0.0848,119.03
13.163,40.613,20.085,-1.946,-9.9292,0.057614,0.033084,-1.7634,0.0887,114.07
13.203,40.574,19.677,-1.8478,-9.9412,0.05568,0.031647,-1.7537,0.0937,107.91
13.243,40.532,19.264,-1.7711,-9.9616,0.055203,0.031055,-1.7458,0.0971,104.2
13.284,40.458,18.884,-1.744,-9.938,0.043969,0.0245,-1.7438,0.0958,105.32
13.324,40.397,18.485,-1.6837,-9.9457,0.039356,0.021721,-1.7378,0.0977,103.25
13.364,40.367,18.091,-1.5512,-9.8991,0.0019853,0.0010861,-1.7262,0.1046,95.792
13.404,40.334,17.686,-1.4018,-9.8729,-0.034571,-0.018746,-1.7124,0.1128,88.404
13.444,40.275,17.295,-1.3246,-9.8269,-0.069273,-0.03726,-1.706,0.1149,86.299
13.484,40.269,16.882,-1.1891,-9.8157,-0.10092,-0.053796,-1.6932,0.1218,81.178
13.524,40.222,16.498,-1.1291,-9.7652,-0.12959,-0.068561,-1.6883,0.122,80.576
13.564,40.181,16.113,-1.0665,-9.7402,-0.14736,-0.077256,-1.6826,0.1229,79.727
13.604,40.164,15.721,-0.9764,-9.7301,-0.16298,-0.084664,-1.6739,0.1262,77.488
13.644,40.142,15.324,-0.8693,-9.691,-0.19724,-0.10185,-1.664,0.1302,74.731
13.684,40.125,14.942,-0.79132,-9.6393,-0.23227,-0.11911,-1.6572,0.1319,73.326
13.724,40.086,14.567,-0.72735,-9.5879,-0.26058,-0.1327,-1.6516,0.1324,72.624
13.764,40.45,14.165,-0.77226,-9.5145,-0.27137,-0.1372,-1.6572,0.1234,77.356
13.804,40.425,13.793,-0.69136,-9.4553,-0.31295,-0.15738,-1.6501,0.1254,75.602
13.844,40.463,13.403,-0.53253,-9.4766,-0.33966,-0.16923,-1.6339,0.1351,70.256
13.884,40.46,13.025,-0.43661,-9.3932,-0.37202,-0.18529,-1.625,0.1381,68.09
13.924,40.5,12.643,-0.27318,-9.4103,-0.40495,-0.19996,-1.6084,0.1478,63.696
13.964,40.502,12.258,-0.19036,-9.3307,-0.42316,-0.20909,-1.6003,0.1494,62.467
14.004,40.501,11.899,-0.078042,-9.3253,-0.46163,-0.22616,-1.5892,0.1542,60.477
14.044,40.508,11.541,0.0070202,-9.2173,-0.48538,-0.2383,-1.5809,0.1564,58.934
14.084,40.526,11.163,0.088783,-9.1852,-0.48818,-0.23873,-1.5722,0.1584,57.99
14.124,40.563,10.784,0.21255,-9.2402,-0.46125,-0.22324,-1.5582,0.1649,56.05
14.164,40.598,10.409,0.31618,-9.1584,-0.46905,-0.2277,-1.547,0.1689,54.256
14.204,40.658,10.032,0.44105,-9.209,-0.44054,-0.21198,-1.533,0.1752,52.623
14.244,40.623,9.6816,0.45222,-9.1072,-0.44681,-0.21567,-1.5316,0.1699,53.669
14.284,40.655,9.3188,0.54042,-9.1194,-0.46138,-0.22127,-1.5224,0.1722,53.051
14.324,40.671,8.9679,0.58027,-9.0723,-0.45546,-0.21807,-1.5177,0.1703,53.381
14.364,40.706,8.6005,0.68192,-9.0782,-0.41068,-0.19604,-1.5055,0.1746,52.141
14.404,40.757,8.2316,0.75285,-9.0847,-0.34513,-0.16417,-1.4963,0.1762,51.736
14.444,40.777,7.8682,0.81921,-9.0943,-0.28236,-0.13387,-1.4876,0.1769,51.617
14.484,40.598,7.4926,0.84164,-9.0163,-0.29733,-0.14151,-1.4849,0.173,52.344
14.524,40.648,6.79,0.8139,-9.072,-0.17277,-0.081424,-1.4847,0.165,55.203
14.564,40.675,6.4184,0.83862,-9.1146,-0.059578,-0.027977,-1.4802,0.1618,56.571
14.604,40.702,6.043,0.80023,-9.1801,0.10798,0.050414,-1.4818,0.1523,60.505
14.644,40.74,5.6668,0.88396,-9.2298,0.14923,0.06947,-1.4725,0.1552,59.743
14.684,40.781,5.2882,0.95492,-9.2634,0.20994,0.097599,-1.4641,0.1566,59.467
14.724,40.661,4.8773,1.1177,-9.334,0.26463,0.12268,-1.4467,0.1677,56.057
14.764,40.697,4.5017,1.0768,-9.372,0.35325,0.16318,-1.4499,0.1564,60.317
14.804,40.878,3.7866,1.1779,-9.4209,0.41269,0.19108,-1.4405,0.1591,59.675
14.844,40.931,3.4,1.2461,-9.4815,0.48196,0.22285,-1.4333,0.1592,60.069
14.884,40.986,3.0118,1.3033,-9.5418,0.55272,0.25515,-1.4274,0.158,60.952
14.924,41.005,2.6372,1.2172,-9.5631,0.59971,0.27662,-1.4359,0.1409,68.419
14.964,40.995,1.9668,1.2992,-9.6516,0.69604,0.32164,-1.4296,0.1407,69.216
15.004,41.047,1.5674,1.3516,-9.7472,0.79687,0.36754,-1.4247,0.1389,70.846
15.044,41.097,1.1686,1.3865,-9.831,0.88002,0.40519,-1.4217,0.1353,73.38
15.084,41.155,0.58763,1.4469,-9.9151,0.94391,0.43592,-1.4182,0.1326,75.566
15.124,41.223,0.14791,1.5109,-9.998,0.996,0.46001,-1.4131,0.1321,76.545
15.164,41.292,-0.2699,1.6098,-10.109,1.0928,0.50412,-1.4047,0.1353,75.655
15.204,41.325,-0.69563,1.6859,-10.21,1.1615,0.5353,-1.3987,0.1357,76.26
15.244,41.383,-1.1167,1.7002,-10.258,1.1667,0.53804,-1.3983,0.13,79.982
15.284,41.455,-1.5367,1.7533,-10.33,1.1846,0.54623,-1.3944,0.1287,81.415
15.324,41.596,-2.0105,1.8696,-10.491,1.2897,0.59449,-1.3859,0.1326,80.363
15.364,41.68,-2.4546,1.9386,-10.599,1.3345,0.61493,-1.3813,0.1321,81.565
******-------------------------------------------------------------------------------------------------------------------****** 
TargetID: ID20
Relevancy: 0
tj = Inf
Label: -1
Comment: Target is irrelevant as it is not crossing the estimated holding line
DATA:
15.484,41.086,-1.0916,1.5859,-11.008,1.3881,0.66638,-1.436,0.0584,190.45
15.524,41.07,-1.5743,1.8445,-11.084,1.4539,0.69843,-1.4145,0.0672,167.2
15.564,41.148,-2.1329,1.9377,-11.115,1.4928,0.7217,-1.4094,0.0635,177.68
15.604,41.4,-3.6386,2.192,-11.169,1.5058,0.75074,-1.4015,0.0811,140.34
15.644,41.483,-4.0811,1.9697,-10.948,1.423,0.70887,-1.4029,0.074283,149.75
15.684,41.558,-4.515,1.7769,-10.761,1.3404,0.66705,-1.4044,0.067473,161.65
15.724,41.625,-4.9426,1.6129,-10.607,1.2576,0.62519,-1.4058,0.060657,176.89
15.764,41.687,-5.3644,1.4782,-10.487,1.1749,0.58335,-1.4072,0.053844,196.69
15.804,41.744,-5.7822,1.3726,-10.399,1.0921,0.54149,-1.4086,0.047029,223.04
15.844,41.797,-6.197,1.2962,-10.344,1.0094,0.49965,-1.4101,0.040216,259.23
15.884,41.848,-6.6109,1.2488,-10.323,0.92653,0.45775,-1.4115,0.033393,311.39
15.924,41.898,-7.0236,1.2307,-10.335,0.84388,0.41595,-1.4129,0.026587,391.47
15.964,41.947,-7.438,1.2417,-10.38,0.76112,0.37409,-1.4144,0.019772,528.72
16.004,41.997,-7.8547,1.2818,-10.458,0.67839,0.33225,-1.4158,0.012959,813.04
16.044,42.05,-8.2754,1.3511,-10.569,0.59562,0.29039,-1.4172,0.0061423,1734.7
16.084,42.106,-8.701,1.4495,-10.713,0.51288,0.24854,-1.4186,-0.00067148,-16100
16.124,42.166,-9.1334,1.5772,-10.891,0.43008,0.20666,-1.4201,-0.0074908,-1469.1
16.164,42.232,-9.573,1.7338,-11.101,0.3474,0.16484,-1.4215,-0.0143,-785.73
16.204,42.31,-10.005,2.1021,-10.523,0.33246,0.15772,-1.4169,-0.0087678,-1223.9
16.244,42.399,-10.418,2.3425,-10.173,0.31751,0.1506,-1.4123,-0.0032328,-3229.2
16.285,42.495,-10.822,2.4548,-10.053,0.30257,0.14347,-1.4077,0.0023003,4498.6
16.325,42.594,-11.226,2.439,-10.161,0.28764,0.13635,-1.4032,0.0078324,1334.2
16.365,42.689,-11.639,2.2951,-10.5,0.27269,0.12923,-1.3986,0.013369,803.89
16.405,42.776,-12.069,2.0234,-11.067,0.25776,0.12211,-1.394,0.0189,595.24
16.445,42.881,-12.504,2.0572,-11.075,0.25354,0.12009,-1.3912,0.0204,552.2
16.485,42.957,-12.943,2.0162,-11.069,0.1937,0.091521,-1.3937,0.0135,833.44
16.525,43.053,-13.349,2.0203,-11.021,0.1085,0.051082,-1.3912,0.0142,789.07
16.565,43.153,-13.785,2.0511,-11.024,0.1076,0.050658,-1.3885,0.0161,696.45
16.605,43.249,-14.232,2.0678,-11.032,0.094688,0.044555,-1.387,0.0168,668.09
16.645,43.363,-14.667,2.0978,-11.013,0.051328,0.024109,-1.3834,0.0194,577.89
16.685,43.458,-15.102,2.1022,-10.983,-0.0048664,-0.00228,-1.3816,0.0203,550.83
16.725,43.581,-15.52,2.1415,-10.927,-0.077651,-0.036276,-1.376,0.0248,449
16.765,43.624,-15.993,2.0921,-10.972,-0.041238,-0.019297,-1.3817,0.0187,597.3
16.805,43.725,-16.422,2.1098,-10.938,-0.090602,-0.042302,-1.3788,0.0207,538.16
16.845,43.837,-16.829,2.1322,-10.859,-0.19599,-0.091089,-1.3737,0.0247,448.03
16.885,43.904,-17.266,2.1299,-10.846,-0.21757,-0.10103,-1.3734,0.0237,466.36
16.925,44.067,-17.709,2.1829,-10.794,-0.30543,-0.14128,-1.3662,0.0289,381.05
16.965,44.12,-18.135,2.0703,-10.779,-0.38732,-0.17855,-1.3748,0.0155,708.15
17.005,44.196,-18.552,2.0449,-10.765,-0.39376,-0.1815,-1.3767,0.0123,890.82
17.045,44.252,-18.98,1.9708,-10.763,-0.40688,-0.18747,-1.3832,0.0029,3773.1
17.085,44.279,-19.427,1.8521,-10.787,-0.39215,-0.18084,-1.3946,-0.0106,-1032.6
17.125,44.378,-19.84,1.8558,-10.762,-0.3986,-0.18378,-1.3938,-0.0104,-1050.1
17.165,44.475,-20.239,1.8567,-10.724,-0.42529,-0.19589,-1.3928,-0.01,-1088.3
17.205,44.588,-20.65,1.8868,-10.689,-0.42531,-0.19587,-1.3895,-0.0075,-1447.3
17.245,44.571,-21.128,1.7893,-10.737,-0.31259,-0.1448,-1.4008,-0.0157,-693.34
17.285,44.684,-21.535,1.7956,-10.737,-0.31091,-0.14389,-1.4003,-0.0168,-647.96
17.325,44.838,-21.925,1.8291,-10.701,-0.32626,-0.15089,-1.3965,-0.0147,-738.54
17.365,44.959,-22.348,1.8876,-10.691,-0.25707,-0.11933,-1.3921,-0.0107,-1014.6
17.405,45.04,-22.768,1.9004,-10.694,-0.21398,-0.099493,-1.3916,-0.01,-1086.2
******-------------------------------------------------------------------------------------------------------------------****** 
TargetID: ID04
Target can not be processed due to lack of Data
******-------------------------------------------------------------------------------------------------------------------****** 
TargetID: ID21
Target can not be processed due to lack of Data
******-------------------------------------------------------------------------------------------------------------------****** 
TargetID: ID22
Target can not be processed due to lack of Data
******-------------------------------------------------------------------------------------------------------------------****** 
TargetID: ID23
Target can not be processed due to lack of Data
******-------------------------------------------------------------------------------------------------------------------****** 
TargetID: ID24
Target can not be processed due to lack of Data
******-------------------------------------------------------------------------------------------------------------------****** 
TargetID: ID25
Target can not be processed due to lack of Data
******-------------------------------------------------------------------------------------------------------------------****** 
TargetID: ID27
Target can not be processed due to lack of Data
******-------------------------------------------------------------------------------------------------------------------****** 
TargetID: ID05
Target can not be processed due to lack of Data
******-------------------------------------------------------------------------------------------------------------------****** 
TargetID: ID28
Relevancy: 1
tj = 6.2811
Label: 0
Comment: Target is relevant and going straight, since the velocity ratio is almost not changing
DATA:
3.7602,43.417,31.264,NaN,NaN,NaN,NaN,-2.1731,NaN,NaN
3.8003,43.944,30.277,NaN,NaN,NaN,NaN,-1.5431,NaN,NaN
3.8403,43.639,30.157,NaN,NaN,NaN,NaN,-1.7814,NaN,NaN
3.8803,43.536,29.701,NaN,NaN,NaN,NaN,-1.7773,NaN,NaN
3.9203,43.595,29.263,NaN,NaN,NaN,NaN,-1.7237,NaN,NaN
3.9603,43.294,29.086,NaN,NaN,NaN,NaN,-1.8607,NaN,NaN
4.0004,43.047,28.931,NaN,NaN,NaN,NaN,-1.9616,NaN,NaN
4.0404,42.827,28.776,NaN,NaN,NaN,NaN,-2.0309,NaN,NaN
4.0804,42.842,28.29,NaN,NaN,NaN,NaN,-1.9452,NaN,NaN
4.1204,42.819,27.852,NaN,NaN,NaN,NaN,-1.8992,NaN,NaN
4.1604,42.495,27.816,NaN,NaN,NaN,NaN,-2.004,NaN,NaN
4.2004,NaN,NaN,NaN,NaN,NaN,NaN,-2.0328,NaN,NaN
4.2404,42.766,27.24,-3.5743,-7.9191,-0,-0,-1.9948,0,Inf
4.2804,42.885,26.702,-2.9646,-8.4575,0.047524,0.045044,-1.908,0.0153,585.76
4.3204,42.785,26.32,-3.0437,-8.493,0.047728,0.045237,-1.9149,-0.0388,-232.52
4.3605,42.619,25.984,-3.1796,-8.4424,0.047835,0.045329,-1.931,-0.0611,-147.65
4.4005,42.659,25.499,-2.8686,-8.7428,0.069804,0.066149,-1.8879,-0.0427,-215.49
4.4405,42.482,25.179,-3.0364,-8.6272,0.1048,0.099313,-1.9091,-0.0574,-159.34
4.4805,42.377,24.82,-3.0273,-8.6571,0.12072,0.1144,-1.9073,-0.0515,-178.08
4.5205,42.175,24.533,-3.1862,-8.4867,0.18394,0.1743,-1.9298,-0.0595,-152.35
4.5605,41.984,24.259,-3.3221,-8.3018,0.25825,0.24472,-1.9513,-0.0688,-129.97
4.6005,41.866,23.892,-3.3073,-8.3387,0.24534,0.23244,-1.9482,-0.0585,-153.34
4.6405,41.669,23.621,-3.4551,-8.1605,0.30909,0.29284,-1.9711,-0.0835,-106.13
4.6806,41.52,23.28,-3.4976,-8.1122,0.32205,0.30506,-1.9776,-0.082,-107.73
4.7206,41.471,22.858,-3.2924,-8.3063,0.2767,0.26213,-1.9484,-0.0286,-312.41
4.7606,42.236,22.783,-3.6325,-7.8677,0.34524,0.32738,-2.0019,-0.106,-81.752
4.8006,42.096,22.457,-3.6444,-7.8167,0.3693,0.35023,-2.0055,-0.1022,-84.389
4.8406,41.969,22.118,-3.6209,-7.827,0.36489,0.34604,-2.0025,-0.09,-95.822
4.8806,41.881,21.759,-3.4962,-7.939,0.33479,0.31742,-1.9841,-0.0573,-151.39
4.9207,42.094,22.357,-3.5943,-7.8306,0.3061,0.29001,-1.9977,-0.0699,-123.26
4.9606,42.05,21.952,-3.2879,-8.1144,0.24831,0.23522,-1.9528,-0.0059,-1483.9
5.0007,41.998,21.524,-3.0005,-8.4192,0.16083,0.15233,-1.9111,0.0494,180.93
5.0407,41.928,21.413,-3.1113,-8.2896,0.16842,0.15947,-1.9275,0.0268,330.38
5.0809,41.878,20.989,-2.8435,-8.5477,0.11184,0.10589,-1.8903,0.0724,124.42
5.1207,41.887,20.504,-2.2683,-9.0516,0.022588,0.021386,-1.816,0.159,58.689
5.1608,41.915,20.534,-2.1922,-9.1435,-0.015203,-0.014392,-1.8064,0.1642,57.263
5.2007,41.836,20.141,-1.9383,-9.3733,-0.050245,-0.047576,-1.7757,0.1947,49.161
5.2408,41.558,19.399,-1.7261,-9.5791,-0.075222,-0.071236,-1.7503,0.2152,45.23
5.2808,41.497,18.996,-1.6161,-9.7294,-0.10165,-0.096281,-1.737,0.2201,44.81
5.3208,41.454,18.508,-1.3294,-10.021,-0.10628,-0.10067,-1.7043,0.2473,40.878
5.3608,41.458,17.999,-1.2707,-10.17,-0.11164,-0.10573,-1.6968,0.2427,42.229
5.4008,41.203,17.628,-1.1572,-10.263,-0.096088,-0.091014,-1.6845,0.2465,41.9
5.4408,41.163,17.226,-1.0147,-10.448,-0.088993,-0.084292,-1.669,0.2519,41.674
5.4808,41.136,16.796,-0.89119,-10.551,-0.067294,-0.063742,-1.6561,0.2559,41.377
5.5208,41.091,16.404,-0.90142,-10.555,-0.065548,-0.062086,-1.657,0.2432,43.56
5.5609,41.226,15.961,-0.77858,-10.715,-0.048285,-0.045727,-1.6441,0.2467,43.549
5.6009,41.15,15.552,-0.70328,-10.746,-0.032563,-0.030835,-1.6366,0.2452,43.92
5.6409,41.13,15.111,-0.5972,-10.882,-0.01931,-0.018283,-1.6259,0.2452,44.446
5.6809,41.069,14.672,-0.47951,-11.026,0.00092396,0.00087524,-1.6142,0.2464,44.791
5.7209,41.052,14.229,-0.40898,-11.104,0.014069,0.013317,-1.6074,0.243,45.726
5.7609,41.071,13.94,-0.54815,-10.829,-0.0074964,-0.0070991,-1.6215,0.222,48.841
5.801,41.071,13.436,-0.43172,-11.003,0.00914,0.0086516,-1.6099,0.2238,49.202
5.8409,41.021,12.996,-0.42882,-11.037,0.0093456,0.0088457,-1.6095,0.2125,51.976
5.8811,41.019,12.512,-0.33608,-11.163,0.024132,0.02284,-1.6005,0.2124,52.579
5.921,40.8,12.091,-0.23012,-11.291,0.042409,0.040128,-1.5906,0.2138,52.822
5.961,40.771,11.718,-0.17437,-11.363,0.051448,0.048665,-1.5854,0.2102,54.065
6.001,40.746,11.308,-0.13641,-11.367,0.055965,0.052934,-1.582,0.2062,55.131
6.041,40.571,10.636,-0.4469,-11.932,-0.0003083,-0.0002921,-1.6082,0.1564,76.345
6.081,40.49,10.357,-0.44375,-11.727,0.0015406,0.0014584,-1.6086,0.1527,76.856
6.1211,40.524,9.5155,-0.44835,-12.454,-0.025887,-0.024487,-1.6065,0.1395,89.331
6.1611,40.482,9.0665,-0.42015,-12.455,-0.019212,-0.018179,-1.6047,0.137,90.961
6.2011,40.433,8.6326,-0.40665,-12.436,0.0113,0.010689,-1.6034,0.1344,92.578
6.2411,40.358,8.3224,-0.43583,-12.239,0.0032869,0.00311,-1.6063,0.1293,94.713
6.2811,40.325,7.8743,-0.41336,-12.238,0.0085265,0.0080666,-1.6045,0.1271,96.338
6.3211,40.256,7.6521,-0.42059,-11.895,0.0070887,0.0067052,-1.606,0.124,95.988
6.3612,40.351,7.1007,-0.1552,-12.081,0.051357,0.048629,-1.5843,0.1436,84.138
6.4011,40.329,6.7832,-0.0215,-11.956,0.067377,0.063698,-1.5717,0.1531,78.09
6.4412,40.432,6.3343,0.019906,-11.968,0.070254,0.066406,-1.5682,0.1519,78.789
6.4812,40.437,5.8536,0.14536,-12.09,0.089464,0.08453,-1.5576,0.1564,77.305
6.5212,40.422,5.5724,0.21677,-11.86,0.084337,0.07967,-1.5514,0.1596,74.322
6.5612,40.423,5.1041,0.28826,-11.913,0.093588,0.088381,-1.5453,0.1596,74.664
6.6012,40.454,4.602,0.44369,-12.062,0.11854,0.11191,-1.5324,0.1658,72.797
6.6412,40.472,4.1658,0.51035,-12.038,0.12183,0.11501,-1.5268,0.1657,72.716
6.6813,40.423,3.5996,0.75347,-12.306,0.16663,0.15717,-1.5075,0.1776,69.42
6.7212,40.434,3.1857,0.80345,-12.229,0.16129,0.15214,-1.5031,0.1763,69.516
6.7613,40.454,2.8667,0.84711,-11.93,0.12617,0.11905,-1.4981,0.1774,67.418
6.8013,40.496,2.3892,0.9343,-11.97,0.1347,0.12708,-1.491,0.1774,67.679
6.8413,40.51,2.055,0.9607,-11.775,0.11396,0.10751,-1.4877,0.1754,67.356
6.8813,40.511,1.6959,0.93736,-11.584,0.087563,0.082622,-1.4888,0.1692,68.688
6.9213,40.589,1.3268,2.4367,-8.003,0.073527,0.069447,-1.4845,0.1681,49.767
6.9614,40.668,0.96302,1.0407,-11.335,0.059502,0.056284,-1.4802,0.167,68.158
******-------------------------------------------------------------------------------------------------------------------****** 
TargetID: ID29
Target can not be processed due to lack of Data
******-------------------------------------------------------------------------------------------------------------------****** 
TargetID: ID06
Relevancy: 1
tj = 15.8844
Label: 0
Comment: Target is relevant and going straight, since target is crossing Ego X-axis in EFC
DATA:
13.644,45.499,31.23,NaN,NaN,NaN,NaN,-1.3344,NaN,NaN
13.684,45.626,30.704,NaN,NaN,NaN,NaN,-1.3344,NaN,NaN
13.724,45.75,30.178,NaN,NaN,NaN,NaN,-1.3344,NaN,NaN
13.764,45.873,29.653,NaN,NaN,NaN,NaN,-1.3344,NaN,NaN
13.804,45.994,29.13,NaN,NaN,NaN,NaN,-1.3343,NaN,NaN
13.844,46.12,28.603,NaN,NaN,NaN,NaN,-1.3343,NaN,NaN
13.884,46.245,28.077,NaN,NaN,NaN,NaN,-1.3342,NaN,NaN
13.924,46.368,27.552,NaN,NaN,NaN,NaN,-1.3342,NaN,NaN
13.964,46.498,27.024,NaN,NaN,NaN,NaN,-1.3342,NaN,NaN
14.004,46.615,26.501,NaN,NaN,NaN,NaN,-1.3342,NaN,NaN
14.044,46.739,25.976,NaN,NaN,NaN,NaN,-1.3342,NaN,NaN
14.084,42.563,27.376,NaN,NaN,NaN,NaN,-2.0794,NaN,NaN
14.124,42.835,26.714,NaN,NaN,NaN,NaN,-1.8416,NaN,NaN
14.164,42.983,26.213,-4.3636,-10.244,-0,-0,-1.9735,0,Inf
14.204,42.758,25.789,-4.3025,-10.378,-0.077597,-0.036714,-1.9639,0.014,802.45
14.244,42.592,25.364,-4.1618,-10.447,-0.068041,-0.03211,-1.9499,0.0218,515.85
14.284,42.386,24.928,-4.1546,-10.525,-0.067559,-0.031807,-1.9468,0.0331,341.86
14.324,42.214,24.501,-4.1181,-10.605,-0.065534,-0.030797,-1.9412,0.0417,272.81
14.364,41.954,24.102,-4.1254,-10.627,-0.062864,-0.029496,-1.9411,0.0522,218.38
14.404,41.91,23.654,-3.7888,-10.666,-0.036879,-0.017285,-1.9121,0.0776,145.86
14.444,41.823,23.226,-3.5908,-10.704,-0.023309,-0.010916,-1.8944,0.0931,121.27
14.484,41.73,22.804,-3.4579,-10.754,-0.010758,-0.005037,-1.8819,0.1018,110.97
14.524,41.61,22.381,-3.3957,-10.807,0.0014083,0.00065991,-1.8752,0.1006,112.6
14.564,41.538,21.945,-3.0958,-10.842,0.0047381,0.0022203,-1.8489,0.1408,80.084
14.604,41.525,21.506,-2.2939,-10.856,-0.060955,-0.028571,-1.7791,0.2789,39.784
14.644,41.376,21.089,-2.4425,-10.851,-0.024716,-0.011581,-1.7922,0.2299,48.38
14.684,41.241,20.661,-2.4766,-10.863,-0.0039704,-0.0018596,-1.795,0.2059,54.111
14.724,41.124,20.229,-2.482,-10.874,0.00064049,0.00030016,-1.7952,0.1887,59.108
14.764,41.135,19.776,-2.1006,-10.9,-0.032788,-0.015352,-1.7612,0.235,47.237
14.804,41.05,19.349,-1.9968,-10.888,-0.047129,-0.022071,-1.7521,0.2359,46.924
14.844,40.901,18.932,-2.0216,-10.858,-0.055067,-0.025804,-1.7549,0.22,50.202
14.884,40.794,18.506,-1.9316,-10.827,-0.08311,-0.038957,-1.7474,0.2235,49.208
14.924,40.748,18.073,-1.7207,-10.815,-0.11665,-0.054699,-1.7287,0.2407,45.496
14.964,40.705,17.635,-1.4678,-10.797,-0.16518,-0.077446,-1.706,0.2645,41.194
15.004,40.713,17.192,-1.1436,-10.791,-0.21064,-0.098767,-1.6765,0.2934,36.987
15.044,40.68,16.752,-0.97933,-10.774,-0.23152,-0.10854,-1.6616,0.2989,36.193
15.084,40.664,16.314,-0.84795,-10.761,-0.23638,-0.11077,-1.6494,0.2978,36.248
15.124,40.649,15.893,-0.59837,-10.708,-0.31122,-0.14581,-1.6266,0.3159,33.95
15.164,40.504,15.494,-0.71776,-10.634,-0.31058,-0.14543,-1.6379,0.2857,37.307
15.204,40.441,15.072,-0.70107,-10.612,-0.28766,-0.13484,-1.637,0.2711,39.231
15.244,40.464,14.629,-0.55783,-10.626,-0.25955,-0.12169,-1.6235,0.2723,39.076
15.284,40.398,14.211,-0.59352,-10.599,-0.23394,-0.10959,-1.6265,0.2539,41.811
15.324,40.323,13.799,-0.61408,-10.574,-0.21298,-0.099789,-1.6288,0.2383,44.447
15.364,40.37,13.348,-0.38896,-10.585,-0.22396,-0.10499,-1.6077,0.2517,42.083
15.404,40.332,12.929,-0.36912,-10.562,-0.21051,-0.09869,-1.6059,0.2416,43.743
15.444,40.292,12.506,-0.33542,-10.548,-0.19476,-0.091303,-1.6028,0.2339,45.121
15.484,40.219,12.097,-0.35136,-10.511,-0.19313,-0.090521,-1.6044,0.2215,47.481
15.524,40.18,11.677,-0.30571,-10.504,-0.17353,-0.081308,-1.5999,0.2165,48.536
15.564,40.092,11.278,-0.34302,-10.454,-0.17878,-0.08374,-1.6034,0.2034,51.423
15.604,40.091,10.85,-0.23979,-10.467,-0.15226,-0.071368,-1.5938,0.2046,51.173
15.644,40.036,10.448,-0.215,-10.419,-0.17686,-0.082886,-1.5914,0.1988,52.419
15.684,40,10.037,-0.16718,-10.4,-0.17161,-0.080426,-1.5869,0.1952,53.287
15.724,39.989,9.619,-0.10018,-10.402,-0.14405,-0.067541,-1.5806,0.1934,53.786
15.764,39.977,9.2034,-0.022132,-10.392,-0.14458,-0.067743,-1.5728,0.1934,53.731
15.804,40.039,8.7509,0.14669,-10.452,-0.086561,-0.04058,-1.5568,0.2014,51.902
15.844,40.027,8.3358,0.21209,-10.441,-0.084775,-0.039733,-1.5505,0.1996,52.321
15.884,40.039,7.915,0.3045,-10.439,-0.079268,-0.037152,-1.5416,0.2006,52.063
15.924,40.038,7.5003,0.37285,-10.42,-0.090409,-0.042382,-1.5351,0.1992,52.342
15.964,40.383,7.8825,0.32722,-10.363,-0.11128,-0.05226,-1.5402,0.186,55.743
16.004,40.368,7.4779,0.28293,-10.373,-0.035988,-0.016876,-1.5438,0.1737,59.741
16.044,40.394,7.0501,0.34488,-10.41,0.022663,0.010619,-1.5375,0.1725,60.378
16.084,40.407,6.6452,0.46651,-10.385,-0.0178,-0.0083456,-1.5261,0.1775,58.568
16.124,40.436,6.2198,0.485,-10.427,0.065931,0.030872,-1.5238,0.1716,60.828
16.164,40.476,5.7897,0.6068,-10.444,0.061452,0.028776,-1.5123,0.1768,59.173
16.204,40.522,5.3553,0.73461,-10.475,0.07325,0.034285,-1.5002,0.1824,57.571
16.244,40.588,4.9141,0.86756,-10.507,0.088713,0.041524,-1.4877,0.1883,55.987
16.285,40.626,4.4909,0.94887,-10.518,0.1074,0.050254,-1.4799,0.1883,56.084
16.325,40.668,4.0683,1.0273,-10.524,0.11802,0.055214,-1.4725,0.1882,56.185
16.365,40.717,3.6399,1.1026,-10.532,0.1239,0.057962,-1.4655,0.1878,56.386
16.405,40.763,3.2163,1.1787,-10.544,0.14706,0.068768,-1.4583,0.1873,56.646
16.445,40.806,2.7939,1.2443,-10.534,0.13005,0.060827,-1.4522,0.1862,56.969
16.485,41.109,2.3948,1.3221,-10.553,0.1681,0.078601,-1.4448,0.1858,57.239
16.525,41.164,1.9709,1.3957,-10.562,0.18638,0.087122,-1.4379,0.185,57.586
16.565,41.224,1.5458,1.4725,-10.572,0.20427,0.095458,-1.4308,0.1846,57.824
16.605,41.291,1.1066,1.5455,-10.604,0.23915,0.1117,-1.4241,0.1839,58.272
16.645,41.346,0.68035,1.5892,-10.623,0.28091,0.13112,-1.42,0.1798,59.74
16.685,41.405,0.2543,1.6399,-10.639,0.31194,0.14553,-1.4154,0.1767,60.922
16.725,41.468,-0.17295,1.7021,-10.662,0.34934,0.16288,-1.4097,0.175,61.699
16.765,41.384,-0.90738,1.7781,-10.688,0.37008,0.17281,-1.4039,0.1737,62.379
16.805,41.434,-1.3323,1.8543,-10.719,0.39848,0.18598,-1.3973,0.1734,62.733
16.845,41.514,-1.7512,1.9065,-10.731,0.40409,0.18857,-1.3927,0.171,63.735
16.885,41.585,-2.1841,1.9522,-10.747,0.39937,0.18636,-1.3888,0.168,65.02
16.925,41.633,-2.6154,1.9492,-10.686,0.30344,0.14175,-1.3887,0.1612,67.385
******-------------------------------------------------------------------------------------------------------------------****** 
TargetID: ID30
Relevancy: 0
tj = Inf
Label: -1
Comment: Target is irrelevant as it is not crossing the estimated holding line
DATA:
17.045,41.061,-2.0271,1.6978,-11.28,0.54874,0.25938,-1.4244,0.074,154.16
17.085,41.13,-2.4074,1.7382,-11.14,0.49863,0.23555,-1.4188,0.0873,129.15
17.125,41.195,-3.0376,1.7538,-11.061,0.58919,0.27972,-1.4183,0.0573,195.46
17.165,41.28,-3.4047,2.3617,-7.8013,0.37438,0.17786,-1.4157,0.068534,118.93
17.205,41.376,-3.7029,2.3427,-7.6247,0.15964,0.076036,-1.4132,0.079764,100
17.245,41.459,-4.056,1.6969,-10.532,-0.055208,-0.025841,-1.4106,0.091,117.23
17.285,41.467,-4.4157,1.5536,-10.332,-0.27344,-0.12729,-1.419,0.0376,277.89
17.325,41.478,-4.8606,1.5944,-10.475,-0.045725,-0.021408,-1.4193,0.0344,308.02
17.365,41.535,-5.2933,1.5513,-10.494,-0.053413,-0.025003,-1.4236,0.0185,573.42
17.405,41.592,-5.7233,1.5154,-10.513,-0.044687,-0.020927,-1.4273,0.0068,1562.1
17.445,41.649,-6.1554,1.4936,-10.551,-0.018183,-0.0085194,-1.43,-0.0008,-13320
17.485,41.731,-6.5691,1.5281,-10.537,-0.045839,-0.021467,-1.4264,0.0076,1400.9
17.525,41.792,-6.9909,1.5302,-10.533,-0.04571,-0.021406,-1.4261,0.0076,1400.5
17.565,41.853,-7.4124,1.5324,-10.53,-0.045455,-0.021287,-1.4259,0.0076,1400.1
17.605,41.915,-7.8336,1.535,-10.526,-0.045326,-0.021227,-1.4256,0.0076,1399.7
17.645,41.977,-8.2546,1.5377,-10.522,-0.045198,-0.021167,-1.4253,0.0076,1399.2
17.685,42.059,-8.4288,1.9919,-11.786,1.3488,0.60912,-1.3874,0.078,153.25
17.725,42.129,-8.9517,1.883,-11.92,1.2809,0.5802,-1.3993,0.0568,212.46
17.765,42.182,-9.4765,2.2358,-12.346,1.5508,0.75539,-1.4068,0.048,261.39
17.805,42.273,-9.9729,2.3292,-12.453,1.4763,0.71771,-1.4069,0.04685,270.41
17.845,42.367,-10.473,2.3583,-12.528,1.4017,0.68004,-1.407,0.0457,278.95
17.885,42.461,-10.975,2.323,-12.572,1.3272,0.64237,-1.4072,0.04455,286.97
17.925,42.553,-11.479,2.2233,-12.585,1.2526,0.60469,-1.4073,0.0434,294.46
******-------------------------------------------------------------------------------------------------------------------****** 
TargetID: ID07
Target can not be processed due to lack of Data
******-------------------------------------------------------------------------------------------------------------------****** 
TargetID: ID31
Relevancy: 1
tj = 9.042
Label: 0
Comment: Target is relevant and going straight, since target is crossing Ego X-axis in EFC
DATA:
4.4805,60.336,55.888,NaN,NaN,NaN,NaN,-2.1806,NaN,NaN
4.5205,60.06,55.492,NaN,NaN,NaN,NaN,-2.1806,NaN,NaN
4.5605,60.006,54.621,NaN,NaN,NaN,NaN,-1.9962,NaN,NaN
4.6005,59.801,54.167,NaN,NaN,NaN,NaN,-1.9963,NaN,NaN
4.6405,59.254,54.063,NaN,NaN,NaN,NaN,-2.1649,NaN,NaN
4.6806,58.989,53.659,NaN,NaN,NaN,NaN,-2.165,NaN,NaN
4.7206,58.905,52.947,NaN,NaN,NaN,NaN,-2.0635,NaN,NaN
4.7606,58.672,52.515,NaN,NaN,NaN,NaN,-2.0635,NaN,NaN
4.8006,58.474,52.002,NaN,NaN,NaN,NaN,-2.046,NaN,NaN
4.8406,58.25,51.564,NaN,NaN,NaN,NaN,-2.046,NaN,NaN
4.8806,57.681,51.363,NaN,NaN,NaN,NaN,-2.1394,NaN,NaN
4.9207,57.421,50.956,NaN,NaN,NaN,NaN,-2.1394,NaN,NaN
4.9606,57.164,50.549,NaN,NaN,NaN,NaN,-2.1394,NaN,NaN
5.0007,56.902,50.142,NaN,NaN,NaN,NaN,-2.1393,NaN,NaN
5.0407,56.365,49.952,NaN,NaN,NaN,NaN,-2.2012,NaN,NaN
5.0809,56.086,49.565,NaN,NaN,NaN,NaN,-2.2012,NaN,NaN
5.1207,55.231,49.608,NaN,NaN,NaN,NaN,-2.313,NaN,NaN
5.1608,54.908,49.25,NaN,NaN,NaN,NaN,-2.3131,NaN,NaN
5.2007,55.032,49.06,-8.341,-8.7142,-0,-0,-2.3343,0,Inf
5.2408,54.698,48.71,-8.3412,-8.714,-0,-0,-2.3343,0,Inf
5.2808,54.536,48.223,-8.0627,-8.8897,0.087091,0.082445,-2.3075,-0.0015,-8001
5.3208,54.222,47.869,-8.059,-8.8848,0.086064,0.081473,-2.3075,-0.0015,-7996.9
5.3608,54.132,47.367,-7.6795,-9.1147,0.14914,0.14115,-2.271,0.0028,4256.6
5.4008,53.82,47.004,-7.6722,-9.1086,0.14739,0.1395,-2.2708,0.0028,4253.3
5.4408,53.546,46.597,-7.6653,-9.1661,0.051664,0.048898,-2.2673,0.0022,5431.3
5.4808,53.237,46.234,-7.6626,-9.1658,0.050632,0.047931,-2.2671,0.0022,5430.4
5.5208,52.833,45.944,-7.8391,-9.0765,-0.026702,-0.025278,-2.2832,-0.0073,-1642.9
5.5609,52.521,45.581,-7.8435,-9.0763,-0.027422,-0.025959,-2.2835,-0.0073,-1643.3
5.6009,52.174,45.236,-7.8987,-9.072,-0.09274,-0.087793,-2.2872,-0.009,-1336.5
5.6409,51.864,44.872,-7.906,-9.0732,-0.093973,-0.088959,-2.2876,-0.009,-1337.2
5.6809,51.405,44.631,-8.1412,-8.8813,-0.10856,-0.10276,-2.3127,-0.0313,-384.92
5.7209,51.077,44.276,-8.156,-8.8754,-0.1101,-0.10422,-2.314,-0.0313,-385.1
5.7609,50.832,43.86,-8.0541,-8.9412,-0.086261,-0.081676,-2.304,-0.0212,-567.63
5.801,50.513,43.499,-8.0648,-8.9361,-0.088529,-0.083806,-2.305,-0.0212,-567.79
5.8409,50.092,43.173,-8.2783,-8.7853,-0.095924,-0.090807,-2.3265,-0.0381,-316.83
5.8811,49.769,42.822,-8.2941,-8.7754,-0.098184,-0.092945,-2.328,-0.0381,-316.92
5.921,49.801,42.223,-7.593,-9.2385,0.012838,0.012153,-2.2587,0.0314,380.84
5.961,49.503,41.853,-7.5792,-9.2447,0.0098604,0.0093329,-2.2575,0.0314,380.71
6.001,49.472,41.276,-6.9521,-9.627,0.10456,0.098963,-2.1962,0.0951,124.87
6.041,49.205,40.888,-6.9109,-9.6457,0.10231,0.096814,-2.1925,0.0951,124.77
6.081,49.044,40.39,-6.7097,-9.7966,0.10755,0.10177,-2.1713,0.1111,106.88
6.1211,48.833,39.942,-6.6287,-9.8682,0.094093,0.089037,-2.1623,0.1147,103.64
6.1611,48.562,39.531,-6.6232,-9.8871,0.08537,0.080766,-2.161,0.1119,106.35
6.2011,48.304,39.135,-6.5763,-9.9134,0.086294,0.081641,-2.1565,0.1119,106.31
6.2411,48.09,38.679,-6.4328,-10.015,0.08537,0.080766,-2.1417,0.1234,96.456
6.2811,47.888,38.227,-6.3154,-10.112,0.062769,0.059384,-2.1291,0.1308,91.147
6.3211,47.676,37.783,-6.1759,-10.206,0.056502,0.053455,-2.115,0.1394,85.578
6.3612,47.511,37.301,-5.9854,-10.347,0.038113,0.036058,-2.0952,0.1535,77.875
6.4011,47.317,36.84,-5.8413,-10.456,0.019621,0.018564,-2.0803,0.1615,74.16
6.4412,47.139,36.376,-5.6999,-10.563,0.00071945,0.00068024,-2.0656,0.1687,71.15
6.4812,46.972,35.91,-5.4602,-10.697,0.016235,0.015353,-2.0428,0.1845,65.093
6.5212,46.935,35.365,-5.009,-10.974,-0.0047268,-0.0044695,-1.999,0.2163,55.769
6.5612,46.819,34.855,-4.7584,-11.14,-0.031962,-0.030214,-1.9745,0.229,52.898
6.6012,46.616,34.417,-4.7137,-11.166,-0.033503,-0.031671,-1.9703,0.2242,54.058
6.6412,46.388,33.999,-4.7425,-11.153,-0.038745,-0.036626,-1.9728,0.2135,56.767
6.6813,46.32,33.469,-4.4371,-11.35,-0.057249,-0.054106,-1.9434,0.2298,53.03
6.7212,46.09,33.065,-4.47,-11.334,-0.068863,-0.065083,-1.9464,0.217,56.144
6.7613,45.932,32.589,-4.3757,-11.421,-0.092503,-0.087428,-1.9367,0.2168,56.413
6.8013,45.688,32.17,-4.4362,-11.385,-0.091784,-0.086748,-1.9424,0.2058,59.373
6.8413,45.476,31.735,-4.4265,-11.394,-0.095596,-0.090333,-1.9414,0.2001,61.089
6.8813,45.307,31.271,-4.3403,-11.464,-0.10825,-0.10227,-1.9328,0.1999,61.321
6.9213,45.1,30.827,-4.337,-11.474,-0.1134,-0.10711,-1.9322,0.1946,63.034
6.9614,44.772,30.492,-4.5304,-11.28,-0.073201,-0.069143,-1.9527,0.175,69.461
7.0014,44.652,30.03,-4.3395,-11.366,-0.053564,-0.050594,-1.9355,0.1812,67.142
7.0413,44.457,29.592,-4.3147,-11.385,-0.066524,-0.062822,-1.933,0.1772,68.709
7.0814,44.243,29.159,-4.3109,-11.424,-0.1058,-0.099912,-1.9316,0.1716,71.153
7.1214,44.123,28.654,-4.1343,-11.541,-0.09923,-0.093688,-1.9147,0.1789,68.525
7.1614,43.935,28.203,-4.1188,-11.548,-0.098418,-0.092907,-1.9134,0.1754,69.903
7.2014,43.78,27.733,-4.0274,-11.608,-0.098631,-0.093086,-1.9047,0.1765,69.616
7.2414,43.605,27.268,-3.9836,-11.632,-0.09422,-0.088907,-1.9008,0.1751,70.22
7.2814,43.345,26.911,-4.0845,-11.524,-0.089906,-0.084818,-1.9114,0.1618,75.566
7.3215,43.148,26.481,-4.0783,-11.508,-0.083743,-0.07899,-1.9114,0.1576,77.467
7.3615,43.107,25.936,-3.7806,-11.682,-0.056588,-0.053364,-1.8838,0.1717,71.51
7.4015,43.328,25.367,-3.8299,-11.602,-0.040955,-0.038613,-1.8896,0.1636,74.683
7.4415,43.162,24.924,-3.7742,-11.595,-0.02264,-0.021341,-1.8855,0.1624,75.087
7.4815,42.992,24.485,-3.729,-11.595,-0.018425,-0.01736,-1.8819,0.1601,76.078
7.5215,43.421,25.404,-3.806,-11.474,0.0043233,0.0040729,-1.8911,0.1506,80.268
7.5615,43.235,24.982,-3.8438,-11.389,0.021207,0.019971,-1.8961,0.1438,83.589
7.6015,43.091,24.517,-3.7255,-11.463,0.0096797,0.0091114,-1.885,0.1474,81.775
7.6416,42.986,24.038,-3.5684,-11.472,0.059518,0.056002,-1.8719,0.1532,78.42
7.6816,42.817,23.615,-3.5154,-11.453,0.064568,0.060741,-1.8681,0.152,78.819
7.7216,42.677,23.152,-3.4882,-11.437,0.066022,0.062084,-1.8663,0.1494,80.033
7.7616,42.288,22.751,-3.5312,-11.322,0.089108,0.083754,-1.8725,0.1421,83.462
7.8016,42.131,22.297,-3.513,-11.258,0.10601,0.099615,-1.8725,0.1385,85.148
7.8416,41.985,21.874,-3.5116,-11.187,0.12146,0.11412,-1.8741,0.1343,87.305
7.8817,41.839,21.431,-3.5032,-11.153,0.12364,0.11613,-1.8742,0.1311,89.174
7.9217,41.66,21.045,-3.5265,-11.036,0.14745,0.13845,-1.879,0.1249,92.759
7.9617,41.529,20.582,-3.4772,-11.007,0.15551,0.14596,-1.8756,0.1239,93.165
8.0017,41.376,20.21,-3.5145,-10.893,0.17695,0.16604,-1.8816,0.1175,97.416
8.0417,41.296,19.712,-3.3904,-10.989,0.15463,0.14503,-1.8689,0.1227,93.722
8.0817,41.126,19.27,-3.4091,-10.992,0.13568,0.12724,-1.8705,0.1183,97.286
8.1218,40.961,18.851,-3.4371,-10.949,0.13373,0.12539,-1.874,0.113,101.55
8.1618,40.899,18.288,-3.3103,-11.111,0.092211,0.086427,-1.8596,0.1189,97.507
8.2018,40.816,17.791,-3.2101,-11.138,0.098097,0.091924,-1.8506,0.122,95.011
8.2418,40.768,17.266,-3.0046,-11.287,0.076455,0.071615,-1.8304,0.1326,88.083
8.2818,40.663,16.801,-2.9934,-11.342,0.059646,0.055861,-1.8284,0.1305,89.886
8.3218,40.524,16.407,-3.0191,-11.257,0.07823,0.073234,-1.8322,0.1249,93.316
8.3618,40.459,15.929,-2.8712,-11.365,0.058842,0.055063,-1.8178,0.1313,89.275
8.4018,40.413,15.419,-2.7003,-11.47,0.043674,0.040861,-1.8016,0.1388,84.898
8.4418,40.354,14.892,-2.5591,-11.569,0.033356,0.031196,-1.7882,0.1445,81.997
8.4819,40.318,14.336,-2.382,-11.742,0.0088834,0.0083068,-1.7709,0.1524,78.618
8.5219,40.269,13.815,-2.2536,-11.785,0.010538,0.00985,-1.7596,0.1561,76.868
8.5619,40.212,13.415,-2.1501,-11.571,0.053618,0.050091,-1.754,0.1562,75.348
8.6019,40.152,12.918,-2.1001,-11.547,0.060033,0.05606,-1.7501,0.1546,75.914
8.6419,40.089,12.423,-2.0491,-11.53,0.063867,0.059615,-1.7461,0.1531,76.49
8.6819,40.064,11.907,-1.8843,-11.603,0.051576,0.048135,-1.7313,0.1591,73.882
8.7219,40.015,11.414,-1.8191,-11.589,0.054066,0.050437,-1.726,0.1584,74.061
8.7619,39.954,10.951,-1.796,-11.533,0.063069,0.05881,-1.7247,0.1549,75.353
8.802,39.906,10.529,-1.7634,-11.377,0.084168,0.078444,-1.7237,0.1515,75.991
8.842,39.857,10.073,-1.7068,-11.316,0.090592,0.084395,-1.7195,0.1502,76.191
8.882,39.847,9.6014,-1.5538,-11.284,0.086784,0.080812,-1.7067,0.1552,73.393
8.922,39.84,9.148,-1.4696,-11.166,0.095184,0.088575,-1.7006,0.1553,72.523
8.962,39.808,8.6971,-1.3804,-11.067,0.098097,0.091246,-1.6938,0.1558,71.583
9.002,39.819,8.2426,-1.2181,-11.029,0.084984,0.079004,-1.6798,0.1612,68.836
9.042,39.837,7.8094,-1.0735,-10.932,0.077755,0.072254,-1.6678,0.1653,66.451
9.0821,39.844,7.342,-0.92215,-10.924,0.06121,0.056851,-1.6543,0.1701,64.448
9.1221,39.833,6.9036,-0.8592,-10.801,0.060503,0.056159,-1.6494,0.1689,64.152
9.1621,40.054,6.7542,-0.41455,-10.179,0.018137,0.016837,-1.6115,0.1949,52.269
9.2021,40.055,6.3424,-0.36748,-10.013,0.0085015,0.0078855,-1.6073,0.1926,52.026
9.2421,40.07,5.9363,-0.33959,-9.8381,0.0022817,0.0021151,-1.6053,0.1889,52.112
9.2821,40.135,5.5834,-0.20064,-9.6802,-0.031853,-0.029508,-1.5915,0.1927,50.245
9.3221,40.119,5.3906,-0.21357,-9.1841,-0.031549,-0.029231,-1.5946,0.184,49.927
9.3622,40.107,5.0348,-0.21315,-8.9598,-0.033323,-0.030858,-1.5952,0.1776,50.463
9.4022,40.123,4.6734,-0.11068,-8.7223,-0.078003,-0.072252,-1.5851,0.1818,47.981
9.4422,40.156,4.1883,-0.0098896,-8.8059,-0.10664,-0.098837,-1.5741,0.1839,47.884
9.4822,40.263,3.8424,0.10685,-8.5604,-0.18068,-0.166,-1.5543,0.1954,43.813
9.5222,40.292,3.5722,0.22915,-8.2134,-0.21963,-0.20363,-1.5482,0.1947,42.202
9.5622,40.307,3.2318,0.25988,-7.9896,-0.24381,-0.22609,-1.5445,0.1919,41.656
9.6022,40.35,2.9436,0.38615,-7.7962,-0.30231,-0.28148,-1.5295,0.1983,39.364
9.6423,40.386,2.7059,0.48308,-7.5442,-0.35837,-0.33437,-1.5173,0.2022,37.387
9.6822,40.421,2.4532,0.51992,-7.2421,-0.40545,-0.37752,-1.512,0.2,36.304
9.7223,40.472,2.0449,0.5912,-7.2381,-0.42194,-0.39478,-1.5028,0.2003,36.257
9.7623,40.501,1.7571,0.64791,-7.0841,-0.45411,-0.42553,-1.4948,0.2003,35.515
9.8023,40.529,1.477,0.70324,-6.9295,-0.48647,-0.45667,-1.4868,0.2003,34.773
9.8423,40.569,1.2011,0.75606,-6.7747,-0.51886,-0.48798,-1.4788,0.2003,34.033
9.8823,40.6,0.93481,0.80777,-6.6193,-0.5508,-0.51933,-1.4708,0.2003,33.292
9.9223,40.636,0.67248,0.85725,-6.4634,-0.58275,-0.55091,-1.4628,0.2003,32.551
9.9624,40.676,0.41742,0.90542,-6.307,-0.61448,-0.58277,-1.4547,0.2003,31.81
10.002,40.716,0.16795,0.95136,-6.1503,-0.6462,-0.61493,-1.4468,0.2003,31.071
10.042,40.753,-0.073373,0.9963,-5.9929,-0.67788,-0.64767,-1.4387,0.2003,30.33
10.082,40.806,-0.31124,1.039,-5.8354,-0.70903,-0.68047,-1.4307,0.2003,29.591
10.122,40.845,-0.5421,1.08,-5.6773,-0.74032,-0.71394,-1.4227,0.2003,28.852
10.162,40.894,-0.76876,1.1195,-5.519,-0.77174,-0.74816,-1.4147,0.2003,28.115
10.202,40.929,-0.98641,1.1581,-5.3601,-0.80281,-0.78303,-1.4067,0.2003,27.378
******-------------------------------------------------------------------------------------------------------------------****** 
TargetID: ID32
Target can not be processed due to lack of Data
******-------------------------------------------------------------------------------------------------------------------****** 
TargetID: ID33
Target can not be processed due to lack of Data
******-------------------------------------------------------------------------------------------------------------------****** 
TargetID: ID34
Target can not be processed due to lack of Data
******-------------------------------------------------------------------------------------------------------------------****** 
TargetID: ID08
Target can not be processed due to lack of Data
******-------------------------------------------------------------------------------------------------------------------****** 
TargetID: ID35
Relevancy: 0
tj = Inf
Label: -1
Comment: Target is irrelevant as it is not crossing the estimated holding line
DATA:
15.484,60.798,57.129,NaN,NaN,NaN,NaN,-2.4565,NaN,NaN
15.524,60.572,56.944,NaN,NaN,NaN,NaN,-2.4565,NaN,NaN
15.564,59.438,57.011,NaN,NaN,NaN,NaN,-2.5632,NaN,NaN
15.604,59.164,56.831,NaN,NaN,NaN,NaN,-2.5633,NaN,NaN
15.644,58.892,56.65,NaN,NaN,NaN,NaN,-2.5632,NaN,NaN
15.684,58.617,56.47,NaN,NaN,NaN,NaN,-2.5632,NaN,NaN
15.724,58.345,56.288,NaN,NaN,NaN,NaN,-2.5633,NaN,NaN
15.764,58.068,56.109,NaN,NaN,NaN,NaN,-2.5633,NaN,NaN
15.804,57.794,55.928,NaN,NaN,NaN,NaN,-2.5633,NaN,NaN
15.844,57.515,55.749,NaN,NaN,NaN,NaN,-2.5633,NaN,NaN
15.884,57.243,55.568,NaN,NaN,NaN,NaN,-2.5633,NaN,NaN
15.924,56.969,55.387,NaN,NaN,NaN,NaN,-2.5634,NaN,NaN
15.964,56.695,55.207,NaN,NaN,NaN,NaN,-2.5634,NaN,NaN
16.004,56.419,55.027,NaN,NaN,NaN,NaN,-2.5634,NaN,NaN
16.044,57.381,54.192,-6.3939,-5.3566,-0,-0,-2.4442,0,Inf
16.084,57.125,53.978,-6.3938,-5.3567,-0,-0,-2.4442,0,Inf
16.124,57.482,53.613,-5.9613,-5.5297,-0.20808,-0.097529,-2.3936,0.0443,183.55
16.164,57.242,53.392,-5.9589,-5.5476,-0.22191,-0.10401,-2.3918,0.0443,183.78
16.204,57.696,53.041,-5.5407,-5.7809,-0.48078,-0.22535,-2.3347,0.1127,71.051
16.244,57.472,52.81,-5.5357,-5.8285,-0.49909,-0.23393,-2.3301,0.1127,71.326
16.285,57.08,52.563,-5.7432,-5.9181,-0.67116,-0.31467,-2.3416,0.1086,75.937
16.325,56.852,52.324,-5.7481,-5.9746,-0.68743,-0.3223,-2.3373,0.1086,76.342
16.365,56.563,52.104,-5.8008,-6.0174,-0.76178,-0.35706,-2.3374,0.107,78.113
16.405,56.333,51.862,-5.806,-6.074,-0.78034,-0.36576,-2.3332,0.107,78.529
16.445,58.689,52.62,-4.3031,-6.6058,-0.28788,-0.13508,-2.1541,0.3734,21.113
16.485,58.533,52.346,-4.2094,-6.6847,-0.30403,-0.14269,-2.1391,0.3734,21.156
16.525,58.37,52.087,-4.3855,-6.7031,-0.21357,-0.10018,-2.1544,0.3259,24.579
16.565,58.207,51.811,-4.3092,-6.7795,-0.21499,-0.10086,-2.1414,0.3259,24.649
16.605,58.045,51.564,-4.2969,-6.8289,-0.20445,-0.095912,-2.1366,0.3142,25.679
16.645,57.885,51.284,-4.223,-6.9031,-0.20292,-0.095203,-2.124,0.3142,25.755
16.685,57.21,51.195,-4.2139,-6.8597,-0.071267,-0.033391,-2.1202,0.346,23.268
16.725,57.06,50.91,-4.1239,-6.9249,-0.072032,-0.033747,-2.1064,0.346,23.294
16.765,56.923,50.677,-4.1553,-6.9579,-0.10924,-0.051232,-2.1114,0.3194,25.373
16.805,56.771,50.391,-4.0725,-7.0216,-0.1086,-0.050936,-2.0987,0.3194,25.414
16.845,56.162,50.289,-4.2032,-6.9638,-0.060399,-0.0283,-2.1126,0.3093,26.298
16.885,56.009,50.001,-4.1207,-7.0216,-0.060143,-0.028179,-2.1002,0.3093,26.322
16.925,55.794,49.769,-4.1605,-7.0759,-0.12696,-0.059549,-2.1049,0.2894,28.364
16.965,55.64,49.479,-4.0846,-7.1349,-0.12581,-0.059012,-2.0934,0.2894,28.408
17.005,55.445,49.201,-4.041,-7.2636,-0.183,-0.085877,-2.0823,0.2847,29.196
17.045,55.296,48.903,-3.9685,-7.3277,-0.17914,-0.084075,-2.0709,0.2847,29.271
17.085,54.957,48.673,-4.364,-7.2333,-0.24843,-0.11658,-2.1184,0.2313,36.523
17.125,54.789,48.379,-4.3114,-7.2975,-0.24342,-0.11423,-2.1091,0.2313,36.645
17.165,54.606,48.123,-4.2753,-7.3851,-0.28708,-0.13477,-2.101,0.231,36.941
17.205,54.445,47.822,-4.2237,-7.4521,-0.28155,-0.13218,-2.0918,0.231,37.081
17.245,54.141,47.607,-4.4507,-7.3683,-0.30261,-0.1414,-2.1142,0.2067,41.646
17.285,53.973,47.306,-4.4065,-7.4329,-0.29786,-0.13919,-2.1059,0.2067,41.804
17.325,53.808,47.003,-4.3616,-7.4971,-0.29299,-0.13692,-2.0977,0.2067,41.962
17.365,53.644,46.698,-4.316,-7.5612,-0.28812,-0.13464,-2.0895,0.2067,42.12
17.405,52.884,46.66,-5.0028,-7.3094,-0.34676,-0.16298,-2.171,0.1411,62.775
17.445,52.788,46.404,-4.6541,-7.5807,-0.32508,-0.15256,-2.1269,0.172,51.717
17.485,52.363,46.212,-4.8357,-7.4815,-0.31604,-0.14796,-2.1394,0.1599,55.712
17.525,52.181,45.905,-4.8073,-7.5432,-0.31094,-0.14557,-2.133,0.1599,55.94
17.565,51.999,45.596,-4.7781,-7.6047,-0.30584,-0.14317,-2.1267,0.1599,56.168
17.605,51.816,45.285,-4.7482,-7.6665,-0.30074,-0.14078,-2.1203,0.1599,56.396
17.645,51.634,44.971,-4.7174,-7.7282,-0.29551,-0.13833,-2.1139,0.1599,56.624
17.685,51.454,44.655,-4.6864,-7.7897,-0.29041,-0.13594,-2.1076,0.1599,56.853
17.725,51.275,44.337,-4.6545,-7.8514,-0.28518,-0.13348,-2.1012,0.1599,57.082
17.765,51.095,44.017,-4.6217,-7.913,-0.27996,-0.13103,-2.0947,0.1599,57.31
17.805,50.918,43.694,-4.5886,-7.9746,-0.27473,-0.12858,-2.0883,0.1599,57.539
17.845,50.742,43.369,-4.5548,-8.0359,-0.26963,-0.12619,-2.0819,0.1599,57.767
17.885,50.46,43.084,-4.5964,-8.0498,-0.23526,-0.11063,-2.0935,0.1491,62.171
17.925,50.014,42.918,-4.7958,-7.9009,-0.1929,-0.090341,-2.1133,0.1346,68.666
******-------------------------------------------------------------------------------------------------------------------****** 
TargetID: ID09
Relevancy: 1
tj = 2.84
Label: 0
Comment: Target is relevant and going straight, since the velocity ratio is almost not changing
DATA:
0.36017,42.851,28.689,NaN,NaN,NaN,NaN,-2.0196,NaN,NaN
0.40011,42.543,28.965,NaN,NaN,NaN,NaN,-2.4531,NaN,NaN
0.43944,42.946,27.88,NaN,NaN,NaN,NaN,-1.7088,NaN,NaN
0.47916,42.805,27.554,NaN,NaN,NaN,NaN,-1.7536,NaN,NaN
0.52016,42.518,27.457,NaN,NaN,NaN,NaN,-1.8983,NaN,NaN
0.55931,42.542,27.034,NaN,NaN,NaN,NaN,-1.8331,NaN,NaN
0.60016,42.373,26.739,NaN,NaN,NaN,NaN,-1.8675,NaN,NaN
0.64018,42.344,26.308,NaN,NaN,NaN,NaN,-1.8307,NaN,NaN
0.68023,NaN,NaN,NaN,NaN,NaN,NaN,-1.8134,NaN,NaN
0.7202,NaN,NaN,NaN,NaN,NaN,NaN,-1.8465,NaN,NaN
0.76023,NaN,NaN,NaN,NaN,NaN,NaN,-1.8653,NaN,NaN
0.79927,42.375,25.139,-2.7785,-8.5721,-0,-0,-1.8842,0,Inf
0.84026,42.242,24.82,-2.8629,-8.4925,0.0020417,0.0019568,-1.8959,-0.0184,-487.07
0.88016,42.131,24.557,-2.892,-8.384,0.048924,0.046856,-1.903,-0.0044,-2015.6
0.92029,42.009,24.218,-2.8944,-8.3835,0.061209,0.058564,-1.9033,-0.0044,-2015.7
0.95943,41.902,23.885,-2.8954,-8.3835,0.073396,0.070169,-1.9034,-0.0044,-2015.8
1.0003,41.715,23.629,-2.9695,-8.192,0.17651,0.16857,-1.9184,0.0109,799.41
1.0394,41.503,23.446,-3.1786,-7.9377,0.17159,0.16373,-1.9518,-0.0229,-373.38
1.0804,41.223,23.347,-3.4604,-7.63,0.091007,0.086744,-1.9966,-0.064,-130.91
1.1194,42.634,24.734,-3.0786,-8.2562,-0.020897,-0.019899,-1.9281,0.0207,425.68
1.1604,42.535,24.258,-2.73,-8.6092,0.038112,0.03624,-1.8771,0.0832,108.55
1.1994,42.451,23.824,-2.5172,-8.847,0.037201,0.035352,-1.8473,0.1141,80.614
1.2404,42.382,23.404,-2.4026,-8.9914,0.035772,0.033979,-1.8312,0.1209,76.98
1.2795,42.283,23.061,-2.3989,-8.9868,0.02092,0.019857,-1.8312,0.1163,79.978
1.3195,42.239,22.601,-2.2443,-9.192,0.015799,0.014984,-1.81,0.1297,72.953
1.3595,42.188,22.145,-2.069,-9.405,0.0060565,0.0057386,-1.7872,0.1477,65.199
1.4004,42.093,21.907,-2.6335,-8.6042,0.19769,0.18699,-1.8638,0.0242,371.82
1.4395,41.98,21.541,-2.4752,-8.8375,0.10563,0.099857,-1.8417,0.059,155.55
1.4805,42.018,21.071,-2.2533,-9.1824,0.0076059,0.0071866,-1.8113,0.0991,95.407
1.5196,41.953,20.606,-2.6337,-8.6343,0.11987,0.11316,-1.8647,0.0249,362.53
1.5597,41.891,20.211,-2.5204,-8.7041,0.13162,0.12412,-1.8502,0.043,210.74
1.5995,41.606,19.859,-2.349,-9.0386,0.036422,0.034321,-1.8244,0.0743,125.69
1.6397,41.503,19.423,-2.3711,-9.0529,0.037362,0.035178,-1.8263,0.0616,151.92
1.6796,41.409,19.061,-2.3528,-9.069,0.045812,0.043106,-1.8238,0.0616,152.1
1.7196,41.256,18.585,-2.1456,-9.4314,-0.034618,-0.032575,-1.7951,0.0941,102.79
1.7596,41.179,18.176,-2.0761,-9.5899,-0.068522,-0.064507,-1.7852,0.102,96.197
1.8006,41.15,17.731,-2.1841,-9.5347,-0.070457,-0.066377,-1.7972,0.0799,122.42
1.8397,40.991,17.303,-2.0745,-9.8106,-0.11669,-0.11006,-1.7812,0.0955,105
1.8797,40.918,16.81,-1.8814,-10.117,-0.14106,-0.13319,-1.757,0.1189,86.549
1.9196,40.833,16.346,-1.8634,-10.199,-0.1467,-0.13857,-1.7539,0.1161,89.302
1.9597,40.761,15.867,-1.8327,-10.3,-0.15348,-0.14502,-1.7493,0.1147,91.208
1.9997,40.649,15.475,-1.9359,-10.246,-0.15585,-0.14725,-1.76,0.0978,106.62
2.0397,40.585,15.178,-2.3498,-9.8462,-0.13679,-0.12922,-1.8072,0.0415,243.92
2.0797,40.391,14.817,-2.4381,-9.8187,-0.13749,-0.12991,-1.8163,0.0304,332.79
2.1197,40.317,14.413,-2.3966,-9.8627,-0.13293,-0.12565,-1.8112,0.0343,295.91
2.1606,40.219,14.016,-2.3912,-9.8954,-0.13013,-0.12305,-1.8099,0.0343,296.8
2.1997,40.127,13.607,-2.4417,-9.8147,-0.11147,-0.10544,-1.8163,0.0261,387.51
2.2397,40.01,13.253,-2.5103,-9.7287,-0.097256,-0.092019,-1.8248,0.0164,612.65
2.2798,39.891,12.855,-2.5679,-9.6718,-0.08553,-0.080918,-1.8316,0.0087,1150.2
2.3198,39.809,12.48,-2.4928,-9.6428,-0.063414,-0.060002,-1.8248,0.015,663.99
2.3598,39.753,12.015,-2.349,-9.8326,-0.084176,-0.079674,-1.8066,0.0317,318.9
2.3998,39.704,11.721,-2.1957,-9.727,-0.047677,-0.045127,-1.7936,0.0435,229.23
2.4398,39.627,11.359,-2.236,-9.6082,-0.023316,-0.022076,-1.7998,0.036,274.03
2.4798,39.567,10.919,-2.1492,-9.6895,-0.025572,-0.024221,-1.7895,0.0443,224.04
2.5199,39.502,10.508,-2.0453,-9.7589,-0.028856,-0.027338,-1.7779,0.0533,187.07
2.5599,39.439,10.243,-2.0161,-9.4687,0.031922,0.030237,-1.78,0.0509,190.2
2.5999,39.38,9.935,-1.9906,-9.2494,0.079003,0.07482,-1.7814,0.0489,193.48
2.6399,39.348,9.7813,-1.9544,-8.8402,0.14714,0.1393,-1.7855,0.0438,206.7
2.6799,39.325,9.3722,-1.7872,-8.919,0.12828,0.12147,-1.766,0.0594,153.14
2.7199,39.293,8.982,-1.686,-8.9236,0.12161,0.11518,-1.7551,0.0666,136.36
2.76,39.228,8.4357,-1.6861,-9.0409,0.10684,0.10124,-1.7531,0.0659,139.56
2.7999,39.184,8.1276,-1.67,-8.8004,0.15177,0.14381,-1.7553,0.0634,141.28
2.84,39.14,7.7452,-1.6325,-8.6781,0.175,0.16577,-1.7531,0.064,137.97
2.88,39.197,7.3271,-1.6037,-8.6072,0.18885,0.17894,-1.751,0.0643,136.16
2.92,39.194,6.9166,-1.433,-8.6493,0.16695,0.15822,-1.7314,0.0783,111.97
2.96,39.196,6.5324,-1.281,-8.6428,0.15202,0.14407,-1.7146,0.0898,97.297
3,39.207,6.1087,-1.123,-8.7141,0.12694,0.12034,-1.6961,0.1018,86.308
3.04,39.233,5.8419,-1.0089,-8.527,0.12782,0.12121,-1.6855,0.1067,80.473
3.0801,39.323,5.4695,-0.87169,-8.4837,0.11083,0.10511,-1.6705,0.115,74.16
******-------------------------------------------------------------------------------------------------------------------****** 
TargetID: ID37
Target can not be processed due to lack of Data
******-------------------------------------------------------------------------------------------------------------------****** 
TargetID: ID39
Target can not be processed due to lack of Data
******-------------------------------------------------------------------------------------------------------------------****** 
TargetID: ID40
Target can not be processed due to lack of Data
******-------------------------------------------------------------------------------------------------------------------****** 
TargetID: ID10
Target can not be processed due to lack of Data
******-------------------------------------------------------------------------------------------------------------------****** 
TargetID: ID41
Target can not be processed due to lack of Data
******-------------------------------------------------------------------------------------------------------------------****** 
TargetID: ID42
Target can not be processed due to lack of Data
******-------------------------------------------------------------------------------------------------------------------****** 
TargetID: ID44
Target can not be processed due to lack of Data
******-------------------------------------------------------------------------------------------------------------------****** 
TargetID: ID45
Relevancy: 0
tj = Inf
Label: -1
Comment: Target is irrelevant as it is not crossing the estimated holding line
DATA:
15.084,68.351,64.106,NaN,NaN,NaN,NaN,-2.0517,NaN,NaN
15.124,68.236,63.876,NaN,NaN,NaN,NaN,-2.0518,NaN,NaN
15.164,69.048,63.301,NaN,NaN,NaN,NaN,-1.6667,NaN,NaN
15.204,69.023,63.022,NaN,NaN,NaN,NaN,-1.6667,NaN,NaN
15.244,68.385,63.033,NaN,NaN,NaN,NaN,-2.1094,NaN,NaN
15.284,66.775,63.509,NaN,NaN,NaN,NaN,-2.4168,NaN,NaN
15.324,66.675,63.323,NaN,NaN,NaN,NaN,-2.4176,NaN,NaN
15.364,66.464,63.136,NaN,NaN,NaN,NaN,-2.4176,NaN,NaN
15.404,66.366,62.93,NaN,NaN,NaN,NaN,-2.3783,NaN,NaN
15.444,66.165,62.733,NaN,NaN,NaN,NaN,-2.3784,NaN,NaN
15.484,66.151,62.505,NaN,NaN,NaN,NaN,-2.307,NaN,NaN
15.524,65.964,62.297,NaN,NaN,NaN,NaN,-2.307,NaN,NaN
15.564,65.778,62.089,NaN,NaN,NaN,NaN,-2.307,NaN,NaN
15.604,65.592,61.881,NaN,NaN,NaN,NaN,-2.3071,NaN,NaN
15.644,65.408,61.673,NaN,NaN,NaN,NaN,-2.307,NaN,NaN
15.684,65.483,61.186,NaN,NaN,NaN,NaN,-2.2318,NaN,NaN
15.724,65.314,60.962,NaN,NaN,NaN,NaN,-2.2319,NaN,NaN
15.764,65.16,60.761,NaN,NaN,NaN,NaN,-2.2289,NaN,NaN
15.804,64.991,60.539,NaN,NaN,NaN,NaN,-2.229,NaN,NaN
15.844,65.022,60.174,NaN,NaN,NaN,NaN,-2.1917,NaN,NaN
15.884,64.863,59.946,NaN,NaN,NaN,NaN,-2.1918,NaN,NaN
15.924,63.687,60.066,NaN,NaN,NaN,NaN,-2.4169,NaN,NaN
15.964,63.459,59.861,NaN,NaN,NaN,NaN,-2.4169,NaN,NaN
16.004,63.229,59.658,NaN,NaN,NaN,NaN,-2.4169,NaN,NaN
16.044,62.999,59.454,NaN,NaN,NaN,NaN,-2.4169,NaN,NaN
16.084,62.768,59.251,NaN,NaN,NaN,NaN,-2.4169,NaN,NaN
16.124,62.538,59.047,NaN,NaN,NaN,NaN,-2.4169,NaN,NaN
16.164,61.698,59.143,-7.2884,-4.7659,-0,-0,-2.5625,0,Inf
16.204,61.408,58.952,-7.2884,-4.7658,-0,-0,-2.5625,0,Inf
16.244,61.113,58.763,-7.2882,-4.7662,-0,-0,-2.5624,0,Inf
16.285,60.907,58.493,-7.2228,-4.8702,-0.13932,-0.065301,-2.5484,0.0211,412.86
16.325,60.621,58.297,-7.2217,-4.8779,-0.15533,-0.072804,-2.5476,0.0211,413.02
16.365,60.603,57.984,-6.9038,-5.071,-0.32,-0.14999,-2.5081,0.0601,142.53
16.405,60.328,57.78,-6.8992,-5.093,-0.34292,-0.16073,-2.5057,0.0601,142.69
16.445,60.591,57.412,-6.2882,-5.3812,-0.5173,-0.24247,-2.4335,0.1165,71.042
16.485,60.34,57.195,-6.2785,-5.4236,-0.5415,-0.25381,-2.4289,0.1165,71.216
16.525,60.296,56.892,-6.2104,-5.5456,-0.65518,-0.3071,-2.4124,0.1125,74.01
16.565,60.047,56.67,-6.21,-5.5957,-0.67362,-0.31574,-2.4079,0.1125,74.304
16.605,59.819,57.554,-6.0037,-5.727,-0.61907,-0.29106,-2.3823,0.1314,63.144
16.645,59.578,57.323,-5.9969,-5.7821,-0.63315,-0.29772,-2.377,0.1314,63.398
16.685,59.428,57.064,-6.1388,-5.8932,-0.92046,-0.43295,-2.3766,0.1028,82.778
16.725,59.186,56.823,-6.1547,-5.9565,-0.92965,-0.4373,-2.3726,0.1028,83.318
16.765,58.935,56.578,-6.1018,-5.9672,-0.78176,-0.36757,-2.3673,0.1147,74.409
16.805,58.692,56.335,-6.1055,-6.0256,-0.79146,-0.37216,-2.3628,0.1147,74.788
16.845,58.268,56.1,-6.2064,-6.0886,-0.79854,-0.37575,-2.3689,0.1167,74.501
16.885,58.021,55.854,-6.2073,-6.1469,-0.80813,-0.38031,-2.3642,0.1167,74.857
16.925,57.773,55.605,-6.2077,-6.2055,-0.8176,-0.38481,-2.3596,0.1167,75.214
16.965,57.524,55.354,-6.2076,-6.2642,-0.82693,-0.38925,-2.3549,0.1167,75.57
17.005,57.998,55.83,-6.2103,-6.3775,-0.73101,-0.34434,-2.3495,0.1177,75.63
17.045,57.751,55.571,-6.2108,-6.4387,-0.73422,-0.34589,-2.3448,0.1177,76.007
17.085,57.504,55.309,-6.2108,-6.5002,-0.73729,-0.34739,-2.3401,0.1177,76.384
17.125,57.254,55.046,-6.21,-6.562,-0.74037,-0.34888,-2.3354,0.1177,76.759
17.165,57.182,54.749,-6.0071,-6.6061,-0.60453,-0.28397,-2.3147,0.1336,66.833
17.205,56.946,54.481,-5.9932,-6.6627,-0.6093,-0.28624,-2.3094,0.1336,67.078
17.245,56.708,54.212,-5.9786,-6.7195,-0.61407,-0.2885,-2.304,0.1336,67.322
17.285,56.472,53.94,-5.9638,-6.7762,-0.61883,-0.29077,-2.2987,0.1336,67.566
17.325,56.115,53.688,-5.9433,-6.7868,-0.49983,-0.23535,-2.2951,0.1368,65.945
17.365,55.881,53.412,-5.9238,-6.8401,-0.50265,-0.23671,-2.2896,0.1368,66.146
17.405,55.71,53.115,-5.7633,-6.9035,-0.41638,-0.19601,-2.2709,0.1478,60.846
17.445,55.613,52.835,-5.505,-7.0758,-0.35032,-0.16418,-2.236,0.1717,52.213
17.485,55.399,52.547,-5.4693,-7.1308,-0.35149,-0.16473,-2.2292,0.1717,52.34
17.525,54.633,52.38,-6.1513,-6.9874,-0.518,-0.24267,-2.2975,0.1193,78.032
17.565,54.507,52.064,-5.9524,-7.0688,-0.47575,-0.22346,-2.2755,0.1316,70.221
17.605,54.273,51.778,-5.934,-7.1228,-0.47653,-0.22384,-2.2702,0.1316,70.446
17.645,54.578,51.309,-4.8858,-7.2607,-0.17341,-0.081397,-2.1631,0.2081,42.054
17.685,54.246,51.04,-5.1868,-7.2647,-0.18866,-0.088681,-2.1932,0.1795,49.729
17.725,54.045,50.744,-5.1411,-7.3113,-0.1893,-0.08899,-2.1861,0.1795,49.793
17.765,53.843,50.448,-5.0945,-7.3578,-0.19007,-0.089358,-2.1789,0.1795,49.857
17.805,53.625,50.139,-5.2649,-7.4131,-0.20377,-0.095654,-2.1909,0.1652,55.04
17.845,53.301,49.848,-5.4517,-7.4083,-0.23644,-0.11118,-2.2079,0.1491,61.69
17.885,53.087,49.547,-5.42,-7.458,-0.23414,-0.1101,-2.202,0.1491,61.834
17.925,53.29,49.805,-4.4039,-7.8059,-0.12284,-0.057771,-2.087,0.229,39.137
******-------------------------------------------------------------------------------------------------------------------****** 
TargetID: ID12
Target can not be processed due to lack of Data
******-------------------------------------------------------------------------------------------------------------------****** 
TargetID: ID47
Target can not be processed due to lack of Data
******-------------------------------------------------------------------------------------------------------------------****** 
TargetID: ID48
Target can not be processed due to lack of Data
******-------------------------------------------------------------------------------------------------------------------****** 
TargetID: ID13
Relevancy: 0
tj = Inf
Label: -1
Comment: Target is irrelevant as it is not crossing the estimated holding line
DATA:
15.244,73.586,66.681,NaN,NaN,NaN,NaN,-2.0844,NaN,NaN
15.284,73.461,66.456,NaN,NaN,NaN,NaN,-2.0844,NaN,NaN
15.324,72.909,66.863,NaN,NaN,NaN,NaN,-2.3477,NaN,NaN
15.364,72.723,66.672,NaN,NaN,NaN,NaN,-2.3477,NaN,NaN
15.404,72.95,66.003,NaN,NaN,NaN,NaN,-2.0295,NaN,NaN
15.444,72.837,65.768,NaN,NaN,NaN,NaN,-2.0296,NaN,NaN
15.484,72.294,65.55,NaN,NaN,NaN,NaN,-2.2279,NaN,NaN
15.524,72.134,65.34,NaN,NaN,NaN,NaN,-2.2279,NaN,NaN
15.564,71.975,65.049,NaN,NaN,NaN,NaN,-2.2088,NaN,NaN
15.604,71.82,64.836,NaN,NaN,NaN,NaN,-2.2088,NaN,NaN
15.644,71.383,64.712,NaN,NaN,NaN,NaN,-2.3109,NaN,NaN
15.684,71.201,64.512,NaN,NaN,NaN,NaN,-2.3109,NaN,NaN
15.724,71.022,64.31,NaN,NaN,NaN,NaN,-2.311,NaN,NaN
15.764,70.8,64.016,NaN,NaN,NaN,NaN,-2.3192,NaN,NaN
15.804,70.617,63.815,NaN,NaN,NaN,NaN,-2.3192,NaN,NaN
15.844,70.428,63.616,NaN,NaN,NaN,NaN,-2.3192,NaN,NaN
15.884,70.245,63.414,NaN,NaN,NaN,NaN,-2.3192,NaN,NaN
15.924,70.061,63.213,NaN,NaN,NaN,NaN,-2.3192,NaN,NaN
15.964,69.877,63.011,NaN,NaN,NaN,NaN,-2.3193,NaN,NaN
16.004,NaN,NaN,NaN,NaN,NaN,NaN,-2.4006,NaN,NaN
16.044,NaN,NaN,NaN,NaN,NaN,NaN,-2.4828,NaN,NaN
16.084,NaN,NaN,NaN,NaN,NaN,NaN,-2.397,NaN,NaN
16.124,NaN,NaN,NaN,NaN,NaN,NaN,-2.397,NaN,NaN
16.164,NaN,NaN,NaN,NaN,NaN,NaN,-2.3969,NaN,NaN
16.204,NaN,NaN,NaN,NaN,NaN,NaN,-2.3969,NaN,NaN
16.244,NaN,NaN,NaN,NaN,NaN,NaN,-2.5122,NaN,NaN
16.285,NaN,NaN,NaN,NaN,NaN,NaN,-2.5222,NaN,NaN
16.325,67.531,61.596,-5.8504,-4.8641,-0,-0,-2.448,0,Inf
16.365,67.114,61.465,-6.1604,-4.8706,-0.32923,-0.15432,-2.4727,0.0615,127.69
16.405,66.827,61.301,-6.1474,-4.9526,-0.53638,-0.25141,-2.4632,0.0919,85.9
16.445,66.453,61.155,-6.3064,-5.0556,-0.90928,-0.42623,-2.4658,0.1523,53.071
16.485,66.201,60.951,-6.3124,-5.1238,-0.91888,-0.43073,-2.4598,0.1523,53.383
16.525,65.803,60.793,-6.4737,-5.1454,-1.0324,-0.48398,-2.4704,0.1579,52.371
16.565,65.542,60.587,-6.48,-5.2179,-1.0471,-0.49089,-2.4641,0.1579,52.689
16.605,65.284,60.376,-6.4858,-5.2903,-1.0617,-0.49774,-2.4578,0.1579,53.007
16.645,65.023,60.163,-6.4907,-5.3634,-1.0761,-0.50447,-2.4514,0.1579,53.324
16.685,64.608,60.019,-6.668,-5.2634,-1.0699,-0.50156,-2.4738,0.1217,69.803
16.725,64.344,59.805,-6.678,-5.3237,-1.0902,-0.51105,-2.4689,0.1217,70.176
16.765,63.897,59.697,-6.9605,-5.2245,-1.2062,-0.56536,-2.4974,0.0941,92.488
16.805,63.619,59.486,-6.9802,-5.2801,-1.2265,-0.5749,-2.4936,0.0941,93.01
16.845,63.195,59.314,-7.1638,-5.2664,-1.2639,-0.59248,-2.508,0.0789,112.69
16.885,62.909,59.101,-7.1888,-5.3196,-1.2822,-0.60107,-2.5049,0.0789,113.35
16.925,62.481,58.957,-7.4753,-5.2213,-1.3686,-0.64144,-2.5322,0.0468,194.83
16.965,62.181,58.748,-7.5119,-5.2677,-1.3851,-0.64918,-2.5303,0.0468,196.04
17.005,61.847,58.555,-7.595,-5.2859,-1.3536,-0.63445,-2.5333,0.044,210.3
17.045,61.543,58.342,-7.633,-5.332,-1.367,-0.64075,-2.5315,0.044,211.61
17.085,61.224,58.146,-7.6613,-5.3972,-1.3514,-0.63343,-2.5276,0.0541,173.23
17.125,59.71,58.544,-9.0127,-4.8352,-2.0432,-0.95766,-2.6491,0.017,601.63
17.165,59.35,58.349,-9.0859,-4.8819,-2.0515,-0.96157,-2.6484,0.017,606.73
17.205,59.064,58.109,-8.5838,-5.3101,-1.484,-0.69556,-2.5874,0.0977,103.31
17.245,58.719,57.895,-8.6226,-5.3809,-1.4827,-0.69496,-2.5835,0.0977,104.03
17.285,58.989,57.404,-8.2249,-5.566,-1.2539,-0.58775,-2.5469,0.0908,109.38
17.325,58.662,57.179,-8.2557,-5.6302,-1.2537,-0.58764,-2.5433,0.0908,110.05
17.365,58.333,56.951,-8.2861,-5.6947,-1.2534,-0.58752,-2.5397,0.0908,110.73
17.405,58.002,56.722,-8.316,-5.7597,-1.2532,-0.5874,-2.5361,0.0908,111.41
17.445,57.669,56.49,-8.3456,-5.825,-1.2528,-0.58722,-2.5324,0.0908,112.09
17.485,57.337,56.254,-8.3748,-5.8905,-1.2524,-0.58704,-2.5288,0.0908,112.76
17.525,57.653,55.717,-7.8074,-6.1504,-0.99257,-0.46527,-2.4746,0.1203,82.618
17.565,57.344,55.468,-7.8177,-6.219,-0.99245,-0.46521,-2.4699,0.1203,83.039
17.605,57.032,55.217,-7.8273,-6.2882,-0.99232,-0.46516,-2.4651,0.1203,83.461
17.645,56.718,54.964,-7.8363,-6.3578,-0.99206,-0.46504,-2.4602,0.1203,83.882
17.685,56.101,54.908,-8.0575,-6.2549,-1.0021,-0.4697,-2.4813,0.1022,99.808
17.725,55.779,54.656,-8.0719,-6.319,-1.0026,-0.46994,-2.4772,0.1022,100.3
17.765,55.454,54.403,-8.0857,-6.3836,-1.0031,-0.47018,-2.4731,0.1022,100.8
17.805,55.131,54.146,-8.0993,-6.4481,-1.0036,-0.47042,-2.469,0.1022,101.3
17.845,54.658,54.065,-8.1016,-6.3771,-0.95535,-0.44779,-2.4745,0.0975,105.75
17.885,54.334,53.809,-8.1143,-6.4384,-0.95611,-0.44815,-2.4706,0.0975,106.24
17.925,54.011,53.549,-8.1268,-6.4997,-0.95701,-0.44857,-2.4668,0.0975,106.73
******-------------------------------------------------------------------------------------------------------------------****** 
TargetID: ID14
Relevancy: 0
tj = Inf
Label: -1
Comment: Target is irrelevant as it is not crossing the estimated holding line
DATA:
15.284,44.631,33.353,NaN,NaN,NaN,NaN,-1.7518,NaN,NaN
15.324,44.55,32.916,NaN,NaN,NaN,NaN,-1.7534,NaN,NaN
15.364,44.692,32.545,NaN,NaN,NaN,NaN,-1.5962,NaN,NaN
15.404,44.236,32.194,NaN,NaN,NaN,NaN,-1.8943,NaN,NaN
15.444,44.078,31.876,NaN,NaN,NaN,NaN,-1.9183,NaN,NaN
15.484,43.935,31.527,NaN,NaN,NaN,NaN,-1.9246,NaN,NaN
15.524,43.787,31.143,NaN,NaN,NaN,NaN,-1.932,NaN,NaN
15.564,44.133,30.751,NaN,NaN,NaN,NaN,-1.7362,NaN,NaN
15.604,44.18,30.42,NaN,NaN,NaN,NaN,-1.6949,NaN,NaN
15.644,44.14,30.061,NaN,NaN,NaN,NaN,-1.6949,NaN,NaN
15.684,44.245,29.75,-2.2947,-8.8757,-0.013829,-0.006482,-1.8238,0.0001,91675
15.724,44.143,29.377,-2.3761,-9.0074,0.076578,0.035891,-1.8287,-0.0143,-651.44
15.764,43.815,29.066,-2.8444,-8.9231,0.012037,0.0056422,-1.8794,-0.0201,-465.94
15.804,43.81,28.675,-2.6385,-9.0636,0.01319,0.0061819,-1.8541,-0.0092,-1026.1
15.844,43.544,28.348,-3.0006,-9.084,0.0030732,0.0014401,-1.8898,-0.0267,-358.31
15.884,43.452,27.976,-2.9666,-9.123,0.011141,0.0052218,-1.8852,-0.0257,-373.28
15.924,43.301,27.604,-3.0427,-9.177,0.010501,0.0049216,-1.8909,-0.026,-371.86
15.964,43.168,27.239,-3.0846,-9.2074,-0.001281,-0.00060033,-1.8941,-0.0294,-330.28
16.004,42.975,26.889,-3.2229,-9.2229,-0.021897,-0.010263,-1.907,-0.0391,-249.87
16.044,42.836,26.518,-3.2673,-9.2645,-0.02638,-0.012365,-1.9099,-0.0411,-239.02
16.084,42.703,26.147,-3.3047,-9.3098,-0.031886,-0.014945,-1.9119,-0.0419,-235.77
16.124,42.733,25.732,-2.9587,-9.4315,0.027276,0.012784,-1.8748,0.0102,969.09
16.164,42.665,25.345,-2.7944,-9.495,0.062364,0.029232,-1.8571,0.0361,274.17
16.204,42.405,25.007,-3.1414,-9.4594,0.024586,0.011524,-1.8914,-0.015,-664.49
16.244,42.199,24.654,-3.2795,-9.4448,0.00038391,0.00017987,-1.905,-0.0308,-324.61
16.285,42.124,24.259,-3.1437,-9.5142,0.016006,0.0075017,-1.8899,-0.0074,-1354.1
16.325,42.09,23.847,-2.888,-9.6024,0.047764,0.022386,-1.8629,0.032,313.35
16.365,41.959,23.466,-2.9313,-9.6353,0.054037,0.025327,-1.8661,0.0258,390.36
16.405,41.89,23.069,-2.7846,-9.6882,0.073249,0.034334,-1.8507,0.0462,218.19
16.445,41.631,22.721,-3.0834,-9.6568,0.03355,0.015726,-1.8799,0.0065,1559.6
16.485,41.577,22.316,-2.861,-9.731,0.053654,0.025146,-1.8567,0.0384,264.14
16.525,41.547,21.917,-2.6134,-9.7908,0.074272,0.034807,-1.8316,0.0702,144.35
16.565,42.028,21.753,-2.3731,-9.8819,0.10304,0.04829,-1.8061,0.1011,100.52
16.605,41.946,21.344,-2.3206,-9.9364,0.11818,0.055351,-1.7998,0.1035,98.588
16.645,41.781,20.957,-2.4503,-9.9404,0.11161,0.052308,-1.812,0.0839,122.03
16.685,41.692,20.559,-2.4071,-10.002,0.12696,0.0595,-1.8065,0.0864,119.07
16.725,41.646,20.148,-2.1977,-10.057,0.13432,0.0629,-1.7854,0.1086,94.79
16.765,41.571,19.74,-2.1718,-10.114,0.1525,0.071406,-1.7817,0.1071,96.587
16.805,41.448,19.353,-2.2126,-10.143,0.14915,0.069918,-1.7861,0.097,107.02
16.845,41.323,18.962,-2.2505,-10.149,0.13528,0.063307,-1.7885,0.0907,114.61
16.885,41.223,18.555,-2.2503,-10.177,0.13247,0.062046,-1.7884,0.0869,119.94
16.925,41.132,18.141,-2.2281,-10.211,0.13143,0.061511,-1.7851,0.0869,120.27
16.965,41.072,17.734,-2.0997,-10.224,0.11882,0.055651,-1.7729,0.097,107.6
17.005,40.954,17.343,-2.1355,-10.241,0.11644,0.054503,-1.7759,0.0898,116.49
17.045,40.863,16.931,-2.0994,-10.262,0.10926,0.051148,-1.7722,0.0904,115.86
17.085,40.788,16.528,-2.0023,-10.261,0.089404,0.041861,-1.7632,0.0966,108.23
17.125,40.719,16.114,-1.9437,-10.313,0.11101,0.051995,-1.7566,0.0989,106.12
17.165,40.726,16.342,-1.8806,-10.369,0.1263,0.059038,-1.7491,0.1023,103.01
17.205,40.685,15.917,-1.7558,-10.407,0.13059,0.061079,-1.7367,0.1104,95.596
17.245,40.681,15.48,-1.5686,-10.459,0.13239,0.061912,-1.7184,0.1237,85.499
17.285,40.607,15.068,-1.4772,-10.469,0.11362,0.053119,-1.7099,0.1276,82.857
17.325,40.601,14.64,-1.2833,-10.515,0.12822,0.060004,-1.691,0.1405,75.394
17.365,40.555,14.218,-1.2526,-10.561,0.153,0.071519,-1.6874,0.1384,76.843
17.405,40.519,13.793,-1.1547,-10.587,0.13926,0.065061,-1.6781,0.1421,74.944
17.445,40.497,13.366,-1.0642,-10.616,0.1458,0.068104,-1.6693,0.1449,73.635
17.485,40.412,12.956,-1.0655,-10.606,0.13406,0.062681,-1.6697,0.1396,76.36
17.525,40.406,12.52,-0.95532,-10.648,0.15226,0.071225,-1.6588,0.1443,74.084
17.565,40.377,12.091,-0.85041,-10.669,0.13431,0.062797,-1.6491,0.1483,72.171
17.605,40.372,11.655,-0.7578,-10.715,0.16043,0.07497,-1.6399,0.151,71.139
17.645,40.388,11.216,-0.59921,-10.762,0.18435,0.086184,-1.6247,0.1591,67.748
17.685,40.369,10.789,-0.49381,-10.768,0.16058,0.07509,-1.6151,0.1624,66.377
17.725,40.361,10.355,-0.392,-10.796,0.16684,0.07801,-1.6055,0.1652,65.395
17.765,40.355,9.9246,-0.28409,-10.804,0.14818,0.069299,-1.5957,0.1684,64.18
17.805,40.351,10.343,-0.27582,-10.826,0.16339,0.076146,-1.5936,0.1642,65.954
17.845,40.336,9.9175,-0.19478,-10.826,0.14495,0.067594,-1.5864,0.1651,65.582
17.885,40.355,9.4759,-0.062352,-10.849,0.13958,0.065096,-1.5742,0.1704,63.667
17.925,40.408,9.025,0.10727,-10.89,0.16123,0.075186,-1.5583,0.1787,60.941
******-------------------------------------------------------------------------------------------------------------------****** 
TargetID: ID15
Target can not be processed due to lack of Data
******-------------------------------------------------------------------------------------------------------------------****** 
TargetID: ID49
Target can not be processed due to lack of Data
******-------------------------------------------------------------------------------------------------------------------****** 
TargetID: ID17
Target can not be processed due to lack of Data
******-------------------------------------------------------------------------------------------------------------------****** 
