******-------------------------------------------------------------------------------------------------------------------****** 
Duration of the scene is: 116.0729 seconds
Original Targets Numbers in the hole Scene: 5
Number of Targets in the hole Scene after preprocessing: 21
Number of static portions: 2
******-------------------------------------------------------------------------------------------------------------------****** 
TargetID: ID01
Target can not be processed due to lack of Data
******-------------------------------------------------------------------------------------------------------------------****** 
TargetID: ID03
Relevancy: 0
tj = Inf
Label: -1
Comment: Target is irrelevant as it is not crossing the estimated holding line
DATA:
5.3218,-27.982,-67.18,NaN,NaN,NaN,NaN,0.7082,NaN,NaN
5.3618,-27.638,-66.894,NaN,NaN,NaN,NaN,0.7083,NaN,NaN
5.4018,-27.792,-66.051,NaN,NaN,NaN,NaN,0.9801,NaN,NaN
5.4419,-27.555,-65.69,NaN,NaN,NaN,NaN,0.9801,NaN,NaN
5.4818,-27.293,-65.494,NaN,NaN,NaN,NaN,0.9522,NaN,NaN
5.5219,-27.046,-65.144,NaN,NaN,NaN,NaN,0.9522,NaN,NaN
5.5619,-26.786,-64.796,NaN,NaN,NaN,NaN,0.9523,NaN,NaN
5.6019,-26.542,-64.443,NaN,NaN,NaN,NaN,0.9522,NaN,NaN
5.6419,-26.187,-64.2,NaN,NaN,NaN,NaN,0.9345,NaN,NaN
5.6811,-25.93,-63.857,NaN,NaN,NaN,NaN,0.9345,NaN,NaN
5.7219,-25.595,-63.591,NaN,NaN,NaN,NaN,0.9252,NaN,NaN
5.7619,-25.332,-63.254,NaN,NaN,NaN,NaN,0.9252,NaN,NaN
5.802,-25.085,-62.913,NaN,NaN,NaN,NaN,0.9251,NaN,NaN
5.842,-24.833,-62.577,NaN,NaN,NaN,NaN,0.9251,NaN,NaN
5.882,-24.18,-62.579,NaN,NaN,NaN,NaN,0.8383,NaN,NaN
5.922,-23.9,-62.268,NaN,NaN,NaN,NaN,0.8384,NaN,NaN
5.962,-24.097,-61.616,NaN,NaN,NaN,NaN,0.9445,NaN,NaN
6.002,-23.602,-61.592,NaN,NaN,NaN,NaN,0.8447,NaN,NaN
6.042,-23.644,-61.024,NaN,NaN,NaN,NaN,0.9144,NaN,NaN
6.082,-23.219,-60.961,NaN,NaN,NaN,NaN,0.8645,NaN,NaN
6.1221,-24.368,-59.647,NaN,NaN,NaN,NaN,1.1339,NaN,NaN
6.1621,-24.198,-59.283,NaN,NaN,NaN,NaN,1.1339,NaN,NaN
6.2021,-24.03,-58.912,NaN,NaN,NaN,NaN,1.1337,NaN,NaN
6.2412,-23.472,-58.887,NaN,NaN,NaN,NaN,1.067,NaN,NaN
6.2813,-22.405,-59.026,5.338,8.2281,-0,-0,0.9953,0,Inf
6.3212,-22.152,-58.735,5.3308,8.1014,-0.20452,-0.1645,0.9889,0.0049,1979.2
6.3621,-22.873,-57.694,4.1008,8.8903,-0.25929,-0.20744,1.1386,0.0158,619.65
6.4012,-22.692,-57.345,4.0823,8.8676,-0.25818,-0.20567,1.1394,0.0158,617.86
6.4422,-22.065,-57.319,4.7237,8.4673,-0.35454,-0.28118,1.0622,-0.0027,-3591
6.4822,-21.671,-57.186,4.8806,8.2966,-0.37272,-0.29411,1.0388,0,Inf
6.5222,-21.336,-56.953,5.0084,8.162,-0.3927,-0.30793,1.0207,-0.0042,-2280
6.5613,-21.146,-56.621,4.9984,8.1404,-0.39766,-0.30939,1.0204,-0.0042,-2274.4
6.6022,-20.735,-56.44,5.1772,7.9595,-0.4149,-0.32015,0.9944,-0.0145,-654.83
6.6413,-20.416,-56.207,5.2596,7.8353,-0.37732,-0.28882,0.9796,-0.0196,-481.47
6.6814,-20.094,-55.967,5.3631,7.7234,-0.38225,-0.29047,0.964,-0.0298,-315.53
6.7223,-19.872,-55.628,5.3434,7.7587,-0.31219,-0.23566,0.9679,-0.0228,-413.19
6.7623,-19.585,-55.372,5.4333,7.6613,-0.31679,-0.23754,0.9541,-0.0353,-266.07
6.8013,-19.326,-55.087,5.4966,7.5628,-0.33656,-0.25053,0.9425,-0.0451,-207.3
6.8423,-18.997,-54.858,5.61,7.4354,-0.35015,-0.2588,0.9246,-0.0601,-154.98
6.8814,-18.741,-54.612,5.6796,7.3003,-0.38385,-0.28157,0.9094,-0.0765,-120.91
6.9215,-18.481,-54.334,5.7398,7.2228,-0.38304,-0.27876,0.8995,-0.0837,-110.22
6.9623,-18.082,-54.222,5.9261,6.998,-0.37163,-0.26831,0.868,-0.1105,-82.988
7.0024,-17.942,-53.854,5.8108,7.0794,-0.36199,-0.25912,0.8837,-0.0902,-101.54
7.0414,-17.661,-53.581,5.9322,6.915,-0.40536,-0.28768,0.8619,-0.1121,-81.274
7.0824,-17.422,-53.308,5.9437,6.8667,-0.4055,-0.28529,0.8575,-0.1121,-81.015
7.1215,-17.107,-53.087,6.0573,6.7272,-0.39173,-0.27315,0.8379,-0.1268,-71.391
7.1616,-16.867,-52.818,6.0721,6.675,-0.39113,-0.2703,0.8328,-0.1268,-71.165
7.2023,-16.549,-52.606,6.206,6.5096,-0.38865,-0.26618,0.8094,-0.1449,-62.069
7.2416,-16.288,-52.348,6.2239,6.4526,-0.3878,-0.26315,0.8036,-0.1449,-61.871
7.2815,-15.955,-52.153,6.3742,6.2713,-0.38443,-0.25856,0.7774,-0.1641,-54.491
7.3225,-15.703,-51.903,6.3948,6.2093,-0.38348,-0.25564,0.7708,-0.1641,-54.317
7.3616,-15.456,-51.619,6.3986,6.1644,-0.38936,-0.25727,0.7669,-0.1631,-54.475
7.4026,-15.199,-51.375,6.4171,6.102,-0.38805,-0.25412,0.7604,-0.1631,-54.293
7.4416,-14.875,-51.16,6.541,5.9412,-0.40988,-0.26596,0.7375,-0.1776,-49.755
7.4816,-14.61,-50.925,6.5603,5.8746,-0.40885,-0.26286,0.7304,-0.1776,-49.584
7.5216,-14.095,-50.895,6.9416,5.4566,-0.39282,-0.25013,0.6663,-0.2224,-39.701
7.5617,-13.808,-50.682,6.9682,5.3783,-0.39273,-0.24764,0.6574,-0.2224,-39.579
7.6016,-13.485,-50.512,7.0908,5.1699,-0.43508,-0.27168,0.6299,-0.2387,-36.763
7.6417,-13.197,-50.307,7.1169,5.0852,-0.436,-0.26966,0.6204,-0.2387,-36.644
7.6826,-12.921,-50.077,7.143,5.003,-0.4592,-0.28134,0.6111,-0.2395,-36.413
7.7217,-12.631,-49.879,7.1664,4.9179,-0.46037,-0.27941,0.6015,-0.2395,-36.29
7.7617,-12.274,-49.732,7.2533,4.8132,-0.38715,-0.2327,0.5859,-0.2416,-36.031
7.8017,-11.987,-49.539,7.2785,4.729,-0.38768,-0.2307,0.5762,-0.2416,-35.927
7.8417,-11.884,-49.187,7.0861,4.833,-0.46561,-0.27425,0.5986,-0.2219,-38.654
7.8817,-11.593,-48.998,7.1037,4.7537,-0.46642,-0.27203,0.5897,-0.2219,-38.52
7.9217,-11.304,-48.804,7.1854,4.6746,-0.39767,-0.2296,0.5768,-0.2238,-38.303
7.9618,-11.011,-48.621,7.206,4.5969,-0.39843,-0.2277,0.5679,-0.2238,-38.192
8.0017,-10.951,-48.239,6.9628,4.7422,-0.47369,-0.26789,0.5979,-0.2007,-41.975
8.0427,-10.667,-48.053,6.9763,4.6705,-0.47439,-0.26548,0.5899,-0.2007,-41.831
8.0818,-10.451,-47.789,7.0647,4.649,-0.32419,-0.17942,0.582,-0.2011,-42.054
8.1218,-10.164,-47.605,7.0856,4.5816,-0.32476,-0.1778,0.5739,-0.2011,-41.958
8.1618,-9.8809,-47.422,7.1062,4.5136,-0.32534,-0.17613,0.5658,-0.2011,-41.862
8.2018,-9.5897,-47.245,7.126,4.4461,-0.3259,-0.1745,0.5578,-0.2011,-41.767
8.2418,-9.3024,-47.072,7.1448,4.3791,-0.32643,-0.1729,0.5498,-0.2011,-41.671
8.2818,-9.0164,-46.896,7.1635,4.311,-0.32699,-0.17123,0.5417,-0.2011,-41.575
8.3218,-8.7211,-46.73,7.1812,4.2438,-0.32741,-0.1695,0.5337,-0.2011,-41.479
8.3619,-8.4383,-46.557,7.1988,4.1755,-0.32788,-0.16767,0.5256,-0.2011,-41.383
8.4019,-8.1478,-46.395,7.2149,4.1087,-0.3283,-0.1659,0.5176,-0.2011,-41.287
8.442,-7.8493,-46.234,7.2312,4.0407,-0.32873,-0.1641,0.5095,-0.2011,-41.191
8.4819,-7.5617,-46.075,7.2464,3.9734,-0.32901,-0.16227,0.5015,-0.2011,-41.095
8.522,-7.2743,-45.916,7.2613,3.9055,-0.32942,-0.16047,0.4935,-0.2011,-40.999
8.562,-6.9758,-45.766,7.2751,3.8385,-0.3298,-0.1587,0.4855,-0.2011,-40.903
8.6019,-6.6838,-45.613,7.2887,3.7707,-0.33018,-0.15693,0.4774,-0.2011,-40.807
******-------------------------------------------------------------------------------------------------------------------****** 
TargetID: ID12
Target can not be processed due to lack of Data
******-------------------------------------------------------------------------------------------------------------------****** 
TargetID: ID13
Target can not be processed due to lack of Data
******-------------------------------------------------------------------------------------------------------------------****** 
TargetID: ID16
Target can not be processed due to lack of Data
******-------------------------------------------------------------------------------------------------------------------****** 
TargetID: ID19
Relevancy: 0
tj = Inf
Label: -1
Comment: Target is irrelevant as it is not crossing the estimated holding line
DATA:
57.416,142.41,-15.982,NaN,NaN,NaN,NaN,2.8137,NaN,NaN
57.456,142.32,-15.834,NaN,NaN,NaN,NaN,2.7363,NaN,NaN
57.496,142.25,-15.989,NaN,NaN,NaN,NaN,2.8353,NaN,NaN
57.536,142.15,-15.96,NaN,NaN,NaN,NaN,2.8353,NaN,NaN
57.577,142.7,-15.744,-2.3282,1.1645,-0,-0,2.6778,0,Inf
57.616,142.61,-15.662,-2.3353,1.2309,-0.01063,-0.0088919,2.6567,0,Inf
57.657,142.49,-15.635,-2.3722,1.2947,0.23814,0.20136,2.637,-0.0079,-342.09
57.697,142.38,-15.525,-2.3793,1.403,0.2045,0.17263,2.6047,-0.0096,-287.72
57.737,142.28,-15.564,-2.3504,1.2603,0.21349,0.17703,2.6539,-0.0033,-808.18
57.777,142.17,-15.361,-2.3874,1.5285,0.093257,0.078319,2.5703,-0.0172,-164.81
57.817,142.09,-15.501,-2.4343,1.327,-0.13374,-0.11123,2.6452,-0.0212,-130.78
57.857,141.96,-15.255,-2.5018,1.7396,-0.4358,-0.35865,2.5413,-0.056,-54.413
57.897,141.86,-15.179,-2.5135,1.7701,-0.44083,-0.36251,2.5353,-0.0575,-53.466
57.937,141.77,-15.199,-2.4988,1.5792,-0.2214,-0.1862,2.574,-0.0375,-78.827
57.977,141.69,-15.171,-2.4433,1.5107,-0.076509,-0.063942,2.5864,-0.0301,-95.436
58.017,141.56,-15.132,-2.4985,1.4979,-0.14912,-0.12358,2.6042,-0.0171,-170.36
58.057,141.45,-15.074,-2.5189,1.4848,-0.15494,-0.12956,2.6062,-0.0153,-191.11
58.11,141.38,-15.176,-2.3694,1.1858,0.20968,0.17259,2.682,0.0443,59.81
58.137,141.31,-15.219,-2.274,1.0296,0.39038,0.31807,2.7254,0.0789,31.638
58.176,141.21,-15.335,-2.1653,0.78092,0.60188,0.48447,2.8109,0.1485,15.501
58.217,141.1,-15.391,-2.1435,0.64328,0.6112,0.49147,2.866,0.1905,11.748
58.256,141,-15.322,-2.2558,0.65728,0.42058,0.35367,2.8477,0.167,14.069
58.296,140.91,-15.318,-2.371,-0.42147,0.38733,0.32505,2.1121,0.20193,11.926
58.336,140.82,-15.352,-2.4485,-1.2233,0.35409,0.29644,1.3767,0.23684,11.556
58.377,140.72,-15.413,-2.4885,-1.7494,0.32077,0.26775,0.63956,0.27184,11.19
58.417,140.62,-15.488,-2.4907,-1.9973,0.28751,0.23913,-0.096195,0.30678,10.407
58.457,140.52,-15.569,-2.4552,-1.9684,0.25427,0.2105,-0.83179,0.3417,9.2093
58.497,140.42,-15.642,-2.3824,-1.6639,0.22111,0.18196,-1.5654,0.37654,7.7175
58.537,140.33,-15.698,-2.2714,-1.08,0.18776,0.15325,-2.3031,0.41157,6.1111
58.577,140.24,-15.725,-2.1235,-0.22334,0.1546,0.1247,-3.0368,0.4464,4.7832
58.617,140.13,-15.727,-2.1561,-0.25572,0.11407,0.092009,-3.0256,0.4395,4.9402
58.657,140.04,-15.79,-2.1512,-0.37067,0.028013,0.022483,-2.971,0.4721,4.6238
58.697,139.94,-15.817,-2.1883,-0.43492,-0.059317,-0.047474,-2.9445,0.4779,4.6685
58.737,139.85,-15.87,-2.1814,-0.5396,-0.11327,-0.090381,-2.8976,0.5019,4.4773
58.777,139.77,-15.846,-2.1274,-0.49643,0.062744,0.049938,-2.9124,0.4725,4.6234
58.817,139.68,-15.871,-2.1491,-0.54647,-0.01108,-0.008789,-2.8924,0.4732,4.6861
58.857,139.58,-15.918,-2.1592,-0.63451,-0.081225,-0.064244,-2.8548,0.4883,4.6088
58.897,139.49,-15.949,-2.186,-0.68413,-0.13969,-0.11006,-2.8368,0.4867,4.7063
58.937,139.38,-15.99,-2.2167,-0.7581,-0.1969,-0.15482,-2.8102,0.4917,4.7645
58.977,139.28,-16.019,-2.2321,-0.79944,-0.21901,-0.17151,-2.7957,0.4873,4.8655
59.017,139.18,-16.055,-2.2483,-0.85559,-0.2375,-0.18556,-2.7761,0.4869,4.9406
59.057,139.09,-16.088,-2.1904,-0.8867,-0.11426,-0.089017,-2.7561,0.4871,4.8513
59.098,139.01,-16.126,-2.1774,-0.93118,-0.11249,-0.087372,-2.7366,0.4871,4.8617
59.137,138.92,-16.165,-2.1695,-0.97792,-0.11706,-0.090668,-2.7181,0.4863,4.8936
59.177,138.83,-16.207,-2.155,-1.0222,-0.11506,-0.088863,-2.6987,0.4863,4.9047
59.217,138.74,-16.216,-2.1271,-1.0011,-0.034061,-0.026233,-2.7017,0.4707,4.9945
59.257,138.66,-16.259,-2.1095,-1.0416,-0.033088,-0.02541,-2.6829,0.4707,4.9983
59.297,138.58,-16.303,-2.0912,-1.0821,-0.031999,-0.024507,-2.6641,0.4707,5.0023
59.337,138.46,-16.187,-2.1229,-0.87805,0.05923,0.045253,-2.749,0.4031,5.6991
59.377,138.34,-16.169,-2.1456,-0.82454,0.063319,0.048255,-2.7752,0.3759,6.1148
59.417,138.26,-16.205,-2.1306,-0.85564,0.062923,0.047843,-2.7602,0.3759,6.1081
******-------------------------------------------------------------------------------------------------------------------****** 
TargetID: ID20
Relevancy: 0
tj = Inf
Label: -1
Comment: Target is irrelevant as it is not crossing the estimated holding line
DATA:
60.148,139.06,-15.375,-2.0065,0.040129,-0.36337,-0.75407,2.7516,-0.081,-24.777
60.177,139.01,-15.35,-2.0184,0.062063,-0.36811,-0.74787,2.7485,-0.081,-24.931
60.217,138.95,-15.325,-2.0304,0.08422,-0.37255,-0.74183,2.7452,-0.081,-25.088
60.257,138.9,-15.298,-2.0424,0.10614,-0.37664,-0.73604,2.742,-0.081,-25.249
60.297,138.85,-15.272,-2.0547,0.12811,-0.38051,-0.73049,2.7387,-0.081,-25.415
60.337,138.79,-15.245,-2.0669,0.14981,-0.38404,-0.72522,2.7355,-0.081,-25.585
60.377,138.74,-15.217,-2.0791,0.17162,-0.38733,-0.71992,2.7323,-0.081,-25.755
60.417,138.19,-14.887,-2.2302,0.13987,-0.59739,-1.1046,2.6013,-0.1431,-15.616
60.457,138.1,-14.784,-3.2849,0.94553,-0.9964,-1.647,2.5789,-0.1507,-22.683
60.497,137.96,-14.694,-2.423,0.38037,-0.69948,-1.1438,2.5809,-0.147,-16.685
60.537,138.03,-14.517,-3.0653,1.2107,-0.86019,-1.25,2.5298,-0.1668,-19.758
60.577,137.75,-14.51,-2.9757,0.90215,-0.87554,-1.2652,2.5757,-0.1421,-21.882
60.617,137.65,-14.369,-3.7092,1.3071,-1.2365,-1.8771,2.5568,-0.1485,-26.483
60.657,137.41,-14.383,-3.3518,0.94223,-1.0861,-1.5686,2.5997,-0.1262,-27.589
60.697,137.23,-14.375,-3.3642,0.95184,-1.0438,-1.4267,2.6229,-0.1133,-30.858
60.737,137.1,-14.345,-3.3002,1.0015,-0.93861,-1.2058,2.6344,-0.1061,-32.505
60.777,136.87,-14.27,-3.6491,0.94561,-1.1943,-1.6127,2.6524,-0.0967,-38.983
60.817,136.74,-14.235,-3.5605,0.96222,-1.0704,-1.3723,2.6673,-0.0886,-41.627
60.857,136.64,-14.187,-3.1311,0.79075,-0.92864,-1.1074,2.6669,-0.0874,-36.949
60.897,136.5,-14.127,-3.3415,2.5097,-1.7671,-1.225,2.6768,-0.0816,-51.214
60.937,136.37,-14.058,-3.382,2.5323,-1.75,-1.2227,2.6736,-0.0816,-51.777
60.977,136.24,-13.989,-3.4222,2.5559,-1.7336,-1.22,2.6703,-0.0816,-52.345
61.017,136.11,-13.917,-3.4623,2.58,-1.7179,-1.2173,2.667,-0.0816,-52.916
61.057,135.98,-13.845,-3.5023,2.6048,-1.7029,-1.2146,2.6637,-0.0816,-53.49
61.097,135.71,-13.963,-4.1262,1.1473,-1.0875,-1.3641,2.7183,-0.0571,-75.004
61.151,135.58,-13.897,-4.1617,1.1833,-1.0897,-1.3577,2.716,-0.0571,-75.773
61.177,135.44,-13.831,-4.1972,1.2197,-1.0921,-1.3513,2.7136,-0.0571,-76.546
61.217,135.3,-13.763,-4.2329,1.2557,-1.0945,-1.3451,2.7113,-0.0571,-77.324
61.257,135.15,-13.695,-4.2685,1.2917,-1.0969,-1.3389,2.7091,-0.0571,-78.104
61.297,135,-13.624,-4.3042,1.3279,-1.0992,-1.3329,2.7068,-0.0571,-78.887
61.337,135.57,-13.955,-3.348,1.0565,-0.37719,-0.34776,2.799,-0.0162,-216.71
61.377,135.52,-14.096,-3.3324,0.87196,-0.18254,-0.1648,2.8697,0.0131,262.95
******-------------------------------------------------------------------------------------------------------------------****** 
TargetID: ID22
Target can not be processed due to lack of Data
******-------------------------------------------------------------------------------------------------------------------****** 
TargetID: ID23
Target can not be processed due to lack of Data
******-------------------------------------------------------------------------------------------------------------------****** 
TargetID: ID24
Relevancy: 0
tj = Inf
Label: -1
Comment: Target is irrelevant as it is not crossing the estimated holding line
DATA:
95.587,269.15,-70.262,NaN,NaN,NaN,NaN,1.9922,NaN,NaN
95.627,270.12,-68.114,NaN,NaN,NaN,NaN,0.9962,NaN,NaN
95.667,269.65,-68.009,NaN,NaN,NaN,NaN,1.1798,NaN,NaN
95.707,269.81,-67.628,NaN,NaN,NaN,NaN,1.1798,NaN,NaN
95.747,269.35,-67.695,NaN,NaN,NaN,NaN,1.4108,NaN,NaN
95.787,269.4,-67.425,NaN,NaN,NaN,NaN,1.4108,NaN,NaN
95.827,269.45,-67.153,NaN,NaN,NaN,NaN,1.4108,NaN,NaN
95.867,269.49,-66.881,NaN,NaN,NaN,NaN,1.4108,NaN,NaN
95.907,269.54,-66.61,NaN,NaN,NaN,NaN,1.4109,NaN,NaN
95.947,269.59,-66.338,NaN,NaN,NaN,NaN,1.4109,NaN,NaN
95.987,269.64,-66.067,NaN,NaN,NaN,NaN,1.4109,NaN,NaN
96.027,268.83,-67.238,NaN,NaN,NaN,NaN,1.8523,NaN,NaN
96.067,268.77,-67.073,NaN,NaN,NaN,NaN,1.8523,NaN,NaN
96.107,268.73,-66.911,NaN,NaN,NaN,NaN,1.8523,NaN,NaN
96.147,268.69,-66.749,NaN,NaN,NaN,NaN,1.8524,NaN,NaN
96.187,268.64,-66.589,NaN,NaN,NaN,NaN,1.8524,NaN,NaN
96.227,268.6,-66.428,NaN,NaN,NaN,NaN,1.8524,NaN,NaN
96.267,268.56,-66.269,NaN,NaN,NaN,NaN,1.8524,NaN,NaN
96.307,270.14,-64.687,0.47796,6.4592,-0,-0,1.4969,0,Inf
96.347,270.08,-64.15,0.3649,6.7384,-0.014451,-0.0071463,1.5167,0.0258,261.56
96.387,270.05,-63.742,0.28303,6.8742,-0.021638,-0.010797,1.5297,0.0481,143.04
96.427,270,-63.411,0.18564,6.9168,-0.013513,-0.0068095,1.544,0.0619,111.78
96.467,269.97,-62.965,0.17234,7.0864,-0.0025204,-0.0012843,1.5465,0.0577,122.85
96.507,270.01,-62.53,0.21594,7.2814,-0.0070395,-0.0036279,1.5412,0.0576,126.47
96.547,269.91,-62.314,0.082399,7.1399,0.069453,0.036248,1.5593,0.0571,125.05
96.587,270.04,-61.834,0.2217,7.4965,-0.022252,-0.011768,1.5413,0.0604,124.17
96.627,270.04,-61.531,0.16478,7.5267,-0.007103,-0.0038122,1.5489,0.0736,102.29
96.667,269.98,-61.266,0.0081848,7.4444,0.043835,0.02389,1.5696,0.0966,77.065
96.707,269.95,-60.975,-0.058929,7.3765,0.099951,0.055387,1.5786,0.0972,75.892
96.747,269.85,-60.783,-0.24701,7.1241,0.22851,0.12864,1.606,0.1235,57.72
96.787,269.86,-60.347,-0.31757,7.4963,0.032752,0.01879,1.6131,0.1474,50.902
96.827,269.79,-60.073,-0.49177,7.4033,0.081553,0.047683,1.6369,0.1704,43.542
96.867,269.65,-59.881,-0.72006,7.0973,0.24416,0.14532,1.6725,0.2048,34.833
96.907,269.51,-59.769,-0.97162,6.6026,0.52392,0.31761,1.7185,0.2539,26.285
96.947,269.44,-59.547,-1.1011,6.4403,0.58996,0.36616,1.7401,0.2683,24.352
96.987,269.36,-59.323,-1.2543,6.2931,0.63874,0.4063,1.7654,0.287,22.359
97.027,269.21,-59.32,-1.4539,5.6125,1.055,0.67655,1.8287,0.358,16.195
97.067,269.15,-59.095,-1.5158,5.5282,1.0677,0.69868,1.843,0.358,16.012
97.107,269.64,-60.202,-2.0762,5.0125,1.1292,0.87444,1.8945,0.407,13.331
97.147,269.53,-59.92,-1.5155,5.3172,1.0572,0.64636,1.908,0.4007,13.798
97.187,269.43,-59.636,-1.6548,5.3962,0.9175,0.58411,1.9184,0.3924,14.384
97.227,269.3,-59.43,-1.6791,5.2061,1.0426,0.66285,1.9437,0.4005,13.658
97.267,269.21,-59.232,-1.7281,5.1202,1.0509,0.67888,1.9596,0.4005,13.493
97.307,269.11,-59.035,-1.7755,5.0336,1.0587,0.69502,1.9757,0.4005,13.327
97.347,269.01,-58.843,-1.82,4.9472,1.066,0.71109,1.9917,0.4005,13.162
97.387,268.92,-58.657,-1.8622,4.8605,1.0726,0.727,2.0077,0.4005,12.996
97.428,268.81,-58.472,-1.902,4.7738,1.0789,0.74295,2.0238,0.4005,12.831
97.468,268.71,-58.291,-1.9396,4.687,1.0845,0.75882,2.0399,0.4005,12.665
97.508,268.76,-57.87,-2.0519,5.0021,0.73665,0.5605,2.0065,0.3541,15.268
97.548,268.64,-57.739,-2.6726,4.66,0.6893,0.63765,2.0444,0.3768,14.257
97.588,268.62,-57.454,-2.2064,4.9175,0.64094,0.51328,2.034,0.3539,15.23
97.628,268.51,-57.267,-2.251,4.8483,0.64182,0.5233,2.0481,0.3539,15.104
97.668,268.4,-57.083,-2.2948,4.7784,0.64292,0.53339,2.0623,0.3539,14.978
97.708,268.29,-56.902,-2.3364,4.7086,0.64429,0.54348,2.0764,0.3539,14.853
97.748,268.18,-56.724,-2.3765,4.6384,0.64578,0.55355,2.0905,0.3539,14.727
97.788,268.06,-56.547,-2.4153,4.5679,0.64729,0.56374,2.1047,0.3539,14.601
97.828,268.08,-55.59,-1.9796,5.9634,0.044296,0.042998,1.8892,0.1745,36.008
97.868,267.96,-55.223,-2.1479,6.2038,-0.111,-0.10858,1.909,0.1847,35.545
97.908,267.85,-55.132,-2.4749,5.9036,-0.11094,-0.11026,1.9731,0.2289,27.966
97.948,267.71,-54.875,-2.6674,6.0109,-0.25844,-0.25833,2.0003,0.2428,27.085
97.988,267.59,-54.482,-2.6421,6.3648,-0.38442,-0.38918,1.9803,0.221,31.183
98.028,267.47,-54.148,-2.6677,6.5867,-0.44632,-0.45864,1.9732,0.2095,33.921
98.068,267.34,-53.796,-2.7217,6.8673,-0.51168,-0.53249,1.9668,0.1985,37.214
98.108,267.23,-53.529,-2.8365,6.8455,-0.48175,-0.50932,1.9812,0.2035,36.412
98.148,267.11,-53.297,-2.9262,6.7595,-0.45843,-0.49453,1.9965,0.2088,35.276
98.188,267.1,-52.985,-3.0814,6.683,-0.43037,-0.47119,2.0192,0.2191,33.588
98.228,266.95,-52.766,-3.1702,6.5519,-0.39059,-0.43725,2.0369,0.2249,32.364
98.268,266.82,-52.616,-3.3263,6.1624,-0.25849,-0.29583,2.0771,0.2469,28.363
98.308,266.71,-52.432,-3.3844,5.9775,-0.18637,-0.21818,2.0946,0.2523,27.226
98.348,266.54,-52.107,-3.4306,6.1595,-0.24127,-0.28673,2.0896,0.2417,29.17
98.388,266.38,-51.849,-3.4939,6.1553,-0.23987,-0.29043,2.0977,0.2401,29.478
98.428,266.23,-51.616,-3.5784,6.1384,-0.22537,-0.27695,2.1086,0.2407,29.519
98.468,266.07,-51.361,-3.6412,6.1518,-0.21852,-0.27292,2.1149,0.2381,30.024
98.508,265.91,-51.092,-3.6979,6.1991,-0.2185,-0.27708,2.1182,0.2335,30.913
98.548,265.78,-50.943,-3.7197,5.9481,-0.12142,-0.15735,2.1354,0.2381,29.464
98.588,265.62,-50.701,-3.7743,5.9364,-0.11043,-0.14536,2.1423,0.2359,29.821
98.628,265.45,-50.02,-3.8286,6.8675,-0.3424,-0.45145,2.092,0.1989,39.53
98.668,265.29,-49.75,-3.8888,6.9036,-0.32242,-0.43058,2.0956,0.1954,40.55
98.708,265.13,-49.482,-3.9531,6.8794,-0.31695,-0.43028,2.1041,0.1958,40.523
98.748,264.64,-48.58,-4.2477,6.8026,-0.30528,-0.44034,2.1124,0.1982,40.463
98.788,264.5,-48.373,-4.066,6.7361,-0.24736,-0.34215,2.1277,0.2037,38.626
98.828,264.37,-48.159,-4.1682,6.4846,-0.15075,-0.21986,2.1331,0.2009,38.371
98.868,264.23,-47.933,-4.1356,6.3866,-0.094387,-0.13842,2.1396,0.1992,38.196
98.908,264.11,-47.773,-4.0409,6.1694,-8.0235e-05,-0.00011691,2.1507,0.2007,36.746
98.948,263.97,-47.423,-4.0504,6.2958,-0.00047508,-0.00070366,2.1424,0.1879,39.841
98.988,263.8,-47.234,-4.0761,6.1331,0.038206,0.057097,2.1574,0.1925,38.255
99.028,263.62,-47.028,-4.1027,6.0364,0.058376,0.08796,2.1677,0.1942,37.583
99.068,263.5,-47.037,-3.8174,5.5847,0.24115,0.35378,2.1896,0.2031,33.307
99.108,263.39,-46.944,-3.6784,5.3394,0.32586,0.47337,2.2023,0.2068,31.353
99.148,263.26,-46.73,-3.6584,5.2866,0.33598,0.48961,2.2058,0.2037,31.561
99.188,263.09,-46.52,-3.6307,5.2154,0.37385,0.54355,2.2128,0.2015,31.537
99.228,262.98,-46.232,-3.6034,5.2511,0.37607,0.54993,2.2062,0.1897,33.572
99.268,262.82,-46.039,-3.6049,5.1794,0.38632,0.56592,2.2145,0.1901,33.195
99.308,262.7,-45.696,-3.6974,5.3281,0.31107,0.46504,2.2048,0.1769,36.661
99.348,262.54,-45.452,-3.732,5.3368,0.2898,0.43674,2.2065,0.1728,37.687
99.388,262.34,-44.951,-3.9895,5.7641,0.129,0.20075,2.1861,0.1529,45.847
99.428,262.18,-44.759,-3.9647,5.6557,0.16279,0.25293,2.195,0.1556,44.389
99.468,262.04,-44.494,-4.043,5.6926,0.11928,0.18718,2.1976,0.1542,45.28
99.508,261.91,-44.351,-3.9045,5.4834,0.21566,0.33432,2.2075,0.1577,42.685
99.548,261.74,-44.138,-3.9204,5.4374,0.21776,0.33839,2.2138,0.1577,42.507
99.588,261.57,-43.928,-3.9362,5.3912,0.21982,0.3425,2.2202,0.1577,42.329
99.628,261.41,-43.719,-3.9511,5.3454,0.22183,0.34646,2.2265,0.1577,42.151
99.668,261.24,-43.511,-3.9657,5.2994,0.22391,0.35055,2.2328,0.1577,41.972
99.708,261.08,-43.307,-3.9798,5.2535,0.22598,0.35464,2.2391,0.1577,41.793
99.748,260.9,-43.104,-3.9937,5.2076,0.22805,0.35873,2.2454,0.1577,41.615
99.788,260.72,-42.413,-4.4727,6.0281,-0.077484,-0.12816,2.2038,0.1189,63.13
99.828,260.58,-42.213,-4.3895,5.878,-0.013691,-0.022455,2.2132,0.1245,58.925
99.868,260.41,-41.99,-4.408,5.8488,-0.017854,-0.029355,2.2179,0.1252,58.497
99.908,260.14,-41.501,-4.0764,5.8036,-0.025291,-0.041704,2.1846,0.0952,74.498
99.948,259.98,-41.268,-3.8691,5.7898,-0.046129,-0.078876,2.1803,0.089777,77.566
99.988,259.83,-41.037,-3.6821,5.7846,-0.066919,-0.11596,2.1761,0.084367,81.276
100.03,259.69,-40.805,-3.5149,5.7878,-0.087717,-0.15306,2.1718,0.078954,85.764
100.07,259.55,-40.573,-3.3675,5.7995,-0.10851,-0.19016,2.1675,0.073542,91.19
100.11,259.42,-40.341,-3.2402,5.8196,-0.12927,-0.22719,2.1633,0.068139,97.754
100.15,259.29,-40.108,-3.1325,5.8483,-0.15007,-0.26428,2.159,0.062727,105.77
100.19,259.17,-39.873,-3.0446,5.8855,-0.17088,-0.3014,2.1548,0.057312,115.62
100.23,259.05,-39.637,-2.9766,5.9313,-0.1917,-0.33855,2.1505,0.051893,127.88
100.27,258.93,-39.398,-2.9284,5.9854,-0.2125,-0.37564,2.1462,0.046481,143.36
100.31,258.81,-39.158,-2.9002,6.048,-0.23325,-0.41266,2.142,0.04108,163.28
100.35,258.7,-38.914,-2.8917,6.1192,-0.25408,-0.44982,2.1377,0.03566,189.8
100.39,258.58,-38.668,-2.9032,6.1989,-0.27488,-0.48693,2.1334,0.030245,226.32
100.43,258.47,-38.418,-2.9344,6.2871,-0.29568,-0.52403,2.1292,0.024833,279.4
100.47,258.35,-38.164,-2.9856,6.3838,-0.31648,-0.56113,2.1249,0.01942,362.9
100.51,258.23,-37.907,-3.0564,6.4887,-0.33724,-0.59815,2.1207,0.014018,511.65
100.55,258.1,-37.645,-3.1471,6.6023,-0.35803,-0.63524,2.1164,0.0086081,849.66
100.59,257.97,-37.379,-3.2579,6.7246,-0.37885,-0.67238,2.1121,0.0031884,2343.5
100.63,257.84,-37.107,-3.3885,6.8553,-0.39966,-0.70951,2.1079,-0.0022277,-3432.7
100.67,257.7,-36.83,-3.5388,6.9944,-0.42046,-0.7466,2.1036,-0.007639,-1026.1
100.71,257.56,-36.547,-3.7087,7.1417,-0.44122,-0.78363,2.0994,-0.013041,-617.05
100.75,257.41,-36.258,-3.8991,7.2981,-0.46205,-0.8208,2.0951,-0.018464,-448.15
100.79,257.25,-35.962,-4.1092,7.4629,-0.48287,-0.85793,2.0908,-0.023881,-356.74
100.83,257.08,-35.661,-4.3387,7.6358,-0.50364,-0.89499,2.0866,-0.029287,-299.87
100.87,256.9,-35.351,-4.5883,7.8174,-0.52444,-0.93209,2.0823,-0.0347,-261.22
100.91,256.99,-35.462,-4.5587,7.9409,-0.49144,-0.85881,2.0795,-0.0336,-272.51
100.95,256.83,-35.144,-4.5782,8.0326,-0.47921,-0.83688,2.0769,-0.0347,-266.45
100.99,256.48,-34.408,-4.5425,8.0322,-0.41937,-0.73575,2.071,-0.0366,-252.12
101.03,256.33,-34.086,-4.5398,8.0978,-0.40678,-0.71451,2.0679,-0.038,-244.3
101.07,256.16,-33.746,-4.5279,8.2016,-0.39085,-0.68419,2.0621,-0.0422,-222
101.11,256.07,-33.424,-4.3603,8.1425,-0.31188,-0.54552,2.0517,-0.0466,-198.21
101.15,255.99,-33.086,-4.2781,8.2347,-0.28409,-0.49423,2.0404,-0.0548,-169.34
101.19,255.84,-32.768,-4.2301,8.2424,-0.25879,-0.45088,2.0362,-0.0566,-163.68
101.23,255.77,-32.402,-4.0979,8.2728,-0.21227,-0.36778,2.0235,-0.0654,-141.16
101.27,255.64,-32.079,-4.0296,8.2639,-0.18426,-0.31946,2.0182,-0.0677,-135.81
101.31,255.54,-31.774,-3.9279,8.2679,-0.15643,-0.27061,2.0089,-0.0731,-125.22
101.35,255.4,-31.453,-3.8849,8.2787,-0.13801,-0.23847,2.0048,-0.0737,-124.08
101.39,255.34,-31.136,-3.7593,8.2899,-0.11386,-0.1964,1.9926,-0.0809,-112.52
******-------------------------------------------------------------------------------------------------------------------****** 
TargetID: ID25
Target can not be processed due to lack of Data
******-------------------------------------------------------------------------------------------------------------------****** 
TargetID: ID27
Relevancy: 0
tj = Inf
Label: -1
Comment: Target is irrelevant as it is not crossing the estimated holding line
DATA:
30.808,60.532,11.191,-1.1219,1.3666,-0.060455,-0.041516,2.2465,-0.1397,-12.656
30.848,60.483,11.247,-1.1157,1.3749,-0.060378,-0.041368,2.2409,-0.1397,-12.675
30.888,60.418,11.304,-1.1157,1.3749,NaN,NaN,2.1965,NaN,NaN
30.928,60.353,11.362,-1.1157,1.3749,NaN,NaN,2.1521,NaN,NaN
30.968,60.288,11.419,-1.1157,1.3749,NaN,NaN,2.1077,NaN,NaN
31.008,60.222,11.476,-1.1157,1.3749,NaN,NaN,2.0633,NaN,NaN
31.048,60.157,11.534,-1.1157,1.3749,NaN,NaN,2.0189,NaN,NaN
31.088,60.091,11.591,-1.1157,1.3749,NaN,NaN,1.9744,NaN,NaN
31.128,60.026,11.649,-1.1157,1.3749,NaN,NaN,1.93,NaN,NaN
31.168,59.961,11.706,-1.1157,1.3749,NaN,NaN,1.8856,NaN,NaN
31.208,59.896,11.763,-1.1157,1.3749,NaN,NaN,1.8413,NaN,NaN
31.248,59.83,11.821,-1.1157,1.3749,NaN,NaN,1.7968,NaN,NaN
31.288,59.765,11.878,-1.1157,1.3749,NaN,NaN,1.7525,NaN,NaN
31.328,59.699,11.936,-1.1157,1.3749,NaN,NaN,1.708,NaN,NaN
31.368,59.634,11.993,-1.1157,1.3749,NaN,NaN,1.6637,NaN,NaN
31.408,59.569,12.051,-1.1157,1.3749,NaN,NaN,1.6192,NaN,NaN
31.449,59.503,12.108,-1.1157,1.3749,NaN,NaN,1.5748,NaN,NaN
31.488,59.438,12.165,-1.1157,1.3749,NaN,NaN,1.5304,NaN,NaN
31.529,59.373,12.223,-1.1157,1.3749,NaN,NaN,1.486,NaN,NaN
31.579,59.29,12.296,-1.1157,1.3749,NaN,NaN,1.4297,NaN,NaN
31.611,59.239,12.341,-1.1157,1.3749,NaN,NaN,1.3949,NaN,NaN
31.649,59.175,12.396,-1.1157,1.3749,NaN,NaN,1.3519,NaN,NaN
31.689,59.11,12.454,-1.1157,1.3749,NaN,NaN,1.3075,NaN,NaN
31.729,59.045,12.511,-1.1157,1.3749,NaN,NaN,1.2631,NaN,NaN
31.769,58.981,12.567,-1.1157,1.3749,NaN,NaN,1.2196,NaN,NaN
31.809,58.914,12.626,-1.1157,1.3749,NaN,NaN,1.1742,NaN,NaN
31.849,58.849,12.683,-1.1157,1.3749,NaN,NaN,1.1299,NaN,NaN
31.889,58.784,12.741,-1.1157,1.3749,NaN,NaN,1.0855,NaN,NaN
31.929,58.718,12.798,-1.1157,1.3749,NaN,NaN,1.0411,NaN,NaN
31.969,58.653,12.855,-1.1157,1.3749,NaN,NaN,0.99669,NaN,NaN
32.01,58.587,12.913,-1.1157,1.3749,NaN,NaN,0.9522,NaN,NaN
32.049,58.522,12.97,-1.1157,1.3749,NaN,NaN,0.90789,NaN,NaN
32.089,58.457,13.028,-1.1157,1.3749,NaN,NaN,0.86348,NaN,NaN
32.129,58.393,13.084,-1.1157,1.3749,NaN,NaN,0.81994,NaN,NaN
32.17,58.326,13.143,-1.1157,1.3749,NaN,NaN,0.77457,NaN,NaN
32.21,58.261,13.2,-1.1157,1.3749,NaN,NaN,0.73018,NaN,NaN
32.249,58.197,13.256,-1.1157,1.3749,NaN,NaN,0.68684,NaN,NaN
32.29,58.13,13.315,-1.1157,1.3749,NaN,NaN,0.64146,NaN,NaN
32.33,58.065,13.372,-1.1157,1.3749,NaN,NaN,0.59702,NaN,NaN
32.37,58,13.43,-1.1157,1.3749,NaN,NaN,0.55264,NaN,NaN
32.41,57.934,13.487,-1.1157,1.3749,NaN,NaN,0.50824,NaN,NaN
32.45,57.869,13.544,-1.1157,1.3749,NaN,NaN,0.46382,NaN,NaN
32.49,57.804,13.602,-1.1157,1.3749,NaN,NaN,0.41942,NaN,NaN
32.53,57.738,13.659,-1.1157,1.3749,NaN,NaN,0.37502,NaN,NaN
32.569,57.674,13.715,-1.1157,1.3749,NaN,NaN,0.33159,NaN,NaN
32.614,57.6,13.78,-1.1157,1.3749,NaN,NaN,0.28118,NaN,NaN
32.65,57.542,13.831,-1.1157,1.3749,NaN,NaN,0.24195,NaN,NaN
32.689,57.477,13.889,-1.1157,1.3749,NaN,NaN,0.19761,NaN,NaN
32.729,57.412,13.946,-1.1157,1.3749,NaN,NaN,0.15321,NaN,NaN
32.77,57.346,14.003,-1.1157,1.3749,NaN,NaN,0.10872,NaN,NaN
32.81,57.281,14.061,-1.1157,1.3749,NaN,NaN,0.064327,NaN,NaN
32.85,57.216,14.118,-1.1157,1.3749,NaN,NaN,0.019983,NaN,NaN
32.89,57.151,14.176,-1.1157,1.3749,NaN,NaN,-0.024418,NaN,NaN
32.93,57.085,14.233,-1.1157,1.3749,NaN,NaN,-0.068906,NaN,NaN
32.97,57.02,14.291,-1.1157,1.3749,NaN,NaN,-0.11331,NaN,NaN
33.01,56.955,14.348,-1.1157,1.3749,NaN,NaN,-0.15765,NaN,NaN
33.05,56.889,14.405,-1.1157,1.3749,NaN,NaN,-0.20204,NaN,NaN
33.09,56.824,14.463,-1.1157,1.3749,NaN,NaN,-0.24644,NaN,NaN
33.13,56.758,14.52,-1.1157,1.3749,NaN,NaN,-0.29095,NaN,NaN
33.17,56.693,14.578,-1.1157,1.3749,NaN,NaN,-0.33534,NaN,NaN
33.21,56.628,14.635,-1.1157,1.3749,NaN,NaN,-0.37966,NaN,NaN
33.25,56.563,14.692,-1.1157,1.3749,NaN,NaN,-0.42408,NaN,NaN
33.29,56.497,14.75,NaN,NaN,NaN,NaN,-0.4685,NaN,NaN
33.33,56.694,14.649,NaN,NaN,NaN,NaN,-0.4685,NaN,NaN
******-------------------------------------------------------------------------------------------------------------------****** 
TargetID: ID28
Target can not be processed due to lack of Data
******-------------------------------------------------------------------------------------------------------------------****** 
TargetID: ID30
Target can not be processed due to lack of Data
******-------------------------------------------------------------------------------------------------------------------****** 
TargetID: ID32
Target can not be processed due to lack of Data
******-------------------------------------------------------------------------------------------------------------------****** 
TargetID: ID05
Target can not be processed due to lack of Data
******-------------------------------------------------------------------------------------------------------------------****** 
TargetID: ID07
Target can not be processed due to lack of Data
******-------------------------------------------------------------------------------------------------------------------****** 
