******-------------------------------------------------------------------------------------------------------------------****** 
Duration of the scene is: 30.0491 seconds
Original Targets Numbers in the hole Scene: 5
Number of Targets in the hole Scene after preprocessing: 16
Number of static portions: 1
******-------------------------------------------------------------------------------------------------------------------****** 
TargetID: ID01
Relevancy: 0
tj = Inf
Label: -1
Comment: Target is irrelevant as it is not crossing the estimated holding line
DATA:
4.4815,19.781,13.46,NaN,NaN,NaN,NaN,-1.4297,NaN,NaN
4.5215,20.067,13.497,NaN,NaN,NaN,NaN,-1.2616,NaN,NaN
4.5617,20.143,13.263,NaN,NaN,NaN,NaN,-1.2616,NaN,NaN
4.6015,19.782,12.999,NaN,NaN,NaN,NaN,-1.6096,NaN,NaN
4.6415,NaN,NaN,NaN,NaN,NaN,NaN,-1.7128,NaN,NaN
4.6816,NaN,NaN,NaN,NaN,NaN,NaN,-1.6334,NaN,NaN
4.7216,NaN,NaN,NaN,NaN,NaN,NaN,-1.6284,NaN,NaN
4.7616,NaN,NaN,NaN,NaN,NaN,NaN,-1.5601,NaN,NaN
4.8016,NaN,NaN,NaN,NaN,NaN,NaN,-1.5601,NaN,NaN
4.8416,20.206,11.62,-0.23591,-4.9656,0,0,-1.6183,0,Inf
4.8816,20.139,11.437,-0.38847,-4.8751,-0.0008197,-0.00055557,-1.6503,0.004,1222.6
4.9217,19.798,11.373,-1.1732,-4.3815,0.014084,0.0094688,-1.8325,-0.0092,-493.02
4.9617,19.82,11.147,-0.97693,-4.5167,-0.051991,-0.034708,-1.784,-0.0002,-23106
5.0017,19.808,10.949,-0.92016,-4.5405,-0.048103,-0.031871,-1.7709,0.0042,1103
5.0416,19.818,10.747,-0.803,-4.5528,-0.03947,-0.025951,-1.7455,0.0187,247.22
5.0817,19.753,10.583,-0.88719,-4.4973,-0.010899,-0.0071065,-1.7656,0.0038,1206.3
5.1217,20.531,11.576,-1.0193,-4.3953,0.01282,0.008288,-1.7979,-0.0333,-135.49
5.1618,20.557,11.763,-1.1162,-4.3094,0.030557,0.01958,-1.822,-0.0544,-81.83
5.2018,20.498,11.591,-1.2178,-4.2121,0.050378,0.031993,-1.8486,-0.079,-55.502
5.2417,20.432,11.428,-1.3267,-4.1392,0.073576,0.046218,-1.8757,-0.1031,-42.16
5.2819,20.38,11.264,-1.313,-4.1047,0.068029,0.042495,-1.8754,-0.0991,-43.487
5.3218,20.323,11.102,-1.3385,-4.0448,0.075951,0.047039,-1.8847,-0.102,-41.77
5.3618,20.279,10.935,-1.2542,-4.0365,0.0653,0.040042,-1.867,-0.0766,-55.181
5.4018,20.219,10.77,-1.3662,-3.9618,0.09168,0.055655,-1.8959,-0.109,-38.448
5.4418,20.177,10.613,-1.2647,-3.9426,0.072717,0.0438,-1.8753,-0.0775,-53.426
5.4819,20.115,10.458,-1.4815,-3.8186,0.12661,0.075402,-1.9311,-0.149,-27.49
5.522,20.051,10.307,-1.4929,-3.7777,0.13015,0.076835,-1.937,-0.149,-27.261
5.5619,19.993,10.157,-1.5044,-3.7365,0.13383,0.078295,-1.943,-0.149,-27.033
5.6018,19.925,10.011,-1.5153,-3.6954,0.1375,0.079756,-1.9489,-0.149,-26.805
******-------------------------------------------------------------------------------------------------------------------****** 
TargetID: ID12
Relevancy: 0
tj = Inf
Label: -1
Comment: Target is irrelevant as it is not crossing the estimated holding line
DATA:
9.3632,-6.214,-78.999,NaN,NaN,NaN,NaN,1.2772,NaN,NaN
9.4031,-6.0716,-78.53,NaN,NaN,NaN,NaN,1.2772,NaN,NaN
9.4431,-6.2271,-77.899,NaN,NaN,NaN,NaN,1.4083,NaN,NaN
9.4833,-6.1481,-77.412,NaN,NaN,NaN,NaN,1.4083,NaN,NaN
9.5231,-4.1049,-77.421,NaN,NaN,NaN,NaN,0.7321,NaN,NaN
9.5632,-3.6761,-77.036,NaN,NaN,NaN,NaN,0.7321,NaN,NaN
9.6033,-4.5285,-76.329,NaN,NaN,NaN,NaN,1.0713,NaN,NaN
9.6432,-4.2875,-75.889,NaN,NaN,NaN,NaN,1.0713,NaN,NaN
9.6832,-3.8923,-75.511,NaN,NaN,NaN,NaN,1.0324,NaN,NaN
9.7232,-3.629,-75.077,NaN,NaN,NaN,NaN,1.0325,NaN,NaN
9.7633,-3.3725,-74.641,NaN,NaN,NaN,NaN,1.0324,NaN,NaN
9.8032,-3.1103,-74.207,NaN,NaN,NaN,NaN,1.0324,NaN,NaN
9.8434,-3.4555,-73.62,NaN,NaN,NaN,NaN,1.1453,NaN,NaN
9.8833,-3.2506,-73.17,NaN,NaN,NaN,NaN,1.1453,NaN,NaN
9.9233,-3.3691,-72.702,NaN,NaN,NaN,NaN,1.1924,NaN,NaN
9.9633,-3.1881,-72.247,NaN,NaN,NaN,NaN,1.1924,NaN,NaN
10.003,-3.0072,-71.791,NaN,NaN,NaN,NaN,1.1924,NaN,NaN
10.043,-2.8274,-71.336,NaN,NaN,NaN,NaN,1.1924,NaN,NaN
10.083,-3.2837,-70.728,NaN,NaN,NaN,NaN,1.2808,NaN,NaN
10.123,-3.1455,-70.261,NaN,NaN,NaN,NaN,1.2808,NaN,NaN
10.163,-2.4171,-70.068,3.7119,11.648,0,0,1.2623,0,Inf
10.203,-2.2682,-69.602,3.7119,11.648,0,0,1.2623,0,Inf
10.243,-2.3098,-69.08,3.4353,11.736,0.0013687,0.00073967,1.286,0.0011,11117
10.283,-2.1723,-68.611,3.4355,11.738,0.0019901,0.0010765,1.2861,0.0011,11119
10.324,-2.1401,-68.107,3.2874,11.795,-0.026497,-0.014327,1.299,0.0027,4534.9
10.363,-2.0032,-67.637,3.2865,11.8,-0.025999,-0.014058,1.2992,0.0027,4536.7
10.403,-1.9062,-67.163,3.2307,11.783,-0.03309,-0.017892,1.3032,0.0045,2715.1
10.444,-1.7818,-66.69,3.2295,11.784,-0.03309,-0.017892,1.3033,0.0045,2715.2
10.483,-1.7891,-66.181,3.0301,11.829,-0.030105,-0.016278,1.32,0.013,939.3
10.523,-1.6669,-65.708,3.0236,11.83,-0.030354,-0.016413,1.3206,0.013,939.28
10.564,-1.5898,-65.222,2.9426,11.845,-0.035454,-0.019172,1.3273,0.0178,685.65
10.604,-1.4707,-64.748,2.9336,11.846,-0.036325,-0.019642,1.328,0.0178,685.6
10.644,-1.5731,-64.212,2.5702,11.942,-0.042047,-0.022737,1.3588,0.0435,280.82
10.684,-1.4725,-63.734,2.5499,11.947,-0.04354,-0.023544,1.3605,0.0435,280.83
10.724,-1.19,-63.307,2.819,11.853,-0.052869,-0.028587,1.3373,0.0224,543.92
10.764,-1.077,-62.833,2.8077,11.853,-0.055357,-0.029932,1.3382,0.0224,543.8
10.804,-0.97413,-62.357,2.7702,11.85,-0.045655,-0.024687,1.3411,0.025,486.79
10.844,-0.86354,-61.883,2.7576,11.849,-0.047894,-0.025898,1.3421,0.025,486.64
10.884,-0.57542,-61.473,3.0658,11.696,-0.039186,-0.021189,1.3144,-0.0017,-7112.3
10.924,-0.45359,-61.005,3.0643,11.686,-0.041425,-0.022399,1.3144,-0.0017,-7106.7
10.964,-0.3207,-60.551,3.1101,11.635,-0.01754,-0.0094844,1.3096,-0.0061,-1974.3
11.004,-0.19553,-60.086,3.1096,11.623,-0.018909,-0.010224,1.3094,-0.0061,-1972.4
11.044,-0.26156,-59.557,2.7014,11.728,0.0095793,0.0051793,1.3444,0.0289,416.45
11.084,-0.1538,-59.088,2.6851,11.72,0.0094547,0.0051127,1.3456,0.0289,416.03
11.124,0.21552,-58.67,3.1492,11.587,-0.018162,-0.0098203,1.3054,-0.0129,-930.84
11.164,0.34353,-58.208,3.1515,11.574,-0.01953,-0.010561,1.305,-0.0129,-929.86
11.204,0.47308,-57.745,3.1534,11.56,-0.021023,-0.011368,1.3045,-0.0129,-928.87
11.244,0.59841,-57.283,3.1562,11.546,-0.022392,-0.012108,1.304,-0.0129,-927.89
11.284,0.65222,-56.792,2.9865,11.565,0.0093296,0.0050448,1.3181,-0.0006,-19907
11.324,0.77222,-56.33,2.9828,11.55,0.0088323,0.0047755,1.3181,-0.0006,-19881
11.364,0.85016,-55.864,2.8864,11.523,0.015301,0.0082737,1.3254,0.006,1979.8
11.404,0.96588,-55.404,2.8789,11.506,0.014928,0.008072,1.3256,0.006,1976.7
11.444,1.1567,-54.952,2.9839,11.458,0.0072149,0.0039017,1.316,-0.003,-3946.9
11.484,1.2761,-54.494,2.9804,11.439,0.0065934,0.0035648,1.3159,-0.003,-3940.3
11.524,1.4556,-54.045,3.0613,11.385,0.0065934,0.0035648,1.3081,-0.01,-1178.9
11.564,1.58,-53.59,3.0598,11.363,0.0058465,0.003161,1.3077,-0.01,-1176.8
11.604,1.6378,-53.079,2.8653,11.426,0.022392,0.012108,1.3251,0.0018,6544.4
11.644,1.7534,-52.623,2.859,11.406,0.022143,0.011974,1.3252,0.0018,6532.5
11.684,1.8632,-52.18,2.85,11.353,0.021023,0.011368,1.3249,0.002,5852.6
11.724,1.9164,-51.717,2.7576,11.341,0.026248,0.014193,1.3323,0.008,1458.9
11.764,2.0274,-51.267,2.7618,11.317,0.02264,0.012243,1.3314,0.0073,1595.8
11.804,2.1356,-50.814,2.7532,11.294,0.022392,0.012108,1.3317,0.0073,1592.5
11.844,2.3502,-50.389,2.9111,11.225,0.011694,0.0063234,1.317,-0.0037,-3134.1
11.884,2.4355,-49.934,2.8577,11.216,0.017789,0.0096195,1.3213,-0.0004,-28935
11.924,2.5523,-49.482,2.8532,11.203,0.018536,0.010022,1.3214,-0.0005,-23120
11.964,2.7179,-49.051,2.9399,11.151,0.013808,0.0074665,1.313,-0.0062,-1859.9
12.004,2.9219,-48.627,3.0744,11.09,0.0068419,0.0036999,1.3004,-0.0149,-772.39
12.044,3.0879,-48.198,3.1529,11.047,0.0048517,0.0026234,1.2928,-0.0195,-589.12
12.084,3.2266,-47.759,3.1774,11.027,0.0062204,0.0033631,1.2902,-0.0206,-557.05
12.124,3.2947,-47.29,3.0619,11.049,0.014804,0.0080054,1.3005,-0.0137,-836.91
12.164,3.4239,-46.851,3.0782,11.026,0.013311,0.0071972,1.2986,-0.0145,-789.48
12.204,3.5704,-46.43,3.1471,10.981,0.0088323,0.0047755,1.2917,-0.0179,-638.17
12.244,3.6782,-45.99,3.1398,10.969,0.0089566,0.0048431,1.292,-0.0169,-675.14
12.284,3.7583,-45.542,3.085,10.977,0.010822,0.005852,1.2968,-0.013,-877.12
12.324,3.9854,-45.142,3.27,10.899,0.0009957,0.00053794,1.2793,-0.0234,-486.3
12.364,4.06,-44.694,3.2057,10.915,0.0048517,0.0026234,1.2851,-0.0187,-608.36
12.404,4.2144,-44.262,3.2475,10.899,0.0032346,0.0017486,1.2812,-0.0208,-546.76
12.444,4.3329,-43.822,3.2362,10.898,0.0036076,0.0019504,1.2821,-0.0197,-577.05
12.484,4.6792,-43.44,3.5635,10.791,-0.0074636,-0.0040358,1.2518,-0.0383,-296.7
12.524,4.7395,-42.982,3.4461,10.817,-0.0009957,-0.00053794,1.2624,-0.0309,-367.4
12.564,4.8762,-42.549,3.4563,10.801,-0.0013687,-0.00073967,1.2611,-0.0309,-367.02
12.603,5.0744,-42.142,3.5596,10.731,-0.0065934,-0.0035648,1.2505,-0.0365,-309.77
12.644,5.1558,-41.706,3.5064,10.731,-0.0033588,-0.0018162,1.255,-0.0323,-349.5
12.684,5.2148,-41.253,3.4038,10.758,0.00087116,0.00047133,1.2644,-0.0258,-437.34
12.724,5.3517,-40.819,3.4178,10.759,0.00012423,6.7561e-05,1.2632,-0.0259,-435.86
12.763,5.4874,-40.389,3.4261,10.745,-0.00012423,-6.7561e-05,1.2621,-0.0259,-435.46
12.804,5.6292,-39.965,3.4478,10.72,-0.0024877,-0.0013449,1.2596,-0.0266,-423.32
12.844,5.7249,-39.524,3.4033,10.729,-0.0014929,-0.00080723,1.2636,-0.0236,-476.94
12.884,5.8886,-39.099,3.4474,10.72,-0.0026128,-0.0014127,1.2597,-0.0254,-443.34
12.924,6.1812,-38.697,3.6424,10.67,-0.0069664,-0.0037665,1.2418,-0.0358,-314.93
12.964,6.3004,-38.258,3.6148,10.68,-0.0043545,-0.0023541,1.2444,-0.0335,-336.58
13.004,6.5421,-37.863,3.7644,10.611,-0.0092053,-0.0049772,1.2299,-0.041,-274.61
13.044,6.6941,-37.439,3.7787,10.597,-0.0094547,-0.0051127,1.2283,-0.041,-274.41
13.084,6.9355,-37.038,3.9039,10.533,-0.015052,-0.0081395,1.2159,-0.0475,-236.48
13.124,7.1062,-36.627,3.944,10.489,-0.018536,-0.010022,1.2112,-0.049,-228.7
13.163,7.3485,-36.239,4.0737,10.413,-0.027368,-0.014799,1.1979,-0.0555,-201.46
13.205,7.6897,-35.896,4.3549,10.259,-0.047646,-0.025764,1.1693,-0.0699,-159.44
13.243,7.7997,-35.462,4.2854,10.276,-0.039435,-0.021323,1.1757,-0.0647,-172.08
13.284,7.9799,-35.054,4.3186,10.252,-0.037816,-0.020449,1.1721,-0.0651,-170.88
13.324,8.173,-34.643,4.3549,10.226,-0.039309,-0.021256,1.1682,-0.0662,-167.9
13.364,8.4122,-34.248,4.4621,10.193,-0.035703,-0.019306,1.1582,-0.0705,-157.83
13.404,8.5122,-33.818,4.3735,10.197,-0.036698,-0.019844,1.1656,-0.0647,-171.49
13.445,8.7367,-33.426,4.4669,10.148,-0.040927,-0.02213,1.1562,-0.0686,-161.62
13.484,9.0238,-33.046,4.6176,10.056,-0.062074,-0.033565,1.1404,-0.077,-143.71
13.525,9.3975,-32.722,4.9192,9.8762,-0.10276,-0.055565,1.1086,-0.0935,-118.01
13.565,9.5667,-32.315,4.9034,9.8699,-0.092182,-0.049843,1.1097,-0.0906,-121.64
13.605,9.8172,-31.954,5.0351,9.7928,-0.094048,-0.050856,1.0958,-0.0956,-115.18
13.644,10.003,-31.555,5.0337,9.7657,-0.096409,-0.052128,1.0949,-0.0941,-116.75
13.685,10.096,-31.14,4.8952,9.7442,-0.11495,-0.062157,1.1052,-0.0862,-126.5
13.724,10.36,-30.788,5.0148,9.6239,-0.15401,-0.083281,1.0903,-0.0929,-116.81
13.765,10.545,-30.396,5.0205,9.6041,-0.14269,-0.077159,1.089,-0.0912,-118.83
13.804,10.118,-31.787,5.0238,9.5787,-0.13879,-0.074943,1.0892,-0.0889,-121.67
13.845,10.309,-31.407,5.0382,9.5456,-0.13444,-0.072598,1.0866,-0.0879,-122.79
13.884,10.524,-31.034,5.089,9.4937,-0.13978,-0.075483,1.0802,-0.0894,-120.49
13.924,10.736,-30.66,5.1309,9.4534,-0.13754,-0.074278,1.075,-0.0901,-119.38
13.964,10.902,-30.284,5.097,9.4272,-0.13357,-0.072131,1.0766,-0.0862,-124.33
14.004,11.516,-30.132,5.015,9.419,-0.13309,-0.071844,1.083,-0.0795,-134.22
14.044,11.644,-29.736,4.8691,9.4174,-0.12986,-0.070095,1.0951,-0.0694,-152.76
14.085,11.827,-29.36,4.8371,9.3422,-0.16014,-0.086472,1.0949,-0.0689,-152.69
14.124,12.135,-29.119,4.8896,9.3135,-0.16047,-0.086561,1.0892,-0.0723,-145.49
14.164,12.311,-28.73,4.8266,9.3016,-0.15587,-0.08408,1.094,-0.0676,-155.02
14.204,12.602,-28.39,4.964,9.1755,-0.21346,-0.11506,1.0774,-0.0777,-134.26
14.244,12.76,-27.826,4.8542,9.1615,-0.20463,-0.11033,1.0858,-0.0699,-148.33
14.284,12.915,-27.462,4.7832,9.0628,-0.2394,-0.12919,1.0879,-0.0679,-150.92
14.324,13.016,-27.109,4.629,8.9272,-0.29812,-0.16077,1.096,-0.0625,-160.9
14.364,13.212,-26.735,4.6034,8.8578,-0.32208,-0.17364,1.0954,-0.0632,-157.95
14.404,13.382,-26.392,4.5576,8.729,-0.36947,-0.19909,1.0942,-0.0634,-155.32
14.444,13.552,-25.993,4.6343,8.6764,-0.38221,-0.20548,1.0848,-0.0682,-144.23
14.484,13.883,-25.697,5.1092,8.1766,-0.79513,-0.42573,1.0213,-0.1205,-80.013
14.524,14.204,-25.368,5.4063,7.9548,-0.9509,-0.50902,0.984,-0.1479,-65.031
14.564,14.364,-25.032,5.4921,7.7399,-1.0913,-0.58389,0.9654,-0.161,-58.947
14.604,14.644,-24.71,5.6438,7.5661,-1.1902,-0.63687,0.9423,-0.1767,-53.419
14.644,15.013,-24.511,5.5032,7.4091,-1.2694,-0.67756,0.9459,-0.1674,-55.133
14.684,15.002,-24.101,5.5907,7.1896,-1.4065,-0.75179,0.9256,-0.1824,-49.931
14.724,15.278,-23.876,5.4387,7.043,-1.441,-0.7688,0.9304,-0.172,-51.735
14.764,15.545,-23.554,5.5666,6.7761,-1.6139,-0.86665,0.9016,-0.1963,-44.674
14.804,15.881,-23.325,5.5433,6.8201,-1.4213,-0.75889,0.9045,-0.1816,-48.396
14.844,16.157,-23.019,5.4163,6.6587,-1.4173,-0.76154,0.9045,-0.1747,-49.132
14.884,16.335,-22.702,5.3842,6.5275,-1.5218,-0.81183,0.8992,-0.1749,-48.379
14.924,16.6,-22.436,5.4591,6.508,-1.3756,-0.73536,0.8887,-0.174,-48.819
14.964,16.959,-22.152,5.6297,6.3293,-1.4704,-0.79129,0.8597,-0.1965,-43.108
15.004,17.278,-21.886,5.7178,6.2966,-1.354,-0.72924,0.8475,-0.1967,-43.24
15.044,17.542,-21.638,5.8532,6.267,-1.2749,-0.6844,0.832,-0.2017,-42.515
15.084,17.813,-21.386,5.9182,6.1743,-1.2375,-0.66489,0.8183,-0.2066,-41.397
15.124,18.351,-21.056,6.216,6.4647,-0.6796,-0.36733,0.7996,-0.2061,-43.515
15.164,18.664,-20.809,6.3222,6.3822,-0.67525,-0.36497,0.785,-0.2125,-42.275
15.204,18.982,-20.571,6.4804,6.2448,-0.65096,-0.35126,0.7716,-0.2168,-41.511
15.244,19.197,-20.359,6.3418,6.1132,-0.73913,-0.39927,0.7726,-0.207,-42.553
15.284,19.526,-20.116,6.4621,5.9871,-0.83456,-0.45086,0.7531,-0.2215,-39.771
15.324,19.84,-19.896,6.4728,5.9471,-0.93598,-0.5058,0.7369,-0.232,-37.888
15.364,20.106,-19.669,6.4839,5.8466,-0.94986,-0.5133,0.7276,-0.232,-37.632
15.404,20.372,-19.446,6.494,5.746,-0.96362,-0.52073,0.7183,-0.232,-37.376
15.444,20.712,-19.214,6.866,5.5859,-0.89135,-0.48135,0.6877,-0.258,-34.307
15.484,20.991,-19,6.8813,5.4825,-0.90468,-0.48861,0.6774,-0.258,-34.102
15.524,21.272,-18.789,6.8947,5.3801,-0.91777,-0.49574,0.6671,-0.258,-33.897
15.564,21.552,-18.583,6.907,5.2776,-0.93098,-0.50293,0.6568,-0.258,-33.692
15.604,21.833,-18.382,6.9178,5.1754,-0.94395,-0.50999,0.6465,-0.258,-33.486
15.644,22.115,-18.183,6.9271,5.0737,-0.95692,-0.51705,0.6361,-0.258,-33.281
15.684,22.397,-17.99,6.935,4.9724,-0.96976,-0.52404,0.6258,-0.258,-33.075
15.724,22.679,-17.8,6.9413,4.8716,-0.98248,-0.53097,0.6155,-0.258,-32.869
15.764,22.963,-17.614,6.9461,4.7715,-0.99508,-0.53782,0.6053,-0.258,-32.663
15.804,23.246,-17.432,6.9495,4.6719,-1.0075,-0.54461,0.595,-0.258,-32.457
******-------------------------------------------------------------------------------------------------------------------****** 
TargetID: ID13
Target can not be processed due to lack of Data
******-------------------------------------------------------------------------------------------------------------------****** 
TargetID: ID14
Target can not be processed due to lack of Data
******-------------------------------------------------------------------------------------------------------------------****** 
TargetID: ID15
Target can not be processed due to lack of Data
******-------------------------------------------------------------------------------------------------------------------****** 
TargetID: ID16
Target can not be processed due to lack of Data
******-------------------------------------------------------------------------------------------------------------------****** 
TargetID: ID02
Target can not be processed due to lack of Data
******-------------------------------------------------------------------------------------------------------------------****** 
TargetID: ID18
Target can not be processed due to lack of Data
******-------------------------------------------------------------------------------------------------------------------****** 
TargetID: ID19
Relevancy: 0
tj = Inf
Label: -1
Comment: Target is irrelevant as it is not crossing the estimated holding line
DATA:
11.044,18.385,1.3784,0.33791,-1.8008,0.070692,0.035191,-1.3489,-0.0024,-763.44
11.084,18.339,1.4165,0.37479,-1.9351,0.12848,0.059841,-1.3165,0.0015,1314
11.124,18.485,1.3402,0.37079,-2.025,0.18796,0.08311,-1.3054,0.0038,541.75
11.164,18.517,1.2149,0.3617,-2.1711,0.28432,0.1168,-1.2945,0.0062,355.01
11.204,18.647,0.98451,1.1255,-2.1327,0.53317,0.44286,-1.2956,0.0007,3444.9
11.244,18.685,1.0837,1.2321,-2.2323,0.72562,0.62812,-1.2972,-0.0038,-671
11.284,18.717,0.94939,0.17544,-2.6571,0.85448,0.25281,-1.2881,0.005,532.59
11.324,18.736,1.0164,0.6823,-2.3558,0.90128,0.5,-1.2889,0.0008,3065.8
11.364,18.784,0.92131,0.047036,-2.5321,0.88289,0.23616,-1.3074,-0.0264,-95.928
11.404,18.811,0.81206,1.283,-2.2963,0.8335,0.74231,-1.3091,-0.0278,-94.618
11.444,18.849,0.71433,0.071516,-2.6061,0.84116,0.25175,-1.3258,-0.0532,-49.005
11.484,18.875,0.59931,1.1619,-2.4003,0.75662,0.62681,-1.33,-0.0577,-46.218
11.524,18.903,0.50401,1.1601,-2.4441,0.75825,0.62073,-1.3312,-0.057,-47.465
11.564,18.945,0.39714,1.1685,-2.4756,0.73692,0.59313,-1.3234,-0.0382,-71.662
11.604,18.961,0.27253,1.1254,-2.5133,0.69679,0.5474,-1.3311,-0.0487,-56.545
11.644,18.989,0.161,1.0908,-2.5346,0.65331,0.50207,-1.3342,-0.0518,-53.27
11.684,18.899,0.029253,0.99623,-2.5632,0.56875,0.41653,-1.3476,-0.0713,-38.57
11.724,18.912,-0.085824,0.95435,-2.5964,0.54331,0.39111,-1.3578,-0.0844,-32.775
11.764,18.918,-0.17941,0.86778,-2.5904,0.46235,0.32047,-1.3675,-0.0945,-28.909
11.804,18.928,-0.25886,0.76402,-2.5684,0.34682,0.22718,-1.3726,-0.0955,-28.059
11.844,18.942,-0.34064,0.74178,-2.5645,0.33136,0.21541,-1.3765,-0.0965,-27.664
11.884,18.951,-0.43333,0.68914,-2.5768,0.28387,0.17942,-1.3829,-0.0996,-26.781
11.924,18.954,-0.52403,0.64734,-2.5949,0.26188,0.16302,-1.3925,-0.1076,-24.855
11.964,18.99,-0.61067,0.60335,-2.5892,0.20987,0.12719,-1.3947,-0.1042,-25.514
12.004,18.958,-0.66774,0.51675,-2.5363,0.15266,0.089998,-1.4099,-0.1188,-21.788
12.044,18.939,-0.71163,0.42526,-2.4706,0.085716,0.048781,-1.4239,-0.1307,-19.181
12.084,18.953,-0.80585,0.35343,-2.4313,0.0088259,0.0047986,-1.429,-0.1307,-18.798
12.124,18.996,-0.96296,0.36379,-2.5241,0.053752,0.02911,-1.4277,-0.1257,-20.288
12.164,18.981,-1.0158,0.32651,-2.4694,0.0065894,0.0035772,-1.4411,-0.136,-18.315
12.204,18.987,-1.0965,0.30001,-2.442,-0.013069,-0.0070642,-1.4485,-0.1388,-17.726
12.244,18.987,-1.1611,0.27121,-2.3822,-0.054616,-0.029478,-1.4574,-0.1428,-16.79
12.284,18.995,-1.2651,0.27121,-2.3822,NaN,NaN,-1.4413,NaN,NaN
12.324,19.002,-1.3693,0.27121,-2.3822,NaN,NaN,-1.4251,NaN,NaN
12.364,19.01,-1.4738,0.27121,-2.3822,NaN,NaN,-1.4088,NaN,NaN
12.404,19.017,-1.5778,0.27121,-2.3822,NaN,NaN,-1.3927,NaN,NaN
12.444,19.025,-1.682,0.27121,-2.3822,NaN,NaN,-1.3765,NaN,NaN
12.484,19.032,-1.7866,0.27121,-2.3822,NaN,NaN,-1.3603,NaN,NaN
12.524,19.04,-1.8905,0.27121,-2.3822,NaN,NaN,-1.3442,NaN,NaN
12.564,19.047,-1.9948,0.27121,-2.3822,NaN,NaN,-1.328,NaN,NaN
12.603,19.054,-2.0965,0.27121,-2.3822,NaN,NaN,-1.3122,NaN,NaN
12.644,19.062,-2.2033,0.27121,-2.3822,NaN,NaN,-1.2956,NaN,NaN
12.684,19.069,-2.3075,0.27121,-2.3822,NaN,NaN,-1.2794,NaN,NaN
12.724,19.077,-2.412,0.27121,-2.3822,NaN,NaN,-1.2632,NaN,NaN
12.763,19.084,-2.5135,0.27121,-2.3822,NaN,NaN,-1.2474,NaN,NaN
12.804,19.092,-2.6202,0.27121,-2.3822,NaN,NaN,-1.2309,NaN,NaN
12.844,19.099,-2.7247,0.27121,-2.3822,NaN,NaN,-1.2146,NaN,NaN
12.884,19.107,-2.8287,0.27121,-2.3822,NaN,NaN,-1.1985,NaN,NaN
12.924,19.114,-2.9329,0.27121,-2.3822,NaN,NaN,-1.1823,NaN,NaN
12.964,19.122,-3.0375,0.27121,-2.3822,NaN,NaN,-1.1661,NaN,NaN
13.004,19.129,-3.1414,0.27121,-2.3822,NaN,NaN,-1.1499,NaN,NaN
13.044,19.137,-3.2457,0.27121,-2.3822,NaN,NaN,-1.1338,NaN,NaN
13.084,19.144,-3.3502,0.27121,-2.3822,NaN,NaN,-1.1175,NaN,NaN
13.124,19.152,-3.4542,0.27121,-2.3822,NaN,NaN,-1.1014,NaN,NaN
13.163,19.159,-3.5559,0.27121,-2.3822,NaN,NaN,-1.0856,NaN,NaN
13.205,19.167,-3.6629,0.27121,-2.3822,NaN,NaN,-1.069,NaN,NaN
13.243,19.174,-3.7643,0.27121,-2.3822,NaN,NaN,-1.0532,NaN,NaN
13.284,19.182,-3.8708,0.27121,-2.3822,NaN,NaN,-1.0367,NaN,NaN
13.324,19.189,-3.9754,0.27121,-2.3822,NaN,NaN,-1.0205,NaN,NaN
13.364,19.197,-4.0796,0.27121,-2.3822,NaN,NaN,-1.0043,NaN,NaN
13.404,19.204,-4.1813,0.27121,-2.3822,NaN,NaN,-0.98849,NaN,NaN
13.445,19.212,-4.2884,0.27121,-2.3822,NaN,NaN,-0.97186,NaN,NaN
13.484,19.219,-4.3897,0.27121,-2.3822,NaN,NaN,-0.95614,NaN,NaN
13.525,19.227,-4.4965,0.27121,-2.3822,NaN,NaN,-0.93955,NaN,NaN
13.565,19.234,-4.6011,0.27121,-2.3822,NaN,NaN,-0.92331,NaN,NaN
13.605,19.242,-4.705,0.27121,-2.3822,NaN,NaN,-0.90718,NaN,NaN
13.644,19.249,-4.8067,0.27121,-2.3822,NaN,NaN,-0.8914,NaN,NaN
13.685,19.257,-4.9135,0.27121,-2.3822,NaN,NaN,-0.87481,NaN,NaN
13.724,19.264,-5.0152,0.27121,-2.3822,NaN,NaN,-0.85902,NaN,NaN
13.765,19.272,-5.122,0.27121,-2.3822,NaN,NaN,-0.84244,NaN,NaN
13.804,19.279,-5.2236,0.27121,-2.3822,NaN,NaN,-0.82666,NaN,NaN
13.845,19.287,-5.3305,0.27121,-2.3822,NaN,NaN,-0.81008,NaN,NaN
13.884,19.294,-5.4321,0.27121,-2.3822,NaN,NaN,-0.79429,NaN,NaN
13.924,19.301,-5.5366,0.27121,-2.3822,NaN,NaN,-0.77807,NaN,NaN
13.964,19.309,-5.6406,0.27121,-2.3822,NaN,NaN,-0.76193,NaN,NaN
14.004,19.316,-5.7451,0.27121,-2.3822,NaN,NaN,-0.74571,NaN,NaN
14.044,19.324,-5.8491,0.27121,-2.3822,NaN,NaN,-0.72956,NaN,NaN
14.085,19.331,-5.9557,0.27121,-2.3822,NaN,NaN,-0.71301,NaN,NaN
14.124,19.339,-6.0577,0.27121,-2.3822,NaN,NaN,-0.69718,NaN,NaN
14.164,19.346,-6.162,0.27121,-2.3822,NaN,NaN,-0.68097,NaN,NaN
14.204,19.354,-6.2661,0.27121,-2.3822,NaN,NaN,-0.66481,NaN,NaN
14.244,19.361,-6.3703,0.27121,-2.3822,NaN,NaN,-0.64863,NaN,NaN
14.284,19.369,-6.4745,0.27121,-2.3822,NaN,NaN,-0.63246,NaN,NaN
14.324,19.376,-6.5788,0.27121,-2.3822,NaN,NaN,-0.61626,NaN,NaN
14.364,19.384,-6.6831,0.27121,-2.3822,NaN,NaN,-0.60007,NaN,NaN
14.404,19.391,-6.7874,0.27121,-2.3822,NaN,NaN,-0.58387,NaN,NaN
14.444,19.399,-6.8915,0.27121,-2.3822,NaN,NaN,-0.56772,NaN,NaN
14.484,19.406,-6.9959,0.27121,-2.3822,NaN,NaN,-0.55151,NaN,NaN
14.524,19.414,-7.0999,0.27121,-2.3822,NaN,NaN,-0.53535,NaN,NaN
14.564,19.421,-7.2043,0.27121,-2.3822,NaN,NaN,-0.51916,NaN,NaN
14.604,19.429,-7.3084,0.27121,-2.3822,NaN,NaN,-0.50299,NaN,NaN
14.644,19.436,-7.4127,0.27121,-2.3822,NaN,NaN,-0.48679,NaN,NaN
14.684,19.444,-7.5169,0.27121,-2.3822,NaN,NaN,-0.47062,NaN,NaN
14.724,19.451,-7.6214,0.27121,-2.3822,NaN,NaN,-0.45439,NaN,NaN
14.764,19.459,-7.7255,0.27121,-2.3822,NaN,NaN,-0.43823,NaN,NaN
14.804,19.466,-7.8298,0.27121,-2.3822,NaN,NaN,-0.42203,NaN,NaN
14.844,19.474,-7.9339,0.27121,-2.3822,NaN,NaN,-0.40588,NaN,NaN
14.884,19.481,-8.0383,0.27121,-2.3822,NaN,NaN,-0.38967,NaN,NaN
14.924,19.488,-8.1425,0.27121,-2.3822,NaN,NaN,-0.37349,NaN,NaN
14.964,19.496,-8.2466,0.27121,-2.3822,NaN,NaN,-0.35732,NaN,NaN
15.004,19.503,-8.351,0.27121,-2.3822,NaN,NaN,-0.34112,NaN,NaN
15.044,19.511,-8.4551,0.27121,-2.3822,NaN,NaN,-0.32495,NaN,NaN
15.084,19.518,-8.5595,0.27121,-2.3822,NaN,NaN,-0.30875,NaN,NaN
15.124,19.526,-8.6636,0.27121,-2.3822,NaN,NaN,-0.29259,NaN,NaN
15.164,19.533,-8.768,0.27121,-2.3822,NaN,NaN,-0.27638,NaN,NaN
15.204,19.541,-8.8722,0.27121,-2.3822,NaN,NaN,-0.2602,NaN,NaN
15.244,19.548,-8.9763,0.27121,-2.3822,NaN,NaN,-0.24404,NaN,NaN
15.284,19.556,-9.0806,0.27121,-2.3822,NaN,NaN,-0.22784,NaN,NaN
15.324,19.563,-9.1849,0.27121,-2.3822,NaN,NaN,-0.21165,NaN,NaN
15.364,19.571,-9.289,0.27121,-2.3822,NaN,NaN,-0.19548,NaN,NaN
15.404,19.578,-9.3934,0.27121,-2.3822,NaN,NaN,-0.17928,NaN,NaN
15.444,19.586,-9.4975,0.27121,-2.3822,NaN,NaN,-0.16311,NaN,NaN
15.484,19.593,-9.6018,0.27121,-2.3822,NaN,NaN,-0.14692,NaN,NaN
15.524,19.601,-9.7061,0.27121,-2.3822,NaN,NaN,-0.13072,NaN,NaN
15.564,19.608,-9.8102,0.27121,-2.3822,NaN,NaN,-0.11456,NaN,NaN
15.604,19.616,-9.9146,0.27121,-2.3822,NaN,NaN,-0.098357,NaN,NaN
15.644,19.623,-10.019,0.27121,-2.3822,NaN,NaN,-0.082206,NaN,NaN
15.684,19.631,-10.123,0.27121,-2.3822,NaN,NaN,-0.065994,NaN,NaN
15.724,19.638,-10.227,0.27121,-2.3822,NaN,NaN,-0.04984,NaN,NaN
15.764,19.646,-10.332,0.27121,-2.3822,NaN,NaN,-0.033612,NaN,NaN
15.804,19.653,-10.436,0.27121,-2.3822,NaN,NaN,-0.017442,NaN,NaN
15.844,19.661,-10.54,0.27121,-2.3822,NaN,NaN,-0.0012766,NaN,NaN
15.884,19.668,-10.644,0.27121,-2.3822,NaN,NaN,0.014929,NaN,NaN
15.924,19.676,-10.749,0.27121,-2.3822,NaN,NaN,0.031119,NaN,NaN
15.964,19.683,-10.853,0.27121,-2.3822,NaN,NaN,0.047289,NaN,NaN
16.004,19.691,-10.957,0.27121,-2.3822,NaN,NaN,0.063466,NaN,NaN
16.044,19.698,-11.061,0.27121,-2.3822,NaN,NaN,0.079633,NaN,NaN
16.084,19.706,-11.165,0.27121,-2.3822,NaN,NaN,0.095827,NaN,NaN
16.124,19.713,-11.27,0.27121,-2.3822,NaN,NaN,0.112,NaN,NaN
16.165,19.721,-11.374,0.27121,-2.3822,NaN,NaN,0.12823,NaN,NaN
16.204,19.728,-11.478,0.27121,-2.3822,NaN,NaN,0.14439,NaN,NaN
16.244,19.736,-11.582,0.27121,-2.3822,NaN,NaN,0.16056,NaN,NaN
16.284,19.743,-11.687,0.27121,-2.3822,NaN,NaN,0.17676,NaN,NaN
16.325,19.75,-11.791,0.27121,-2.3822,NaN,NaN,0.19296,NaN,NaN
16.365,19.758,-11.895,0.27121,-2.3822,NaN,NaN,0.20913,NaN,NaN
16.405,19.765,-11.999,0.27121,-2.3822,NaN,NaN,0.2253,NaN,NaN
16.444,19.773,-12.103,0.27121,-2.3822,NaN,NaN,0.24147,NaN,NaN
16.485,19.78,-12.208,0.27121,-2.3822,NaN,NaN,0.25767,NaN,NaN
16.525,19.788,-12.312,0.27121,-2.3822,NaN,NaN,0.27387,NaN,NaN
16.565,19.795,-12.416,0.27121,-2.3822,NaN,NaN,0.29005,NaN,NaN
16.605,19.803,-12.521,0.27121,-2.3822,NaN,NaN,0.30623,NaN,NaN
16.645,19.81,-12.625,0.27121,-2.3822,NaN,NaN,0.3224,NaN,NaN
16.685,19.818,-12.729,0.27121,-2.3822,NaN,NaN,0.33861,NaN,NaN
16.725,19.825,-12.833,0.27121,-2.3822,NaN,NaN,0.35477,NaN,NaN
16.765,19.833,-12.938,0.27121,-2.3822,NaN,NaN,0.37097,NaN,NaN
16.805,19.84,-13.042,0.27121,-2.3822,NaN,NaN,0.38715,NaN,NaN
16.845,19.848,-13.146,0.27121,-2.3822,NaN,NaN,0.40332,NaN,NaN
16.885,19.855,-13.25,0.27121,-2.3822,NaN,NaN,0.41952,NaN,NaN
16.925,19.863,-13.354,0.27121,-2.3822,NaN,NaN,0.43569,NaN,NaN
16.965,19.87,-13.459,0.27121,-2.3822,NaN,NaN,0.45189,NaN,NaN
17.005,19.878,-13.563,0.27121,-2.3822,NaN,NaN,0.46809,NaN,NaN
17.045,19.885,-13.667,0.27121,-2.3822,NaN,NaN,0.48424,NaN,NaN
17.085,19.893,-13.771,0.27121,-2.3822,NaN,NaN,0.50043,NaN,NaN
17.125,19.9,-13.876,0.27121,-2.3822,NaN,NaN,0.51663,NaN,NaN
17.165,19.908,-13.98,0.27121,-2.3822,NaN,NaN,0.5328,NaN,NaN
17.205,19.915,-14.084,0.27121,-2.3822,NaN,NaN,0.54899,NaN,NaN
17.245,19.923,-14.188,0.27121,-2.3822,NaN,NaN,0.56516,NaN,NaN
17.285,19.93,-14.293,0.27121,-2.3822,NaN,NaN,0.58136,NaN,NaN
17.325,19.938,-14.397,0.27121,-2.3822,NaN,NaN,0.59756,NaN,NaN
17.365,19.945,-14.501,0.27121,-2.3822,NaN,NaN,0.61371,NaN,NaN
17.405,19.953,-14.605,0.27121,-2.3822,NaN,NaN,0.62991,NaN,NaN
17.445,19.96,-14.709,0.27121,-2.3822,NaN,NaN,0.64608,NaN,NaN
17.485,19.968,-14.814,0.27121,-2.3822,NaN,NaN,0.66229,NaN,NaN
17.525,19.975,-14.918,0.27121,-2.3822,NaN,NaN,0.67848,NaN,NaN
17.565,19.983,-15.022,0.27121,-2.3822,NaN,NaN,0.69465,NaN,NaN
17.605,19.99,-15.126,0.27121,-2.3822,NaN,NaN,0.71082,NaN,NaN
17.645,19.997,-15.231,0.27121,-2.3822,NaN,NaN,0.72699,NaN,NaN
17.685,20.005,-15.335,0.27121,-2.3822,NaN,NaN,0.7432,NaN,NaN
17.725,20.012,-15.439,0.27121,-2.3822,NaN,NaN,0.75936,NaN,NaN
17.765,20.02,-15.544,0.27121,-2.3822,NaN,NaN,0.77559,NaN,NaN
17.805,20.027,-15.648,0.27121,-2.3822,NaN,NaN,0.79175,NaN,NaN
17.845,20.035,-15.752,0.27121,-2.3822,NaN,NaN,0.80792,NaN,NaN
17.885,20.042,-15.856,0.27121,-2.3822,NaN,NaN,0.82413,NaN,NaN
17.925,20.05,-15.961,0.27121,-2.3822,NaN,NaN,0.84031,NaN,NaN
17.965,20.057,-16.065,0.27121,-2.3822,NaN,NaN,0.8565,NaN,NaN
18.005,20.065,-16.169,0.27121,-2.3822,NaN,NaN,0.87266,NaN,NaN
18.045,20.072,-16.273,0.27121,-2.3822,NaN,NaN,0.88884,NaN,NaN
18.085,20.08,-16.378,0.27121,-2.3822,NaN,NaN,0.90505,NaN,NaN
18.125,20.087,-16.482,0.27121,-2.3822,NaN,NaN,0.92123,NaN,NaN
18.165,20.095,-16.586,0.27121,-2.3822,NaN,NaN,0.9374,NaN,NaN
18.205,20.102,-16.69,0.27121,-2.3822,NaN,NaN,0.95361,NaN,NaN
18.245,20.11,-16.794,0.27121,-2.3822,NaN,NaN,0.96976,NaN,NaN
18.285,20.117,-16.899,0.27121,-2.3822,NaN,NaN,0.98597,NaN,NaN
18.325,20.125,-17.003,0.27121,-2.3822,NaN,NaN,1.0022,NaN,NaN
18.365,20.132,-17.107,0.27121,-2.3822,NaN,NaN,1.0183,NaN,NaN
18.405,20.14,-17.211,0.27121,-2.3822,NaN,NaN,1.0345,NaN,NaN
18.445,20.147,-17.315,0.27121,-2.3822,NaN,NaN,1.0507,NaN,NaN
18.485,20.155,-17.42,0.27121,-2.3822,NaN,NaN,1.0669,NaN,NaN
18.525,20.162,-17.524,0.27121,-2.3822,NaN,NaN,1.0831,NaN,NaN
18.565,20.17,-17.628,0.27121,-2.3822,NaN,NaN,1.0993,NaN,NaN
18.605,20.177,-17.733,0.27121,-2.3822,NaN,NaN,1.1155,NaN,NaN
18.645,20.185,-17.837,NaN,NaN,NaN,NaN,1.1316,NaN,NaN
18.685,20.286,-17.627,NaN,NaN,NaN,NaN,1.1316,NaN,NaN
18.725,20.386,-17.417,NaN,NaN,NaN,NaN,1.1316,NaN,NaN
18.765,20.484,-17.208,NaN,NaN,NaN,NaN,1.1315,NaN,NaN
18.805,20.591,-17.001,NaN,NaN,NaN,NaN,1.1315,NaN,NaN
18.845,20.682,-16.788,NaN,NaN,NaN,NaN,1.1315,NaN,NaN
18.885,20.79,-16.58,NaN,NaN,NaN,NaN,1.1315,NaN,NaN
18.925,20.884,-16.369,NaN,NaN,NaN,NaN,1.1315,NaN,NaN
18.965,20.99,-16.16,NaN,NaN,NaN,NaN,1.1315,NaN,NaN
19.005,21.088,-15.951,NaN,NaN,NaN,NaN,1.1315,NaN,NaN
19.045,21.186,-15.739,NaN,NaN,NaN,NaN,1.1315,NaN,NaN
19.085,21.284,-15.529,NaN,NaN,NaN,NaN,1.1315,NaN,NaN
19.125,21.387,-15.32,NaN,NaN,NaN,NaN,1.1315,NaN,NaN
19.165,21.483,-15.109,NaN,NaN,NaN,NaN,1.1315,NaN,NaN
******-------------------------------------------------------------------------------------------------------------------****** 
TargetID: ID20
Target can not be processed due to lack of Data
******-------------------------------------------------------------------------------------------------------------------****** 
TargetID: ID21
Target can not be processed due to lack of Data
******-------------------------------------------------------------------------------------------------------------------****** 
TargetID: ID04
Target can not be processed due to lack of Data
******-------------------------------------------------------------------------------------------------------------------****** 
TargetID: ID23
Relevancy: 0
tj = Inf
Label: -1
Comment: Target is irrelevant as it is not crossing the estimated holding line
DATA:
14.124,41.63,-4.0709,NaN,NaN,NaN,NaN,-3.2206,NaN,NaN
14.164,41.36,-4.0474,NaN,NaN,NaN,NaN,-3.2205,NaN,NaN
14.204,41.684,-4.0699,-6.7455,0.75366,0,0,-3.2529,0,Inf
14.244,41.414,-4.0385,-6.7456,0.75346,0,0,-3.2528,0,Inf
14.284,41.12,-4.1871,-7.6715,-6.0297,0.0067122,0.0036294,-3.2059,0.0077937,1252
14.324,40.824,-4.3487,-6.7863,0.11835,0.013435,0.0072648,-3.159,0.0156,435.08
14.364,40.553,-4.3453,-6.7859,0.11437,0.013311,0.0071972,-3.1584,0.0156,435.05
14.404,40.264,-4.5455,-6.7927,-0.23265,-0.024755,-0.013386,-3.1074,0.0347,195.87
14.444,40.549,-5.1783,-6.8354,-0.71606,-0.12096,-0.065351,-3.0365,0.1643,41.831
14.484,40.239,-5.2721,-6.882,-0.87114,-0.20325,-0.10977,-3.0145,0.1673,41.464
14.524,39.91,-5.1169,-6.9652,-0.60367,-0.26188,-0.14142,-3.0551,0.1343,52.057
14.564,39.654,-4.9846,-6.7778,-0.40808,0.43957,0.23863,-3.0845,0.1248,54.407
14.604,39.374,-5.0953,-6.7917,-0.59472,0.36545,0.198,-3.0542,0.1505,45.3
14.644,39.103,-5.1229,-6.7766,-0.63421,0.36732,0.199,-3.0483,0.1505,45.224
14.684,38.827,-4.9883,-6.6872,-0.33773,0.63039,0.34224,-3.0911,0.0929,72.075
14.724,38.521,-5.1046,-6.6533,-0.65373,0.51668,0.27896,-3.047,0.1451,46.074
14.764,38.28,-4.9868,-6.5256,-0.30735,0.907,0.4952,-3.1016,0.0695,93.998
14.804,38.021,-4.9984,-6.4946,-0.32408,0.90626,0.49478,-3.0988,0.0695,93.564
14.844,37.81,-4.9219,-6.2867,-0.094412,1.1562,0.62864,-3.1369,0.0173,363.43
14.884,37.56,-4.924,-6.2478,-0.098554,1.1539,0.62743,-3.1363,0.0173,361.19
14.924,37.277,-4.9886,-6.3305,-0.3085,1.0817,0.59213,-3.1019,0.0607,104.42
14.964,37.03,-4.9082,-6.1943,-0.063723,1.3416,0.73391,-3.1313,0.0237,261.38
15.004,36.786,-4.9125,-6.1491,-0.068788,1.3383,0.73222,-3.1304,0.0237,259.47
15.044,36.578,-4.899,-5.8735,-0.11618,1.451,0.77985,-3.1365,0.0163,360.41
15.084,36.379,-4.8893,-5.9055,-0.096409,1.5937,0.8837,-3.1419,0.0096,615.24
15.124,36.18,-4.8943,-5.8042,-0.11401,1.6552,0.91941,-3.1398,0.0114,509.24
15.164,35.958,-4.9398,-5.7531,-0.11222,1.6606,0.91269,-3.1221,0.0302,190.53
15.204,35.733,-4.9438,-5.6967,-0.11825,1.6569,0.9109,-3.1208,0.0302,188.67
15.244,35.51,-4.9499,-5.6404,-0.12373,1.6532,0.90905,-3.1197,0.0302,186.81
15.284,35.29,-4.9554,-5.5841,-0.12922,1.6493,0.90714,-3.1185,0.0302,184.95
15.324,35.071,-4.9596,-5.5276,-0.13497,1.6451,0.90501,-3.1172,0.0302,183.09
15.364,34.837,-4.9502,-5.3754,-0.1737,1.4688,0.78845,-3.1267,0.0189,284.56
15.404,34.619,-4.9546,-5.3241,-0.1774,1.4662,0.78694,-3.126,0.0189,281.86
15.444,34.403,-4.9594,-5.273,-0.18087,1.4633,0.78528,-3.1253,0.0189,279.16
15.484,34.189,-4.9637,-5.2217,-0.18437,1.4603,0.78356,-3.1245,0.0189,276.45
15.524,33.876,-5.0358,-5.4211,-0.29668,1.1142,0.59927,-3.0992,0.0384,141.39
15.564,33.657,-5.0459,-5.3821,-0.30346,1.1126,0.59836,-3.0977,0.0384,140.38
15.604,33.44,-5.0563,-5.3432,-0.31003,1.1109,0.59744,-3.0962,0.0384,139.38
15.644,33.138,-5.106,-5.5058,-0.37106,0.84211,0.4536,-3.083,0.0466,118.42
15.684,32.917,-5.1198,-5.4763,-0.37962,0.84125,0.45312,-3.0811,0.0466,117.8
15.724,32.696,-5.1336,-5.4468,-0.3882,0.84026,0.45258,-3.0792,0.0466,117.18
15.764,32.477,-5.1472,-5.4172,-0.39668,0.83927,0.45203,-3.0773,0.0466,116.56
15.804,32.259,-5.1611,-5.3877,-0.40517,0.83828,0.45149,-3.0754,0.0466,115.94
15.844,31.941,-5.3065,-5.5941,-0.64217,0.56914,0.30828,-3.0324,0.0751,74.978
15.884,31.718,-5.3317,-5.5726,-0.65675,0.56866,0.30801,-3.0293,0.0751,74.716
15.924,31.495,-5.3595,-5.5512,-0.67069,0.56805,0.30767,-3.0264,0.0751,74.455
15.964,31.273,-5.3863,-5.5297,-0.68497,0.56744,0.30733,-3.0234,0.0751,74.193
16.004,31.053,-5.413,-5.5081,-0.69938,0.56683,0.307,-3.0203,0.0751,73.932
16.044,30.832,-5.4421,-5.4864,-0.71306,0.56622,0.30666,-3.0174,0.0751,73.67
16.084,30.613,-5.471,-5.4649,-0.72682,0.56549,0.30625,-3.0144,0.0751,73.409
16.124,30.395,-5.4999,-5.4432,-0.74062,0.56488,0.30591,-3.0114,0.0751,73.147
16.165,30.178,-5.5292,-5.4215,-0.75432,0.56414,0.30551,-3.0083,0.0751,72.886
16.204,29.962,-5.5598,-5.3998,-0.7677,0.56341,0.3051,-3.0053,0.0751,72.624
16.244,29.746,-5.5908,-5.3781,-0.78099,0.5628,0.30477,-3.0023,0.0751,72.363
16.284,29.531,-5.6219,-5.3563,-0.79439,0.56207,0.30436,-2.9993,0.0751,72.102
16.325,29.318,-5.6539,-5.3344,-0.80751,0.56133,0.30395,-2.9963,0.0751,71.84
16.365,29.104,-5.6867,-5.3126,-0.82028,0.56048,0.30348,-2.9933,0.0751,71.579
******-------------------------------------------------------------------------------------------------------------------****** 
TargetID: ID24
Relevancy: 0
tj = Inf
Label: -1
Comment: Target is irrelevant as it is not crossing the estimated holding line
DATA:
24.287,80.765,-0.19697,NaN,NaN,NaN,NaN,-2.31,NaN,NaN
24.327,80.372,-0.62956,NaN,NaN,NaN,NaN,-2.3101,NaN,NaN
24.367,79.79,-0.29508,NaN,NaN,NaN,NaN,-2.5622,NaN,NaN
24.407,79.381,-0.56146,NaN,NaN,NaN,NaN,-2.5623,NaN,NaN
24.447,78.926,-0.1347,NaN,NaN,NaN,NaN,-2.8019,NaN,NaN
24.487,78.509,-0.28701,NaN,NaN,NaN,NaN,-2.802,NaN,NaN
24.527,78.021,-0.094971,NaN,NaN,NaN,NaN,-2.9186,NaN,NaN
24.567,77.6,-0.2,NaN,NaN,NaN,NaN,-2.9186,NaN,NaN
24.607,77.092,0.60241,NaN,NaN,NaN,NaN,-3.1738,NaN,NaN
24.647,76.651,0.62775,NaN,NaN,NaN,NaN,-3.1737,NaN,NaN
24.687,76.359,-0.30683,NaN,NaN,NaN,NaN,-2.9313,NaN,NaN
24.727,75.931,-0.39353,NaN,NaN,NaN,NaN,-2.9313,NaN,NaN
24.767,75.463,-0.75565,NaN,NaN,NaN,NaN,-2.8832,NaN,NaN
24.807,75.034,-0.86599,NaN,NaN,NaN,NaN,-2.8833,NaN,NaN
24.847,74.591,-0.90862,NaN,NaN,NaN,NaN,-2.8989,NaN,NaN
24.887,74.162,-1.0117,NaN,NaN,NaN,NaN,-2.8988,NaN,NaN
24.927,74.048,-1.3382,-10.796,-2.283,0,0,-2.9332,0,Inf
24.968,73.617,-1.4307,-10.796,-2.2831,0,0,-2.9332,0,Inf
25.007,73.098,-0.88647,-10.889,-1.1222,-0.07119,0.022061,-3.0389,-0.0067,-1633.8
25.047,72.66,-0.92611,-10.895,-1.1204,-0.06857,0.021437,-3.0391,-0.0067,-1634.7
25.087,72.246,-1.318,-10.891,-1.6791,-0.1628,0.05129,-2.9886,0.0008,13775
25.127,71.811,-1.3839,-10.896,-1.6807,-0.16175,0.051332,-2.9885,0.0008,13782
25.167,71.378,-1.4572,-10.902,-1.6819,-0.16057,0.051311,-2.9885,0.0008,13789
25.208,70.974,-1.8494,-10.861,-2.1594,-0.074585,0.02399,-2.9454,0.017,651.39
25.247,70.533,-1.9548,-10.891,-2.1581,-0.049378,0.015986,-2.946,0.013,854.09
25.288,70.097,-2.0351,-10.898,-2.1667,-0.043568,0.014187,-2.9454,0.013,854.74
25.328,69.638,-1.9486,-10.943,-1.8927,-0.025535,0.0083658,-2.9703,-0.0064,-1735.3
25.368,69.21,-2.2872,-10.918,-2.3363,-0.035192,0.011592,-2.9308,0.0305,366.08
25.408,68.782,-2.4019,-10.926,-2.3514,-0.02873,0.0095143,-2.9296,0.0305,366.43
25.448,68.345,-2.4939,-10.934,-2.3668,-0.022275,0.0074139,-2.9284,0.0305,366.79
25.488,67.905,-2.5832,-10.941,-2.3832,-0.015826,0.0052924,-2.9271,0.0305,367.14
25.528,67.475,-2.7825,-10.934,-2.5898,-0.0018765,0.00063052,-2.909,0.0489,229.79
25.568,67.038,-2.8893,-10.942,-2.6141,0.0058954,-0.0019915,-2.9071,0.0489,230.05
25.608,66.593,-3.0051,-10.956,-2.6448,0.012454,-0.0042275,-2.9047,0.0501,224.97
25.648,66.155,-2.8908,-10.979,-2.2352,0.034132,-0.011641,-2.9408,0.0063,1778.4
25.688,65.706,-2.903,-10.995,-2.0588,0.02756,-0.0094432,-2.9565,-0.0112,-998.78
25.728,65.226,-2.6511,-11.036,-1.2805,0.024739,-0.0085153,-3.0261,-0.089,-124.83
25.768,64.785,-2.7865,-11.057,-1.375,-0.02152,0.0074387,-3.0179,-0.076,-146.61
25.808,64.88,-3.6366,-11.059,-1.4707,-0.049165,0.017065,-3.0093,-0.0568,-196.41
25.848,64.419,-3.6798,-11.075,-1.4384,-0.053425,0.018608,-3.0125,-0.0552,-202.32
25.888,63.981,-3.7181,-11.083,-1.373,-0.053537,0.018719,-3.0184,-0.0593,-188.33
25.928,63.521,-3.695,-11.096,-1.2797,-0.055783,0.019568,-3.0268,-0.0631,-177.01
25.968,63.061,-3.7043,-11.115,-1.1657,-0.06524,0.022958,-3.0372,-0.0699,-159.88
26.008,62.617,-3.6741,-11.107,-1.0227,-0.04388,0.015477,-3.0499,-0.0801,-139.26
26.048,62.169,-3.6582,-11.11,-0.91909,-0.038667,0.013675,-3.0591,-0.0859,-129.78
26.088,61.713,-3.6589,-11.11,-0.83954,-0.027993,0.009921,-3.0662,-0.088,-126.6
26.128,61.262,-3.6199,-11.126,-0.69329,-0.048379,0.017181,-3.0794,-0.0973,-114.57
26.168,60.808,-3.6258,-11.137,-0.64337,-0.056763,0.020198,-3.084,-0.0972,-114.76
26.208,60.334,-3.504,-11.154,-0.37884,-0.077797,0.027745,-3.1078,-0.115,-97.049
26.248,59.903,-3.5446,-11.171,-0.40089,-0.098159,0.035075,-3.1059,-0.1089,-102.64
26.288,59.462,-3.5474,-11.164,-0.35879,-0.083626,0.029919,-3.1096,-0.1089,-102.57
26.328,59.03,-3.6127,-11.177,-0.41004,-0.093057,0.033378,-3.1051,-0.1008,-110.95
26.368,58.596,-3.4774,-11.175,-0.16381,-0.084647,0.030403,-3.1269,-0.1169,-95.609
26.408,58.168,-3.5633,-11.17,-0.31393,-0.054822,0.019742,-3.1136,-0.0999,-111.86
26.448,57.721,-3.5915,-11.173,-0.28706,-0.047359,0.017091,-3.116,-0.098,-114.05
26.488,57.289,-3.5587,-11.153,-0.15488,-0.011039,0.0039912,-3.1277,-0.1058,-105.43
26.528,56.841,-3.5327,-11.163,-0.11744,-0.025129,0.0091078,-3.1311,-0.1045,-106.83
26.568,56.386,-3.5216,-11.176,-0.089096,-0.043333,0.015744,-3.1337,-0.1024,-109.15
26.608,55.929,-3.439,-11.215,0.059177,-0.10286,0.037451,-3.147,-0.1093,-102.61
26.648,55.48,-3.4166,-11.192,0.13828,-0.0457,0.016684,-3.154,-0.1118,-100.12
26.688,55.038,-3.4966,-11.197,0.019907,-0.065213,0.023856,-3.1435,-0.0997,-112.31
26.728,54.596,-3.5564,-11.189,-0.060839,-0.049657,0.018216,-3.1362,-0.0906,-123.5
26.768,54.158,-3.6085,-11.178,-0.13185,-0.032255,0.011858,-3.1298,-0.0826,-135.34
26.808,53.709,-3.5546,-11.205,-0.0234,-0.075372,0.027779,-3.1396,-0.0874,-128.21
26.848,53.254,-3.5716,-11.199,-0.048498,-0.047754,0.017651,-3.1373,-0.0826,-135.58
26.888,52.808,-3.6189,-11.186,-0.12531,-0.023206,0.0086027,-3.1304,-0.0745,-150.16
26.928,52.363,-3.6036,-11.179,-0.1078,-0.0017231,0.00064027,-3.132,-0.0731,-152.93
26.968,51.907,-3.5373,-11.185,-0.036105,0.0037106,-0.0013831,-3.1384,-0.0752,-148.74
27.008,51.46,-3.6371,-11.192,-0.19656,-0.021462,0.0080189,-3.1241,-0.0618,-181.12
27.048,51.006,-3.6349,-11.211,-0.18613,-0.054165,0.020291,-3.1251,-0.0605,-185.32
27.088,50.553,-3.5839,-11.225,-0.13152,-0.063683,0.023914,-3.13,-0.0621,-180.77
27.128,50.096,-3.5397,-11.238,-0.091869,-0.067499,0.025416,-3.1335,-0.0624,-180.1
27.168,49.641,-3.6653,-11.22,-0.26086,-0.048554,0.018339,-3.1184,-0.0498,-225.37
27.208,49.183,-3.682,-11.21,-0.30995,-0.022614,0.0085685,-3.114,-0.0448,-250.32
27.248,48.727,-3.7524,-11.206,-0.39958,-0.016393,0.0062282,-3.106,-0.0376,-298.22
27.288,48.265,-3.8269,-11.201,-0.51231,-0.018369,0.007,-3.0959,-0.0292,-383.99
27.328,47.815,-3.8701,-11.199,-0.56947,-0.020211,0.0077248,-3.0908,-0.0247,-453.98
27.368,47.356,-3.9907,-11.191,-0.7234,-0.024824,0.0095188,-3.0771,-0.0142,-789.75
27.408,46.959,-4.0908,-11.181,-0.87831,-0.025211,0.0096982,-3.0632,-0.0039,-2875.8
27.448,46.509,-4.2799,-11.154,-1.0914,-0.021903,0.0084489,-3.0441,0.0095,1179.7
27.488,46.049,-4.431,-11.149,-1.2581,-0.03205,0.0124,-3.0293,0.0196,572.43
27.528,45.593,-4.5861,-11.125,-1.4329,-0.019513,0.0075715,-3.0135,0.0301,372.65
27.568,45.153,-4.62,-11.121,-1.4371,-0.0089618,0.0034886,-3.0131,0.0298,376.29
27.608,44.7,-4.6601,-11.121,-1.464,-0.0028985,0.001131,-3.0107,0.0309,363.02
27.648,44.649,-4.7922,-11.103,-1.7251,-0.017646,0.0069116,-2.9875,0.0465,241.63
27.688,44.205,-4.945,-11.056,-1.886,0.011451,-0.0044988,-2.9726,0.0559,200.64
27.728,43.76,-5.0854,-11.048,-2.0008,0.0038158,-0.0015035,-2.9624,0.0614,182.86
27.768,43.32,-5.2185,-11.013,-2.1188,0.018018,-0.0071222,-2.9515,0.0676,165.9
27.808,43.819,-5.1346,-11.031,-2.1971,-0.0082827,0.0032839,-2.9451,0.0701,160.45
27.849,43.366,-5.3023,-11.01,-2.3579,-0.0042049,0.0016728,-2.9307,0.0786,143.25
27.888,42.918,-5.4048,-11.012,-2.4147,-0.0080127,0.0031968,-2.9258,0.0798,141.27
27.928,42.478,-5.4926,-11.005,-2.436,-0.0013126,0.00052512,-2.9238,0.079,142.67
27.968,42.028,-5.754,-10.959,-2.7034,0.0057743,-0.0023188,-2.8997,0.0945,119.45
28.008,41.59,-5.9784,-10.961,-2.9576,-0.018367,0.0073981,-2.8782,0.1074,105.71
28.048,41.15,-6.133,-10.942,-3.0895,-0.016653,0.0067295,-2.8666,0.1129,100.71
28.089,40.709,-6.2946,-10.937,-3.21,-0.019399,0.0078636,-2.8563,0.1172,97.253
28.128,40.262,-6.4144,-10.928,-3.2586,-0.013363,0.0054342,-2.8519,0.1168,97.634
28.168,39.823,-6.6164,-10.919,-3.4008,-0.01506,0.0061441,-2.8398,0.1225,93.36
28.208,39.357,-6.7036,-10.889,-3.6244,-0.010602,0.0043375,-2.8204,0.134,85.642
28.249,38.924,-6.8042,-10.868,-3.6313,-0.0034015,0.0013959,-2.8192,0.1309,87.535
28.289,38.496,-7.0266,-10.832,-3.7682,0.00065358,-0.00026871,-2.8068,0.1369,83.778
28.329,38.065,-7.174,-10.792,-3.8274,0.0079752,-0.0032888,-2.8007,0.1376,83.218
28.369,37.635,-7.3161,-10.769,-3.8699,0.0091497,-0.0037799,-2.7965,0.1365,83.832
28.409,37.204,-7.5379,-10.748,-4.006,0.0074479,-0.0030823,-2.7847,0.1418,80.887
28.449,36.147,-7.8239,-10.709,-3.9768,0.010714,-0.0044381,-2.7859,0.1361,83.934
28.489,35.722,-7.9878,-10.669,-4.0066,0.01437,-0.0059586,-2.7823,0.1347,84.61
28.529,35.297,-8.1532,-10.629,-4.0838,0.013584,-0.0056359,-2.7747,0.1368,83.235
28.569,34.621,-8.5013,-10.602,-4.182,0.0096653,-0.0040123,-2.7658,0.1397,81.585
28.609,34.043,-8.8094,-10.526,-4.3543,0.0052247,-0.0021699,-2.7493,0.15,75.943
28.649,33.632,-9.0383,-10.379,-4.5493,-0.0091426,0.0037969,-2.7285,0.1645,68.889
28.689,33.216,-9.2169,-10.262,-4.639,-0.025338,0.010521,-2.7172,0.1694,66.48
28.729,32.771,-9.3141,-10.128,-4.6979,-0.048202,0.020027,-2.7075,0.1731,64.496
28.769,32.371,-9.5306,-9.9505,-4.85,-0.096155,0.039921,-2.6886,0.1858,59.578
28.809,31.96,-9.8056,-9.8218,-5.0507,-0.14531,0.060298,-2.6674,0.1998,55.277
28.849,31.561,-9.9833,-9.6288,-5.1621,-0.20931,0.08667,-2.6506,0.2099,52.05
28.889,31.16,-10.2,-9.5345,-5.2376,-0.23088,0.095557,-2.6406,0.2114,51.459
28.929,30.788,-10.377,-9.3943,-5.2194,-0.26056,0.10777,-2.636,0.208,51.668
28.969,30.414,-10.549,-9.2833,-5.2104,-0.27455,0.11352,-2.6318,0.2037,52.261
29.009,30.041,-10.735,-9.1612,-5.2223,-0.29954,0.12374,-2.6253,0.2021,52.178
29.049,29.775,-12.057,-9.0085,-6.5648,-0.57049,0.23627,-2.5152,0.0978,113.98
29.089,29.692,-12.206,-8.8602,-7.473,-0.67208,0.27788,-2.445,0.0927,125.04
29.129,29.274,-12.483,-8.8517,-7.2314,-0.58188,0.24074,-2.4602,0.0686,166.62
29.169,28.953,-12.732,-8.8682,-6.7048,-0.46567,0.19288,-2.4972,-0.0006,-18529
29.209,28.554,-12.938,-8.9286,-6.2297,-0.34791,0.14425,-2.5346,-0.104,-104.68
29.249,28.142,-13.158,-8.8995,-6.094,-0.33689,0.13969,-2.5434,-0.1114,-96.822
29.289,27.728,-13.405,-8.8814,-5.9659,-0.32296,0.13395,-2.5521,-0.1213,-88.204
29.329,27.358,-13.623,-9.0438,-5.7793,-0.21765,0.090334,-2.5743,-0.1934,-55.495
29.369,26.955,-13.809,-9.0853,-5.4579,-0.20533,0.085233,-2.6019,-0.2499,-42.411
29.409,26.552,-14.016,-9.0818,-5.2396,-0.19785,0.082144,-2.6195,-0.2687,-39.021
29.449,26.183,-14.177,-8.9957,-4.8729,-0.20637,0.085683,-2.6464,-0.3057,-33.467
29.489,25.77,-14.259,-8.8845,-4.6157,-0.19941,0.082806,-2.6637,-0.3101,-32.286
29.529,25.386,-14.441,-8.8593,-4.4264,-0.15321,0.063621,-2.6792,-0.3174,-31.202
29.569,24.979,-14.643,-8.9932,-4.4645,-0.11579,0.04809,-2.6815,-0.2966,-33.852
29.609,24.752,-14.751,-9.1189,-4.4718,-0.082715,0.034351,-2.6863,-0.2837,-35.8
29.649,25.371,-13.993,-8.9055,-5.5216,-0.34119,0.14329,-2.5819,-0.2837,-36.935
29.689,25.063,-14.223,-8.8181,-4.9352,-0.25004,0.10472,-2.6277,-0.3063,-32.991
29.729,24.664,-14.559,-8.4598,-5.0154,-0.43551,0.18375,-2.5996,-0.0239,-411.5
29.769,24.366,-14.586,-8.4984,-4.2509,-0.16884,0.070539,-2.6751,-0.3254,-29.202
29.809,24.062,-14.728,-8.6126,-4.0913,-0.07895,0.032884,-2.6969,-0.401,-23.778
29.849,23.765,-14.913,-8.6135,-4.0123,-0.043079,0.017922,-2.705,-0.3594,-26.439
29.889,23.421,-15.052,-8.7258,-3.7746,0.033182,-0.013775,-2.7338,-0.4265,-22.291
29.929,23.041,-15.275,-8.8393,-3.859,0.041022,-0.017026,-2.7305,-0.3546,-27.199
29.969,22.646,-15.551,-9.0085,-4.1009,0.042329,-0.017568,-2.715,-0.2568,-38.544
30.009,22.288,-15.722,-9.0278,-4.102,0.038669,-0.016051,-2.7156,-0.2288,-43.339
******-------------------------------------------------------------------------------------------------------------------****** 
TargetID: ID25
Relevancy: 0
tj = Inf
Label: -1
Comment: Target is irrelevant as it is not crossing the estimated holding line
DATA:
19.526,5.8468,-38.424,NaN,NaN,NaN,NaN,1.3721,NaN,NaN
19.566,5.8947,-38.129,NaN,NaN,NaN,NaN,1.3739,NaN,NaN
19.606,6.64,-37.888,NaN,NaN,NaN,NaN,0.9683,NaN,NaN
19.646,5.8708,-37.195,NaN,NaN,NaN,NaN,1.5275,NaN,NaN
19.686,5.9485,-36.743,NaN,NaN,NaN,NaN,1.4959,NaN,NaN
19.726,6.1244,-36.299,NaN,NaN,NaN,NaN,1.4369,NaN,NaN
19.766,6.3463,-35.898,NaN,NaN,NaN,NaN,1.3768,NaN,NaN
19.806,NaN,NaN,NaN,NaN,NaN,NaN,1.2873,NaN,NaN
19.846,NaN,NaN,NaN,NaN,NaN,NaN,1.344,NaN,NaN
19.886,7.591,-34.965,3.8561,10.865,0,0,1.2298,0,Inf
19.926,7.9748,-34.601,4.5301,10.621,0.0083286,0.0038902,1.1676,-0.0012,-9622.2
19.966,8.0876,-34.143,4.2978,10.716,0.074521,0.034613,1.1893,0.001,11546
20.006,8.632,-33.84,5.2577,10.301,0.051351,0.02373,1.0988,-0.014,-826.08
20.046,8.9764,-33.464,5.5523,10.172,0.097135,0.044678,1.0711,-0.0232,-499.5
20.086,9.0443,-33.001,5.1948,10.318,0.11805,0.054015,1.1044,-0.0019,-6080.2
20.126,9.1205,-32.547,4.866,10.391,0.097448,0.044331,1.1328,0.0114,1006.5
20.166,9.3309,-32.147,4.9151,10.388,0.08866,0.040071,1.1289,0.012,957.7
20.206,9.4843,-31.718,4.7873,10.378,0.070049,0.031469,1.1386,0.0161,709.88
20.246,9.5377,-31.267,4.4106,10.418,0.068568,0.030623,1.1703,0.0496,228.08
20.286,9.3573,-32.194,4.1953,10.436,0.064892,0.028835,1.188,0.0625,179.96
20.326,9.5144,-31.792,4.1601,10.428,0.053307,0.023549,1.1907,0.0658,170.62
20.366,9.6522,-31.359,4.0092,10.43,0.05699,0.025015,1.2033,0.0784,142.53
20.406,9.8405,-30.946,4.0432,10.356,0.052651,0.022946,1.1981,0.062,179.31
20.446,10.144,-30.542,4.5642,10.149,0.0035046,0.0015155,1.1482,-0.0198,-562.04
20.486,10.344,-30.145,4.684,10.033,-0.006238,-0.0026761,1.1341,-0.044,-251.65
20.526,10.581,-29.732,4.8501,9.9451,-0.014573,-0.0062035,1.1172,-0.0698,-158.52
20.566,10.753,-29.317,4.7542,9.9706,0.0053419,0.0022555,1.1259,-0.0524,-210.8
20.606,10.96,-28.923,4.846,9.886,-0.004826,-0.0020212,1.1151,-0.0657,-167.58
20.646,11.376,-28.635,4.6932,9.8787,-0.0080983,-0.0033616,1.1274,-0.0426,-256.73
20.686,11.421,-28.789,5.4226,9.6144,-0.067739,-0.027837,1.058,-0.1368,-80.688
20.726,11.646,-28.403,5.9224,9.2686,-0.13758,-0.055991,1.0037,-0.2139,-51.422
20.766,12.269,-28.279,5.7334,9.1852,-0.20062,-0.080666,1.015,-0.1851,-58.497
20.806,12.641,-27.645,5.3318,9.1156,-0.2289,-0.091085,1.0439,-0.1396,-75.648
20.846,12.744,-27.252,5.1817,9.0387,-0.22445,-0.088478,1.0526,-0.1206,-86.39
20.886,12.987,-26.898,5.2767,8.9068,-0.25936,-0.10119,1.0387,-0.1339,-77.316
20.926,13.161,-26.381,5.0836,8.8089,-0.25666,-0.099175,1.05,-0.1131,-89.926
20.966,13.38,-26.262,5.0842,8.7332,-0.25661,-0.098053,1.0466,-0.1097,-92.118
21.006,13.581,-25.922,5.077,8.6559,-0.25668,-0.097045,1.0434,-0.107,-93.785
21.046,13.876,-25.585,5.2567,8.5417,-0.2913,-0.10885,1.0225,-0.1278,-78.479
21.086,14.042,-25.223,5.1022,8.4902,-0.26149,-0.096617,1.0329,-0.1086,-91.21
21.126,14.278,-24.878,5.1343,8.3896,-0.27724,-0.10121,1.025,-0.1115,-88.215
21.166,14.475,-24.557,5.0301,8.3337,-0.25279,-0.09119,1.031,-0.0989,-98.424
21.206,14.679,-24.197,4.9815,8.3792,-0.18449,-0.065807,1.0368,-0.086,-113.35
21.246,14.936,-23.907,5.0347,8.1741,-0.24412,-0.085976,1.0219,-0.099,-96.971
21.286,15.237,-23.607,5.1722,8.0162,-0.30007,-0.10403,1.0017,-0.1166,-81.818
21.326,15.52,-23.282,5.2752,7.8847,-0.34329,-0.11699,0.9856,-0.1298,-73.086
21.366,15.728,-22.976,5.0803,7.7404,-0.37259,-0.12459,0.9951,-0.1136,-81.503
21.406,15.925,-22.637,5.0816,7.604,-0.40335,-0.13163,0.9873,-0.1187,-77.048
21.446,16.148,-22.324,5.0962,7.4951,-0.41095,-0.13136,0.9795,-0.1214,-74.658
21.486,16.49,-22.059,5.2302,7.2174,-0.5505,-0.17269,0.9515,-0.1469,-60.675
21.526,16.774,-21.734,5.3058,7.2018,-0.50617,-0.15443,0.9428,-0.1475,-60.646
21.566,17.066,-21.423,5.4932,7.1511,-0.48356,-0.14415,0.9221,-0.1601,-56.323
21.606,17.392,-21.126,5.5759,7.0004,-0.54011,-0.15666,0.9051,-0.1721,-52.003
21.646,17.665,-20.862,5.6684,6.7999,-0.63713,-0.17928,0.8841,-0.1878,-47.139
21.686,17.886,-20.622,5.7895,6.5598,-0.77179,-0.21024,0.8577,-0.2098,-41.703
21.726,19.394,-20.235,10.131,6.3552,-1.7991,-0.48239,0.5671,-0.2098,-57.003
21.766,19.887,-20.32,6.3909,6.1409,-0.96159,-0.24585,0.7766,0.0072,1231
21.806,20.194,-20.067,6.469,5.7645,-1.2089,-0.29684,0.7424,-0.3,-28.883
21.846,20.426,-19.859,6.8262,5.5955,-1.3005,-0.30793,0.7014,-0.4027,-21.918
21.886,20.787,-19.556,7.4248,5.3762,-1.3543,-0.30997,0.639,-0.5372,-17.064
21.926,21.061,-19.354,7.3908,5.2759,-1.2463,-0.2732,0.6316,-0.4744,-19.141
21.966,21.35,-19.148,7.3805,5.1885,-1.1454,-0.23998,0.6236,-0.4306,-20.952
22.006,21.669,-18.93,7.5755,5.0515,-1.0194,-0.20406,0.5973,-0.4473,-20.356
22.046,21.999,-18.714,7.7004,4.9475,-0.90414,-0.17223,0.579,-0.4421,-20.703
22.086,22.32,-18.503,7.7931,4.862,-0.78229,-0.14142,0.5645,-0.4282,-21.451
22.126,22.667,-18.27,8.027,4.7682,-0.55813,-0.095563,0.5404,-0.4397,-21.234
22.166,22.979,-18.085,8.0203,4.6431,-0.59151,-0.095147,0.5295,-0.422,-21.961
22.206,23.347,-17.875,8.0447,4.5737,-0.61266,-0.092164,0.5219,-0.401,-23.077
22.246,23.644,-17.689,7.8861,4.4391,-0.81549,-0.11382,0.5197,-0.3714,-24.366
22.286,23.947,-17.511,7.8098,4.3179,-0.90537,-0.11665,0.5132,-0.3539,-25.216
22.327,24.261,-17.328,7.7567,4.2309,-0.94641,-0.11191,0.5082,-0.3352,-26.359
22.367,24.586,-17.139,7.6806,4.163,-0.99913,-0.10726,0.5065,-0.3129,-27.92
22.407,24.823,-16.996,7.3934,3.9971,-1.2189,-0.11636,0.509,-0.2845,-29.542
22.447,25.156,-16.798,7.4474,3.9779,-1.1102,-0.094487,0.5028,-0.2754,-30.658
22.487,25.49,-16.608,7.4714,3.954,-1.0333,-0.077084,0.4982,-0.2645,-31.959
22.527,25.801,-16.438,7.437,3.887,-1.0099,-0.064416,0.4931,-0.2555,-32.843
22.567,26.108,-16.156,7.2902,4.1269,-0.96194,-0.055121,0.5038,-0.2228,-37.6
22.607,26.343,-15.938,7.1161,4.1124,-0.98159,-0.046343,0.5117,-0.1963,-41.869
22.647,26.503,-15.696,6.8096,4.0527,-1.0538,-0.039725,0.522,-0.1676,-47.281
22.687,26.675,-15.557,6.5009,3.9259,-1.137,-0.032397,0.5254,-0.1511,-50.261
******-------------------------------------------------------------------------------------------------------------------****** 
TargetID: ID11
Relevancy: 0
tj = Inf
Label: -1
Comment: Target is irrelevant as it is not crossing the estimated holding line
DATA:
21.406,67.73,-2.6889,NaN,NaN,NaN,NaN,-2.7552,NaN,NaN
21.446,67.29,-2.8728,NaN,NaN,NaN,NaN,-2.7553,NaN,NaN
21.486,66.855,-3.0536,NaN,NaN,NaN,NaN,-2.7553,NaN,NaN
21.526,66.455,-2.5432,NaN,NaN,NaN,NaN,-3.0182,NaN,NaN
21.566,66.091,-1.9536,NaN,NaN,NaN,NaN,-3.2492,NaN,NaN
21.606,65.671,-2.0319,NaN,NaN,NaN,NaN,-3.2044,NaN,NaN
21.646,65.223,-2.0011,NaN,NaN,NaN,NaN,-3.2044,NaN,NaN
21.686,64.751,-1.7908,NaN,NaN,NaN,NaN,-3.2567,NaN,NaN
21.726,64.373,-1.2634,NaN,NaN,NaN,NaN,-3.3756,NaN,NaN
21.766,63.926,-1.6329,NaN,NaN,NaN,NaN,-3.258,NaN,NaN
21.806,63.503,-2.5568,NaN,NaN,NaN,NaN,-3.0227,NaN,NaN
21.846,63.193,-2.5697,NaN,NaN,NaN,NaN,-3.0227,NaN,NaN
21.886,62.765,-2.6145,NaN,NaN,NaN,NaN,-3.0227,NaN,NaN
21.926,62.799,-2.6963,-11.035,-0.74422,0,0,-3.0743,0,Inf
21.966,62.338,-2.8068,-11.14,-0.92719,-0.33195,-0.070787,-3.0586,-0.0028,-3992.4
22.006,61.859,-2.6166,-11.219,-0.41857,-0.59248,-0.12034,-3.1042,-0.0078,-1439.4
22.046,61.408,-2.8144,-11.271,-0.80255,-0.75013,-0.14473,-3.0704,-0.004,-2824.9
22.086,60.937,-2.6679,-11.337,-0.42821,-0.90316,-0.16508,-3.1037,-0.0119,-953.38
22.126,60.488,-2.7273,-11.375,-0.50204,-0.92705,-0.1599,-3.0975,-0.0095,-1198.6
22.166,60.028,-2.8071,-11.378,-0.62069,-0.77588,-0.12585,-3.087,-0.0045,-2532.1
22.206,59.588,-3.1377,-11.314,-1.2435,-0.50251,-0.076306,-3.0321,0.031,367.18
22.246,59.146,-3.0677,-11.299,-1.088,-0.32822,-0.046486,-3.0456,0.0277,409.79
22.286,58.701,-2.9679,-11.334,-0.79857,-0.36148,-0.047442,-3.0713,0.0033,3443
22.327,58.245,-3.0398,-11.346,-0.89783,-0.36139,-0.043685,-3.0626,0.0117,972.74
22.367,57.807,-3.0346,-11.361,-0.80863,-0.36365,-0.040126,-3.0705,0.0019,5994.4
22.407,57.348,-3.0058,-11.372,-0.65918,-0.3376,-0.033668,-3.0837,-0.0143,-796.57
22.447,56.908,-2.5987,-11.332,0.41126,-0.27736,-0.024694,-3.1779,-0.1336,-84.878
22.487,56.448,-2.5104,-11.352,0.57034,-0.36643,-0.028712,-3.1918,-0.1384,-82.127
22.527,55.991,-2.5494,-11.374,0.49252,-0.37166,-0.025125,-3.1848,-0.1224,-93.011
22.567,55.531,-2.6238,-11.384,0.32403,-0.33547,-0.019143,-3.17,-0.0989,-115.16
22.607,55.06,-2.5952,-11.402,0.41617,-0.34752,-0.016275,-3.178,-0.1033,-110.45
22.647,54.6,-2.6986,-11.391,0.18701,-0.25198,-0.0093023,-3.158,-0.0746,-152.72
22.687,54.165,-2.9909,-11.303,-0.45866,-0.01541,-0.00042215,-3.101,-0.0028,-4040.1
22.727,53.727,-3.2119,-11.219,-0.94275,0.1052,0.001915,-3.0578,0.05,225.18
22.767,53.282,-3.3043,-11.204,-1.0627,0.10677,0.00098163,-3.047,0.06,187.57
22.807,52.81,-3.252,-11.248,-0.84807,0.069721,3.4419e-05,-3.0663,0.0342,329.81
22.847,52.366,-3.2512,-11.25,-0.77496,0.078062,-0.00063214,-3.0728,0.0248,454.69
22.887,51.902,-3.4415,-11.236,-1.1413,0.025594,-0.00042748,-3.0404,0.0628,179.85
22.927,51.448,-3.287,-11.188,-0.76702,0.26748,-0.0067419,-3.0732,0.0226,496.21
22.967,51.008,-3.606,-11.134,-1.4539,0.17739,-0.005892,-3.0117,0.0918,122.31
23.007,50.571,-3.8644,-11.063,-1.9457,0.14074,-0.005774,-2.9675,0.137,81.993
23.047,50.145,-4.1747,-10.962,-2.5509,0.080375,-0.0038773,-2.913,0.19,59.236
23.087,49.708,-4.2776,-10.973,-2.5749,0.042644,-0.002352,-2.9111,0.1824,61.792
23.127,50.727,-4.4837,-10.971,-2.5171,0.058998,-0.0036453,-2.9159,0.1694,66.446
23.167,50.289,-4.5606,-10.964,-2.5093,0.072094,-0.0049259,-2.9164,0.1621,69.389
23.207,49.846,-4.6445,-10.949,-2.481,0.096736,-0.0072107,-2.9184,0.1535,73.136
23.247,49.412,-4.6033,-10.99,-2.2219,0.052718,-0.0042474,-2.9419,0.1221,91.833
23.287,48.973,-4.6799,-10.972,-2.2517,0.062131,-0.0053624,-2.939,0.1201,93.265
23.327,48.545,-4.7275,-10.941,-2.2014,0.1218,-0.011198,-2.9426,0.1128,98.935
23.367,48.106,-4.8088,-10.913,-2.2215,0.14749,-0.014344,-2.9402,0.1113,100.06
23.407,47.668,-4.9503,-10.886,-2.3541,0.15205,-0.015603,-2.9281,0.1192,93.439
23.447,47.234,-5.083,-10.864,-2.5225,0.12497,-0.013512,-2.913,0.1288,86.592
23.487,46.803,-5.2205,-10.826,-2.6494,0.14062,-0.016002,-2.901,0.1354,82.312
23.527,46.372,-5.423,-10.786,-2.9123,0.12846,-0.015361,-2.8773,0.1521,73.454
23.567,45.945,-5.5394,-10.751,-2.9796,0.13833,-0.017314,-2.8706,0.1526,73.106
23.607,45.523,-5.643,-10.726,-2.9708,0.15421,-0.020163,-2.8707,0.1476,75.408
23.647,45.373,-5.8435,-10.708,-2.8621,0.17201,-0.023418,-2.8795,0.1355,81.8
23.687,44.941,-6.0469,-10.689,-3.1206,0.12276,-0.01739,-2.8568,0.1496,74.433
23.727,44.508,-6.1611,-10.675,-3.1205,0.12182,-0.017941,-2.8565,0.1455,76.437
23.767,44.084,-6.2964,-10.65,-3.1673,0.12255,-0.018776,-2.8518,0.1449,76.679
23.807,43.668,-6.3979,-10.61,-3.1559,0.14142,-0.022522,-2.8516,0.1402,78.951
23.847,43.255,-6.531,-10.591,-3.0169,0.15467,-0.025567,-2.8631,0.1264,87.121
23.887,42.788,-6.4165,-10.555,-2.8702,0.18724,-0.032077,-2.8749,0.1133,96.54
23.927,42.027,-6.5058,-10.493,-2.5372,0.27375,-0.04849,-2.903,0.0886,121.84
23.967,41.586,-6.5495,-10.475,-2.483,0.27056,-0.049492,-2.9075,0.0832,129.39
24.007,41.189,-6.6179,-10.403,-2.4232,0.32925,-0.062137,-2.9111,0.0788,135.55
24.047,40.775,-6.761,-10.377,-2.5062,0.30933,-0.06021,-2.903,0.0825,129.4
24.087,40.293,-6.8588,-10.329,-2.4918,0.32726,-0.065635,-2.9032,0.0805,132
24.127,39.91,-6.9811,-10.295,-2.5923,0.30321,-0.062643,-2.8933,0.086,123.45
24.167,39.446,-7.0936,-10.269,-2.6446,0.28572,-0.060728,-2.888,0.0876,121.05
24.207,39.064,-7.2015,-10.246,-2.7725,0.25707,-0.056179,-2.8759,0.095,111.73
24.247,38.659,-7.2546,-10.214,-2.7077,0.26944,-0.060545,-2.8809,0.089,118.73
24.287,38.257,-7.3997,-10.163,-2.8168,0.26081,-0.060044,-2.8697,0.0946,111.48
24.327,37.836,-7.5525,-10.142,-2.8967,0.24398,-0.057586,-2.8619,0.0979,107.74
24.367,37.446,-7.6323,-10.093,-2.8536,0.25602,-0.061865,-2.8645,0.0932,112.54
24.407,37.043,-7.8124,-10.074,-3.0151,0.22277,-0.055109,-2.8493,0.1016,103.5
24.447,36.657,-7.9248,-10.025,-3.0483,0.21782,-0.055111,-2.845,0.1014,103.33
24.487,36.208,-8.0261,-10.014,-3.0673,0.18964,-0.04903,-2.8431,0.1,104.73
24.527,35.805,-8.1053,-9.9643,-3.0273,0.20195,-0.053275,-2.8453,0.0955,109.05
24.567,35.425,-8.2367,-9.9671,-3.0702,0.16487,-0.044338,-2.8417,0.0952,109.55
24.607,34.991,-8.3673,-9.952,-3.1101,0.14573,-0.039893,-2.8377,0.0954,109.29
24.647,34.584,-8.4617,-9.9559,-3.0994,0.12884,-0.035898,-2.8389,0.0917,113.71
24.687,34.199,-8.5283,-9.9057,-3.0281,0.1401,-0.039633,-2.844,0.0853,121.43
24.727,33.818,-8.6626,-9.8952,-3.1261,0.11726,-0.03363,-2.8348,0.09,115.3
24.767,33.429,-8.7684,-9.8824,-3.1104,0.10615,-0.030845,-2.8359,0.086,120.47
24.807,33.035,-8.8886,-9.8716,-3.1371,0.095472,-0.028094,-2.8332,0.0855,121.15
24.847,32.65,-8.9644,-9.8513,-3.0631,0.091998,-0.027382,-2.8395,0.0776,132.94
24.887,32.249,-9.0642,-9.8273,-3.0431,0.10004,-0.030108,-2.8406,0.0751,136.99
24.927,31.862,-9.1499,-9.7676,-2.9999,0.12442,-0.037848,-2.8427,0.072,141.92
24.968,31.471,-9.3249,-9.7222,-3.1883,0.12754,-0.039167,-2.8237,0.0865,118.29
25.007,31.057,-9.4813,-9.7034,-3.2846,0.1161,-0.035996,-2.8143,0.0916,111.84
25.047,30.667,-9.652,-9.6894,-3.4662,0.10064,-0.031478,-2.7972,0.1034,99.524
25.087,30.281,-9.8323,-9.6806,-3.62,0.081164,-0.025581,-2.7831,0.1122,92.115
25.127,29.897,-10.039,-9.6525,-3.8042,0.071411,-0.022672,-2.7656,0.1239,83.738
25.167,29.591,-10.208,-9.6689,-4.0634,0.040941,-0.013087,-2.7434,0.1391,75.399
25.208,29.199,-10.396,-9.657,-4.1899,0.032303,-0.010393,-2.7319,0.1442,73.001
25.247,28.789,-10.623,-9.6865,-4.4861,0.015471,-0.0050092,-2.7077,0.1607,66.428
25.288,28.402,-10.807,-9.661,-4.5563,0.01479,-0.0048164,-2.7008,0.1612,66.262
25.328,28.001,-11,-9.657,-4.6453,0.013169,-0.0043155,-2.6931,0.1622,66.067
25.368,27.62,-11.186,-9.6491,-4.7188,0.011954,-0.0039377,-2.6866,0.1619,66.344
25.408,27.249,-11.392,-9.6255,-4.7527,0.011813,-0.0039128,-2.6828,0.1594,67.346
25.448,26.866,-11.573,-9.6092,-4.7928,0.011404,-0.003796,-2.6788,0.1571,68.352
25.488,26.5,-11.735,-9.5527,-4.7877,0.010863,-0.003633,-2.6769,0.1532,69.747
25.528,26.117,-11.932,-9.5305,-4.8448,0.011662,-0.0039197,-2.6712,0.153,69.877
25.568,25.757,-12.106,-9.4841,-4.8518,0.0096462,-0.0032586,-2.6686,0.1497,71.163
25.608,25.38,-12.303,-9.4648,-4.9125,0.0093733,-0.0031819,-2.6627,0.1497,71.234
25.648,25.001,-12.493,-9.4565,-4.9559,0.0089677,-0.0030589,-2.6588,0.1477,72.284
25.688,24.642,-11.986,-10.455,-5.7232,0.0049504,-0.0016963,-2.6408,0.0688,173.24
25.728,24.224,-12.292,-10.428,-5.7668,0.0025411,-0.00087465,-2.6365,0.0918,129.81
25.768,23.852,-12.482,-10.351,-5.5656,0.011763,-0.0040647,-2.6484,0.0529,222.16
25.808,23.44,-12.737,-10.455,-5.6273,0.022181,-0.0076933,-2.648,0.0367,323.51
25.848,23.052,-12.965,-10.441,-5.6436,0.025512,-0.0088799,-2.6463,0.0377,314.82
25.888,22.761,-13.1,-10.224,-5.4196,0.018024,-0.0062982,-2.6543,0.0064,1808
25.928,22.45,-13.304,-10.106,-5.412,0.016283,-0.005708,-2.6501,0.0165,694.8
25.968,22.107,-13.45,-10.021,-5.1635,0.0090715,-0.0031913,-2.6659,-0.0354,-318.44
26.008,21.722,-13.648,-9.9872,-5.1258,0.011737,-0.0041392,-2.6675,-0.0363,-309.25
26.048,21.415,-13.808,-9.7782,-5.0712,0.0090667,-0.0032055,-2.6632,-0.0241,-457.06
26.088,21.067,-13.97,-9.6484,-4.968,0.0021326,-0.00075572,-2.6661,-0.0289,-375.51
26.128,20.666,-14.192,-10.325,-6.0493,0.033625,-0.012047,-2.6496,0.00097431,12282
26.168,20.243,-14.45,-10.705,-6.7211,0.065262,-0.02339,-2.6331,0.030986,407.93
26.208,19.813,-14.724,-10.786,-6.9769,0.096625,-0.034635,-2.6167,0.060739,211.49
26.248,19.385,-15.002,-10.569,-6.8225,0.12814,-0.045933,-2.6002,0.090632,138.8
26.288,18.97,-15.265,-10.053,-6.254,0.15973,-0.05726,-2.5837,0.1206,98.175
26.328,18.57,-15.523,-10.061,-6.3245,0.16792,-0.060337,-2.579,0.1206,98.54
26.368,18.172,-15.785,-10.068,-6.3965,0.17612,-0.063408,-2.5741,0.1206,98.904
26.408,17.807,-16.049,-9.9845,-6.5097,0.18271,-0.065524,-2.5654,0.1261,94.521
26.448,17.455,-16.313,-9.8952,-6.5796,0.18227,-0.065503,-2.5564,0.1313,90.503
26.488,17.306,-16.419,-9.1635,-6.0323,-0.11696,0.042425,-2.5582,0.1066,102.92
26.528,17.162,-16.625,-8.6115,-5.8995,-0.26812,0.097796,-2.5379,0.1241,84.114
26.568,16.829,-16.858,-8.1102,-5.8115,-0.27427,0.10039,-2.5337,0.12235,81.55
26.608,16.512,-17.089,-7.7488,-5.7512,-0.28044,0.10299,-2.5294,0.12059,80.022
26.648,16.206,-17.319,-7.5279,-5.7188,-0.28663,0.1056,-2.5251,0.11883,79.56
26.688,15.908,-17.547,-7.4492,-5.7145,-0.29278,0.10819,-2.5209,0.11707,80.194
26.728,15.609,-17.776,-7.5113,-5.7381,-0.29895,0.11079,-2.5166,0.11532,81.968
26.768,15.305,-18.007,-7.7146,-5.7896,-0.30512,0.11339,-2.5124,0.11356,84.939
26.808,14.99,-18.24,-8.0593,-5.8691,-0.31129,0.116,-2.5081,0.1118,89.176
26.848,14.632,-18.468,-8.1285,-5.8701,-0.26177,0.097633,-2.5128,0.0985,101.79
26.888,14.27,-18.69,-8.2153,-5.9406,-0.16352,0.060884,-2.5135,0.0954,106.27
26.928,13.946,-18.953,-8.2189,-5.9112,-0.18654,0.069771,-2.5157,0.0814,124.37
26.968,13.635,-19.208,-8.1605,-5.905,-0.21437,0.080457,-2.5125,0.0778,129.47
27.008,13.4,-19.552,-8.0896,-6.1403,-0.10918,0.040922,-2.4909,0.0975,104.16
27.048,13.11,-19.827,-8.0463,-6.1688,-0.12729,0.047903,-2.4859,0.0939,107.97
27.088,12.862,-20.122,-7.9268,-6.2553,-0.13663,0.051569,-2.4717,0.1025,98.514
27.128,12.571,-20.384,-7.8776,-6.2916,-0.13645,0.051645,-2.4659,0.1028,98.071
27.168,12.3,-20.677,-7.8114,-6.3842,-0.10827,0.041063,-2.455,0.1089,92.639
27.208,12.035,-20.976,-7.746,-6.4874,-0.073624,0.027974,-2.4434,0.1149,87.935
27.248,11.694,-21.248,-7.8562,-6.546,0.026842,-0.010189,-2.4473,0.104,98.326
27.288,11.375,-21.517,-7.8742,-6.6036,0.066501,-0.025283,-2.4446,0.1012,101.55
27.328,11.13,-21.87,-7.8605,-6.6834,0.10588,-0.040314,-2.4383,0.1033,99.881
27.368,10.844,-22.157,-7.8153,-6.7529,0.11443,-0.043699,-2.4305,0.1056,97.809
27.408,10.549,-22.452,-7.7877,-6.8011,0.11425,-0.043761,-2.4252,0.1048,98.658
******-------------------------------------------------------------------------------------------------------------------****** 
