******-------------------------------------------------------------------------------------------------------------------****** 
Duration of the scene is: 13.1905 seconds
Original Targets Numbers in the hole Scene: 3
Number of Targets in the hole Scene after preprocessing: 5
Number of static portions: 1
******-------------------------------------------------------------------------------------------------------------------****** 
TargetID: ID01
Relevancy: 1
tj = 9.4704
Label: 0
Comment: Target is relevant and going straight, since the velocity ratio is almost not changing
DATA:
7.1918,20.323,29.445,NaN,NaN,NaN,NaN,-1.6927,NaN,NaN
7.2385,18.838,29.681,NaN,NaN,NaN,NaN,-2.3597,NaN,NaN
7.2705,NaN,NaN,NaN,NaN,NaN,NaN,-2.1641,NaN,NaN
7.3164,NaN,NaN,NaN,NaN,NaN,NaN,-1.7632,NaN,NaN
7.363,NaN,NaN,NaN,NaN,NaN,NaN,-1.7258,NaN,NaN
7.3943,NaN,NaN,NaN,NaN,NaN,NaN,-1.6628,NaN,NaN
7.4411,20.612,26.387,-0.45828,-14.403,-0,-0,-1.6026,0,Inf
7.4724,20.6,25.811,-0.45847,-14.403,-0,-0,-1.6026,0,Inf
7.519,20.072,25.512,-1.8819,-13.595,0.00011118,8.6903e-05,-1.7083,0.0007,19607
7.5506,20.314,24.834,-1.012,-13.944,-0.068533,-0.053323,-1.6433,0.0288,485.46
7.5972,20.093,24.335,-1.4505,-13.75,0.033618,0.026112,-1.6759,0.0152,909.61
7.6287,20.053,23.773,-1.3844,-13.727,0.055207,0.04281,-1.6713,0.0222,621.48
7.6754,20.345,24.902,-1.9341,-13.426,0.089874,0.069566,-1.7131,-0.009,-1507.2
7.7219,20.306,24.348,-1.8311,-13.39,0.094715,0.073234,-1.7059,-0.0028,-4826.5
7.7532,20.122,23.859,-2.1362,-13.151,0.13489,0.10419,-1.7307,-0.0211,-631.46
7.8001,19.932,23.532,-2.5714,-12.837,0.18176,0.14027,-1.7668,-0.0576,-227.29
7.8311,19.862,23.008,-2.5475,-12.733,0.19153,0.1477,-1.7665,-0.0622,-208.77
7.8779,19.837,22.477,-2.2985,-12.738,0.16361,0.1261,-1.7478,-0.0388,-333.61
7.9092,19.812,21.914,-2.1124,-12.702,0.15191,0.11699,-1.7341,-0.0223,-577.41
7.9561,19.755,21.391,-1.9679,-12.615,0.14528,0.11176,-1.7241,-0.0075,-1702.3
8.0026,19.645,20.935,-2.0401,-12.4,0.17468,0.1342,-1.7321,-0.0186,-675.64
8.0343,19.552,20.469,-2.0803,-12.216,0.19469,0.14938,-1.7374,-0.0272,-455.59
8.0808,19.445,19.991,-2.2107,-11.99,0.23345,0.17896,-1.7506,-0.0454,-268.55
8.1124,19.208,19.702,-2.8645,-11.401,0.38257,0.29228,-1.8129,-0.1337,-87.924
8.1589,19.086,19.252,-2.8608,-11.229,0.39837,0.30443,-1.8159,-0.1301,-89.07
8.1902,19.109,18.763,-2.3619,-11.26,0.25676,0.19602,-1.7746,-0.0616,-186.77
8.237,19.044,18.048,-1.9563,-11.241,0.13906,0.10612,-1.7416,-0.0137,-832.84
8.2686,19.033,17.569,-1.6745,-11.171,0.054302,0.041397,-1.719,0.0172,656.75
8.3148,19.011,17.086,-1.4469,-11.109,-0.019244,-0.01465,-1.7005,0.042,266.73
8.3616,18.977,16.618,-1.3998,-10.96,-0.032891,-0.024985,-1.6982,0.0419,263.71
8.3931,18.875,16.203,-1.4397,-10.722,-0.014544,-0.011017,-1.7044,0.0356,303.9
8.4395,18.808,15.799,-1.4331,-10.485,-0.011739,-0.0088635,-1.7068,0.0332,318.74
8.4708,18.672,15.426,-1.5334,-10.186,0.038982,0.029316,-1.7197,0.0195,528.25
8.5177,18.634,15.016,-1.4996,-9.983,0.029316,0.021949,-1.7195,0.0194,520.36
8.5488,18.582,14.608,-1.4778,-9.779,0.023469,0.017489,-1.7204,0.0179,552.51
8.5955,18.501,14.233,-1.5002,-9.5296,0.040325,0.029877,-1.7263,0.0109,885.04
8.6424,18.399,13.906,-1.5679,-9.2367,0.084682,0.062312,-1.7376,-0.0018,-5204.9
8.6735,18.315,13.588,-1.6109,-8.9472,0.12064,0.088052,-1.7469,-0.0118,-770.43
8.7203,18.261,13.221,-1.5395,-8.7647,0.081116,0.0588,-1.7433,-0.0065,-1369.1
8.7518,18.226,12.866,-1.4703,-8.5878,0.039831,0.028639,-1.7396,-0.0021,-4148.9
8.7982,18.185,12.538,-1.6774,-8.2213,0.1809,0.12843,-1.7686,-0.0339,-247.51
8.8297,18.112,12.228,-1.6558,-8.0074,0.16965,0.1193,-1.7713,-0.0353,-231.64
8.8766,18.04,11.916,-1.5935,-7.8365,0.12435,0.086571,-1.7688,-0.031,-257.96
8.923,17.963,11.605,-1.5401,-7.635,0.088093,0.06062,-1.7679,-0.0284,-274.25
8.9543,17.991,11.292,-1.4022,-7.5289,-0.020699,-0.014085,-1.7554,-0.0141,-543.15
9.0012,17.95,10.976,-1.2994,-7.3494,-0.10308,-0.069265,-1.7484,-0.0059,-1265
9.0325,17.908,10.681,-1.2005,-7.1382,-0.18837,-0.12488,-1.7426,0.0006,12064
9.0791,17.829,10.443,-1.1574,-6.8747,-0.23557,-0.1535,-1.7445,-0.0014,-4979.6
9.1106,17.82,10.142,-1.0037,-6.627,-0.37953,-0.24506,-1.7333,0.0104,644.48
9.1571,17.801,9.8784,-0.86539,-6.4244,-0.53304,-0.33777,-1.7233,0.0204,317.76
9.1887,17.795,9.6013,-0.56539,-6.2183,-0.85598,-0.53985,-1.6944,0.0483,129.28
9.2352,17.789,9.3635,-0.38013,-5.8702,-1.08,-0.68339,-1.6828,0.0582,101.07
9.2819,17.804,9.0895,-0.13425,-5.6312,-1.38,-0.87827,-1.6618,0.0766,73.535
9.3133,17.795,8.8751,0.072614,-5.3108,-1.6577,-1.0682,-1.6489,0.0865,61.403
9.36,17.813,8.634,0.29592,-5.0728,-1.9328,-1.2676,-1.6313,0.1,50.814
9.3913,17.828,8.4127,0.43989,-4.8637,-2.0957,-1.3876,-1.6216,0.1054,46.334
9.4379,17.841,8.191,0.59088,-4.6735,-2.2584,-1.5162,-1.6104,0.1117,42.172
9.4704,17.873,7.9743,1.0073,-4.3404,-2.7722,-2.0352,-1.5791,0.1367,32.595
9.5161,17.915,7.7543,1.218,-4.1211,-2.9817,-2.2942,-1.5641,0.1455,29.535
9.5627,17.933,7.5717,1.439,-3.6156,-2.993,-2.6261,-1.5518,0.1513,25.72
9.5943,17.975,7.3743,1.6652,-3.6478,-3.3674,-2.9559,-1.5357,0.1605,24.983
9.6407,18.775,5.4665,9.8338,-8.5975,-7.9152,-4.1537,-0.8015,0.0734,177.96
9.6722,19.357,4.9969,8.9571,-8.407,-7.8281,-4.0789,-0.848,0.0586,209.63
9.7188,19.545,4.7906,9.3567,-8.0047,-8.0502,-3.996,-0.8007,0.1276,96.501
9.7502,19.891,4.4,8.5126,-7.983,-9.309,-3.5476,-0.7533,0.3681,31.704
******-------------------------------------------------------------------------------------------------------------------****** 
TargetID: ID05
Target can not be processed due to lack of Data
******-------------------------------------------------------------------------------------------------------------------****** 
TargetID: ID06
Target can not be processed due to lack of Data
******-------------------------------------------------------------------------------------------------------------------****** 
TargetID: ID08
Target can not be processed due to lack of Data
******-------------------------------------------------------------------------------------------------------------------****** 
TargetID: ID09
Target can not be processed due to lack of Data
******-------------------------------------------------------------------------------------------------------------------****** 
