******-------------------------------------------------------------------------------------------------------------------****** 
Duration of the scene is: 24.9275 seconds
Original Targets Numbers in the hole Scene: 7
Number of Targets in the hole Scene after preprocessing: 8
Number of static portions: 1
******-------------------------------------------------------------------------------------------------------------------****** 
TargetID: ID02
Relevancy: 0
tj = Inf
Label: -1
Comment: Target is irrelevant as it is not crossing the estimated holding line
DATA:
0,-0.015359,19.517,0.6123,-5.7366,0.14557,0.14526,-1.4613,-0.1868,-30.884
0.040066,0.22095,19.084,1.2307,-5.7083,0.24577,0.2431,-1.3528,-0.0162,-360.46
0.080028,0.3557,18.864,1.4246,-5.6724,0.27085,0.27171,-1.3247,0.0159,367.84
0.12009,0.44768,18.636,1.4925,-5.7015,0.28553,0.28647,-1.3148,0.025,235.75
0.16003,0.52904,18.415,1.5577,-5.7247,0.29882,0.29982,-1.3051,0.0358,165.72
0.20008,0.61718,18.186,1.6307,-5.7517,0.31339,0.31447,-1.2945,0.0463,129.12
0.24013,0.70857,17.957,1.7108,-5.7772,0.32904,0.33021,-1.2829,0.0577,104.42
0.28014,0.77822,17.725,1.7348,-5.8089,0.3346,0.33579,-1.2806,0.0577,105.07
0.32011,0.85177,17.493,1.765,-5.8397,0.34185,0.34307,-1.2773,0.0587,103.93
0.36012,0.9389,17.272,1.5472,-5.8495,0.26458,0.26315,-1.3064,0.0217,278.83
0.40008,1.0215,17.035,1.6164,-5.8849,0.28065,0.28163,-1.3027,0.023,265.34
0.44021,1.1424,16.785,1.7196,-5.9405,0.31169,0.30965,-1.2824,0.042,147.25
0.4801,1.1805,16.554,1.7175,-5.9467,0.29761,0.29867,-1.2896,0.0337,183.67
0.52021,1.2175,16.311,1.6643,-5.9801,0.2904,0.29141,-1.2993,0.0223,278.36
0.56019,1.2801,16.071,1.6643,-6.0181,0.29359,0.29461,-1.301,0.0192,325.21
0.60023,1.4357,15.814,1.8658,-6.0916,0.34588,0.3434,-1.2666,0.051,124.92
0.64023,1.4698,15.572,1.8134,-6.1098,0.32729,0.32849,-1.2823,0.0331,192.55
0.6802,1.5439,15.312,1.8092,-6.1806,0.34583,0.34715,-1.286,0.0263,244.87
0.72022,1.4988,15.359,1.5941,-6.1954,0.27173,0.26938,-1.3111,0.0009,7108
0.76021,1.4193,15.159,1.3992,-6.1352,0.18116,0.18012,-1.3411,-0.02,-314.64
0.80026,1.5038,14.899,1.4829,-6.1904,0.19724,0.19599,-1.3298,-0.0095,-670.06
0.84026,1.1874,14.413,1.4829,-6.1904,NaN,NaN,-1.381,NaN,NaN
0.88023,0.87111,13.927,1.4829,-6.1904,NaN,NaN,-1.4322,NaN,NaN
0.92033,0.5539,13.44,NaN,NaN,NaN,NaN,-1.4835,NaN,NaN
0.96025,1.1692,12.685,1.2022,-6.2773,-0,0,-1.3816,0,Inf
1.0003,0.83035,12.93,1.2022,-6.2773,NaN,NaN,-1.6098,NaN,NaN
1.0403,0.4922,13.175,NaN,NaN,NaN,NaN,-1.8375,NaN,NaN
******-------------------------------------------------------------------------------------------------------------------****** 
TargetID: ID12
Target can not be processed due to lack of Data
******-------------------------------------------------------------------------------------------------------------------****** 
TargetID: ID14
Target can not be processed due to lack of Data
******-------------------------------------------------------------------------------------------------------------------****** 
TargetID: ID15
Target can not be processed due to lack of Data
******-------------------------------------------------------------------------------------------------------------------****** 
TargetID: ID20
Relevancy: 1
tj = 1.8006
Label: 0
Comment: Target is relevant and going straight, since the velocity ratio is almost not changing
DATA:
1.0403,0.7974,11.665,NaN,NaN,NaN,NaN,-1.4907,NaN,NaN
1.0804,1.6486,11.536,1.9967,-6.315,0.00090003,0.00089969,-1.2646,-0.0015,-4415.4
1.1203,1.6817,11.494,2.0317,-6.3308,0.029698,0.029702,-1.2603,-0.0113,-588.39
1.1604,1.787,11.241,2.0741,-6.4086,0.12995,0.12985,-1.2574,-0.024,-280.66
1.2004,1.8915,10.979,2.1191,-6.4812,0.22844,0.22816,-1.2542,-0.0264,-258.29
1.2404,2.0051,11.8,1.5382,-6.5768,0.20698,0.20557,-1.3349,-0.2051,-32.932
1.2804,2.0309,11.538,1.3487,-6.7053,0.23829,0.23604,-1.3655,-0.2585,-26.459
1.3204,2.1031,11.285,1.534,-6.7632,0.31081,0.30784,-1.339,-0.1588,-43.671
1.3604,2.1398,10.989,1.4359,-6.8542,0.30564,0.30205,-1.356,-0.1824,-38.394
1.4004,2.1982,10.73,1.43,-6.8918,0.30011,0.29669,-1.3581,-0.1667,-42.223
1.4404,1.8165,9.9705,1.43,-6.8918,NaN,NaN,-1.4497,NaN,NaN
1.4805,1.4347,9.2101,NaN,NaN,NaN,NaN,-1.5413,NaN,NaN
1.5204,2.3601,9.2856,2.6471,-6.8253,0.0038004,0.0038002,-1.2008,-0.0018,-4067
1.5605,2.1149,9.1842,2.6471,-6.8253,NaN,NaN,-1.4167,NaN,NaN
1.6005,1.8707,9.0831,2.6471,-6.8253,NaN,NaN,-1.6318,NaN,NaN
1.6406,1.6254,8.9816,2.6471,-6.8253,NaN,NaN,-1.8478,NaN,NaN
1.6805,1.3816,8.8807,NaN,NaN,NaN,NaN,-2.0625,NaN,NaN
1.7205,1.6324,8.4866,NaN,NaN,NaN,NaN,-1.6407,NaN,NaN
1.7605,NaN,NaN,NaN,NaN,NaN,NaN,-1.2696,NaN,NaN
1.8006,2.5196,7.8035,1.1119,-6.6928,-0,0,-1.4062,0,Inf
1.8405,2.5417,7.5506,1.0192,-6.6691,0.064792,0.064811,-1.4193,-0.0212,-318.23
1.8806,2.6099,7.2882,1.1072,-6.6857,0.11838,0.1184,-1.4067,0.0049,1383
1.9205,2.7643,6.9527,1.3233,-6.9652,0.21478,0.21459,-1.3826,-0.0473,-149.89
1.9607,2.8747,6.6139,1.3992,-7.1621,0.25672,0.25645,-1.3773,-0.0978,-74.617
2.0006,2.9744,6.2957,1.4844,-7.3021,0.27984,0.27953,-1.3697,-0.1076,-69.251
******-------------------------------------------------------------------------------------------------------------------****** 
TargetID: ID21
Target can not be processed due to lack of Data
******-------------------------------------------------------------------------------------------------------------------****** 
TargetID: ID07
Relevancy: 1
tj = 1.1203
Label: 0
Comment: Target is relevant and going straight, since target is crossing Ego X-axis in EFC
DATA:
0,2.0571,14.748,1.027,-5.5072,0.18189,0.17785,-1.3668,-0.0182,-307.81
0.040066,2.0928,14.356,1.0245,-5.6134,0.17476,0.16954,-1.372,-0.0204,-279.71
0.080028,2.1308,14.132,1.0188,-5.5843,0.16894,0.16554,-1.3725,-0.0202,-281.01
0.12009,2.1619,13.905,1.0156,-5.6335,0.17522,0.17164,-1.3743,-0.0208,-275.21
0.16003,2.111,13.714,1.0588,-5.6089,0.15679,0.15745,-1.3842,-0.0258,-221.24
0.20008,2.1449,13.488,1.007,-5.6649,0.16225,0.15923,-1.3782,-0.0222,-259.18
0.24013,2.1868,13.265,1.0101,-5.6802,0.15298,0.15031,-1.3792,-0.0222,-259.88
0.28014,2.258,13.017,1.0498,-5.7319,0.16257,0.15958,-1.3734,-0.0185,-314.98
0.32011,2.3354,12.786,1.0504,-5.7797,0.16586,0.1628,-1.3746,-0.0187,-314.14
0.36012,2.3786,12.551,1.0292,-5.8231,0.16734,0.16431,-1.3796,-0.0211,-280.26
0.40008,2.421,12.317,1.0556,-5.8625,0.17125,0.16809,-1.3762,-0.0187,-318.55
0.44021,2.4655,12.096,1.0524,-5.9086,0.18421,0.18062,-1.3771,-0.019,-315.88
0.4801,2.5194,11.862,1.0707,-5.9319,0.17823,0.17489,-1.3755,-0.0175,-344.44
0.52021,2.5685,11.624,1.0701,-5.9648,0.17534,0.17215,-1.377,-0.018,-336.67
0.56019,2.6473,11.367,1.1335,-6.0207,0.18415,0.18063,-1.3679,-0.0118,-519.19
0.60023,2.6925,11.114,1.1374,-6.0614,0.18465,0.18117,-1.3687,-0.0121,-509.69
0.64023,2.7442,10.849,1.1528,-6.131,0.2022,0.19815,-1.3673,-0.011,-567.13
0.6802,2.781,10.591,1.193,-6.2348,0.21566,0.21016,-1.3635,-0.0084,-755.7
0.72022,2.8251,10.363,1.1518,-6.252,0.22584,0.22098,-1.3696,-0.0125,-508.58
0.76021,2.8843,10.112,1.1628,-6.2901,0.22185,0.21722,-1.3696,-0.012,-533.06
0.80026,2.9246,9.8563,1.3856,-6.2789,0.21134,0.21746,-1.3711,-0.0127,-506.29
0.84026,2.9303,9.6223,1.3755,-6.3095,0.21245,0.21855,-1.3736,-0.0146,-442.31
0.88023,2.9556,9.3992,1.1115,-6.3872,0.21932,0.21503,-1.3809,-0.02,-324.16
0.92033,2.9989,9.1694,1.1102,-6.4083,0.21703,0.21287,-1.3819,-0.0204,-318.81
0.96025,3.0514,8.9168,1.1182,-6.4455,0.21005,0.20621,-1.3825,-0.0201,-325.46
1.0003,3.1038,8.6578,1.123,-6.4776,0.20198,0.19847,-1.3834,-0.02,-328.71
1.0403,3.1903,8.4217,1.1617,-6.3987,0.14354,0.14171,-1.3797,-0.0157,-414.22
1.0804,3.2536,8.1628,1.1808,-6.3931,0.12179,0.12046,-1.3784,-0.0138,-471.11
1.1203,3.3489,7.9055,1.2389,-6.3765,0.094737,0.09392,-1.3713,-0.0073,-889.83
1.1604,3.442,7.6558,1.2782,-6.3619,0.074163,0.073656,-1.3665,-0.0031,-2093.2
1.2004,3.5059,7.3671,1.285,-6.4128,0.081956,0.081346,-1.3665,-0.0026,-2515.5
1.2404,3.5668,7.1055,1.2974,-6.4258,0.078061,0.077509,-1.3654,-0.0015,-4370.3
1.2804,3.6672,6.845,1.3388,-6.4387,0.07177,0.071299,-1.3601,0.0027,2435.7
1.3204,3.7861,6.5835,1.4129,-6.4478,0.060382,0.060043,-1.3503,0.0102,647.14
1.3604,3.8769,6.315,1.4399,-6.4836,0.070177,0.069723,-1.3468,0.0126,527.11
1.4004,3.9871,6.0521,1.501,-6.5062,0.069582,0.069131,-1.3386,0.0183,364.87
1.4404,4.0782,5.7657,1.5884,-6.5892,0.10047,0.099537,-1.3266,0.0265,255.77
1.4805,4.1904,5.4868,1.668,-6.6324,0.10728,0.10621,-1.3164,0.0334,204.76
1.5204,4.2738,5.223,1.7053,-6.65,0.10889,0.10778,-1.3116,0.0359,191.23
1.5605,4.3345,4.9485,1.7079,-6.7171,0.14778,0.14577,-1.311,0.0346,200.31
1.6005,4.3974,4.6676,1.8864,-6.7373,0.17782,0.18182,-1.3107,0.0334,209.47
1.6406,4.4633,4.3942,1.8188,-6.8134,0.20472,0.20544,-1.3099,0.0325,216.99
1.6805,4.685,2.0502,2.2995,-7.0878,0.22428,0.23022,-1.2717,0.0321,232.13
1.7205,4.5368,2.805,1.8601,-7.362,0.24333,0.24944,-1.3381,-0.0557,-136.32
1.7605,4.7613,1.4651,1.5557,-7.176,0.25689,0.26377,-1.3736,-0.207,-35.472
1.8006,4.6064,1.8691,1.9372,-7.238,0.36934,0.38402,-1.3324,-0.205,-36.55
1.8405,4.7178,1.7475,2.1174,-7.2762,0.41723,0.43613,-1.3135,-0.1513,-50.086
1.8806,4.8403,1.5455,2.2237,-7.243,0.38751,0.40419,-1.2972,-0.0714,-106.12
1.9205,4.9221,1.3668,2.1861,-7.2693,0.3916,0.40843,-1.303,-0.0809,-93.831
1.9607,5.201,-0.1104,2.0214,-7.1762,0.3685,0.38356,-1.3197,-0.1404,-53.101
2.0006,5.0337,0.27348,2.1076,-7.1154,0.61851,0.66166,-1.3228,-0.3614,-20.534
2.0406,5.1475,0.074517,2.2174,-6.986,0.55003,0.58616,-1.3004,-0.21,-34.902
2.0806,4.9552,0.60523,2.3841,-8.0378,0.52623,0.55096,-1.3092,-0.2365,-35.45
2.1206,4.9615,0.37276,2.2217,-7.961,0.48584,0.507,-1.3238,-0.2377,-34.772
2.1607,5.018,-0.16521,2.1841,-8.2217,0.50315,0.52416,-1.3355,-0.2475,-34.371
2.2007,4.7086,2.0651,1.9766,-7.9135,0.47446,0.49416,-1.3506,-0.3551,-22.97
2.2407,5.0541,0.4326,1.8107,-7.8461,0.44106,0.45804,-1.3672,-0.3614,-22.281
2.2807,4.8788,1.5482,2.4185,-7.9816,0.56945,0.59867,-1.3057,-0.3677,-22.681
2.3206,5.2634,0.4736,1.4169,-7.1797,0.4878,0.46989,-1.3449,-0.3464,-21.127
2.3608,5.1706,0.68809,1.4333,-7.3704,0.70215,0.66635,-1.3361,-0.5326,-14.098
2.4007,5.343,-1.3798,1.2152,-8.1117,0.50876,0.49505,-1.3971,-0.5052,-16.236
2.4408,5.5414,-0.63711,1.3984,-9.1157,0.51272,0.50174,-1.3987,-0.4996,-18.459
2.4808,5.5422,-1.0826,1.0709,-9.3641,0.37527,0.37028,-1.4434,-0.4958,-19.01
2.5208,5.4904,-1.2394,0.68439,-9.3553,0.2613,0.25917,-1.4886,-0.658,-14.256
2.5607,5.2104,-1.4481,0.66091,-9.4636,0.3121,0.30914,-1.4904,-0.7594,-12.492
2.6008,5.7352,-2.962,1.1736,-8.1941,0.70943,0.68314,-1.3943,-0.825,-10.034
2.6409,5.7954,-3.4927,0.93521,-8.3329,0.53846,0.52516,-1.4344,-0.8369,-10.019
2.6808,5.5031,-1.9473,0.68682,-8.921,0.35621,0.35177,-1.4802,-0.7735,-11.567
2.7208,5.7112,-2.51,0.49181,-8.9927,0.25874,0.25661,-1.5065,-0.7443,-12.1
2.7608,5.7713,-2.9172,0.22593,-9.1867,0.10311,0.10282,-1.5426,-0.7383,-12.447
2.8009,5.7873,-3.328,-0.1559,-9.3384,-0.1051,-0.10534,-1.5909,-0.7898,-11.825
2.8409,5.7857,-3.6545,-0.29907,-9.3867,-0.18432,-0.185,-1.6084,-0.7962,-11.795
2.8809,5.7075,-2.2682,1.3348,-8.8504,0.51551,0.50386,-1.4,-0.3617,-24.745
2.9209,5.7647,-2.5447,1.3743,-8.7375,0.50152,0.49005,-1.3937,-0.3468,-25.504
2.9608,6.0836,-3.0105,1.282,-8.8811,0.40194,0.39509,-1.4112,-0.3903,-22.99
3.0009,5.4672,-1.3387,1.6102,-8.5945,0.54562,0.5306,-1.3616,-0.3903,-22.403
3.0409,5.367,-1.3422,1.5707,-8.4286,0.46133,0.45025,-1.3655,-0.4318,-19.856
3.0809,5.3282,-1.4371,1.2549,-8.305,0.24216,0.2393,-1.4096,-0.6033,-13.922
3.1209,5.6035,-1.8426,1.3225,-8.2066,0.15147,0.15031,-1.4038,-0.5474,-15.185
3.1609,5.6246,-2.1776,1.1624,-8.2788,0.1202,0.11952,-1.4257,-0.5474,-15.272
3.2009,5.6386,-2.5144,0.99951,-8.3475,0.089041,0.088693,-1.4476,-0.5474,-15.358
3.241,5.6455,-2.8531,0.83357,-8.4131,0.057872,0.057737,-1.4695,-0.5474,-15.445
3.281,5.645,-3.1943,0.6641,-8.4753,0.026694,0.026667,-1.4915,-0.5474,-15.53
3.321,5.637,-3.537,0.49187,-8.534,-0.0044002,-0.0044009,-1.5134,-0.5474,-15.616
3.361,5.6217,-3.8809,0.31701,-8.5891,-0.035313,-0.035352,-1.5353,-0.5474,-15.701
3.401,5.5992,-4.226,0.13963,-8.6404,-0.066044,-0.066171,-1.5572,-0.5474,-15.787
3.441,5.5689,-4.572,-0.040283,-8.6878,-0.096597,-0.096845,-1.579,-0.5474,-15.871
3.4811,5.5312,-4.9196,-0.22337,-8.7314,-0.12687,-0.12726,-1.601,-0.5474,-15.956
3.521,5.9289,-5.4826,0.7067,-9.602,0.07874,0.078795,-1.4973,-0.3337,-28.852
3.5611,5.9357,-5.8708,0.58462,-9.719,0.034988,0.035,-1.5107,-0.3337,-29.178
3.6011,6.2046,-6.1801,1.0586,-9.4504,0.14289,0.14308,-1.4593,-0.2372,-40.09
3.6411,6.371,-6.5674,1.2209,-9.4018,0.1677,0.16796,-1.4417,-0.197,-48.126
3.6811,6.5381,-6.9401,1.395,-9.3275,0.17894,0.17925,-1.4223,-0.1575,-59.881
3.7212,6.5372,-7.4096,1.1357,-9.4804,0.14189,0.14207,-1.4516,-0.1847,-51.696
3.7611,6.5792,-7.8504,1.0064,-9.5369,0.11397,0.11409,-1.4657,-0.19,-50.473
3.8012,6.637,-8.2759,0.93894,-9.5921,0.099701,0.099791,-1.4732,-0.1884,-51.157
3.8411,6.7689,-8.633,1.1201,-9.3721,0.06815,0.068195,-1.4519,-0.158,-59.739
3.8811,6.897,-8.9719,1.2638,-9.1875,0.034586,0.034598,-1.4341,-0.1313,-70.632
3.9212,6.9424,-9.3751,1.1896,-9.2193,0.033287,0.033298,-1.4425,-0.1337,-69.527
3.9612,6.99,-9.703,1.1999,-9.2016,0.033587,0.033598,-1.4411,-0.1266,-73.298
4.0012,7.0299,-10.073,1.1551,-9.2232,0.03069,0.030699,-1.4462,-0.1266,-73.422
4.0412,7.0682,-10.443,1.1103,-9.2444,0.027791,0.027799,-1.4513,-0.1266,-73.546
4.0812,7.1048,-10.814,1.0655,-9.2655,0.024894,0.024899,-1.4563,-0.1266,-73.67
4.1213,7.1388,-11.186,1.0198,-9.2864,0.021895,0.021899,-1.4614,-0.1266,-73.793
4.1612,7.1709,-11.559,0.97392,-9.3071,0.018996,0.018999,-1.4665,-0.1266,-73.917
4.2012,7.202,-11.932,0.92856,-9.3275,0.015997,0.016,-1.4716,-0.1266,-74.041
4.2412,7.2306,-12.307,0.88239,-9.3476,0.013098,0.013099,-1.4767,-0.1266,-74.164
4.2813,7.2579,-12.682,0.83652,-9.3676,0.010199,0.0102,-1.4817,-0.1266,-74.288
4.3213,7.2836,-13.058,0.79055,-9.3874,0.0071995,0.0072005,-1.4868,-0.1266,-74.412
4.3614,7.3067,-13.434,0.74407,-9.4068,0.0043,0.0043002,-1.4919,-0.1266,-74.536
4.4013,7.3283,-13.812,0.69749,-9.4261,0.0013996,0.0013998,-1.4969,-0.1266,-74.659
4.4414,7.6831,-14.03,1.1675,-9.2957,0.034187,0.034198,-1.4459,-0.0843,-111.14
4.4813,7.7241,-14.404,1.1376,-9.3143,0.032388,0.032399,-1.4493,-0.0843,-111.31
4.5214,7.7639,-14.778,1.1078,-9.333,0.03069,0.030699,-1.4527,-0.0843,-111.49
4.5614,7.8027,-15.152,1.0779,-9.3516,0.028891,0.028898,-1.456,-0.0843,-111.67
******-------------------------------------------------------------------------------------------------------------------****** 
TargetID: ID08
Target can not be processed due to lack of Data
******-------------------------------------------------------------------------------------------------------------------****** 
