******-------------------------------------------------------------------------------------------------------------------****** 
Duration of the scene is: 17.925 seconds
Original Targets Numbers in the hole Scene: 12
Number of Targets in the hole Scene after preprocessing: 25
Number of static portions: 1
******-------------------------------------------------------------------------------------------------------------------****** 
TargetID: ID15
Target can not be processed due to lack of Data
******-------------------------------------------------------------------------------------------------------------------****** 
TargetID: ID02
Target can not be processed due to lack of Data
******-------------------------------------------------------------------------------------------------------------------****** 
TargetID: ID18
Relevancy: 1
tj = 9.9233
Label: 0
Comment: Target is relevant and going straight, since the velocity ratio is almost not changing
DATA:
7.8026,83.069,27.173,NaN,NaN,NaN,NaN,-2.5057,NaN,NaN
7.8426,83.115,26.598,NaN,NaN,NaN,NaN,-2.2309,NaN,NaN
7.8826,82.863,26.277,NaN,NaN,NaN,NaN,-2.2278,NaN,NaN
7.9226,83.243,25.41,NaN,NaN,NaN,NaN,-1.8786,NaN,NaN
7.9629,83.113,24.964,NaN,NaN,NaN,NaN,-1.8691,NaN,NaN
8.0027,NaN,NaN,NaN,NaN,NaN,NaN,-1.8327,NaN,NaN
8.0427,83.529,24.044,-2.5872,-10.734,-0,-0,-1.8073,0,Inf
8.0827,83.502,23.541,-2.3531,-10.991,0.041556,0.03859,-1.7817,0.0281,400
8.1227,83.932,24.908,-3.3135,-9.3745,0.081475,0.075551,-1.9097,-0.0026,-3824.2
8.1627,83.828,24.489,-3.2002,-9.4324,0.12155,0.11254,-1.8966,0.0401,248.39
8.2028,84.31,24.065,-2.936,-9.7261,0.12136,0.11226,-1.8625,0.0928,109.48
8.2427,84.227,23.761,-3.0332,-9.6042,0.14676,0.13552,-1.8748,0.0569,177.01
8.2827,84.155,23.359,-2.8318,-9.6733,0.23547,0.21714,-1.8524,0.0996,101.2
8.3228,84.198,23.361,-2.6,-9.9165,0.18498,0.17028,-1.8241,0.1351,75.882
8.3628,84.081,23.002,-2.7925,-9.6591,0.23355,0.21467,-1.8483,0.0863,116.51
8.4028,83.862,22.22,-2.8408,-9.5556,0.26964,0.24758,-1.856,0.0633,157.49
8.443,83.517,21.919,-2.9792,-9.3573,0.34756,0.31849,-1.8741,0.022,446.37
8.4828,83.445,21.549,-2.7024,-9.2572,0.46182,0.42229,-1.8477,0.0671,143.72
8.5228,83.369,21.118,-2.5074,-9.3295,0.45056,0.41131,-1.8262,0.0948,101.91
8.5629,83.111,20.837,-2.735,-8.9102,0.59751,0.54437,-1.859,0.0349,267.06
8.6029,83.051,20.398,-2.5641,-9.0132,0.5506,0.50097,-1.8389,0.0596,157.23
8.6429,82.983,19.934,-2.3062,-9.3102,0.40252,0.36578,-1.8069,0.1031,93.031
8.6829,82.907,19.57,-2.2701,-9.2471,0.40567,0.36809,-1.8047,0.0995,95.695
8.7229,82.906,19.129,-2.1885,-9.3223,0.35516,0.32188,-1.7952,0.1022,93.696
8.7631,82.811,18.836,-2.4396,-8.8715,0.48177,0.43578,-1.8305,0.0437,210.54
8.8029,82.759,18.426,-2.2742,-8.9172,0.44865,0.40512,-1.8122,0.0649,141.8
8.8431,82.671,18.051,-2.3836,-8.6674,0.5114,0.46103,-1.8295,0.0357,251.8
8.883,82.567,17.686,-2.3918,-8.5256,0.52764,0.475,-1.8344,0.0276,320.83
8.923,82.472,17.298,-2.3146,-8.592,0.46499,0.4181,-1.8251,0.0379,234.78
8.963,82.407,17.015,-2.1801,-8.4201,0.49731,0.44907,-1.8241,0.0368,236.35
9.003,82.322,16.585,-2.0466,-8.6982,0.35931,0.32214,-1.7947,0.0711,125.68
9.043,82.229,16.353,-2.0027,-8.4436,0.41405,0.37268,-1.8037,0.0569,152.51
9.083,82.18,15.989,-2.1369,-8.274,0.43781,0.39122,-1.8143,0.0411,207.92
9.123,82.138,15.473,-1.8883,-8.5502,0.34291,0.30556,-1.7809,0.077,113.72
9.1631,82.086,15.024,-1.6287,-8.8664,0.22542,0.20109,-1.7477,0.1104,81.656
9.2031,81.964,14.975,-1.8843,-8.1519,0.38155,0.33939,-1.7891,0.0625,133.87
9.2431,81.905,14.535,-1.6939,-8.3904,0.28406,0.25238,-1.7635,0.0866,98.842
9.2832,81.858,14.141,-1.5223,-8.5918,0.21159,0.18775,-1.7412,0.1058,82.473
9.3231,81.827,13.65,-1.3986,-8.8043,0.15971,0.14139,-1.7247,0.1172,76.064
9.3631,81.798,13.227,-1.2745,-8.8805,0.12838,0.11354,-1.7104,0.1264,70.977
9.4031,81.744,12.868,-1.4423,-8.6838,0.15597,0.13763,-1.7318,0.0995,88.47
9.4431,81.694,12.436,-1.3256,-8.7907,0.12406,0.10928,-1.7176,0.1089,81.635
9.4832,81.666,12.002,-1.2106,-8.9101,0.095877,0.084316,-1.7037,0.1174,76.592
9.5232,81.621,11.61,-1.2322,-8.9225,0.088846,0.078,-1.706,0.1104,81.587
9.5634,81.572,11.211,-1.2504,-8.9054,0.089243,0.07819,-1.7083,0.1037,86.719
9.6032,81.528,10.788,-1.1636,-8.9795,0.07295,0.063811,-1.698,0.1088,83.222
9.6432,81.487,10.42,-1.1895,-8.8758,0.078962,0.068938,-1.7022,0.1011,88.577
9.6832,81.463,9.9624,-1.0803,-9.0138,0.059225,0.051626,-1.6887,0.1087,83.517
9.7235,81.434,9.6326,-1.1232,-8.8446,0.070245,0.061109,-1.6955,0.0992,89.875
9.7633,81.375,9.2625,-1.1432,-8.7585,0.075416,0.065483,-1.6988,0.0931,94.874
9.8033,81.365,8.9398,-1.1635,-8.5589,0.090948,0.078789,-1.7037,0.0864,99.972
9.8433,81.33,8.5298,-1.0873,-8.5755,0.078001,0.067448,-1.695,0.0905,95.515
9.8833,81.307,8.193,-1.0988,-8.4382,0.085975,0.074181,-1.6981,0.085,100.11
9.9233,81.266,7.8458,-1.0877,-8.3021,0.092891,0.079973,-1.6986,0.0824,101.61
9.9633,81.243,7.4326,-1.031,-8.3318,0.078736,0.067664,-1.6919,0.0848,99.002
10.003,81.246,7.0179,-0.91209,-8.3855,0.056509,0.048491,-1.6777,0.0931,90.601
10.043,81.313,6.5416,-0.76165,-8.518,0.028553,0.024487,-1.66,0.1026,83.353
10.083,81.255,6.5085,-0.79226,-8.0313,0.044166,0.037742,-1.6679,0.0948,85.13
10.123,81.246,6.3891,-0.79484,-7.5259,0.063399,0.054083,-1.674,0.087,86.985
10.163,81.221,6.1948,-0.79969,-7.1778,0.079674,0.067793,-1.6789,0.0807,89.494
10.203,81.19,6.1305,-0.74765,-6.7534,0.085124,0.072132,-1.6776,0.0806,84.301
10.243,81.189,6.1192,-0.65223,-6.2164,0.064812,0.054829,-1.6722,0.0842,74.235
10.283,81.186,5.8961,-0.60929,-6.0201,0.052388,0.044316,-1.669,0.0832,72.726
10.323,81.167,5.655,-0.57416,-5.9014,0.038202,0.032258,-1.6657,0.0832,71.265
10.364,81.15,5.4207,-0.5389,-5.7827,0.023553,0.019855,-1.6624,0.0832,69.805
10.403,81.14,5.1898,-0.5043,-5.6639,0.0085456,0.0071912,-1.6591,0.0832,68.346
10.444,81.121,4.9671,-0.47493,-5.5435,0.0086636,0.0072707,-1.6557,0.0832,66.873
10.483,81.103,4.7455,-0.4418,-5.4246,-0.0065079,-0.0054487,-1.6525,0.0832,65.415
10.524,81.087,4.5326,-0.40818,-5.3058,-0.022378,-0.018696,-1.6491,0.0832,63.96
10.564,81.084,4.3211,-0.3755,-5.1869,-0.038194,-0.031837,-1.6458,0.0832,62.506
10.604,81.077,4.1159,-0.3431,-5.0679,-0.05395,-0.044883,-1.6424,0.0832,61.051
10.643,81.066,3.9141,-0.31151,-4.9488,-0.070099,-0.058191,-1.6392,0.0832,59.598
10.684,81.055,3.7193,-0.28,-4.8297,-0.086303,-0.07151,-1.6358,0.0832,58.146
10.724,81.047,3.5283,-0.24872,-4.7107,-0.1028,-0.085021,-1.6325,0.0832,56.698
10.764,81.039,3.3426,-0.21755,-4.5916,-0.1197,-0.098822,-1.6292,0.0832,55.25
10.804,81.035,3.16,-0.18678,-4.4726,-0.13714,-0.113,-1.6259,0.0832,53.804
******-------------------------------------------------------------------------------------------------------------------****** 
TargetID: ID19
Target can not be processed due to lack of Data
******-------------------------------------------------------------------------------------------------------------------****** 
TargetID: ID20
Target can not be processed due to lack of Data
******-------------------------------------------------------------------------------------------------------------------****** 
TargetID: ID21
Target can not be processed due to lack of Data
******-------------------------------------------------------------------------------------------------------------------****** 
TargetID: ID22
Relevancy: 0
tj = Inf
Label: -1
Comment: Target is irrelevant as it is not crossing the estimated holding line
DATA:
15.804,91.523,36.729,NaN,NaN,NaN,NaN,-1.9928,NaN,NaN
15.844,91.914,36.092,NaN,NaN,NaN,NaN,-1.7768,NaN,NaN
15.884,91.734,35.686,NaN,NaN,NaN,NaN,-1.8164,NaN,NaN
15.924,91.283,35.395,NaN,NaN,NaN,NaN,-1.9834,NaN,NaN
15.964,91.274,34.805,NaN,NaN,NaN,NaN,-1.8852,NaN,NaN
16.004,90.899,34.484,NaN,NaN,NaN,NaN,-1.9854,NaN,NaN
16.044,90.503,34.136,NaN,NaN,NaN,NaN,-2.0601,NaN,NaN
16.084,90.254,33.765,NaN,NaN,NaN,NaN,-2.0739,NaN,NaN
16.124,90.154,33.383,NaN,NaN,NaN,NaN,-2.0455,NaN,NaN
16.164,89.922,33.007,NaN,NaN,NaN,NaN,-2.0549,NaN,NaN
16.204,89.693,32.798,-6.3595,-9.2402,-0,-0,-2.1736,0,Inf
16.244,89.786,32.255,-5.6154,-9.4733,0.01938,0.0099366,-2.1059,-0.0061,-1805.3
16.285,89.656,31.839,-5.3232,-9.5353,0.12206,0.062587,-2.0799,-0.0039,-2800.1
16.324,89.32,31.536,-5.3937,-9.51,0.12673,0.064981,-2.0868,0.0052,2102.5
16.364,89.096,31.16,-5.31,-9.5523,0.068208,0.034973,-2.0781,0.0188,581.33
16.405,88.638,30.908,-5.5844,-9.4248,0.077269,0.03962,-2.1057,0.0125,876.4
16.445,88.709,30.414,-5.0258,-9.6312,0.02303,0.011808,-2.0517,0.0616,176.36
16.485,88.602,29.972,-4.9002,-9.7213,-0.018499,-0.0094859,-2.0377,0.0627,173.63
16.525,88.53,29.532,-4.6501,-9.8253,-0.026176,-0.013422,-2.0129,0.0859,126.54
16.565,88.364,29.123,-4.5727,-9.8684,-0.024413,-0.012518,-2.0047,0.0917,118.61
16.605,88.172,28.726,-4.5397,-9.8918,-0.022903,-0.011744,-2.0011,0.0927,117.41
16.645,88.117,28.264,-4.3236,-10.004,-0.031209,-0.016003,-1.9787,0.1101,98.984
16.685,87.944,27.865,-4.3227,-10.023,-0.030957,-0.015873,-1.978,0.1007,108.39
16.725,87.815,27.45,-4.197,-10.067,-0.021771,-0.011163,-1.9658,0.1132,96.348
16.765,87.685,27.031,-4.0945,-10.108,-0.025546,-0.013099,-1.9557,0.1207,90.356
16.805,87.572,26.609,-3.8911,-10.159,-0.0061666,-0.003162,-1.9366,0.1462,74.408
16.845,87.448,26.196,-3.7584,-10.185,0.0047817,0.0024522,-1.9243,0.1573,69.015
16.885,87.128,25.857,-3.9771,-10.087,0.015353,0.0078728,-1.9464,0.1234,87.865
16.925,87.018,25.429,-3.8298,-10.138,0.013213,0.0067756,-1.932,0.1364,79.449
16.965,86.888,25.011,-3.7706,-10.168,0.010445,0.0053552,-1.9259,0.1351,80.272
17.005,86.809,24.572,-3.5941,-10.227,0.0099418,0.0050973,-1.9088,0.1498,72.362
17.045,86.632,24.173,-3.5718,-10.213,0.013842,0.0070978,-1.9072,0.1462,74.006
17.085,86.413,23.793,-3.653,-10.174,0.011452,0.0058722,-1.9155,0.1293,83.602
17.125,86.292,23.368,-3.5771,-10.205,0.011074,0.0056784,-1.9079,0.1316,82.171
17.165,86.218,22.922,-3.3644,-10.26,0.0091861,0.0047108,-1.8877,0.1509,71.553
17.205,86.135,22.492,-3.2446,-10.286,0.0076769,0.0039359,-1.8764,0.1563,69.007
17.245,85.835,22.147,-3.4856,-10.181,0.015856,0.0081308,-1.9006,0.1221,88.136
17.285,85.717,21.737,-3.3493,-10.181,0.016359,0.0083887,-1.8886,0.1313,81.628
17.325,85.585,21.33,-3.2775,-10.178,0.016988,0.0087109,-1.8823,0.1328,80.517
17.365,85.535,20.893,-3.088,-10.229,0.0032715,0.0016773,-1.864,0.1461,73.134
17.405,84.837,20.647,-2.9717,-10.266,-0.0018876,-0.00096766,-1.8526,0.1516,70.498
17.445,84.724,20.242,-2.8812,-10.289,-0.0060401,-0.0030977,-1.8438,0.1546,69.111
17.485,84.671,19.805,-2.7307,-10.312,-0.016233,-0.0083244,-1.8297,0.162,65.846
17.525,84.548,19.41,-2.6849,-10.313,-0.014725,-0.0075496,-1.8255,0.1598,66.69
17.565,84.398,19.017,-2.6768,-10.3,-0.016738,-0.0085825,-1.8251,0.1543,68.969
17.605,84.304,18.601,-2.5758,-10.301,-0.01938,-0.0099376,-1.8158,0.1576,67.377
17.645,84.202,18.189,-2.5074,-10.304,-0.021771,-0.011163,-1.8095,0.1576,67.291
17.685,84.108,17.78,-2.4146,-10.327,-0.02643,-0.013549,-1.8005,0.1603,66.162
17.725,83.961,17.392,-2.4209,-10.306,-0.027307,-0.014003,-1.8015,0.1535,68.97
17.765,83.899,16.976,-2.3359,-10.367,-0.008558,-0.0043877,-1.7924,0.1556,68.297
17.805,83.838,16.552,-2.2043,-10.402,-0.0057892,-0.0029683,-1.7796,0.1616,65.8
17.845,83.836,16.462,-2.1653,-10.374,-0.017368,-0.0089048,-1.7766,0.158,67.073
17.885,83.752,16.046,-2.1031,-10.382,-0.013339,-0.0068408,-1.7707,0.1576,67.213
17.925,84.216,16.698,-2.1014,-10.341,-0.024419,-0.012524,-1.7716,0.1507,70.025
******-------------------------------------------------------------------------------------------------------------------****** 
TargetID: ID03
Target can not be processed due to lack of Data
******-------------------------------------------------------------------------------------------------------------------****** 
TargetID: ID23
Relevancy: 1
tj = 17.2848
Label: 0
Comment: Target is relevant and going straight, since the velocity ratio is almost not changing
DATA:
13.404,88.58,39.952,NaN,NaN,NaN,NaN,-1.1987,NaN,NaN
13.444,89.211,39.325,NaN,NaN,NaN,NaN,-1.0944,NaN,NaN
13.484,88.946,39.08,NaN,NaN,NaN,NaN,-1.5929,NaN,NaN
13.524,88.739,38.78,NaN,NaN,NaN,NaN,-1.6623,NaN,NaN
13.564,88.506,38.543,NaN,NaN,NaN,NaN,-1.7101,NaN,NaN
13.604,88.388,38.225,NaN,NaN,NaN,NaN,-1.734,NaN,NaN
13.644,88.198,37.95,NaN,NaN,NaN,NaN,-1.768,NaN,NaN
13.684,88.001,37.7,NaN,NaN,NaN,NaN,-1.8076,NaN,NaN
13.724,87.93,37.378,NaN,NaN,NaN,NaN,-1.8136,NaN,NaN
13.764,87.807,37.089,NaN,NaN,NaN,NaN,-1.8284,NaN,NaN
13.804,87.627,36.814,NaN,NaN,NaN,NaN,-1.8642,NaN,NaN
13.844,87.984,36.498,-2.2728,-7.0238,-0,-0,-1.8837,0,Inf
13.885,87.792,36.235,-2.4775,-6.9565,-0.0064038,-0.0033182,-1.9129,-0.0028,-2637.3
13.924,87.689,35.958,-2.4773,-6.9532,-0.0070354,-0.0036367,-1.9131,-0.0028,-2636.2
13.964,87.594,35.682,-2.4707,-6.925,-0.059319,-0.030605,-1.9135,-0.0061,-1205.3
14.004,87.483,35.408,-2.4846,-6.9046,-0.080467,-0.041448,-1.9163,-0.0083,-884.11
14.044,87.371,35.136,-2.4835,-6.8952,-0.087153,-0.044837,-1.9166,-0.0083,-882.99
14.084,87.257,34.862,-2.4931,-6.892,-0.10391,-0.053393,-1.918,-0.0081,-904.82
14.124,87.152,34.567,-2.5068,-6.8859,-0.011575,-0.0059422,-1.9199,-0.0015,-4885.4
14.164,87.024,34.294,-2.5461,-6.863,-0.032212,-0.016526,-1.9261,-0.0058,-1262.1
14.204,86.931,34.018,-2.4594,-6.8618,-0.021267,-0.010905,-1.915,0.0139,524.41
14.244,86.903,33.711,-2.2855,-6.8989,-0.023532,-0.012067,-1.8907,0.0473,153.65
14.284,86.813,33.432,-2.263,-6.8974,-0.011955,-0.0061302,-1.8878,0.0473,153.47
14.324,86.765,33.144,-2.1489,-6.9342,-0.011828,-0.0060679,-1.8713,0.0637,113.96
14.364,86.665,32.887,-2.1825,-6.9283,-0.0016357,-0.00083915,-1.876,0.0441,164.72
14.404,86.603,32.598,-2.1182,-6.9567,-0.0013839,-0.00070964,-1.8664,0.054,134.67
14.444,86.536,32.314,-2.0848,-6.972,0.0027687,0.0014194,-1.8614,0.0542,134.26
14.484,86.339,32.068,-2.3039,-6.9026,0.0078022,0.0040011,-1.8929,0.0086,846.16
14.524,86.097,31.835,-2.6014,-6.8138,0.0022649,0.0011614,-1.9355,-0.0494,-147.64
14.564,85.975,31.562,-2.5803,-6.8665,-0.020889,-0.010713,-1.9302,-0.0383,-191.52
14.604,85.915,31.271,-2.5158,-6.9227,-0.025795,-0.013233,-1.9194,-0.0244,-301.87
14.644,85.741,31.013,-2.6555,-6.9327,-0.045169,-0.023177,-1.9365,-0.0455,-163.16
14.684,85.756,30.689,-2.424,-7.0691,-0.037245,-0.019109,-1.9012,-0.0004,-18683
14.724,85.616,30.411,-2.5665,-7.1007,-0.049076,-0.025177,-1.9177,-0.0226,-334.08
14.764,85.472,30.14,-2.6792,-7.1231,-0.064425,-0.03304,-1.9305,-0.0376,-202.4
14.804,85.502,29.804,-2.4266,-7.2656,-0.030831,-0.015809,-1.8931,0.0073,1049.3
14.844,85.873,29.356,-2.4684,-7.3189,-0.033229,-0.017034,-1.8961,0.0033,2340.6
14.884,85.722,29.067,-2.6503,-7.3624,-0.059128,-0.030331,-1.9162,-0.0204,-383.57
14.924,85.569,28.781,-2.7849,-7.4168,-0.087673,-0.044982,-1.9299,-0.0342,-231.65
14.964,85.519,28.475,-2.7001,-7.5467,-0.069994,-0.035872,-1.9145,-0.0166,-482.84
15.004,85.378,28.203,-2.8167,-7.5681,-0.088931,-0.045627,-1.927,-0.0308,-262.18
15.044,85.276,27.893,-2.8416,-7.6626,-0.091022,-0.046638,-1.9259,-0.0285,-286.75
15.084,85.225,27.573,-2.7467,-7.788,-0.066215,-0.033937,-1.9099,-0.0112,-737.34
15.124,85.131,27.253,-2.7625,-7.8726,-0.060294,-0.030899,-1.9082,-0.0093,-897.12
15.164,85.071,26.925,-2.6945,-7.9815,-0.036501,-0.018711,-1.8964,0.0024,3510
15.204,84.968,26.602,-2.7142,-8.058,-0.030207,-0.015485,-1.8957,0.0029,2932
15.244,84.833,26.297,-2.7805,-8.1119,-0.042904,-0.022004,-1.901,-0.0023,-3728.3
15.284,84.626,25.996,-2.9618,-8.1342,-0.086991,-0.044582,-1.9201,-0.0194,-446.22
15.324,84.394,25.708,-3.174,-8.1272,-0.13964,-0.071544,-1.9433,-0.0396,-220.33
15.364,84.263,25.384,-3.2224,-8.1854,-0.14997,-0.076832,-1.946,-0.0406,-216.67
15.404,84.146,25.054,-3.2451,-8.2484,-0.14996,-0.076818,-1.9456,-0.039,-227.28
15.444,84,24.725,-3.2883,-8.2811,-0.15039,-0.077123,-1.9489,-0.0401,-222.2
15.484,83.85,24.402,-3.3367,-8.3479,-0.16244,-0.083218,-1.9512,-0.0404,-222.53
15.524,83.724,24.062,-3.3386,-8.4109,-0.1563,-0.080157,-1.9488,-0.0369,-245.24
15.564,83.54,23.746,-3.4443,-8.4341,-0.1757,-0.090185,-1.9585,-0.0433,-210.4
15.604,83.424,23.401,-3.4429,-8.4929,-0.16451,-0.084421,-1.9558,-0.0399,-229.68
15.644,83.32,23.053,-3.4292,-8.556,-0.15344,-0.07874,-1.9518,-0.0357,-258.2
15.684,83.146,22.736,-3.4958,-8.5814,-0.16023,-0.082225,-1.9575,-0.039,-237.59
15.724,83.002,22.399,-3.5273,-8.6353,-0.16162,-0.082951,-1.9586,-0.0387,-241.03
15.764,82.91,22.031,-3.47,-8.7063,-0.13962,-0.071649,-1.9501,-0.031,-302.33
15.804,82.782,21.677,-3.4539,-8.765,-0.12743,-0.065396,-1.9463,-0.0271,-347.64
15.844,82.65,21.322,-3.4722,-8.8317,-0.12805,-0.065699,-1.9453,-0.0255,-372.15
15.884,82.584,20.939,-3.3451,-8.9108,-0.091713,-0.047056,-1.93,-0.0132,-721.06
15.924,82.455,20.582,-3.3618,-8.9648,-0.087714,-0.044979,-1.9296,-0.0126,-759.87
15.964,82.37,20.204,-3.248,-9.0371,-0.058895,-0.0302,-1.9159,-0.0018,-5335
16.004,82.266,19.823,-3.1965,-9.1115,-0.044416,-0.022782,-1.9082,0.0041,2355.1
16.044,82.231,19.421,-3.073,-9.2213,-0.018623,-0.00955,-1.8925,0.0155,627.09
16.084,82.193,19.017,-2.9062,-9.3008,0.016235,0.0083236,-1.8737,0.029,336.01
16.124,82.081,18.633,-2.9195,-9.3872,0.021395,0.010969,-1.8723,0.0292,336.67
16.164,82.042,18.233,-2.8169,-9.4764,0.0438,0.022453,-1.8597,0.0374,264.34
16.204,81.97,17.833,-2.7407,-9.5603,0.063313,0.03245,-1.8499,0.0435,228.63
16.244,82.16,18.661,-2.7503,-9.6157,0.06557,0.033576,-1.8487,0.0431,232.05
16.285,82.087,18.272,-2.6982,-9.6852,0.079543,0.040718,-1.8416,0.0469,214.37
16.324,82.037,17.871,-2.6205,-9.7617,0.097167,0.049721,-1.832,0.0526,192.15
16.364,81.995,17.455,-2.522,-9.8558,0.12184,0.062313,-1.82,0.06,169.56
16.405,81.934,17.052,-2.452,-9.9221,0.13544,0.069246,-1.8116,0.0646,158.21
16.445,81.866,16.636,-2.3711,-9.9988,0.15043,0.076881,-1.802,0.0701,146.59
16.485,81.822,16.224,-2.2857,-10.058,0.16101,0.082266,-1.7925,0.0754,136.8
16.525,81.702,15.844,-2.3256,-10.108,0.16038,0.081949,-1.7952,0.0709,146.28
16.565,81.728,15.734,-2.1515,-10.203,0.19631,0.10038,-1.776,0.0839,124.29
16.605,81.665,15.316,-2.1061,-10.295,0.20621,0.10517,-1.7699,0.086,122.19
16.645,81.582,14.923,-1.9621,-10.263,0.17398,0.088794,-1.7574,0.0942,110.92
16.685,81.555,14.497,-1.8273,-10.319,0.18932,0.096683,-1.7435,0.1023,102.44
16.725,81.482,14.077,-1.7915,-10.386,0.19729,0.10062,-1.739,0.1026,102.72
16.765,81.481,13.633,-1.6183,-10.468,0.22152,0.11303,-1.7212,0.1136,93.239
16.805,81.404,13.225,-1.5539,-10.49,0.21209,0.10824,-1.715,0.1154,91.891
16.845,81.333,12.815,-1.5274,-10.538,0.22454,0.11456,-1.7117,0.1142,93.242
16.885,81.283,12.37,-1.4995,-10.599,0.22037,0.1123,-1.7084,0.1132,94.562
16.925,81.217,11.949,-1.443,-10.623,0.21016,0.10713,-1.703,0.1143,93.789
16.965,81.177,11.53,-1.322,-10.61,0.17865,0.09123,-1.6923,0.1203,88.878
17.005,81.147,11.103,-1.2219,-10.643,0.17727,0.090522,-1.6827,0.1248,85.844
17.045,81.1,10.667,-1.1023,-10.665,0.14983,0.076489,-1.6718,0.1306,82.095
17.085,81.08,10.225,-0.97589,-10.686,0.13207,0.067454,-1.6601,0.1369,78.379
17.125,81.07,9.8602,-0.92434,-10.692,0.12784,0.065338,-1.6552,0.1364,78.678
17.165,81.005,9.2176,-0.88215,-10.689,0.10424,0.053295,-1.6518,0.135,79.447
17.205,81.062,8.7601,-0.54835,-10.65,0.0015103,0.00077395,-1.6222,0.1597,66.773
17.245,81.069,8.3378,-0.36241,-10.621,-0.052604,-0.027007,-1.6056,0.1702,62.437
17.285,81.081,7.9101,-0.21094,-10.616,-0.074752,-0.038401,-1.5916,0.1774,59.854
17.325,81.088,7.4909,0.029732,-10.598,-0.12937,-0.066557,-1.5697,0.1927,54.999
17.365,81.068,7.0876,0.070731,-10.552,-0.14661,-0.075464,-1.5661,0.1889,55.861
17.405,81.135,6.6843,0.36147,-10.539,-0.19508,-0.10068,-1.5392,0.2088,50.505
17.445,81.171,6.2774,0.49661,-10.549,-0.19289,-0.09946,-1.5265,0.2132,49.533
17.485,81.193,5.8594,0.57889,-10.525,-0.19364,-0.099857,-1.5186,0.2124,49.63
17.525,81.236,5.4279,0.69159,-10.547,-0.16599,-0.085462,-1.5077,0.2146,49.254
17.565,81.264,5.0063,0.69087,-10.542,-0.12642,-0.065026,-1.5072,0.2059,51.312
17.605,81.301,4.5855,0.78052,-10.526,-0.12856,-0.066135,-1.4986,0.2062,51.189
17.645,81.339,4.1595,0.86431,-10.533,-0.098328,-0.050545,-1.4903,0.2059,51.33
17.685,81.378,3.7381,0.94249,-10.53,-0.079813,-0.041009,-1.4827,0.2051,51.545
17.725,81.427,3.3122,1.0348,-10.53,-0.065583,-0.033685,-1.4738,0.2057,51.438
17.765,81.414,2.92,0.97265,-10.453,-0.10689,-0.054964,-1.4796,0.1907,55.053
17.805,81.468,2.4942,1.0691,-10.455,-0.095427,-0.049056,-1.4703,0.1923,54.652
17.845,81.525,2.068,1.1889,-10.447,-0.10462,-0.053798,-1.459,0.1963,53.563
17.885,81.599,1.6444,1.3242,-10.422,-0.14127,-0.072724,-1.4465,0.2019,52.037
17.925,81.662,1.2141,1.4551,-10.427,-0.12993,-0.066869,-1.4341,0.2068,50.911
******-------------------------------------------------------------------------------------------------------------------****** 
TargetID: ID04
Target can not be processed due to lack of Data
******-------------------------------------------------------------------------------------------------------------------****** 
TargetID: ID24
Relevancy: 1
tj = 12.8033
Label: 0
Comment: Target is relevant and going straight, since target is crossing Ego X-axis in EFC
DATA:
8.7229,97.148,47.863,NaN,NaN,NaN,NaN,-1.8423,NaN,NaN
8.7631,97.021,47.402,NaN,NaN,NaN,NaN,-1.8422,NaN,NaN
8.8029,95.918,47.777,NaN,NaN,NaN,NaN,-2.4563,NaN,NaN
8.8431,95.589,47.505,NaN,NaN,NaN,NaN,-2.4563,NaN,NaN
8.883,95.259,47.232,NaN,NaN,NaN,NaN,-2.4563,NaN,NaN
8.923,94.919,46.962,NaN,NaN,NaN,NaN,-2.4563,NaN,NaN
8.963,94.584,46.691,NaN,NaN,NaN,NaN,-2.4562,NaN,NaN
9.003,94.255,46.415,NaN,NaN,NaN,NaN,-2.4563,NaN,NaN
9.043,94.701,45.368,NaN,NaN,NaN,NaN,-2.1968,NaN,NaN
9.083,94.459,45.017,NaN,NaN,NaN,NaN,-2.1969,NaN,NaN
9.123,94.201,44.672,NaN,NaN,NaN,NaN,-2.1968,NaN,NaN
9.1631,93.949,44.322,NaN,NaN,NaN,NaN,-2.1969,NaN,NaN
9.2031,93.682,43.963,NaN,NaN,NaN,NaN,-2.1992,NaN,NaN
9.2431,93.435,43.613,NaN,NaN,NaN,NaN,-2.1993,NaN,NaN
9.2832,92.894,43.489,NaN,NaN,NaN,NaN,-2.2647,NaN,NaN
9.3231,92.621,43.16,NaN,NaN,NaN,NaN,-2.2647,NaN,NaN
9.3631,92.352,42.829,NaN,NaN,NaN,NaN,-2.2647,NaN,NaN
9.4031,92.073,42.501,NaN,NaN,NaN,NaN,-2.2646,NaN,NaN
9.4431,92.421,42.133,-6.7533,-8.3519,-0,-0,-2.2508,0,Inf
9.4832,92.15,41.798,-6.7534,-8.3518,-0,-0,-2.2508,0,Inf
9.5232,92.284,41.159,-6.1053,-8.7441,0.1622,0.14257,-2.1804,0.0035,3047
9.5634,92.041,40.808,-6.0966,-8.7334,0.16213,0.14222,-2.1803,0.0035,3043.1
9.6032,91.753,40.45,-6.1756,-8.6884,0.20928,0.18326,-2.1887,0.0014,7614
9.6432,91.445,40.103,-6.262,-8.6326,0.20444,0.17869,-2.1983,-0.0003,-35549
9.6832,91.182,39.767,-6.2759,-8.6262,0.16677,0.14551,-2.1998,-0.0008,-13334
9.7235,90.942,39.42,-6.2708,-8.6183,0.16914,0.14731,-2.1999,-0.0008,-13323
9.7633,90.485,39.227,-6.5767,-8.4014,0.11164,0.09705,-2.235,-0.023,-463.89
9.8033,90.231,38.829,-6.5835,-8.4077,0.098064,0.085076,-2.2351,-0.0185,-577.22
9.8433,89.902,38.536,-6.6807,-8.3246,0.08425,0.072944,-2.2471,-0.0279,-382.57
9.8833,89.524,38.296,-6.8898,-8.1672,0.04291,0.037077,-2.2716,-0.0485,-220.31
9.9233,89.248,37.945,-6.8563,-8.2183,0.0054623,0.0047101,-2.2661,-0.0362,-295.66
9.9633,89.053,37.535,-6.7182,-8.3318,0.0097548,0.0083944,-2.2494,-0.0141,-759.07
10.003,88.82,37.174,-6.6381,-8.3914,0.0095472,0.0082019,-2.2401,-0.0027,-3962.8
10.043,88.442,36.921,-6.8862,-8.2275,-0.041334,-0.035441,-2.2677,-0.0338,-317.43
10.083,88.384,36.423,-6.4263,-8.537,0.021596,0.018484,-2.2161,0.0277,385.76
10.123,88.105,36.086,-6.4787,-8.5196,0.00096786,0.00082666,-2.2209,0.0216,495.51
10.163,87.97,35.67,-6.1676,-8.7003,0.044338,0.037802,-2.1875,0.0583,182.93
10.203,87.68,35.346,-6.2715,-8.6469,0.02585,0.021995,-2.1983,0.0431,247.84
10.243,87.482,34.97,-6.154,-8.7265,0.026088,0.022152,-2.185,0.0565,188.99
10.283,87.21,34.621,-6.1875,-8.715,0.018772,0.015911,-2.1882,0.0516,207.13
10.323,87.123,34.157,-5.7802,-8.9609,0.043625,0.036894,-2.1437,0.0993,107.39
10.364,86.884,33.798,-5.7717,-8.9683,0.049934,0.042136,-2.1426,0.0966,110.4
10.403,86.742,33.383,-5.5421,-9.1118,0.043927,0.036976,-2.1173,0.1195,89.246
10.444,86.643,32.92,-5.1853,-9.3305,0.035635,0.029917,-2.078,0.1569,68.034
10.483,86.449,32.572,-5.088,-9.3662,0.038716,0.032405,-2.0684,0.1565,68.108
10.524,86.428,32.064,-4.5983,-9.6567,0.0071665,0.0059797,-2.0152,0.2039,52.455
10.564,86.446,31.543,-4.1483,-9.922,-0.029139,-0.024236,-1.9668,0.2424,44.366
10.604,86.278,31.191,-4.1116,-9.937,-0.039517,-0.032767,-1.9631,0.2301,46.736
10.643,86.117,30.791,-4.0245,-9.9838,-0.034667,-0.028646,-1.954,0.2301,46.782
10.684,85.957,30.391,-3.9362,-10.03,-0.0298,-0.024545,-1.9447,0.2301,46.827
10.724,85.639,30.092,-4.2011,-9.8904,-0.018146,-0.014894,-1.9725,0.1958,54.881
10.764,85.472,29.695,-4.1267,-9.9309,-0.013903,-0.01137,-1.9646,0.1958,54.924
10.804,85.313,29.295,-4.0527,-9.9705,-0.0096492,-0.007859,-1.9569,0.1958,54.968
10.844,85.154,28.894,-3.9777,-10.01,-0.0053818,-0.0043649,-1.9491,0.1958,55.011
10.884,84.773,28.624,-4.3326,-9.8128,-0.011224,-0.009061,-1.9866,0.1581,67.848
10.924,84.602,28.232,-4.2727,-9.8462,-0.0080483,-0.0064656,-1.9802,0.1581,67.89
10.964,84.43,27.837,-4.2131,-9.8791,-0.0048611,-0.0038843,-1.9739,0.1581,67.931
11.004,84.27,27.439,-4.1539,-9.9112,-0.00155,-0.0012318,-1.9677,0.1581,67.973
11.043,84.107,27.043,-4.0931,-9.9438,0.0017758,0.001403,-1.9613,0.1581,68.015
11.084,83.995,26.564,-4.0931,-9.9438,NaN,NaN,-1.9443,NaN,NaN
11.124,83.887,26.097,-4.0931,-9.9438,NaN,NaN,-1.9277,NaN,NaN
11.164,83.778,25.628,-4.0931,-9.9438,NaN,NaN,-1.9111,NaN,NaN
11.204,83.669,25.162,-4.0931,-9.9438,NaN,NaN,-1.8945,NaN,NaN
11.244,83.56,24.692,-4.0931,-9.9438,NaN,NaN,-1.8779,NaN,NaN
11.283,83.454,24.236,-4.0931,-9.9438,NaN,NaN,-1.8617,NaN,NaN
11.324,83.343,23.757,-4.0931,-9.9438,NaN,NaN,-1.8447,NaN,NaN
11.363,83.237,23.301,-4.0931,-9.9438,NaN,NaN,-1.8285,NaN,NaN
11.404,83.125,22.822,-4.0931,-9.9438,NaN,NaN,-1.8115,NaN,NaN
11.444,83.017,22.355,-4.0931,-9.9438,NaN,NaN,-1.7949,NaN,NaN
11.484,82.908,21.888,-4.0931,-9.9438,NaN,NaN,-1.7783,NaN,NaN
11.523,82.801,21.43,-4.0931,-9.9438,NaN,NaN,-1.7621,NaN,NaN
11.564,82.69,20.951,-4.0931,-9.9438,NaN,NaN,-1.7451,NaN,NaN
11.604,82.581,20.483,NaN,NaN,NaN,NaN,-1.7285,NaN,NaN
11.643,82.722,19.915,NaN,NaN,NaN,NaN,-1.5904,NaN,NaN
11.683,NaN,NaN,NaN,NaN,NaN,NaN,-1.577,NaN,NaN
11.724,NaN,NaN,NaN,NaN,NaN,NaN,-1.622,NaN,NaN
11.763,NaN,NaN,NaN,NaN,NaN,NaN,-1.6698,NaN,NaN
11.803,NaN,NaN,NaN,NaN,NaN,NaN,-1.636,NaN,NaN
11.843,NaN,NaN,NaN,NaN,NaN,NaN,-1.7181,NaN,NaN
11.884,NaN,NaN,NaN,NaN,NaN,NaN,-1.8469,NaN,NaN
11.923,82.612,16.969,-1.8645,-11.051,-0,-0,-1.7379,0,Inf
11.964,82.551,16.499,-1.8749,-11.057,0.017043,0.011654,-1.7387,-0.0021,-5340.4
12.003,82.461,16.053,-1.85,-11.038,0.038136,0.025905,-1.7368,0.0127,881.27
12.043,82.956,16.058,-1.9772,-11,0.062814,0.042395,-1.7484,-0.0212,-527.18
12.083,82.863,15.653,-1.8865,-10.888,0.068362,0.045816,-1.7421,0.0383,288.52
12.123,82.866,15.33,-1.6687,-11.017,0.06613,0.044042,-1.7208,0.0727,153.27
12.163,82.797,14.902,-1.5316,-11.037,0.072032,0.04767,-1.7083,0.1004,110.98
12.204,82.826,14.385,-1.3666,-11.145,0.076538,0.050333,-1.6924,0.1097,102.35
12.243,82.835,13.956,-1.0605,-11.325,0.10649,0.069577,-1.6635,0.158,71.988
12.283,83.024,13.696,-1.5826,-10.911,0.0026099,0.0016945,-1.7148,0.0217,508.08
12.323,82.942,13.261,-1.6412,-10.865,0.0058225,0.003757,-1.7207,0.004,2746.9
12.363,82.892,12.821,-1.6112,-10.871,0.0096435,0.0061809,-1.7179,0.0088,1248.9
12.403,82.867,12.372,-1.4208,-10.92,-0.0010739,-0.00068409,-1.7002,0.0504,218.49
12.444,82.846,11.898,-1.2676,-11.007,0.0034665,0.0021922,-1.6854,0.0767,144.46
12.483,82.803,11.449,-1.2159,-11.012,0.0050296,0.00316,-1.6807,0.0797,139.01
12.523,82.776,10.989,-1.0165,-11.134,0.026627,0.016621,-1.6616,0.1117,100.09
12.563,82.794,10.992,-0.90134,-11.188,0.037129,0.023016,-1.6508,0.1244,90.225
12.604,82.808,10.512,-0.71175,-11.289,0.054523,0.033574,-1.6331,0.1468,77.057
12.643,82.748,9.5482,-0.55852,-11.351,0.078242,0.047877,-1.6194,0.1616,70.327
12.683,82.445,9.1134,-0.52649,-11.334,0.054361,0.033048,-1.6168,0.1556,72.92
12.723,82.425,8.651,-0.41497,-11.374,0.072241,0.043624,-1.6067,0.1624,70.082
12.763,82.472,8.1627,-0.23649,-11.489,0.12482,0.074855,-1.5905,0.178,64.558
12.803,82.576,7.6672,-0.13983,-11.539,0.15619,0.093066,-1.5818,0.1803,64.006
12.843,82.508,7.2823,-0.19037,-11.397,0.082454,0.04883,-1.5869,0.1632,69.844
12.883,82.386,6.7982,-0.057162,-11.454,0.10586,0.062262,-1.575,0.1717,66.707
12.923,82.379,6.3473,0.0063076,-11.449,0.099821,0.058322,-1.5695,0.1699,67.386
12.963,82.351,5.9381,0.059841,-11.49,0.12968,0.075237,-1.5646,0.1664,69.052
13.003,82.345,5.4982,0.1326,-11.477,0.11937,0.0688,-1.5584,0.1663,69.016
13.043,82.362,5.032,0.21229,-11.488,0.11945,0.068381,-1.5514,0.1671,68.763
13.083,82.372,4.5666,0.28059,-11.503,0.1264,0.071882,-1.5455,0.1661,69.275
13.123,82.396,4.0987,0.3658,-11.519,0.12956,0.073178,-1.5381,0.1675,68.807
13.163,82.432,3.6074,0.52047,-11.605,0.17114,0.095994,-1.5247,0.1768,65.706
13.203,82.464,3.1325,0.61258,-11.63,0.1804,0.10054,-1.5168,0.1781,65.388
13.243,82.51,2.6484,0.75773,-11.672,0.18981,0.1051,-1.5046,0.1856,63.021
13.283,82.53,2.1915,0.80254,-11.654,0.1819,0.10015,-1.5007,0.1811,64.503
13.324,82.587,1.6913,0.95548,-11.742,0.22871,0.12511,-1.4879,0.1879,62.696
13.364,82.639,1.1716,1.0987,-11.828,0.27785,0.15105,-1.4762,0.1928,61.615
13.404,82.681,0.65369,1.2029,-11.875,0.30265,0.1636,-1.4678,0.1937,61.619
13.444,82.743,0.15947,1.3391,-11.973,0.37717,0.20263,-1.4569,0.1971,61.124
13.484,82.768,-0.31933,1.3514,-11.895,0.29815,0.15951,-1.4557,0.1902,62.941
13.524,82.794,-0.80915,1.3945,-11.853,0.25165,0.13406,-1.452,0.1865,63.992
13.564,82.864,-1.3629,1.5391,-12.034,0.38938,0.20624,-1.4411,0.1901,63.818
13.604,82.932,-1.8444,1.6342,-12.051,0.39784,0.20982,-1.4335,0.1901,63.973
13.644,82.995,-2.3233,1.7298,-12.067,0.40619,0.21332,-1.4259,0.1901,64.128
13.684,83.079,-2.8083,1.8263,-12.083,0.41439,0.2168,-1.4182,0.1901,64.283
13.724,83.154,-3.2912,1.9377,-12.055,0.42216,0.22012,-1.4106,0.1901,64.23
13.764,83.234,-3.7737,2.0391,-12.055,0.42992,0.22345,-1.403,0.1901,64.317
13.804,83.317,-4.2573,2.1304,-12.083,0.4377,0.22678,-1.3954,0.1901,64.543
13.844,83.404,-4.7408,2.2112,-12.139,0.44545,0.23009,-1.3878,0.1901,64.904
13.885,83.494,-5.2247,2.3098,-12.15,0.45293,0.23341,-1.3801,0.1901,65.06
13.924,83.588,-5.7098,2.4072,-12.161,0.4603,0.23665,-1.3725,0.1901,65.215
13.964,83.693,-6.1965,2.5055,-12.172,0.4674,0.2398,-1.3649,0.1901,65.371
14.004,83.794,-6.6807,2.6037,-12.181,0.47448,0.24298,-1.3573,0.1901,65.526
14.044,83.893,-7.1638,2.7027,-12.19,0.48139,0.24619,-1.3497,0.1901,65.682
14.084,83.997,-7.6477,2.8014,-12.198,0.48806,0.24926,-1.3421,0.1901,65.837
******-------------------------------------------------------------------------------------------------------------------****** 
TargetID: ID25
Relevancy: 1
tj = 15.1641
Label: 0
Comment: Target is relevant and going straight, since target is crossing Ego X-axis in EFC
DATA:
11.643,91.879,36.909,NaN,NaN,NaN,NaN,-1.4782,NaN,NaN
11.683,89.928,37.461,NaN,NaN,NaN,NaN,-2.6621,NaN,NaN
11.724,91.345,36.139,NaN,NaN,NaN,NaN,-1.5576,NaN,NaN
11.763,91.359,35.619,NaN,NaN,NaN,NaN,-1.5576,NaN,NaN
11.803,90.761,35.469,NaN,NaN,NaN,NaN,-1.7966,NaN,NaN
11.843,89.984,35.438,NaN,NaN,NaN,NaN,-2.105,NaN,NaN
11.884,89.552,35.125,NaN,NaN,NaN,NaN,-2.1068,NaN,NaN
11.923,88.874,34.98,NaN,NaN,NaN,NaN,-2.2491,NaN,NaN
11.964,88.322,34.913,NaN,NaN,NaN,NaN,-2.36,NaN,NaN
12.003,88.007,34.612,NaN,NaN,NaN,NaN,-2.36,NaN,NaN
12.043,87.488,34.541,NaN,NaN,NaN,NaN,-2.4414,NaN,NaN
12.083,87.164,34.261,NaN,NaN,NaN,NaN,-2.4415,NaN,NaN
12.123,87.5,33.858,-7.967,-7.265,-0,-0,-2.4022,0,Inf
12.163,87.088,33.635,-8.119,-7.2226,-0.085379,-0.056514,-2.4145,0.0073,1488.6
12.204,86.928,33.257,-7.8437,-7.3274,-0.072547,-0.047717,-2.3902,0.0043,2496.2
12.243,86.693,32.937,-7.6886,-7.3404,0.012311,0.0080467,-2.3794,-0.0043,-2472.1
12.283,86.486,32.6,-7.5153,-7.3564,0.092043,0.059765,-2.3669,-0.0094,-1118.8
12.323,86.411,32.177,-7.097,-7.4649,0.15698,0.10128,-2.3309,0.0037,2783.8
12.363,86.367,31.76,-6.6713,-7.568,0.20145,0.12912,-2.2932,0.0285,353.99
12.403,86.191,31.419,-6.4829,-7.6046,0.21222,0.13513,-2.2767,0.0423,236.24
12.444,86.039,31.07,-6.2536,-7.6664,0.20091,0.12708,-2.255,0.0649,152.44
12.483,85.805,30.738,-6.2246,-7.6997,0.14262,0.089609,-2.2506,0.0685,144.54
12.523,85.612,30.411,-6.0553,-7.7582,0.12176,0.076018,-2.2336,0.0876,112.35
12.563,85.574,30.016,-5.5501,-7.908,0.14362,0.089062,-2.1827,0.1525,63.353
12.604,85.461,29.661,-5.2838,-7.9868,0.13678,0.084275,-2.1553,0.1797,53.291
12.643,85.403,29.27,-5.2887,-8.0723,0.03896,0.023849,-2.1508,0.1488,64.856
12.683,85.362,28.871,-5.0865,-8.1833,-0.020421,-0.012419,-2.1269,0.1591,60.561
12.723,85.396,28.416,-4.6955,-8.3585,-0.042728,-0.025817,-2.0827,0.2026,47.32
12.763,85.258,28.05,-4.5383,-8.4306,-0.041105,-0.024674,-2.0646,0.2176,44
12.803,85.227,27.648,-4.3455,-8.537,-0.06413,-0.038252,-2.0417,0.2245,42.669
12.843,85.228,27.222,-3.9531,-8.6787,-0.054263,-0.032153,-1.9983,0.2686,35.505
12.883,85.334,26.772,-3.3615,-8.8377,-0.035344,-0.020805,-1.9343,0.3346,28.259
12.923,85.304,26.387,-2.9788,-8.9159,0.0097668,0.0057105,-1.8932,0.3716,25.297
12.963,85.199,26.024,-2.8478,-8.9604,0.018099,0.010513,-1.8785,0.3703,25.39
13.003,85.106,25.669,-2.6709,-8.998,0.026459,0.015266,-1.8594,0.3757,24.983
13.043,84.809,25.398,-2.8166,-8.9157,0.030921,0.017721,-1.8768,0.3423,27.315
13.083,84.563,25.106,-2.8756,-8.8442,0.039696,0.022603,-1.8852,0.3208,28.99
13.123,84.431,24.765,-2.7817,-8.844,0.033236,0.018796,-1.8755,0.3184,29.118
13.163,84.213,24.461,-2.8035,-8.7999,0.032919,0.018496,-1.8792,0.3012,30.663
13.203,83.873,24.201,-3.0034,-8.6901,0.046799,0.02613,-1.9036,0.2645,34.762
13.243,83.707,23.872,-2.9549,-8.693,0.034751,0.019279,-1.8985,0.2587,35.491
13.283,83.54,23.548,-2.9151,-8.6974,0.024518,0.013526,-1.8942,0.2516,36.458
13.324,83.488,23.173,-2.7122,-8.7569,0.0058278,0.003196,-1.8711,0.2646,34.646
13.364,83.512,22.779,-2.4261,-8.8322,-0.010058,-0.005484,-1.8389,0.2852,32.116
13.404,83.379,22.426,-2.3891,-8.8711,-0.0070861,-0.0038424,-1.8339,0.2786,32.976
13.444,83.236,22.085,-2.3621,-8.8936,-0.0044806,-0.0024175,-1.8304,0.271,33.956
13.484,83.147,21.723,-2.2593,-8.9291,-0.0043614,-0.0023408,-1.8186,0.2719,33.875
13.524,83.044,21.364,-2.1783,-8.9533,-0.0016221,-0.00086598,-1.8095,0.2705,34.065
13.564,82.942,21.002,-2.099,-8.9925,0.0021224,0.0011287,-1.8001,0.2693,34.29
13.604,82.858,20.641,-2.0082,-9.0171,0.0058741,0.003111,-1.7899,0.2688,34.368
13.644,82.788,20.274,-1.8813,-9.0506,0.0060043,0.0031676,-1.7757,0.2719,33.998
13.684,82.716,19.906,-1.794,-9.08,0.013019,0.0068425,-1.7659,0.271,34.153
13.724,82.665,19.537,-1.6693,-9.1087,0.013655,0.0071523,-1.7521,0.2735,33.859
13.764,82.549,19.19,-1.6467,-9.1324,0.026073,0.013618,-1.7492,0.2663,34.847
13.804,82.571,18.797,-1.4535,-9.1957,0.041895,0.021816,-1.7276,0.2752,33.83
13.844,82.462,18.459,-1.4202,-9.1824,0.034892,0.018118,-1.7243,0.2688,34.567
13.885,82.365,18.107,-1.369,-9.1894,0.035033,0.018151,-1.7187,0.2644,35.139
13.924,82.352,17.725,-1.2077,-9.2228,0.037564,0.019416,-1.701,0.2703,34.412
13.964,82.41,17.317,-0.97445,-9.2869,0.055175,0.028462,-1.6753,0.282,33.113
14.004,82.382,16.943,-0.86729,-9.3172,0.071285,0.036721,-1.6637,0.2821,33.171
14.044,82.334,16.572,-0.79159,-9.3497,0.091925,0.04728,-1.6552,0.2796,33.559
14.084,82.214,16.232,-0.8037,-9.3361,0.08717,0.044795,-1.6568,0.2694,34.783
14.124,82.22,15.85,-0.6726,-9.3818,0.11374,0.058375,-1.6422,0.272,34.58
14.164,82.222,15.466,-0.54401,-9.4219,0.13439,0.068921,-1.6283,0.2742,34.419
14.204,82.216,15.082,-0.40758,-9.447,0.13554,0.069475,-1.6138,0.2771,34.124
14.244,82.198,14.698,-0.31183,-9.4708,0.14471,0.074183,-1.6036,0.2763,34.296
14.284,82.141,14.335,-0.26076,-9.467,0.13552,0.069495,-1.5983,0.2719,34.831
14.324,82.114,13.959,-0.17533,-9.4795,0.13539,0.069437,-1.5891,0.2705,35.05
14.364,82.087,13.582,-0.10744,-9.4925,0.1418,0.072728,-1.582,0.2676,35.475
14.404,82.045,13.219,-0.055058,-9.4785,0.12558,0.064392,-1.5765,0.2636,35.959
14.444,81.984,12.852,-0.050806,-9.4765,0.13137,0.067347,-1.576,0.2553,37.12
14.484,82.077,12.44,0.13216,-9.5473,0.1817,0.093213,-1.5572,0.2617,36.485
14.524,83.03,13.68,0.095584,-9.51,0.15967,0.081519,-1.5577,0.2526,37.65
14.564,82.997,13.3,0.045294,-9.5172,0.19526,0.099625,-1.5623,0.2397,39.705
14.604,82.99,12.926,0.096224,-9.5087,0.17858,0.091173,-1.5573,0.2361,40.276
14.644,82.914,12.572,0.011336,-9.4696,0.17355,0.088646,-1.5663,0.2201,43.024
14.684,82.909,12.193,0.037419,-9.48,0.18773,0.095822,-1.5632,0.2149,44.114
14.724,82.82,11.851,-0.043146,-9.43,0.17494,0.08933,-1.572,0.1995,47.269
14.764,82.78,11.487,-0.085444,-9.4348,0.21303,0.10865,-1.5758,0.1883,50.107
14.804,82.766,11.116,-0.042008,-9.4387,0.20591,0.10501,-1.5713,0.1857,50.828
14.844,82.734,10.753,-0.020506,-9.4312,0.19927,0.10163,-1.5691,0.1809,52.135
14.884,82.721,10.378,-0.018979,-9.4497,0.22858,0.11649,-1.5684,0.1744,54.184
14.924,82.703,10.002,0.0045488,-9.4637,0.23722,0.12087,-1.5657,0.1703,55.571
14.964,82.682,9.6294,0.002515,-9.4785,0.25937,0.13208,-1.5656,0.1636,57.937
15.004,82.642,9.2758,0.016776,-9.4518,0.22908,0.11674,-1.5646,0.1584,59.67
15.044,82.646,8.8924,0.051837,-9.4801,0.24724,0.12593,-1.5606,0.1559,60.81
15.084,82.644,8.5143,0.06876,-9.5035,0.27076,0.13782,-1.5584,0.1516,62.69
15.124,82.626,8.1426,0.017403,-9.4878,0.26563,0.13524,-1.5639,0.14,67.77
15.164,82.611,7.7663,0.050514,-9.4987,0.25775,0.13125,-1.5605,0.1378,68.932
15.204,82.616,7.3839,0.10066,-9.5293,0.27014,0.13751,-1.5551,0.1376,69.257
15.244,82.591,7.0205,0.11507,-9.5221,0.25951,0.13213,-1.5538,0.1331,71.546
15.284,82.605,6.6331,0.16367,-9.5609,0.28066,0.14281,-1.5483,0.1329,71.951
15.324,82.607,6.2526,0.21573,-9.5874,0.28868,0.14685,-1.5428,0.133,72.104
15.364,82.608,5.8454,0.23716,-9.6956,0.40028,0.20302,-1.5389,0.1297,74.776
15.404,82.606,5.4756,0.28466,-9.7108,0.40092,0.20332,-1.5341,0.1291,75.251
15.444,82.621,5.0896,0.38775,-9.7491,0.39483,0.20024,-1.5238,0.1351,72.219
15.484,82.646,4.6974,0.48538,-9.7925,0.39861,0.2021,-1.514,0.1402,69.932
15.524,82.682,4.2887,0.55423,-9.866,0.44645,0.22605,-1.5066,0.1418,69.686
15.564,82.707,3.8905,0.614,-9.9134,0.47007,0.23784,-1.5005,0.1419,69.996
15.604,82.741,3.4917,0.67182,-9.9488,0.47683,0.2412,-1.4948,0.1419,70.271
15.644,82.78,3.0907,0.75714,-9.9926,0.48523,0.24536,-1.4865,0.1454,68.922
15.684,82.661,2.6842,0.80616,-10.03,0.49963,0.25236,-1.4818,0.1437,70.026
15.724,82.404,2.2538,0.88958,-10.096,0.52203,0.26313,-1.4738,0.1464,69.232
15.764,82.334,1.8568,0.91999,-10.111,0.52107,0.26254,-1.471,0.1423,71.348
15.804,82.351,1.4883,0.93103,-10.064,0.46699,0.23568,-1.4703,0.1365,74.045
15.844,82.38,1.0819,0.96554,-10.101,0.48222,0.24324,-1.4671,0.1337,75.893
15.884,82.437,0.65687,1.0035,-10.132,0.4866,0.24548,-1.4637,0.1315,77.426
15.924,82.602,-0.8549,1.0916,-10.169,0.49343,0.25186,-1.4609,0.1288,79.403
15.964,82.654,-1.3281,1.204,-10.326,0.59992,0.30596,-1.4513,0.1337,77.757
16.004,82.164,0.38397,1.3914,-10.495,0.60547,0.31333,-1.4423,0.0662,159.93
16.044,82.11,-0.00083861,-2.7329,-9.1407,0.59756,0.30927,-1.4484,0.0662,144.12
16.084,82.053,-0.37997,1.2301,-10.216,0.58966,0.30521,-1.4544,0.0662,155.44
16.124,82.115,-0.82421,1.2892,-10.378,0.62988,0.32613,-1.4508,0.0576,181.56
16.164,82.268,-2.4397,1.4115,-10.359,0.69652,0.36771,-1.448,0.036,290.42
16.204,82.285,-2.8015,1.3223,-10.374,0.71291,0.37651,-1.4569,-0.0198,-528.19
16.244,82.29,-3.1313,1.2874,-10.413,0.8208,0.43507,-1.4623,-0.0622,-168.69
16.285,82.333,-3.551,1.2675,-10.479,0.82176,0.43539,-1.4648,-0.0622,-169.69
16.324,82.375,-3.9734,1.247,-10.544,0.82246,0.43557,-1.4672,-0.0622,-170.7
16.364,82.442,-4.398,1.2366,-10.68,0.86287,0.45727,-1.47,-0.0646,-166.44
16.405,82.457,-4.8607,1.2291,-10.827,0.96613,0.51343,-1.4735,-0.0689,-158.15
16.445,82.513,-5.2699,1.245,-10.841,0.9078,0.48138,-1.4712,-0.0552,-197.69
16.485,82.544,-5.6964,1.3018,-10.98,0.91081,0.48016,-1.4672,-0.0399,-277.11
16.525,82.576,-6.1873,1.2499,-11.183,1.0506,0.55713,-1.4755,-0.0543,-207.24
16.565,82.704,-6.3545,1.7709,-10.69,0.8776,0.43606,-1.3918,0.1236,87.666
16.605,82.793,-6.6074,2.2284,-10.253,0.5763,0.28876,-1.3463,0.2021,51.915
16.645,82.87,-6.9471,2.2776,-9.972,0.17555,0.08935,-1.3429,0.1942,52.671
16.685,82.966,-7.334,2.4287,-9.6418,-0.15315,-0.079046,-1.327,0.2092,47.529
16.725,83.093,-7.8542,2.4037,-9.9669,0.22235,0.11302,-1.3302,0.187,54.827
16.765,83.207,-8.2744,2.4591,-10.045,0.30654,0.15532,-1.3253,0.1817,56.917
16.805,83.355,-8.6757,2.8427,-10.106,0.49288,0.25796,-1.3049,0.2069,50.74
16.845,83.424,-9.1743,2.4195,-10.478,0.73674,0.36815,-1.3322,0.1529,70.332
16.885,83.401,-9.6671,2.3604,-10.556,0.64001,0.33629,-1.3608,0.1005,107.63
16.925,83.525,-10.066,2.445,-10.528,0.59868,0.31413,-1.352,0.1069,101.11
16.965,83.636,-10.454,2.4678,-10.465,0.489,0.25557,-1.347,0.106,101.44
17.005,83.745,-10.867,2.5006,-10.459,0.44877,0.23419,-1.3433,0.1046,102.81
17.045,83.847,-11.296,2.5241,-10.491,0.44489,0.23211,-1.3417,0.1008,107.05
17.085,83.946,-11.728,2.5517,-10.533,0.462,0.24116,-1.3404,0.0972,111.5
17.125,83.934,-12.238,2.343,-10.712,0.50283,0.26272,-1.3631,0.0628,174.6
17.165,84.003,-12.693,2.3556,-10.814,0.5463,0.28536,-1.3645,0.0593,186.64
17.205,84.112,-13.126,2.4048,-10.821,0.55602,0.29096,-1.3604,0.061,181.72
17.245,84.204,-13.554,2.4529,-10.862,0.59443,0.31145,-1.3575,0.0614,181.36
17.285,84.331,-13.999,2.5187,-10.901,0.60277,0.31587,-1.3526,0.0637,175.65
17.325,84.394,-14.471,2.5069,-10.999,0.66179,0.34738,-1.3562,0.0578,195.18
17.365,84.521,-14.905,2.5829,-11.024,0.67061,0.35208,-1.3503,0.0612,185.01
17.405,84.655,-15.322,2.6626,-11.012,0.63929,0.33529,-1.3427,0.0659,171.92
17.445,84.744,-15.784,2.6288,-11.082,0.63648,0.33369,-1.3469,0.0562,202.65
17.485,84.838,-16.242,2.6056,-11.122,0.60098,0.31465,-1.3491,0.0503,227.09
17.525,84.928,-16.705,2.5791,-11.175,0.5873,0.30728,-1.3522,0.0435,263.64
17.565,85.029,-17.154,2.6064,-11.206,0.58892,0.30812,-1.3504,0.0435,264.49
17.605,85.146,-17.603,2.6213,-11.235,0.57034,0.29818,-1.3495,0.0409,282.08
17.645,85.25,-18.054,2.648,-11.266,0.57185,0.29895,-1.3478,0.0409,282.96
17.685,85.355,-18.506,2.6749,-11.297,0.57335,0.29972,-1.3461,0.0409,283.84
17.725,85.601,-18.881,2.9139,-11.233,0.58331,0.30509,-1.325,0.0586,198.04
17.765,85.717,-19.333,2.949,-11.261,0.58543,0.30619,-1.3227,0.0586,198.64
17.805,85.834,-19.785,2.9842,-11.288,0.58755,0.30729,-1.3203,0.0586,199.24
17.845,85.953,-20.239,3.0196,-11.315,0.58955,0.30833,-1.318,0.0586,199.85
17.885,86.073,-20.693,3.055,-11.342,0.59167,0.30943,-1.3156,0.0586,200.45
17.925,86.195,-21.149,3.091,-11.369,0.59379,0.31053,-1.3132,0.0586,201.05
******-------------------------------------------------------------------------------------------------------------------****** 
TargetID: ID05
Relevancy: 1
tj = 14.0837
Label: 0
Comment: Target is relevant and going straight, since target is crossing Ego X-axis in EFC
DATA:
12.243,87.064,25.324,NaN,NaN,NaN,NaN,-1.6215,NaN,NaN
12.283,86.988,24.943,NaN,NaN,NaN,NaN,-1.6724,NaN,NaN
12.323,86.933,24.481,NaN,NaN,NaN,NaN,-1.6724,NaN,NaN
12.363,86.897,24.016,NaN,NaN,NaN,NaN,-1.6724,NaN,NaN
12.403,86.851,23.553,NaN,NaN,NaN,NaN,-1.6724,NaN,NaN
12.444,86.804,23.09,NaN,NaN,NaN,NaN,-1.6724,NaN,NaN
12.483,85.516,23.341,NaN,NaN,NaN,NaN,-2.0902,NaN,NaN
12.523,85.171,22.969,NaN,NaN,NaN,NaN,-2.1174,NaN,NaN
12.563,85.854,22.477,-3.779,-9.5098,-0.024999,-0.015503,-1.9491,-0.0005,-20466
12.604,85.771,21.988,-3.6917,-9.5826,-0.08874,-0.054677,-1.9386,-0.0018,-5705.1
12.643,85.526,21.595,-3.9255,-9.5032,-0.14595,-0.089346,-1.9626,-0.0096,-1071.1
12.683,85.392,21.178,-3.8947,-9.5513,-0.17255,-0.10495,-1.9581,-0.0084,-1228
12.723,85.199,20.794,-4.013,-9.5225,-0.17819,-0.10766,-1.9697,-0.0149,-693.53
12.763,85.106,20.355,-3.846,-9.5932,-0.13217,-0.079342,-1.9522,-0.0014,-7382.4
12.803,84.95,19.972,-3.8503,-9.6038,-0.1285,-0.076652,-1.9522,-0.0014,-7390.6
12.843,84.734,19.565,-4.0752,-9.5875,-0.14053,-0.08327,-1.9728,-0.0181,-575.56
12.883,84.571,19.19,-4.0949,-9.5775,-0.11798,-0.06944,-1.9748,-0.022,-473.46
12.923,84.363,18.823,-4.2459,-9.5399,-0.1238,-0.072381,-1.9895,-0.0377,-276.98
12.963,84.412,18.349,-3.5665,-9.7581,-0.047815,-0.027774,-1.9212,0.0413,251.56
13.003,84.145,17.998,-3.9689,-9.6378,-0.052184,-0.030108,-1.9615,-0.0117,-890.86
13.043,84.131,17.557,-3.5256,-9.7805,-0.021228,-0.012165,-1.9168,0.0456,227.99
13.083,84.194,17.078,-2.8462,-9.9748,0.0036872,0.0020997,-1.8488,0.1359,76.328
13.123,84.086,16.678,-2.7928,-9.9923,0.0065241,0.0036893,-1.8433,0.1359,76.345
13.163,84.152,16.215,-2.1168,-10.151,0.026138,0.014685,-1.7764,0.2214,46.835
13.203,84.068,15.811,-2.0446,-10.168,0.040871,0.022819,-1.7692,0.2186,47.446
13.243,83.988,15.403,-1.9564,-10.187,0.04489,0.024904,-1.7605,0.2186,47.453
13.283,84.024,14.949,-1.5034,-10.301,0.061916,0.034151,-1.7157,0.2691,38.685
13.324,84.013,14.513,-1.2527,-10.369,0.080231,0.04399,-1.691,0.2887,36.177
13.364,83.958,14.098,-1.1537,-10.391,0.08629,0.047052,-1.6814,0.2861,36.544
13.404,84.044,14.533,-0.91411,-10.46,0.10951,0.059299,-1.657,0.3058,34.337
13.444,84.135,14.057,-0.32089,-10.595,0.17028,0.091608,-1.5996,0.3658,28.977
13.484,84.032,13.662,-0.55291,-10.53,0.12534,0.067153,-1.6222,0.3191,33.044
13.524,83.996,13.253,-0.52913,-10.52,0.10752,0.057341,-1.6201,0.3038,34.672
13.564,83.924,12.879,-0.58307,-10.448,0.069668,0.037014,-1.6259,0.2791,37.493
13.604,83.833,12.472,-0.70652,-10.392,0.045238,0.023946,-1.6383,0.2515,41.416
13.644,83.786,12.067,-0.72982,-10.375,0.048407,0.025515,-1.6406,0.2319,44.85
13.684,83.773,11.637,-0.6752,-10.388,0.05433,0.02853,-1.6352,0.2259,46.084
13.724,83.644,11.287,-0.77247,-10.252,-0.0055127,-0.0028876,-1.646,0.2044,50.299
13.764,83.566,10.914,-0.69859,-10.177,-0.061177,-0.03198,-1.6399,0.206,49.517
13.804,83.41,10.565,-0.85776,-10.082,-0.047417,-0.024709,-1.6561,0.1747,57.919
13.844,84.125,10.093,-0.73804,-10.107,-0.045578,-0.023673,-1.6441,0.1827,55.466
13.885,84.291,9.6716,-0.47788,-10.219,-0.00087871,-0.00045552,-1.6175,0.2075,49.304
13.924,84.258,9.2671,-0.32862,-10.257,0.017334,0.0089589,-1.6027,0.2167,47.356
13.964,84.236,8.8576,-0.1498,-10.319,0.056778,0.029279,-1.5848,0.2288,45.104
14.004,84.167,8.4758,-0.14172,-10.257,0.018984,0.0097743,-1.5844,0.2201,46.605
14.044,84.138,8.0748,-0.10729,-10.232,0.013203,0.0067907,-1.5812,0.2134,47.95
14.084,84.104,7.6567,-0.012654,-10.289,0.076551,0.039304,-1.5713,0.2146,47.947
14.124,83.976,7.2568,0.054199,-10.295,0.093403,0.047909,-1.5647,0.2124,48.472
14.164,83.955,6.8359,0.13049,-10.318,0.12469,0.064177,-1.5593,0.2086,49.468
14.204,83.921,6.4461,0.13051,-10.289,0.1139,0.058339,-1.5571,0.2014,51.09
14.244,83.927,6.0353,0.21373,-10.297,0.11704,0.059944,-1.549,0.2014,51.138
14.284,83.919,5.6348,0.26829,-10.285,0.11214,0.057436,-1.5437,0.1983,51.884
14.324,83.961,5.2073,0.47072,-10.348,0.12582,0.06446,-1.5242,0.212,48.86
14.364,83.915,4.8612,0.41385,-10.194,0.028933,0.014838,-1.5299,0.1964,51.945
14.404,83.935,4.4346,0.46426,-10.227,0.071683,0.036735,-1.5248,0.1924,53.209
14.444,83.908,4.0901,0.42291,-10.068,-0.023915,-0.012266,-1.529,0.1788,56.357
14.484,83.9,3.7108,0.4755,-10.016,-0.050462,-0.025901,-1.5239,0.1769,56.686
14.524,83.92,3.3117,0.54654,-10.007,-0.05109,-0.026224,-1.5167,0.1769,56.654
14.564,83.907,2.9489,0.57366,-9.9454,-0.067112,-0.034448,-1.5139,0.1716,58.053
14.604,83.92,2.5552,0.61995,-9.9372,-0.050355,-0.025848,-1.509,0.1687,59.019
14.644,83.921,2.1639,0.62596,-9.9317,-0.011829,-0.0060709,-1.508,0.1608,61.887
14.684,83.937,1.7741,0.66089,-9.9063,-0.017242,-0.0088466,-1.5044,0.1577,62.957
14.724,83.928,1.3792,0.61546,-9.881,0.00075461,0.00038742,-1.5086,0.1451,68.23
14.764,83.94,0.99826,0.63523,-9.8333,-0.025047,-0.01285,-1.5065,0.1413,69.737
14.804,83.935,0.61593,0.56777,-9.7795,-0.023663,-0.012137,-1.513,0.1274,76.892
14.844,84.002,0.16764,0.76094,-9.9347,0.057481,0.029452,-1.4938,0.1426,69.872
14.884,83.808,-0.559,0.85457,-10.038,0.12663,0.06485,-1.485,0.1455,69.242
14.924,83.843,-1.0613,0.97819,-10.202,0.2256,0.11544,-1.4737,0.1512,67.781
14.964,83.746,-1.3739,1.027,-10.255,0.25419,0.12991,-1.469,0.1498,68.801
15.004,83.776,-1.7405,1.098,-10.396,0.34889,0.17797,-1.4625,0.1499,69.736
15.044,83.394,-1.4044,-14.904,17.727,0.35241,0.18072,-1.4701,0.11177,207.2
15.084,83.01,-1.081,1.0552,-11.068,0.35594,0.18348,-1.4777,0.0736,151.06
15.124,82.968,-1.1368,0.93234,-10.326,0.48368,0.25073,-1.4851,-0.0174,-595.88
15.164,82.994,-1.5979,0.96474,-10.607,0.5951,0.30902,-1.4852,-0.0426,-250.02
15.204,83.054,-1.6279,1.0815,-11.55,0.70545,0.3549,-1.4677,0.066,175.76
15.244,83.26,-2.7634,1.2279,-11.015,0.69187,0.36318,-1.47,0.066,167.93
15.284,83.257,-2.5243,-0.75235,14.443,0.62782,0.3242,-1.4757,0.080656,179.32
15.324,83.249,-2.2885,0.92185,-11.149,0.56383,0.28525,-1.4813,0.0953,117.39
15.364,83.332,-2.8646,2.9179,-16.65,0.61931,0.31835,-1.4681,0.18648,90.644
15.404,83.458,-3.5414,3.0689,-16.18,0.67479,0.35144,-1.455,0.27766,59.311
15.444,83.553,-4.0798,1.3761,-9.7441,0.73025,0.38452,-1.4418,0.3688,26.683
15.484,83.607,-4.5796,1.4432,-9.948,0.75018,0.39489,-1.4378,0.3659,27.472
15.524,83.696,-4.5505,1.772,-9.1603,0.52029,0.2672,-1.3797,0.4294,21.728
15.564,83.828,-4.9771,2.1906,-9.3243,0.65048,0.34137,-1.3509,0.4826,19.847
15.604,83.928,-5.3472,2.383,-9.3207,0.67009,0.35201,-1.3317,0.4826,19.935
15.644,84.036,-5.7167,2.576,-9.3131,0.68917,0.36238,-1.3124,0.4826,20.022
15.684,84.151,-6.0853,2.7698,-9.3014,0.70799,0.37261,-1.2931,0.4826,20.11
15.724,84.17,-6.4922,2.4987,-9.448,0.96787,0.47894,-1.2966,0.4304,22.706
15.764,84.249,-7.0275,2.3135,-9.8948,1.2502,0.61492,-1.3225,0.3423,29.686
15.804,84.178,-7.6696,1.9239,-10.445,1.3655,0.70241,-1.3887,0.1874,56.676
15.844,84.273,-7.8584,2.5508,-9.9269,1.3479,0.66072,-1.2995,0.3518,29.134
15.884,84.317,-8.2192,2.7302,-9.8163,1.2197,0.62685,-1.2995,0.327,31.159
15.924,84.331,-8.6052,2.604,-9.8193,1.0965,0.56348,-1.3116,0.285,35.645
15.964,84.379,-8.9942,2.5876,-9.8608,1.0927,0.56151,-1.3142,0.2628,38.792
16.004,84.534,-9.7009,2.6639,-10.759,1.7849,0.96738,-1.3505,0.1892,58.583
16.044,84.508,-10.281,2.2749,-11.173,1.711,0.92168,-1.39,0.1098,103.84
16.084,84.6,-11.136,2.1912,-11.448,1.7213,0.93378,-1.4052,0.0798,146.06
16.124,84.575,-11.462,1.9349,-11.764,1.701,0.91267,-1.4264,0.0436,273.45
16.164,84.659,-11.973,1.9296,-11.94,1.6986,0.91017,-1.4286,0.0366,330.46
16.204,84.769,-12.439,2.0066,-12.024,1.6651,0.89068,-1.4228,0.0387,315
16.244,84.88,-12.831,2.0373,-11.825,1.3675,0.72668,-1.4147,0.046,260.84
16.285,84.798,-13.357,1.7735,-12.059,1.3196,0.69661,-1.4382,0.0169,721.24
16.324,84.861,-13.83,1.637,-11.977,1.0928,0.57601,-1.4463,-0.0011,-10990
16.364,84.902,-14.314,1.5942,-12.073,1.0344,0.54253,-1.45,-0.0059,-2064.1
16.405,85.023,-14.745,1.6874,-11.922,0.89156,0.46768,-1.4395,0.0045,2675.8
16.445,85.147,-15.188,1.7439,-11.852,0.76311,0.39912,-1.4328,0.0091,1316.4
16.485,85.336,-15.591,1.9317,-11.778,0.71262,0.37235,-1.4158,0.0251,475.5
16.525,85.505,-16.197,1.9934,-11.715,0.58659,0.30603,-1.4093,0.0286,415.51
16.565,85.934,-16.583,2.1427,-11.616,0.50463,0.26294,-1.3946,0.0408,289.51
16.605,85.873,-17.095,1.9928,-11.815,0.5841,0.30415,-1.4107,0.025,479.27
16.645,86.012,-17.541,2.1048,-11.766,0.57469,0.29996,-1.4007,0.0329,363.31
16.685,86.167,-17.972,2.2111,-11.705,0.48173,0.25076,-1.3899,0.0398,299.3
16.725,86.303,-18.389,2.3111,-11.665,0.44536,0.23159,-1.3807,0.0468,254.09
16.765,86.43,-18.809,2.4172,-11.556,0.29159,0.15091,-1.3682,0.0549,215.04
16.805,86.587,-19.201,2.5258,-11.496,0.23195,0.11981,-1.3574,0.0618,190.45
16.845,86.743,-19.634,2.6073,-11.459,0.18982,0.097924,-1.3494,0.0651,180.51
16.885,86.933,-20.047,2.7296,-11.416,0.17514,0.090311,-1.3383,0.0706,166.26
16.925,87.043,-20.504,2.7643,-11.419,0.17589,0.0907,-1.3355,0.0706,166.41
16.965,87.156,-20.961,2.7988,-11.421,0.17664,0.091089,-1.3327,0.0706,166.56
17.005,87.269,-21.418,2.8336,-11.424,0.1774,0.091478,-1.3299,0.0706,166.72
17.045,87.385,-21.876,2.8684,-11.426,0.17815,0.091867,-1.327,0.0706,166.87
17.085,87.501,-22.333,2.9032,-11.429,0.17877,0.092192,-1.3242,0.0706,167.02
17.125,87.62,-22.79,2.9387,-11.431,0.17953,0.092582,-1.3214,0.0706,167.17
******-------------------------------------------------------------------------------------------------------------------****** 
TargetID: ID06
Relevancy: 1
tj = 12.204
Label: 1
Comment: Target is relevant and Turning, since the velocity ratio is highly changing at the end
DATA:
8.0427,87.183,35.648,NaN,NaN,NaN,NaN,-1.9537,NaN,NaN
8.0827,86.589,35.486,NaN,NaN,NaN,NaN,-2.2208,NaN,NaN
8.1227,86.348,35.168,NaN,NaN,NaN,NaN,-2.2208,NaN,NaN
8.1627,86.272,34.68,NaN,NaN,NaN,NaN,-2.1014,NaN,NaN
8.2028,86.332,33.953,NaN,NaN,NaN,NaN,-1.9136,NaN,NaN
8.2427,86.055,33.677,NaN,NaN,NaN,NaN,-1.9803,NaN,NaN
8.2827,85.862,33.298,NaN,NaN,NaN,NaN,-1.9891,NaN,NaN
8.3228,85.524,33.108,NaN,NaN,NaN,NaN,-2.0732,NaN,NaN
8.3628,85.593,32.482,NaN,NaN,NaN,NaN,-1.9616,NaN,NaN
8.4028,85.208,32.29,NaN,NaN,NaN,NaN,-2.0429,NaN,NaN
8.443,84.885,32.06,NaN,NaN,NaN,NaN,-2.0959,NaN,NaN
8.4828,84.652,31.828,NaN,NaN,NaN,NaN,-2.1174,NaN,NaN
8.5228,85.278,31.311,-4.583,-9.1683,-0,-0,-2.0343,0,Inf
8.5629,84.97,31.086,-4.8688,-8.8326,0.029965,0.027377,-2.0746,0.0033,3056.2
8.6029,84.821,30.677,-4.7598,-8.9554,0.018803,0.017158,-2.0593,0.0062,1635.8
8.6429,84.525,30.435,-5.0107,-8.6849,0.041189,0.037526,-2.0941,-0.0082,-1222.8
8.6829,84.351,30.051,-4.932,-8.743,0.096655,0.087937,-2.0844,0.0038,2641.6
8.7229,84.195,29.651,-4.8026,-8.8205,0.19071,0.17326,-2.0693,0.0256,392.31
8.7631,83.928,29.384,-4.9522,-8.6344,0.25325,0.22976,-2.0914,0.0084,1185
8.8029,83.836,28.932,-4.6963,-8.8406,0.28342,0.25674,-2.0592,0.0424,236.1
8.8431,83.669,28.56,-4.6247,-8.8758,0.31266,0.28282,-2.0513,0.0514,194.71
8.883,83.423,28.275,-4.7721,-8.706,0.36562,0.33024,-2.0721,0.0224,443.22
8.923,83.481,27.63,-4.0569,-9.3614,0.2303,0.2077,-1.9796,0.1457,70.025
8.963,83.329,27.274,-4.026,-9.3571,0.21363,0.19243,-1.9772,0.1334,76.361
9.003,83.111,26.949,-4.1774,-9.2112,0.24721,0.2223,-1.9964,0.0971,104.16
9.043,82.893,26.638,-4.2745,-9.0868,0.29291,0.26309,-2.0105,0.073,137.56
9.083,82.703,26.301,-4.32,-9.022,0.30805,0.27624,-2.0172,0.0597,167.55
9.123,82.463,25.986,-4.4449,-8.8846,0.33371,0.29889,-2.0345,0.0347,286.29
9.1631,82.313,25.588,-4.3446,-8.9807,0.27924,0.2497,-2.0212,0.0524,190.39
9.2031,82.011,25.358,-4.6714,-8.6028,0.38426,0.34313,-2.0681,-0.013,-753.02
9.2431,81.806,25.02,-4.7192,-8.5336,0.36093,0.32171,-2.0758,-0.0204,-478.02
9.2832,81.623,24.647,-4.6853,-8.5704,0.30987,0.2757,-2.0709,-0.0102,-957.6
9.3231,81.481,24.26,-4.5685,-8.6816,0.25654,0.2278,-2.0552,0.0104,943.3
9.3631,81.276,23.938,-4.6226,-8.6038,0.26644,0.23606,-2.0639,-0.001,-9767
9.4031,81.128,23.551,-4.511,-8.7085,0.22556,0.19942,-2.0486,0.0178,550.98
9.4431,80.917,23.22,-4.584,-8.6205,0.239,0.2109,-2.0594,0.0056,1743.5
9.4832,80.722,22.886,-4.6004,-8.5825,0.23827,0.20983,-2.0628,0.0013,7490.5
9.5232,81.581,22.854,-4.8018,-8.3146,0.28648,0.25196,-2.0934,-0.0323,-297.26
9.5634,81.329,22.607,-4.9659,-8.0818,0.36551,0.32056,-2.1204,-0.0614,-154.49
9.6032,81.137,22.304,-4.9636,-8.0004,0.38101,0.33385,-2.1247,-0.0657,-143.3
9.6432,80.964,21.962,-4.9121,-8.0293,0.38013,0.33217,-2.1184,-0.0572,-164.56
9.6832,80.799,21.626,-4.8401,-8.0237,0.38765,0.33845,-2.1121,-0.0492,-190.46
9.7235,80.689,21.245,-4.6845,-8.1416,0.36268,0.31608,-2.0914,-0.026,-361.27
9.7633,80.484,20.919,-4.6875,-8.0922,0.37831,0.32911,-2.0942,-0.0272,-343.82
9.8033,80.686,21.246,-4.6326,-8.1089,0.3672,0.31871,-2.0869,-0.0179,-521.73
9.8433,80.517,20.906,-4.5559,-8.1145,0.38274,0.33154,-2.0792,-0.0102,-912.35
9.8833,80.34,20.589,-4.5283,-8.0862,0.39096,0.33797,-2.078,-0.008,-1158.5
9.9233,80.173,20.264,-4.4555,-8.0705,0.41145,0.35498,-2.0717,-0.0029,-3178.9
9.9633,79.903,20.074,-4.5907,-7.6385,0.69192,0.59598,-2.1061,-0.0347,-256.83
10.003,79.775,19.887,-4.5313,-7.6042,0.70063,0.60234,-2.1016,-0.0285,-310.59
10.043,79.606,19.579,-4.4105,-7.6499,0.66835,0.57352,-2.0872,-0.0136,-649.28
10.083,79.434,19.272,-4.3506,-7.6319,0.65843,0.56397,-2.0823,-0.0081,-1084.5
10.123,79.12,18.722,-4.2745,-7.6405,0.63227,0.54073,-2.0754,-0.0009,-9727.6
10.163,78.818,18.441,-4.3885,-7.4078,0.71732,0.6124,-2.0999,-0.0195,-441.55
10.203,78.594,18.214,-4.2557,-7.4864,0.6661,0.56731,-2.082,-0.0027,-3189.4
10.243,78.215,18.016,-4.2111,-7.5054,0.62311,0.52925,-2.0767,0.0022,3911.8
10.283,78.053,17.666,-4.1901,-7.5768,0.5302,0.44949,-2.0713,0.0069,1254.8
10.323,77.862,17.378,-4.2248,-7.5466,0.50971,0.43058,-2.0768,0.0026,3326.4
10.364,77.661,17.128,-4.2357,-7.4208,0.53348,0.45027,-2.0848,-0.0045,-1898.8
10.403,77.493,16.847,-4.2177,-7.3846,0.52807,0.44462,-2.0851,-0.0041,-2074.2
10.444,77.294,16.588,-4.3638,-7.1608,0.59724,0.50162,-2.113,-0.0261,-321.29
10.483,77.082,16.339,-4.6492,-6.9708,0.58004,0.48459,-2.1546,-0.058,-144.47
10.524,76.922,16.016,-4.5895,-6.9947,0.51374,0.42884,-2.1475,-0.0502,-166.65
10.564,76.713,15.781,-4.8209,-6.8191,0.50383,0.41852,-2.1827,-0.0756,-110.46
10.604,76.511,15.483,-4.8284,-6.7865,0.47329,0.39257,-2.1859,-0.0743,-112.1
10.643,76.263,15.235,-4.9039,-6.6759,0.49641,0.41032,-2.2011,-0.0826,-100.28
10.684,75.962,15.049,-5.1459,-6.4401,0.52124,0.42898,-2.2421,-0.1111,-74.199
10.724,75.761,14.766,-5.1353,-6.4059,0.50487,0.41452,-2.2438,-0.108,-76.02
10.764,75.573,14.445,-5.1503,-6.422,0.45697,0.3738,-2.2442,-0.1032,-79.768
10.804,75.331,14.195,-5.222,-6.3841,0.4082,0.33241,-2.2542,-0.1068,-77.227
10.844,75.16,13.909,-5.1649,-6.3745,0.43031,0.34905,-2.2494,-0.0995,-82.455
10.884,74.96,13.628,-5.1651,-6.3732,0.39205,0.31659,-2.2497,-0.0958,-85.63
10.924,74.732,13.361,-5.2415,-6.3145,0.35241,0.28317,-2.2617,-0.1009,-81.333
10.964,74.465,13.115,-5.4441,-6.0813,0.42076,0.33611,-2.2992,-0.1268,-64.37
11.004,74.206,12.841,-5.5706,-5.9797,0.3492,0.27738,-2.3195,-0.1375,-59.436
11.043,73.944,12.633,-5.7023,-5.8573,0.30779,0.24316,-2.3418,-0.1496,-54.643
11.084,73.666,12.424,-5.7772,-5.7395,0.34752,0.27294,-2.3585,-0.157,-51.87
11.124,73.39,12.249,-5.9382,-5.5191,0.40916,0.31949,-2.3919,-0.1775,-45.673
11.164,73.089,12.077,-6.1139,-5.3299,0.37465,0.29088,-2.4241,-0.1959,-41.404
11.204,72.788,11.851,-6.1391,-5.2849,0.38173,0.29467,-2.4303,-0.1941,-41.734
11.244,72.477,11.659,-6.2814,-5.1469,0.32447,0.24897,-2.4549,-0.2065,-39.326
11.283,72.169,11.461,-6.4153,-5.0543,0.20619,0.15734,-2.4742,-0.2144,-38.093
11.324,71.84,11.303,-6.4619,-5.0402,0.16428,0.1246,-2.4792,-0.2108,-38.876
11.363,71.556,11.131,-6.554,-4.9374,0.14308,0.10787,-2.496,-0.2176,-37.71
11.404,71.279,10.926,-6.647,-4.8516,0.10118,0.075808,-2.5111,-0.2221,-37.052
11.444,70.982,10.75,-6.7755,-4.7669,-0.0031768,-0.0023644,-2.5285,-0.2286,-36.24
11.484,70.692,10.577,-6.8671,-4.6554,0.012281,0.0090805,-2.5458,-0.2357,-35.199
11.523,70.384,10.398,-7.0101,-4.5503,-0.086392,-0.063466,-2.5657,-0.2441,-34.238
11.564,70.047,10.207,-7.1107,-4.5106,-0.2038,-0.14872,-2.576,-0.2439,-34.525
11.604,69.763,10.026,-7.2112,-4.4247,-0.24848,-0.18011,-2.5909,-0.248,-34.115
11.643,69.487,9.843,-7.2319,-4.3696,-0.22619,-0.16291,-2.5977,-0.2451,-34.474
11.683,69.255,9.6759,-7.1378,-4.2985,-0.033236,-0.023787,-2.5995,-0.2387,-34.907
11.724,68.831,9.5627,-7.4917,-4.1919,-0.38713,-0.27529,-2.6314,-0.2586,-33.197
11.763,68.558,9.3867,-7.5036,-4.1248,-0.34171,-0.24137,-2.6382,-0.2552,-33.553
11.803,68.253,9.2281,-7.5384,-3.9712,-0.15525,-0.10894,-2.6563,-0.2647,-32.189
11.843,68.064,9.0584,-7.3207,-3.8418,0.28088,0.19583,-2.6576,-0.2582,-32.02
11.884,67.777,8.9029,-7.3243,-3.7559,0.36124,0.25029,-2.6688,-0.2599,-31.671
11.923,67.446,8.7735,-7.4285,-3.6011,0.4114,0.2831,-2.6915,-0.2743,-30.096
11.964,67.187,8.6403,-7.3963,-3.4784,0.54743,0.37439,-2.7039,-0.2768,-29.528
12.003,66.879,8.5108,-7.4128,-3.3873,0.5516,0.37475,-2.715,-0.2768,-29.444
12.043,66.626,8.3841,-7.3046,-3.2818,0.73915,0.49896,-2.7222,-0.274,-29.226
12.083,66.25,8.2448,-7.6143,-3.1553,0.39982,0.26809,-2.7504,-0.2912,-28.304
12.123,66.095,8.1655,-7.1706,-2.9859,1.0706,0.71269,-2.7519,-0.2835,-27.398
12.163,65.806,8.0524,-7.2369,-2.6863,1.0785,0.71326,-2.7632,-0.2835,-27.229
12.204,65.51,7.9465,-7.2514,-2.5211,1.0865,0.71384,-2.7748,-0.2835,-27.08
12.243,65.227,7.8488,-7.2149,-2.496,1.0942,0.7144,-2.7859,-0.2835,-26.929
12.283,64.939,7.747,-7.1264,-2.6054,1.102,0.71497,-2.7972,-0.2835,-26.765
12.323,64.679,7.6551,-7.0562,-2.4046,1.2043,0.77496,-2.806,-0.2799,-26.633
12.363,65.286,7.9032,-9.4393,-2.9254,1.2318,0.78895,-2.8364,-0.2669,-37.026
12.403,65.128,7.8814,0.054035,1.1612,1.2288,0.78175,-2.8222,-0.26117,-4.451
12.444,65.172,7.9435,0.54311,1.159,1.2257,0.77437,-2.8077,-0.25529,-5.0138
12.483,65.06,7.9243,-7.6832,-2.7847,1.2228,0.76735,-2.7939,-0.2497,-32.729
12.523,64.746,7.8211,-7.6637,-2.6916,1.2282,0.76575,-2.8038,-0.2497,-32.529
12.563,64.438,7.7202,-7.6433,-2.5985,1.2332,0.76363,-2.8139,-0.2497,-32.33
12.604,64.143,7.6201,-7.6215,-2.5068,1.2376,0.76132,-2.8238,-0.2497,-32.131
******-------------------------------------------------------------------------------------------------------------------****** 
TargetID: ID26
Target can not be processed due to lack of Data
******-------------------------------------------------------------------------------------------------------------------****** 
TargetID: ID08
Target can not be processed due to lack of Data
******-------------------------------------------------------------------------------------------------------------------****** 
TargetID: ID27
Target can not be processed due to lack of Data
******-------------------------------------------------------------------------------------------------------------------****** 
TargetID: ID28
Target can not be processed due to lack of Data
******-------------------------------------------------------------------------------------------------------------------****** 
TargetID: ID30
Relevancy: 0
tj = Inf
Label: -1
Comment: Target is irrelevant as it is not crossing the estimated holding line
DATA:
14.524,82.513,-8.5258,NaN,NaN,NaN,NaN,-1.4485,NaN,NaN
14.564,83.173,-9.3544,1.3581,-12.39,-0,-0,-1.4616,0,Inf
14.604,83.607,-9.7907,1.4407,-12.241,-0.019882,-0.010198,-1.4536,-0.0096,-1283.9
14.644,84.111,-11.826,1.7893,-12.098,0.078099,0.040169,-1.4249,0.0446,274.21
14.684,84.233,-12.268,1.7801,-12.051,0.018746,0.009622,-1.4244,0.024,507.58
14.724,84.27,-12.813,1.4343,-12.215,-0.066716,-0.034159,-1.4531,-0.0656,-187.49
14.764,84.392,-13.306,1.4343,-12.173,-0.13463,-0.068774,-1.4519,-0.0708,-173.12
14.804,84.473,-13.776,1.4301,-12.125,-0.20059,-0.10224,-1.451,-0.0696,-175.42
14.844,84.492,-14.275,1.3883,-12.229,-0.020641,-0.010577,-1.4575,-0.0694,-177.35
14.884,84.535,-14.76,1.3365,-12.226,-0.059419,-0.030414,-1.4612,-0.0718,-171.3
14.924,84.509,-15.255,1.1311,-12.269,-0.095525,-0.048864,-1.4777,-0.099,-124.46
14.964,84.56,-15.737,0.97873,-12.229,-0.23134,-0.11783,-1.4882,-0.1217,-100.81
15.004,84.595,-16.226,0.91714,-12.221,-0.24029,-0.12236,-1.493,-0.1217,-100.7
15.044,84.744,-16.625,1.3209,-11.952,-0.44055,-0.22289,-1.4552,-0.0404,-297.64
15.084,84.798,-17.102,1.2975,-11.926,-0.447,-0.22609,-1.4568,-0.0404,-296.93
15.124,84.851,-17.577,1.274,-11.9,-0.45332,-0.22924,-1.4584,-0.0404,-296.23
15.164,84.964,-18.063,1.3948,-11.972,-0.19663,-0.10029,-1.4524,-0.0355,-339.53
15.204,85.019,-18.542,1.376,-11.963,-0.20065,-0.10233,-1.4538,-0.0355,-339.2
15.244,85.075,-19.019,1.3578,-11.953,-0.20481,-0.10444,-1.4551,-0.0355,-338.87
15.284,85.13,-19.497,1.3393,-11.943,-0.20884,-0.10648,-1.4565,-0.0355,-338.53
15.324,85.183,-19.974,1.3202,-11.933,-0.21274,-0.10846,-1.4579,-0.0355,-338.2
15.364,85.235,-20.451,1.301,-11.924,-0.21677,-0.1105,-1.4594,-0.0355,-337.87
15.404,85.286,-20.928,1.2818,-11.914,-0.2208,-0.11254,-1.4608,-0.0355,-337.54
15.444,85.337,-21.405,1.2634,-11.904,-0.2247,-0.11452,-1.4622,-0.0355,-337.21
15.484,85.387,-21.881,1.244,-11.894,-0.22873,-0.11656,-1.4637,-0.0355,-336.88
15.524,85.437,-22.357,1.2254,-11.884,-0.23263,-0.11853,-1.4651,-0.0355,-336.55
******-------------------------------------------------------------------------------------------------------------------****** 
TargetID: ID31
Target can not be processed due to lack of Data
******-------------------------------------------------------------------------------------------------------------------****** 
TargetID: ID09
Target can not be processed due to lack of Data
******-------------------------------------------------------------------------------------------------------------------****** 
TargetID: ID32
Target can not be processed due to lack of Data
******-------------------------------------------------------------------------------------------------------------------****** 
TargetID: ID13
Target can not be processed due to lack of Data
******-------------------------------------------------------------------------------------------------------------------****** 
TargetID: ID33
Relevancy: 1
tj = 16.9247
Label: 0
Comment: Target is relevant and going straight, since target is crossing Ego X-axis in EFC
DATA:
13.684,94.4,39.66,NaN,NaN,NaN,NaN,-1.4831,NaN,NaN
13.724,94.017,39.361,NaN,NaN,NaN,NaN,-1.6522,NaN,NaN
13.764,93.975,39.03,NaN,NaN,NaN,NaN,-1.6521,NaN,NaN
13.804,93.952,38.693,NaN,NaN,NaN,NaN,-1.6521,NaN,NaN
13.844,93.736,38.555,NaN,NaN,NaN,NaN,-1.7896,NaN,NaN
13.885,93.615,38.256,NaN,NaN,NaN,NaN,-1.8002,NaN,NaN
13.924,93.534,37.931,NaN,NaN,NaN,NaN,-1.8002,NaN,NaN
13.964,93.459,37.605,NaN,NaN,NaN,NaN,-1.8002,NaN,NaN
14.004,93.493,37.159,NaN,NaN,NaN,NaN,-1.7541,NaN,NaN
14.044,93.417,36.824,NaN,NaN,NaN,NaN,-1.7541,NaN,NaN
14.084,93.343,36.489,NaN,NaN,NaN,NaN,-1.7541,NaN,NaN
14.124,93.276,36.152,NaN,NaN,NaN,NaN,-1.7541,NaN,NaN
14.164,93.205,35.816,NaN,NaN,NaN,NaN,-1.7541,NaN,NaN
14.204,93.129,35.482,NaN,NaN,NaN,NaN,-1.7541,NaN,NaN
14.244,93.08,35.012,NaN,NaN,NaN,NaN,-1.7594,NaN,NaN
14.284,93.002,34.659,NaN,NaN,NaN,NaN,-1.7595,NaN,NaN
14.324,92.92,34.308,NaN,NaN,NaN,NaN,-1.7594,NaN,NaN
14.364,92.992,33.795,NaN,NaN,NaN,NaN,-1.739,NaN,NaN
14.404,92.141,33.854,NaN,NaN,NaN,NaN,-1.8895,NaN,NaN
14.444,91.739,33.665,NaN,NaN,NaN,NaN,-1.9403,NaN,NaN
14.484,91.603,33.326,NaN,NaN,NaN,NaN,-1.9403,NaN,NaN
14.524,91.466,32.987,NaN,NaN,NaN,NaN,-1.9403,NaN,NaN
14.564,91.052,32.701,NaN,NaN,NaN,NaN,-1.9827,NaN,NaN
14.604,90.901,32.359,NaN,NaN,NaN,NaN,-1.9827,NaN,NaN
14.644,90.748,32.017,NaN,NaN,NaN,NaN,-1.9827,NaN,NaN
14.684,90.599,31.673,NaN,NaN,NaN,NaN,-1.9828,NaN,NaN
14.724,90.808,31.264,-4.0415,-8.7875,-0,-0,-2.0019,0,Inf
14.764,90.56,30.943,-4.119,-8.8726,-0.11426,-0.058599,-2.0054,0.0024,4075.9
14.804,90.29,30.624,-4.2475,-8.9393,-0.21165,-0.10852,-2.0142,0.0064,1546.4
14.844,90.356,30.145,-3.9581,-9.1277,-0.19732,-0.1012,-1.9801,0.0163,610.36
14.884,90.201,29.782,-3.8988,-9.2066,-0.13378,-0.068598,-1.9715,0.0312,320.45
14.924,90.079,29.385,-3.8781,-9.3217,-0.13088,-0.067114,-1.9651,0.0369,273.61
14.964,89.778,29.065,-4.1363,-9.3549,-0.20248,-0.1038,-1.987,0.0159,643.31
15.004,89.689,28.638,-4.039,-9.4944,-0.18813,-0.096486,-1.9731,0.031,332.83
15.044,89.512,28.237,-4.0392,-9.5894,-0.18499,-0.094872,-1.9696,0.0388,268.18
15.084,89.437,27.817,-3.9036,-9.7245,-0.14724,-0.075508,-1.9526,0.0586,178.82
15.124,89.388,27.381,-3.7142,-9.8742,-0.10457,-0.053617,-1.9305,0.0857,123.1
15.164,89.178,27.006,-3.902,-9.8987,-0.1237,-0.063421,-1.9462,0.0522,203.83
15.204,89.047,26.602,-3.7977,-9.9931,-0.079657,-0.040845,-1.934,0.0709,150.78
15.244,88.886,26.206,-3.8091,-10.061,-0.066069,-0.033878,-1.9328,0.0685,157.05
15.284,88.705,25.813,-3.8943,-10.112,-0.072234,-0.037035,-1.9383,0.0544,199.2
15.324,88.57,25.403,-3.826,-10.193,-0.043415,-0.022261,-1.9298,0.0657,165.72
15.364,88.418,24.994,-3.8234,-10.268,-0.033977,-0.017422,-1.9272,0.0657,166.76
15.404,88.283,24.577,-3.7891,-10.355,-0.014094,-0.0072273,-1.9216,0.0694,158.88
15.444,88.151,24.146,-3.6876,-10.462,0.01724,0.0088404,-1.9097,0.0836,132.69
15.484,89.124,24.622,-3.3382,-10.71,0.0844,0.04326,-1.8722,0.1313,85.442
15.524,89.083,24.149,-2.8844,-10.934,0.19134,0.09789,-1.8271,0.185,61.126
15.564,88.848,23.824,-3.3032,-10.811,0.095027,0.048649,-1.8666,0.129,87.628
15.604,88.735,23.383,-3.2498,-10.898,0.10929,0.056009,-1.8597,0.1299,87.544
15.644,88.541,23.012,-3.4242,-10.868,0.078787,0.040348,-1.8754,0.1074,106.09
15.684,88.365,22.629,-3.5316,-10.841,0.061039,0.031269,-1.8852,0.0931,122.47
15.724,88.269,22.163,-3.3813,-11.001,0.082264,0.042166,-1.8683,0.1064,108.17
15.764,88.162,21.694,-3.2381,-11.142,0.11105,0.056912,-1.8527,0.1188,97.665
15.804,88.08,21.223,-3.0692,-11.27,0.14523,0.074414,-1.8355,0.1324,88.224
15.844,88.013,20.748,-2.8228,-11.409,0.1892,0.096907,-1.8118,0.1529,76.865
15.884,87.981,20.267,-2.6163,-11.546,0.22647,0.11598,-1.7918,0.1687,70.177
15.924,87.979,19.765,-2.2633,-11.725,0.29222,0.14955,-1.7591,0.1949,61.272
15.964,87.941,19.264,-2.0707,-11.876,0.31964,0.16323,-1.7408,0.2042,59.038
16.004,88.122,18.718,-1.6462,-12.067,0.405,0.20712,-1.7031,0.2335,52.16
16.044,87.907,18.315,-1.789,-11.982,0.32723,0.16745,-1.7163,0.2164,55.982
16.084,87.731,17.902,-1.7451,-11.939,0.28122,0.14395,-1.7136,0.2162,55.809
16.124,87.618,17.454,-1.8687,-11.908,0.25276,0.12941,-1.7244,0.1967,61.278
16.164,87.609,16.948,-1.7106,-11.986,0.26029,0.13325,-1.7104,0.2024,59.821
16.204,87.54,16.471,-1.6604,-12.018,0.25916,0.13267,-1.7059,0.1989,60.998
16.244,87.468,15.988,-1.5328,-12.062,0.25264,0.12932,-1.6951,0.2026,60.014
16.285,87.412,15.512,-1.4802,-12.105,0.26418,0.13522,-1.6903,0.199,61.282
16.324,87.298,15.068,-1.4707,-12.106,0.25791,0.13201,-1.6896,0.1923,63.419
16.364,87.135,14.602,-1.3317,-12.162,0.26172,0.13392,-1.6777,0.1971,62.076
16.405,87.086,14.376,-1.2763,-12.179,0.25531,0.13055,-1.6727,0.1945,62.96
16.445,87.124,13.837,-1.0639,-12.298,0.28317,0.14473,-1.6543,0.2049,60.246
16.485,87.125,13.318,-0.92796,-12.377,0.30236,0.1545,-1.6427,0.2081,59.641
16.525,87.141,12.794,-0.76379,-12.472,0.31669,0.16147,-1.6289,0.2138,58.445
16.565,87.116,12.294,-0.66954,-12.485,0.31729,0.16207,-1.6213,0.2129,58.726
16.605,87.014,11.746,-0.85688,-12.487,0.3633,0.18555,-1.636,0.1888,66.292
16.645,86.947,11.293,-0.82123,-12.44,0.31541,0.16116,-1.6338,0.1847,67.497
16.685,86.891,10.607,-0.77472,-12.446,0.30701,0.157,-1.6305,0.1809,68.936
16.725,86.809,10.15,-0.8544,-12.396,0.29623,0.1515,-1.6372,0.1669,74.445
16.765,86.79,9.6633,-0.76393,-12.387,0.25772,0.13184,-1.6303,0.1684,73.694
16.805,86.806,9.1248,-0.74585,-12.419,0.25609,0.13101,-1.6287,0.1635,76.094
16.845,86.744,8.6876,-0.72567,-12.317,0.18717,0.09581,-1.6281,0.159,77.602
16.885,86.55,8.41,-0.74951,-12.218,0.1279,0.065479,-1.6309,0.1508,81.171
16.925,86.494,7.877,-0.70164,-12.204,0.11495,0.058863,-1.6272,0.1486,82.264
16.965,86.449,7.377,-0.53787,-12.214,0.077741,0.039825,-1.6141,0.1572,77.772
17.005,86.387,7.0562,-0.51011,-12.18,0.065418,0.033512,-1.612,0.1529,79.729
17.045,86.359,6.5919,-0.44185,-12.144,0.028311,0.014511,-1.6069,0.1527,79.579
17.085,86.316,6.0043,-0.34779,-12.126,0.007424,0.0038063,-1.5994,0.1546,78.469
17.125,86.325,5.5118,-0.091498,-12.187,-0.01548,-0.0079392,-1.5785,0.1707,71.394
17.165,86.31,5.0372,-0.006956,-12.183,-0.010068,-0.0051636,-1.5715,0.1707,71.371
17.205,86.307,4.5469,0.11392,-12.213,0.0076759,0.0039358,-1.5614,0.174,70.193
17.245,86.255,4.163,0.10528,-11.997,-0.088719,-0.04557,-1.5629,0.1657,72.404
17.285,86.218,3.729,0.088607,-11.885,-0.1159,-0.059566,-1.5645,0.1564,75.996
17.325,86.263,3.2158,0.28812,-12.084,0.011954,0.0061281,-1.5468,0.1673,72.253
17.365,86.294,2.8088,0.41591,-12.151,0.042653,0.021854,-1.5361,0.1718,70.766
17.405,86.35,2.2601,0.6332,-12.339,0.13735,0.070255,-1.5181,0.1842,67.073
17.445,86.359,1.8035,0.72182,-12.258,0.061287,0.031383,-1.5113,0.1852,66.304
17.485,86.392,1.3061,0.81153,-12.268,0.07146,0.036594,-1.504,0.1851,66.421
17.525,86.436,0.8182,0.98009,-12.289,0.068945,0.035306,-1.4905,0.1931,63.842
17.565,86.511,0.26385,1.1951,-12.511,0.24269,0.12387,-1.473,0.2033,61.819
17.605,86.584,-0.27001,1.3666,-12.677,0.38037,0.19364,-1.4595,0.2089,61.034
17.645,86.661,-0.81022,1.5189,-12.816,0.49827,0.2531,-1.4478,0.2121,60.847
17.685,86.737,-1.34,1.6425,-12.898,0.55841,0.28331,-1.4385,0.2127,61.13
17.725,86.809,-1.8476,1.746,-12.914,0.56058,0.28436,-1.4308,0.2118,61.528
17.765,86.833,-2.3374,-0.36041,-11.775,0.53333,0.27131,-1.4346,0.18156,64.886
17.805,86.795,-2.8001,-1.3951,-11.495,0.50603,0.25823,-1.4384,0.15125,76.555
17.845,86.736,-3.2689,-1.3515,-12.077,0.47871,0.24514,-1.4421,0.12094,100.48
17.885,86.701,-3.7781,-0.22974,-13.52,0.45141,0.23206,-1.4459,0.090628,149.2
17.925,86.732,-4.3626,1.9718,-15.827,0.42408,0.21897,-1.4497,0.0603,264.5
******-------------------------------------------------------------------------------------------------------------------****** 
TargetID: ID14
Target can not be processed due to lack of Data
******-------------------------------------------------------------------------------------------------------------------****** 
