******-------------------------------------------------------------------------------------------------------------------****** 
Duration of the scene is: 9.0431 seconds
Original Targets Numbers in the hole Scene: 2
Number of Targets in the hole Scene after preprocessing: 1
Number of static portions: 1
******-------------------------------------------------------------------------------------------------------------------****** 
TargetID: ID01
Relevancy: 1
tj = 6.002
Label: 0
Comment: Target is relevant and going straight, since target is crossing Ego X-axis in EFC
DATA:
1.2804,10.703,45.702,NaN,NaN,NaN,NaN,-1.7674,NaN,NaN
1.3205,11.352,45.452,NaN,NaN,NaN,NaN,-1.2229,NaN,NaN
1.3605,11.258,45.286,NaN,NaN,NaN,NaN,-1.4039,NaN,NaN
1.4005,11.223,45.005,NaN,NaN,NaN,NaN,-1.4699,NaN,NaN
1.4405,10.852,44.808,NaN,NaN,NaN,NaN,-1.7439,NaN,NaN
1.4805,10.648,44.542,NaN,NaN,NaN,NaN,-1.8375,NaN,NaN
1.5205,10.455,44.272,NaN,NaN,NaN,NaN,-1.899,NaN,NaN
1.5605,10.562,43.947,NaN,NaN,NaN,NaN,-1.7972,NaN,NaN
1.6005,11.101,43.471,NaN,NaN,NaN,NaN,-1.5287,NaN,NaN
1.6406,11.121,43.173,NaN,NaN,NaN,NaN,-1.5263,NaN,NaN
1.6806,11.065,42.887,NaN,NaN,NaN,NaN,-1.5506,NaN,NaN
1.7206,10.914,42.629,NaN,NaN,NaN,NaN,-1.6041,NaN,NaN
1.7606,10.865,42.319,NaN,NaN,NaN,NaN,-1.6179,NaN,NaN
1.8006,10.807,42.006,NaN,NaN,NaN,NaN,-1.6334,NaN,NaN
1.8407,10.786,41.701,NaN,NaN,NaN,NaN,-1.6334,NaN,NaN
1.8806,11.529,41.447,0.0837,-7.7593,-0,-0,-1.56,0,Inf
1.9207,11.568,41.132,0.14668,-7.8016,0.0138,0.0138,-1.552,-0.0076,-1026.7
1.9607,11.548,40.823,0.085828,-7.8117,0.040999,0.041003,-1.5599,-0.0145,-538.77
2.0007,11.563,40.503,0.08945,-7.8452,0.066304,0.066293,-1.5593,-0.0206,-380.86
2.0407,11.497,40.189,-0.085528,-7.8547,0.082094,0.082089,-1.5816,-0.0361,-217.59
2.0807,11.647,39.87,0.21081,-7.8975,0.10318,0.10323,-1.5443,-0.0134,-589.57
2.1207,11.681,39.55,0.25666,-7.9198,0.13647,0.13651,-1.5384,-0.0088,-900.45
2.1607,11.361,39.308,-0.4274,-7.7697,0.13856,0.13863,-1.6258,-0.0938,-82.958
2.2008,11.543,38.947,-0.076814,-7.903,0.12035,0.12046,-1.5807,-0.0433,-182.53
2.2408,11.623,38.591,0.030838,-7.9779,0.13903,0.13913,-1.5667,-0.0226,-353.01
2.2808,11.668,38.252,0.09251,-8.0261,0.15829,0.15845,-1.559,-0.0103,-779.28
2.3208,11.741,37.916,0.22489,-8.0908,0.1816,0.18177,-1.5427,0.009,899.32
2.3608,11.671,37.612,0.0073736,-8.0667,0.17612,0.17641,-1.5696,-0.0308,-261.91
2.4008,11.748,37.287,0.20239,-8.125,0.18998,0.19045,-1.5462,-0.0006,-13546
2.4408,11.716,36.965,0.05518,-8.1255,0.18276,0.18317,-1.5637,-0.0242,-335.77
2.4808,11.72,36.639,0.037995,-8.1419,0.17733,0.17785,-1.5661,-0.0254,-320.55
2.5209,11.785,36.292,0.19758,-8.2139,0.18343,0.18394,-1.5465,0.0032,2567.6
2.5609,11.859,35.941,0.3793,-8.2852,0.19578,0.19639,-1.5247,0.0328,252.86
2.6009,11.681,35.641,-0.21433,-8.1593,0.14839,0.14897,-1.5968,-0.0578,-141.21
2.6409,11.662,35.321,-0.27794,-8.1563,0.11813,0.11865,-1.6047,-0.0653,-124.98
2.6809,11.615,35.002,-0.38435,-8.1449,0.091246,0.091736,-1.6178,-0.0778,-104.81
2.7209,11.463,34.704,-0.80293,-8.0346,0.060415,0.060777,-1.6703,-0.1346,-59.99
2.7609,11.549,34.351,-0.60004,-8.1131,0.034985,0.035214,-1.6446,-0.099,-82.174
2.8009,11.536,34.017,-0.59552,-8.1305,0.026603,0.026795,-1.6439,-0.0928,-87.848
2.841,11.536,33.691,-0.57858,-8.1509,0.022213,0.022386,-1.6416,-0.0867,-94.25
2.881,11.522,33.364,-0.60821,-8.1608,0.0238,0.023999,-1.6451,-0.0867,-94.388
2.921,11.616,33.003,-0.35986,-8.2329,0.027672,0.027927,-1.6144,-0.0498,-165.48
2.961,11.741,32.649,-0.043262,-8.3078,0.041489,0.04191,-1.5761,-0.0092,-903.03
3.001,11.673,32.336,-0.20289,-8.2798,0.042667,0.043128,-1.5952,-0.0283,-292.66
3.041,11.49,32.03,-0.65049,-8.1864,0.033901,0.034296,-1.65,-0.078,-105.28
3.081,11.569,31.68,-0.47037,-8.2484,0.025639,0.025961,-1.6278,-0.0541,-152.71
3.1211,11.556,31.351,-0.48669,-8.2614,0.021256,0.021542,-1.6296,-0.0539,-153.54
3.1611,11.596,30.999,-0.37648,-8.3101,0.020455,0.020743,-1.616,-0.0389,-213.85
3.2011,11.566,30.657,-0.42703,-8.3285,0.016574,0.016825,-1.622,-0.0415,-200.95
3.2413,11.615,30.304,-0.33216,-8.364,0.018849,0.019149,-1.6105,-0.0289,-289.64
3.2811,11.666,29.956,-0.19308,-8.3993,0.023999,0.024399,-1.5937,-0.0135,-622.34
3.3211,11.745,29.595,0.0091363,-8.4612,0.031622,0.032175,-1.5697,0.0074,1143.4
3.3612,11.896,29.212,0.30994,-8.5493,0.047959,0.048835,-1.5345,0.0372,229.97
3.4012,11.911,28.869,0.33349,-8.5687,0.052298,0.053295,-1.5318,0.0383,223.89
3.4412,11.811,28.56,0.12655,-8.5238,0.042873,0.043725,-1.556,0.0166,513.54
3.4812,11.861,28.206,0.19839,-8.5657,0.044644,0.04555,-1.5476,0.023,372.52
3.5212,11.719,27.888,-0.10062,-8.5034,0.030774,0.03142,-1.5826,-0.0041,-2074.1
3.5612,11.752,27.535,-0.058585,-8.5439,0.025918,0.026478,-1.5776,0.0003,28480
3.6012,11.784,27.179,0.02766,-8.5913,0.025314,0.025884,-1.5676,0.008,1073.9
3.6413,11.859,26.818,0.14272,-8.6421,0.028466,0.02913,-1.5543,0.0179,482.86
3.6812,11.798,26.489,0.039265,-8.6296,0.022826,0.02337,-1.5662,0.0083,1039.7
3.7213,11.883,26.131,0.17892,-8.6766,0.027461,0.028135,-1.5502,0.0194,447.34
3.7613,11.816,25.801,0.052302,-8.6532,0.021034,0.021563,-1.5647,0.0084,1030.2
3.8013,11.843,25.446,0.086461,-8.6825,0.020832,0.021363,-1.5608,0.0113,768.4
3.8413,11.864,25.095,0.12641,-8.7073,0.021321,0.021876,-1.5563,0.014,622.01
3.8814,11.816,24.76,0.032254,-8.6881,0.016678,0.017118,-1.5671,0.0063,1379.1
3.9214,11.768,24.426,-0.057272,-8.6637,0.012236,0.012561,-1.5774,-0.0009,-9626.6
3.9614,12.067,24.766,-0.13533,-8.6532,0.0083866,0.0086108,-1.5863,-0.0066,-1311.2
4.0014,12.085,24.411,-0.084904,-8.6766,0.0088793,0.0091186,-1.5805,-0.0024,-3615.4
4.0414,12.334,25.093,-0.095204,-8.6798,0.0070045,0.0071922,-1.5816,-0.0027,-3214.9
4.0814,12.353,24.746,-0.051476,-8.6904,0.0090779,0.0093186,-1.5765,0.0005,17381
4.1214,12.292,24.413,-0.20792,-8.6546,0.004144,0.0042543,-1.5947,-0.012,-721.42
4.1614,12.25,24.084,-0.28129,-8.6336,0.0024674,0.002532,-1.6033,-0.0175,-493.61
4.2014,12.218,23.747,-0.34795,-8.6202,0.00078993,0.0008099,-1.6111,-0.0219,-393.93
4.2415,12.201,23.403,-0.36706,-8.6293,-0.0022713,-0.0023285,-1.6134,-0.0228,-378.82
4.2815,12.185,23.05,-0.38921,-8.6403,-0.0043455,-0.0044538,-1.6159,-0.0233,-371.2
4.3215,12.165,22.697,-0.42822,-8.6483,-0.0055331,-0.0056666,-1.6204,-0.0249,-347.75
4.3615,12.154,22.345,-0.41172,-8.674,-0.0068209,-0.0069793,-1.6184,-0.0224,-387.67
4.4015,12.169,21.994,-0.31369,-8.6998,-0.0025711,-0.0026282,-1.6069,-0.0137,-635.44
4.4415,12.229,21.619,-0.1706,-8.7532,0.0010881,0.0011119,-1.5903,-0.0019,-4607.8
4.4815,12.209,21.306,-0.18191,-8.648,0.010593,0.010802,-1.5916,-0.0028,-3089.2
4.5215,12.036,20.762,-0.17439,-8.6222,0.012484,0.012711,-1.5908,-0.0019,-4538.9
4.5616,12.002,20.447,-0.1711,-8.597,0.018345,0.018646,-1.5903,-0.0029,-2965.1
4.6016,12.013,20.094,-0.14634,-8.6023,0.017268,0.017523,-1.5874,-0.0016,-5377.2
4.6416,12.003,19.766,-0.1655,-8.5923,0.016992,0.017203,-1.5897,-0.0038,-2261.6
4.6816,12.041,19.398,-0.098758,-8.6632,0.012534,0.012663,-1.5819,-0.0002,-43319
4.7216,12.076,19.011,-0.12186,-8.655,0.010655,0.010742,-1.5847,-0.0022,-3934.5
4.7616,12.094,18.652,-0.078605,-8.6916,0.0091738,0.0092251,-1.5797,0.0006,14487
4.8017,12.097,18.305,-0.070836,-8.7011,0.0096842,0.0097124,-1.5787,0.0014,6215.3
4.8417,12.123,17.939,-0.031854,-8.7515,0.0102,0.010197,-1.5742,0.004,2187.9
4.8817,12.134,17.58,-0.019946,-8.767,0.01082,0.010777,-1.5729,0.0058,1511.6
4.9217,12.116,17.225,-0.03057,-8.7691,0.011041,0.010957,-1.5741,0.0058,1511.9
4.9617,12.08,16.874,-0.048716,-8.7451,0.010863,0.010735,-1.5761,0.006,1457.5
5.0017,12.111,16.496,0.013592,-8.7886,0.012096,0.0119,-1.569,0.0124,708.76
5.0417,12.145,16.13,0.064964,-8.813,0.013742,0.013451,-1.5632,0.0169,521.49
5.0817,12.127,15.8,0.071118,-8.8066,0.013068,0.012725,-1.5625,0.0176,500.39
5.1218,12.265,15.447,-0.1912,-8.6561,0.0077219,0.0074746,-1.5927,-0.0087,-995.2
5.1618,12.324,15.061,-0.12267,-8.7118,0.0068299,0.0065662,-1.5847,-0.0018,-4840.3
5.2018,12.142,14.754,-0.20654,-8.6548,0.0065489,0.0062469,-1.5945,-0.0106,-816.73
5.2418,12.119,14.408,-0.22752,-8.6472,0.0070903,0.0067032,-1.597,-0.0123,-703.27
5.2818,12.125,14.083,-0.33216,-8.6038,0.0056782,0.0053154,-1.6093,-0.0236,-364.84
5.3218,12.102,13.747,-0.50248,-8.5091,0.0070573,0.0065314,-1.6296,-0.0426,-200.09
5.3619,12.071,13.416,-0.51049,-8.4856,0.0079317,0.0072519,-1.6307,-0.0416,-204.35
5.4018,12.069,13.053,-0.49812,-8.4979,0.0068261,0.0061554,-1.6292,-0.0377,-225.8
5.4419,12.043,12.711,-0.51628,-8.5033,0.0049702,0.0044135,-1.6313,-0.0382,-223.01
5.4819,12.01,12.38,-0.51173,-8.4865,0.0040471,0.0035351,-1.6309,-0.036,-236.16
5.5219,12.014,12.03,-0.50212,-8.4973,0.001395,0.0011969,-1.6298,-0.0333,-255.62
5.5619,11.993,11.69,-0.48997,-8.4657,-0.0030295,-0.0025498,-1.6287,-0.0299,-283.61
5.6019,11.988,11.342,-0.45372,-8.4777,-0.006766,-0.0055789,-1.6244,-0.0238,-356.71
5.6419,12.007,10.97,-0.41992,-8.517,-0.0064928,-0.0052409,-1.6202,-0.018,-473.74
5.6819,11.994,10.623,-0.41434,-8.5201,-0.0085498,-0.0067454,-1.6196,-0.0164,-520.13
5.7219,11.999,10.256,-0.39434,-8.5519,-0.0071716,-0.0055232,-1.617,-0.0127,-674.09
5.762,11.992,9.9159,-0.34974,-8.5402,-0.014592,-0.010955,-1.612,-0.0066,-1295
5.802,11.986,9.5593,-0.33216,-8.5616,-0.011535,-0.0084273,-1.6098,-0.0037,-2315.7
5.842,11.968,9.2148,-0.30602,-8.5484,-0.021567,-0.015315,-1.607,-0.0002,-42769
5.8821,11.932,8.8784,-0.30283,-8.5641,-0.018869,-0.013002,-1.6065,0.0004,21424
5.922,11.926,8.535,-0.29495,-8.5491,-0.029759,-0.019883,-1.6059,0.0013,6580.1
5.962,11.951,8.1544,-0.2402,-8.6046,-0.020788,-0.013439,-1.5991,0.0087,989.42
6.002,11.977,7.7536,-0.15523,-8.68,-0.0077976,-0.004869,-1.5888,0.0197,440.68
6.0421,11.998,7.4001,-0.11364,-8.6926,-0.0050883,-0.0030653,-1.584,0.0239,363.74
6.0821,12.018,7.0491,-0.07588,-8.6934,-0.012478,-0.0072435,-1.5798,0.0275,316.13
6.1222,12.011,6.7014,-0.06795,-8.6879,-0.016797,-0.0093754,-1.579,0.0274,317.08
6.1621,12.048,6.2987,0.030929,-8.7734,0.013468,0.0072027,-1.567,0.0388,226.12
6.2021,12.065,5.9338,0.068258,-8.8011,0.037635,0.019249,-1.5623,0.0417,211.06
6.2421,12.082,5.5729,0.11824,-8.8294,0.057654,0.028141,-1.5562,0.0459,192.38
6.2822,12.1,5.212,0.14943,-8.8425,0.06087,0.028286,-1.5526,0.0477,185.4
6.3222,12.114,4.8398,0.18281,-8.8854,0.087435,0.038509,-1.5484,0.0501,177.39
6.3623,12.122,4.4871,0.20372,-8.882,0.079059,0.03296,-1.5462,0.0505,175.93
6.4022,12.142,4.1287,0.23796,-8.8827,0.072972,0.02871,-1.5425,0.0523,169.9
6.4422,12.165,3.7638,0.25866,-8.8975,0.087597,0.03235,-1.5399,0.0529,168.27
6.4823,12.2,3.3956,0.34091,-8.9328,0.10267,0.035453,-1.5306,0.0598,149.49
6.5222,12.222,3.0344,0.37557,-8.939,0.099113,0.031869,-1.5268,0.0614,145.72
6.5622,12.23,2.6824,0.36926,-8.9373,0.11494,0.034174,-1.5272,0.0586,152.64
6.6024,12.251,2.3181,0.39135,-8.9527,0.13297,0.036304,-1.5244,0.059,151.89
6.6423,12.27,1.9568,0.38981,-8.966,0.16934,0.042096,-1.5239,0.0569,157.72
6.6823,12.291,1.5922,0.41523,-8.9862,0.19419,0.043599,-1.5207,0.0577,155.91
6.7223,12.282,1.2568,0.34532,-8.9349,0.16747,0.033771,-1.5288,0.0479,186.67
6.7623,12.283,0.9091,0.28515,-8.9024,0.16472,0.029393,-1.5354,0.0398,223.79
6.8023,12.235,0.59946,0.22964,-8.7898,0.028348,0.0044832,-1.5441,0.0308,285.48
6.8425,12.233,0.25551,0.20717,-8.7725,0.028162,0.0038064,-1.5466,0.0273,321.42
6.8823,12.228,-0.093076,0.23254,-8.7885,0.065883,0.0073347,-1.543,0.0304,289.2
6.9224,12.16,-0.43183,0.1472,-8.7273,0.020422,0.001822,-1.5535,0.0168,519.56
6.9624,12.136,-0.67707,0.21936,-8.494,-0.36351,-0.027103,-1.553,0.0199,426.98
7.0024,12.145,-1.0304,0.21996,-8.5071,-0.32891,-0.016726,-1.5522,0.0198,429.79
7.0425,12.115,-1.4177,0.17492,-8.5646,-0.24655,-0.0064523,-1.5558,0.0123,696.45
7.0826,12.12,-1.7599,0.17944,-8.5546,-0.25242,-0.00084414,-1.5553,0.0123,695.65
7.1224,12.118,-2.0577,0.21651,-8.4363,-0.44522,0.0066736,-1.5551,0.013,649.16
7.1625,12.123,-2.3939,0.22227,-8.4195,-0.45451,0.017184,-1.5546,0.013,647.88
7.2025,12.122,-2.6708,0.27008,-8.2699,-0.69448,0.038131,-1.5544,0.0136,608.41
7.2425,12.076,-2.5211,0.64439,-7.0692,-2.9242,-0.0040053,-1.5733,-0.007,-1014.1
7.2825,12.074,-2.7921,0.66327,-6.9711,-2.9743,0.051262,-1.5736,-0.007,-1000.4
7.3226,12.075,-3.0622,0.68308,-6.8731,-3.0233,0.108,-1.5739,-0.007,-986.7
7.3626,12.052,-3.3083,0.69201,-6.7208,-3.1616,0.15429,-1.58,-0.0119,-567.76
7.4025,12.107,-3.5683,-0.70764,-6.6819,-3.0519,0.89602,-1.5674,0.003,2239.7
7.4426,12.077,-3.9407,-0.5292,-6.9043,-2.1569,0.61129,-1.575,-0.0078,-887.76
7.4825,12.044,-4.3146,-0.41003,-7.1113,-1.4453,0.40938,-1.5826,-0.017,-419.01
7.5226,12.04,-4.5939,-0.41865,-7.0634,-1.4574,0.44986,-1.5832,-0.017,-416.22
7.5627,12.017,-4.9323,-0.4134,-7.1174,-1.276,0.41776,-1.5884,-0.0214,-333.15
7.6026,12.01,-5.2261,0.041464,-7.5933,-0.98109,0.31314,-1.5887,-0.020619,-368.27
7.6427,12.018,-5.5374,0.33917,-7.9285,-0.68487,0.20803,-1.589,-0.019835,-400.09
7.6827,12.035,-5.8589,0.47719,-8.1203,-0.38906,0.10307,-1.5893,-0.019052,-426.96
7.7227,12.054,-6.1852,0.45603,-8.1693,-0.093211,-0.0019062,-1.5896,-0.018268,-447.88
7.7627,12.069,-6.5108,0.27554,-8.0752,0.20279,-0.10693,-1.5899,-0.017485,-462.12
7.8028,12.074,-6.8301,-0.064778,-7.8378,0.49911,-0.21208,-1.5902,-0.0167,-469.35
7.8427,11.995,-6.9611,-0.16149,-7.7733,0.57278,-0.25641,-1.6035,-0.0289,-269.03
7.8827,11.991,-7.2668,-0.027437,-7.5424,0.61967,-0.29643,-1.6036,-0.027916,-270.19
7.9227,11.992,-7.5654,0.064012,-7.3923,0.66664,-0.33652,-1.6036,-0.02693,-274.51
7.9628,11.995,-7.8599,0.11262,-7.3233,0.71364,-0.37665,-1.6037,-0.025943,-282.32
8.0028,12,-8.1528,0.11832,-7.3356,0.76059,-0.41672,-1.6038,-0.024957,-293.96
8.0429,12.004,-8.4487,0.081039,-7.4293,0.80766,-0.4569,-1.6039,-0.023969,-309.97
8.0828,12.006,-8.7482,0.0012787,-7.6033,0.85446,-0.49685,-1.6039,-0.022986,-330.78
8.1228,12.004,-9.0574,-0.12156,-7.859,0.90143,-0.53695,-1.604,-0.022,-357.27
8.1628,11.997,-9.4861,-0.012102,-8.1976,1.6182,-0.98458,-1.6016,-0.0159,-515.57
8.2028,11.975,-10.199,0.10424,-8.4064,1.9799,-1.2198,-1.6019,-0.0148,-568.04
8.2429,11.967,-10.553,0.13653,-8.5714,2.2146,-1.4056,-1.6013,-0.0128,-669.73
8.283,11.975,-10.909,0.1578,-9.0005,2.3313,-1.473,-1.5975,-0.0074,-1216.5
8.3229,11.966,-11.272,0.14849,-9.0954,2.3449,-1.5285,-1.5981,-0.0079,-1151.5
8.3629,11.944,-11.64,0.13781,-8.8764,2.3121,-1.6077,-1.6005,-0.0103,-861.89
8.4029,11.924,-12.013,0.11049,-8.9633,2.29,-1.6373,-1.6025,-0.012,-747
******-------------------------------------------------------------------------------------------------------------------****** 
