******-------------------------------------------------------------------------------------------------------------------****** 
Duration of the scene is: 12.1617 seconds
Original Targets Numbers in the hole Scene: 1
Number of Targets in the hole Scene after preprocessing: 2
Number of static portions: 2
******-------------------------------------------------------------------------------------------------------------------****** 
TargetID: ID01
Target can not be processed due to lack of Data
******-------------------------------------------------------------------------------------------------------------------****** 
TargetID: ID02
Relevancy: 1
tj = 9.2813
Label: 0
Comment: Target is relevant and going straight, since the velocity ratio is almost not changing
DATA:
4.8407,2.6839,43.193,NaN,NaN,NaN,NaN,-1.6219,NaN,NaN
4.8806,2.7806,42.792,NaN,NaN,NaN,NaN,-1.5857,NaN,NaN
4.9207,3.1014,42.439,NaN,NaN,NaN,NaN,-1.5078,NaN,NaN
4.9607,3.1226,42.112,NaN,NaN,NaN,NaN,-1.5079,NaN,NaN
5.0007,3.4334,41.734,NaN,NaN,NaN,NaN,-1.4467,NaN,NaN
5.0407,3.6211,41.382,NaN,NaN,NaN,NaN,-1.4191,NaN,NaN
5.0807,3.6083,41.056,NaN,NaN,NaN,NaN,-1.431,NaN,NaN
5.1207,3.6912,40.719,NaN,NaN,NaN,NaN,-1.4243,NaN,NaN
5.1607,3.5643,40.4,NaN,NaN,NaN,NaN,-1.4547,NaN,NaN
5.2007,3.5524,40.07,NaN,NaN,NaN,NaN,-1.4639,NaN,NaN
5.2407,3.5815,39.708,NaN,NaN,NaN,NaN,-1.4642,NaN,NaN
5.2807,3.5855,39.377,NaN,NaN,NaN,NaN,-1.4685,NaN,NaN
5.3207,3.5034,39.05,NaN,NaN,NaN,NaN,-1.4862,NaN,NaN
5.3607,3.9072,38.856,0.56004,-8.281,-0.0024002,-0.0023997,-1.5033,0,Inf
5.4007,3.9278,38.521,0.5636,-8.2834,0.00030006,0.00029979,-1.5029,0.0003,27675
5.4408,3.9747,38.167,0.60266,-8.3131,0.0082995,0.0082997,-1.4984,0.0009,9261
5.4807,4.0158,37.817,0.63237,-8.3278,0.025999,0.025999,-1.495,0.0025,3340.7
5.5207,3.9822,37.494,0.56327,-8.2972,0.053203,0.053194,-1.5029,0.0028,2970.1
5.5607,3.9502,37.16,0.49979,-8.2841,0.086495,0.086484,-1.5104,0.0013,6384
5.6008,3.9711,36.835,0.48966,-8.2338,0.11229,0.11227,-1.5112,0.0031,2660.8
5.6408,3.9348,36.512,0.41329,-8.189,0.1466,0.14654,-1.5201,-0.0009,-9110.5
5.6808,3.9756,36.182,0.43611,-8.1961,0.18335,0.18321,-1.5173,0.0005,16415
5.7208,4.013,35.851,0.47036,-8.1834,0.20846,0.20838,-1.5134,0.0037,2215.4
5.7608,4.0536,35.5,0.50285,-8.2177,0.23888,0.23875,-1.5092,0.0075,1097.7
5.8008,4.0955,35.161,0.52029,-8.2431,0.2715,0.27129,-1.5072,0.0089,928.04
5.8408,4.1164,34.834,0.51099,-8.2194,0.2896,0.28936,-1.5081,0.0076,1083.6
5.8808,4.0973,34.51,0.45765,-8.1946,0.30538,0.30533,-1.515,-0,-Inf
5.9208,4.1376,34.215,0.47924,-8.1234,0.30533,0.30534,-1.5125,0.0015,5425
5.9609,4.2231,33.857,0.59232,-8.2001,0.3137,0.31342,-1.4981,0.0177,464.49
6.0009,4.2062,33.525,0.52928,-8.2254,0.3553,0.35519,-1.5065,0.0076,1084.5
6.0409,4.1257,33.212,0.30948,-8.191,0.3492,0.34934,-1.5337,-0.0224,-365.93
6.081,4.1725,32.875,0.38049,-8.2105,0.33098,0.33093,-1.5251,-0.0121,-679.28
6.1208,4.1199,32.564,0.24026,-8.1546,0.30241,0.30249,-1.5419,-0.0297,-274.69
6.1608,4.2321,32.222,0.41951,-8.1924,0.26186,0.2616,-1.5196,-0.0052,-1577.5
6.2009,4.4346,33.002,-0.043887,-8.0749,0.18245,0.18192,-1.5729,-0.061,-132.38
6.2408,4.4182,32.698,-0.11533,-8.0513,0.16676,0.16614,-1.5821,-0.0678,-118.76
6.2809,4.3527,32.392,-0.27709,-8.0047,0.13894,0.1386,-1.6029,-0.0849,-94.34
6.321,4.2972,32.08,-0.42664,-7.995,0.11428,0.11402,-1.6221,-0.0997,-80.305
6.3609,4.2906,31.758,-0.41033,-8.0127,0.077805,0.077655,-1.6206,-0.0947,-84.722
6.401,4.2381,31.449,-0.55335,-8.0217,0.039917,0.039847,-1.639,-0.1081,-74.383
6.4409,4.2255,31.125,-0.56966,-8.0405,0.037432,0.037351,-1.6409,-0.106,-76.044
6.4809,4.1623,30.82,-0.69134,-8.0008,0.023416,0.023375,-1.6566,-0.1163,-69.051
6.5209,4.1129,30.515,-0.79352,-7.9746,0.016913,0.016882,-1.6697,-0.1237,-64.786
6.5609,4.0959,30.184,-0.80767,-7.9898,0.0044041,0.0043962,-1.6715,-0.1208,-66.478
6.6009,3.9485,29.894,-1.0567,-7.8971,0.0059052,0.0058946,-1.7038,-0.1441,-55.291
6.6409,3.9886,29.544,-0.91342,-7.9463,-0.0054055,-0.0053955,-1.6853,-0.1241,-64.453
6.6809,3.9894,29.201,-0.86705,-7.9721,0.0043045,0.0042952,-1.6791,-0.1148,-69.853
6.7209,4.0143,28.897,-0.78715,-7.9164,0.029137,0.029067,-1.6699,-0.1042,-76.347
6.7609,4.0365,28.568,-0.71755,-7.9467,0.033942,0.033845,-1.6603,-0.0936,-85.246
6.801,4.0146,28.244,-0.73908,-7.9528,0.040437,0.040328,-1.6628,-0.0928,-86.068
6.8409,4.0266,27.872,-0.68263,-8.0692,0.035149,0.035058,-1.6552,-0.0838,-96.635
6.881,4.0217,27.544,-0.68077,-8.0584,0.041642,0.041521,-1.6544,-0.0807,-100.21
6.921,4.0091,27.216,-0.69489,-8.0535,0.059698,0.059461,-1.6559,-0.0793,-101.93
6.9609,3.9608,26.933,-0.79308,-7.9727,0.066617,0.066404,-1.6699,-0.0873,-91.777
7.001,3.8975,26.627,-0.89742,-7.9381,0.059077,0.058867,-1.6824,-0.0938,-85.167
7.041,3.8536,26.307,-0.95353,-7.9414,0.049182,0.048991,-1.6895,-0.096,-83.317
7.081,3.8243,26,-0.98796,-7.9143,0.036463,0.036322,-1.6944,-0.0968,-82.394
7.121,3.8683,25.654,-0.84938,-7.9494,0.026849,0.026744,-1.6768,-0.0823,-97.14
7.161,3.853,25.32,-0.83832,-7.9778,0.023341,0.02325,-1.6751,-0.0789,-101.67
7.201,3.8852,24.976,-0.739,-8.0026,0.026857,0.026736,-1.6624,-0.0684,-117.5
7.241,3.9104,24.651,-0.66211,-7.996,0.032476,0.032312,-1.6529,-0.0605,-132.62
7.281,3.9345,24.33,-0.59403,-7.9789,0.039,0.038781,-1.6444,-0.0536,-149.27
7.321,3.9592,24.024,-0.53734,-7.9493,0.04142,0.04116,-1.6376,-0.048,-165.99
7.361,3.9392,23.718,-0.58116,-7.9323,0.036708,0.036468,-1.6433,-0.0504,-157.81
7.401,3.8937,23.405,-0.63667,-7.9441,0.031007,0.030783,-1.6502,-0.0535,-148.96
7.441,3.8927,23.118,-0.62803,-7.8542,0.039952,0.039655,-1.6506,-0.0525,-150.08
7.481,3.9556,22.779,-0.49535,-7.9199,0.022089,0.021906,-1.6329,-0.0406,-195.45
7.521,3.9677,22.433,-0.46309,-7.9946,0.015567,0.015429,-1.6284,-0.0368,-217.61
7.561,3.947,22.084,-0.47344,-8.0806,0.0033158,0.0032845,-1.6293,-0.0364,-222.38
7.601,3.9545,21.739,-0.44244,-8.1077,0.0084434,0.008356,-1.6252,-0.0331,-245.31
7.641,3.9988,21.387,-0.34033,-8.174,0.0025139,0.0024859,-1.6124,-0.0248,-329.88
7.681,4.0249,21.034,-0.28391,-8.1792,0.014188,0.014011,-1.6053,-0.0199,-411.26
7.7211,4.0478,20.703,-0.22936,-8.163,0.01681,0.016586,-1.5986,-0.0157,-520.14
7.7611,4.137,20.353,-0.075408,-8.1661,0.020541,0.020251,-1.5797,-0.0046,-1775.3
7.8011,4.125,20.049,-0.096926,-8.0985,0.021455,0.021138,-1.5824,-0.006,-1349.9
7.8411,4.1662,19.718,-0.03258,-8.079,0.017635,0.017361,-1.5745,-0.0015,-5386.1
7.8811,4.1579,19.394,-0.045482,-8.0596,0.019154,0.018841,-1.5761,-0.0023,-3504.2
7.9211,4.1914,19.065,0.0034182,-8.061,0.013413,0.013184,-1.5701,0.0011,7328.1
7.9611,4.2257,18.746,0.050688,-8.0399,0.0085737,0.0084243,-1.5643,0.0042,1914.3
8.0012,4.2567,18.417,0.10112,-8.0398,0.0075677,0.0074307,-1.5581,0.0076,1057.9
8.0411,4.2716,18.086,0.10788,-8.0481,0.0072661,0.0071321,-1.5573,0.0079,1018.8
8.0811,4.2921,17.75,0.13644,-8.0391,0.0033307,0.0032691,-1.5538,0.0098,820.44
8.1211,4.3093,17.417,0.14852,-8.0704,0.0014134,0.0013864,-1.5524,0.0103,783.67
8.1611,4.3607,17.077,0.23291,-8.0992,-0.0012122,-0.0011883,-1.5421,0.0158,512.82
8.2012,4.3837,16.743,0.24817,-8.124,-0.00080818,-0.00079172,-1.5403,0.0165,492.6
8.2411,4.4295,16.4,0.31114,-8.1506,-0.0027281,-0.0026712,-1.5327,0.0203,401.8
8.2811,4.7271,16.076,0.42928,-8.1684,-0.0072785,-0.007122,-1.5184,0.029,282.06
8.3212,4.6987,15.743,0.37643,-8.2014,-0.0019216,-0.0018784,-1.525,0.025,328.4
8.3612,4.6966,15.409,0.35831,-8.2448,0.0024281,0.0023715,-1.5273,0.0232,355.71
8.4012,4.7107,15.088,0.3479,-8.1976,-0.0045542,-0.0044457,-1.5285,0.0222,369.59
8.4412,4.7045,14.74,0.32713,-8.2368,-0.0016199,-0.0015797,-1.5311,0.02,412.17
8.4812,4.7542,14.432,0.3763,-8.1614,-0.015393,-0.015009,-1.525,0.0228,358.34
8.5212,4.7535,14.117,0.34586,-8.1049,-0.022485,-0.021915,-1.5286,0.0204,397.66
8.5612,4.7347,13.794,0.30073,-8.0607,-0.027148,-0.026453,-1.534,0.017,474.49
8.6012,4.7519,13.471,0.309,-8.0249,-0.033344,-0.032471,-1.5329,0.017,472.4
8.6412,4.7293,13.163,0.26574,-7.9696,-0.040127,-0.039078,-1.5382,0.0138,577.83
8.6812,4.7374,12.834,0.26108,-8.0024,-0.037602,-0.036601,-1.5389,0.0135,593.08
8.7212,4.724,12.515,0.23446,-7.9924,-0.034472,-0.03353,-1.5421,0.0114,701.39
8.7612,4.7478,12.186,0.26373,-8.0472,-0.030426,-0.029574,-1.5386,0.0134,600.86
8.8012,4.7445,11.846,0.23957,-8.1262,-0.018773,-0.018225,-1.5417,0.0113,719.44
8.8412,4.7332,11.508,0.22054,-8.168,-0.018679,-0.01812,-1.5441,0.0097,842.37
8.8812,4.7494,11.158,0.22826,-8.275,-0.0062974,-0.0061011,-1.5433,0.01,827.81
8.9212,4.7489,10.826,0.21242,-8.2988,-0.0057917,-0.0056075,-1.5453,0.0086,965.29
8.9613,4.7783,10.503,0.24364,-8.2937,-0.0053869,-0.0052115,-1.5415,0.0107,775.45
9.0013,4.7427,10.204,0.16976,-8.1346,-0.029578,-0.028621,-1.5505,0.0052,1564.7
9.0413,4.726,9.8891,0.1308,-8.0671,-0.037716,-0.036483,-1.5553,0.0022,3667.3
9.0812,4.7687,9.5503,0.19481,-8.1577,-0.031933,-0.030865,-1.5475,0.0069,1182.6
9.1213,4.7661,9.2161,0.18305,-8.1931,-0.0294,-0.028397,-1.549,0.0058,1413
9.1613,4.7729,8.9142,0.18594,-8.1286,-0.032565,-0.031432,-1.5485,0.0059,1378.1
9.2014,4.8091,8.6121,0.20231,-8.0169,-0.048653,-0.046948,-1.5465,0.007,1145.6
9.2413,4.7765,8.2875,0.14521,-7.973,-0.05579,-0.053814,-1.5536,0.0024,3322.6
9.2813,4.7811,7.9416,0.14496,-8.0102,-0.056622,-0.054521,-1.5527,0.0029,2762.6
9.3213,4.811,7.6199,0.17005,-8.0206,-0.057751,-0.055653,-1.5507,0.0041,1956.7
9.3613,4.8066,7.2847,0.16805,-8.1016,-0.051344,-0.049457,-1.551,0.0039,2077.8
9.4013,4.8189,6.9459,0.16857,-8.1854,-0.04605,-0.044349,-1.551,0.0039,2099.3
9.4413,4.8056,6.6124,0.13936,-8.1868,-0.05389,-0.051911,-1.5547,0.0014,5848.6
9.4813,4.8361,6.2848,0.16842,-8.2087,-0.053177,-0.051224,-1.5512,0.0037,2219
******-------------------------------------------------------------------------------------------------------------------****** 
