******-------------------------------------------------------------------------------------------------------------------****** 
Duration of the scene is: 31.3204 seconds
Original Targets Numbers in the hole Scene: 16
Number of Targets in the hole Scene after preprocessing: 32
Number of static portions: 1
******-------------------------------------------------------------------------------------------------------------------****** 
TargetID: ID02
Relevancy: 0
tj = Inf
Label: -1
Comment: Target is irrelevant as it is not crossing the estimated holding line
DATA:
25.681,3.209,5.9361,15.446,-0.059449,0.061606,0.017061,-0.0037,-0.1114,-138.65
25.721,3.81,5.9318,15.438,-0.11079,0.049928,0.01311,-0.0071,-0.1093,-141.25
25.761,4.3982,5.9277,15.471,-0.09554,0.14578,0.036161,-0.0059,-0.1,-154.72
25.801,5.0171,5.9269,15.547,-0.04802,0.3198,0.074711,-0.0025,-0.0882,-176.27
25.841,5.6343,5.9389,15.672,0.013866,0.56759,0.12434,0.0018,-0.0755,-207.57
25.881,6.12,5.9238,15.545,-0.0040934,0.32064,0.065573,0.0002,-0.0729,-213.24
25.921,6.7537,5.9292,15.638,0.035606,0.50955,0.096732,0.003,-0.0638,-245.11
25.961,7.3477,5.3244,15.543,-0.017733,0.27848,0.048798,-0.0008,-0.0657,-236.58
26.002,7.9492,5.3142,15.54,0.027032,0.30302,0.048646,0.0021,-0.0574,-270.73
26.041,8.5665,5.3383,15.599,0.061998,0.44014,0.064171,0.0045,-0.0506,-308.28
26.081,9.1847,5.3415,15.691,0.12754,0.63624,0.083357,0.0087,-0.0412,-380.87
26.121,9.7704,5.3437,15.649,0.15125,0.53538,0.062212,0.0101,-0.0371,-421.84
26.161,10.399,5.3421,15.66,0.12514,0.52061,0.052807,0.0084,-0.0375,-417.61
26.201,11.003,5.3644,15.624,0.13743,0.46974,0.040589,0.0085,-0.0377,-414.45
26.241,11.613,5.3326,15.554,0.029953,0.30314,0.021649,0.0018,-0.0483,-322.02
26.281,12.208,5.3149,15.459,-0.054824,0.1083,0.006082,-0.0036,-0.0555,-278.53
26.321,12.676,5.3502,15.118,0.066253,-0.4225,-0.017247,0.0043,-0.0452,-334.46
26.361,13.281,5.365,15.102,0.042709,-0.41423,-0.010606,0.0029,-0.0447,-337.86
26.401,13.897,5.3708,15.111,0.026068,-0.35566,-0.0036979,0.0017,-0.0439,-344.22
26.441,14.468,5.3894,15.016,0.054574,-0.44321,0.002173,0.0036,-0.0406,-369.86
26.481,15.083,5.3938,15.037,0.032561,-0.36225,0.007355,0.0021,-0.0404,-372.21
26.521,15.656,5.4139,14.864,-0.0017225,-0.64461,0.023022,0.0001,-0.0414,-359.03
26.561,16.15,5.5,14.709,0.13361,-0.72908,0.037212,0.0087,-0.0323,-455.41
26.601,16.769,5.5357,14.82,0.15745,-0.4294,0.028596,0.0103,-0.0283,-523.7
26.641,17.353,5.5742,14.944,0.25635,-0.067372,0.0055302,0.0172,-0.0203,-736.25
26.681,17.92,5.6364,14.96,0.33986,0.056582,-0.0055285,0.0227,-0.0149,-1004.3
26.721,18.524,5.6724,14.997,0.34481,0.11762,-0.013313,0.0231,-0.0143,-1049
26.761,19.128,5.7038,14.998,0.35751,0.1254,-0.016115,0.024,-0.0128,-1172
26.801,19.75,5.723,15.084,0.34994,0.27001,-0.038802,0.0236,-0.0124,-1216.8
26.841,20.349,5.7986,15.087,0.37045,0.26034,-0.041275,0.025,-0.0105,-1437.3
26.881,20.946,5.8368,15.13,0.39393,0.33565,-0.058152,0.0266,-0.0081,-1868.5
26.921,21.57,5.8512,15.241,0.37592,0.48417,-0.0909,0.0255,-0.0092,-1657.1
26.961,22.135,5.9088,15.264,0.42881,0.51777,-0.10469,0.0291,-0.0046,-3319.6
27.001,22.748,5.9385,15.328,0.44964,0.58921,-0.12758,0.0305,-0.0026,-5898
27.041,23.402,5.9403,15.487,0.41863,0.7805,-0.17996,0.0286,-0.0038,-4077
27.081,24.03,5.9646,15.552,0.41416,0.78625,-0.19243,0.0283,-0.0036,-4321.6
27.121,24.631,6.0259,15.551,0.45724,0.70512,-0.18233,0.031,-0.0024,-6482.3
27.161,25.25,6.052,15.613,0.46003,0.71139,-0.19387,0.0311,-0.0029,-5386.1
27.201,25.815,6.1081,15.562,0.51194,0.57326,-0.16413,0.0343,-0.0003,-51902
27.241,26.414,6.1562,15.522,0.54959,0.45117,-0.13543,0.0366,0.0009,17258
27.281,27.051,6.1862,15.549,0.5555,0.4289,-0.13476,0.0369,0.0018,8644.1
27.321,27.696,6.2019,15.598,0.54165,0.43047,-0.14139,0.0359,0.0014,11148
27.361,28.331,6.2284,15.613,0.54068,0.40213,-0.13776,0.0358,0.0014,11159
27.403,28.958,6.2443,15.545,0.52189,0.22169,-0.079209,0.0342,-0.001,-15554
27.441,29.541,6.2748,15.446,0.54652,0.067862,-0.025238,0.0356,-0.0006,-25759
27.481,30.155,6.3111,15.442,0.55471,0.059874,-0.023171,0.0361,-0.0005,-30903
27.521,30.701,6.3653,15.356,0.63536,0.0030177,-0.0012139,0.0414,0.0027,5692.2
27.561,31.311,6.414,15.345,0.65539,0.00065251,-0.00027199,0.0427,0.0033,4654.1
27.601,31.938,6.4276,15.344,0.61892,-0.026352,0.011393,0.0402,-0.0002,-76782
27.641,32.552,6.445,15.336,0.63079,-0.02427,0.010858,0.041,0.0008,19186
27.681,33.172,6.4656,15.341,0.62381,-0.019898,0.0091992,0.0406,0.0003,51180
27.721,33.763,6.5422,15.256,0.66201,-0.10367,0.049435,0.0429,0.0008,19088
27.761,34.367,6.5777,15.239,0.67624,-0.097755,0.048014,0.0439,0.0012,12712
27.801,34.995,6.6067,15.265,0.67123,-0.063748,0.032214,0.0437,0.0012,12733
27.841,35.61,6.6335,15.257,0.67247,-0.060634,0.031467,0.0438,0.0012,12727
27.881,36.224,6.6687,15.279,0.68487,-0.029464,0.015681,0.0447,0.0018,8496.7
27.921,36.81,6.7319,15.268,0.73566,-0.014281,0.0077823,0.0481,0.0054,2830.7
27.961,37.426,6.7836,15.316,0.75725,0.025941,-0.014457,0.0495,0.0064,2396.1
28.001,38.049,6.8156,15.359,0.76472,0.052847,-0.030077,0.05,0.0068,2261.5
28.041,38.685,6.8233,15.397,0.73701,0.062611,-0.036352,0.0481,0.0046,3351
28.081,39.28,6.8692,15.41,0.75754,0.066335,-0.039228,0.0494,0.0052,2967
28.121,39.894,6.9141,15.437,0.7769,0.079848,-0.048035,0.0507,0.0063,2453.4
28.161,40.505,6.96,15.458,0.79878,0.086626,-0.052943,0.0521,0.007,2211.2
28.201,41.126,6.9932,15.472,0.80474,0.083511,-0.0518,0.0524,0.007,2213.3
******-------------------------------------------------------------------------------------------------------------------****** 
TargetID: ID06
Target can not be processed due to lack of Data
******-------------------------------------------------------------------------------------------------------------------****** 
TargetID: ID33
Target can not be processed due to lack of Data
******-------------------------------------------------------------------------------------------------------------------****** 
TargetID: ID34
Relevancy: 0
tj = Inf
Label: -1
Comment: Target is irrelevant as it is not crossing the estimated holding line
DATA:
27.121,-10.595,-0.049619,NaN,NaN,NaN,NaN,0.2384,NaN,NaN
27.161,-10.522,-0.47269,NaN,NaN,NaN,NaN,-0.098,NaN,NaN
27.201,-10.103,-0.23135,NaN,NaN,NaN,NaN,-0.0695,NaN,NaN
27.241,-9.8303,-0.20841,NaN,NaN,NaN,NaN,-0.0876,NaN,NaN
27.281,-9.518,-0.22992,NaN,NaN,NaN,NaN,-0.0876,NaN,NaN
27.321,-9.291,-0.42081,NaN,NaN,NaN,NaN,-0.1164,NaN,NaN
27.361,-8.9838,-0.44964,NaN,NaN,NaN,NaN,-0.1163,NaN,NaN
27.403,-8.6764,-0.47688,NaN,NaN,NaN,NaN,-0.1164,NaN,NaN
27.441,-8.3623,-0.51884,NaN,NaN,NaN,NaN,-0.1163,NaN,NaN
27.481,-8.0532,-0.54731,NaN,NaN,NaN,NaN,-0.1164,NaN,NaN
27.521,-7.7426,-0.58126,NaN,NaN,NaN,NaN,-0.1164,NaN,NaN
27.561,-7.2652,-0.36986,7.5534,0.57486,0,0,0.076,0,Inf
27.601,-6.9585,-0.34545,7.5533,0.57537,0,0,0.076,0,Inf
27.641,-6.6482,-0.32952,7.5533,0.57555,0,0,0.0761,0,Inf
27.681,-6.3402,-0.30366,7.5533,0.57533,0,0,0.076,0,Inf
27.721,-6.0335,-0.27839,7.5532,0.57584,0,0,0.0761,0,Inf
27.761,-5.7335,-0.26651,7.4288,0.041919,-0.058512,0.033969,0.075087,0.0085815,865.7
27.801,-5.4359,-0.27312,7.3281,-0.34456,-0.11742,0.068167,0.074067,0.017221,426.01
27.841,-5.1472,-0.29185,7.2532,-0.57663,-0.17527,0.10175,0.073065,0.025705,283.06
27.881,-4.8577,-0.31718,7.2016,-0.66266,-0.23378,0.13572,0.072052,0.034287,210.93
27.921,-4.5705,-0.3429,7.1743,-0.59951,-0.29215,0.16961,0.071041,0.042847,168.02
27.961,-4.2833,-0.36315,7.1713,-0.38696,-0.35064,0.20356,0.070028,0.051426,139.65
28.001,-3.9961,-0.3719,7.1924,-0.025578,-0.40905,0.23748,0.069016,0.059993,119.89
28.041,-3.7062,-0.36312,7.2381,0.48755,-0.46774,0.27155,0.068,0.0686,105.75
28.081,-3.4866,-0.51149,7.0619,0.39301,-0.48743,0.28822,0.0564,0.0909,77.809
******-------------------------------------------------------------------------------------------------------------------****** 
TargetID: ID36
Target can not be processed due to lack of Data
******-------------------------------------------------------------------------------------------------------------------****** 
