******-------------------------------------------------------------------------------------------------------------------****** 
Duration of the scene is: 39.9313 seconds
Original Targets Numbers in the hole Scene: 6
Number of Targets in the hole Scene after preprocessing: 10
Number of static portions: 1
******-------------------------------------------------------------------------------------------------------------------****** 
TargetID: ID01
Relevancy: 1
tj = 32.9693
Label: 0
Comment: Target is relevant and going straight, since target is crossing Ego X-axis in EFC
DATA:
30.569,12.389,24.587,-5.4905,-5.5285,-0.5441,-0.5441,-2.3528,0.2404,32.411
30.609,12.223,24.324,-5.2511,-5.6685,-0.3891,-0.38911,-2.3184,0.2867,26.952
30.649,12.056,24.039,-4.9807,-5.8631,-0.3202,-0.32023,-2.2757,0.342,22.495
30.689,11.819,23.829,-5.0282,-5.8708,-0.3094,-0.30943,-2.2797,0.3169,24.392
30.729,11.659,23.56,-4.8112,-5.9987,-0.2199,-0.21993,-2.2474,0.352,21.846
30.769,11.566,23.248,-4.6664,-6.0743,-0.1404,-0.14041,-2.2264,0.3669,20.877
30.809,11.412,22.996,-4.565,-6.0849,-0.030199,-0.0302,-2.2143,0.3655,20.812
30.849,11.118,22.565,-4.5537,-6.089,0.0029996,0.0029997,-2.2129,0.3458,21.988
30.889,10.845,22.323,-4.6725,-6.0707,-0.0442,-0.044201,-2.2269,0.3034,25.249
30.929,10.676,22.19,-4.7055,-6.0759,-0.0623,-0.062303,-2.2299,0.277,27.743
30.969,10.444,21.969,-4.7001,-6.0842,-0.0423,-0.0423,-2.2287,0.2671,28.784
31.009,10.266,21.713,-4.63,-6.1431,-0.046001,-0.046001,-2.2168,0.268,28.703
31.049,10.112,21.441,-4.5563,-6.2075,-0.057601,-0.057602,-2.2042,0.2679,28.743
31.089,9.9451,21.285,-4.7647,-6.1108,-0.0838,-0.083804,-2.2333,0.2129,36.396
31.129,9.768,21.081,-4.7575,-6.1363,-0.092801,-0.092806,-2.2306,0.2044,37.987
31.169,9.5971,20.817,-4.6798,-6.2048,-0.096704,-0.096705,-2.2173,0.2104,36.938
31.209,9.4083,20.559,-4.6236,-6.2604,-0.099005,-0.099007,-2.2073,0.2126,36.607
31.249,9.2545,20.288,-4.5094,-6.3307,-0.079403,-0.079405,-2.1901,0.2229,34.87
31.289,9.0901,20.016,-4.414,-6.3892,-0.058403,-0.058404,-2.1756,0.2293,33.867
31.329,8.9308,19.8,-4.3925,-6.3826,-0.0101,-0.0101,-2.1736,0.2209,35.075
31.369,8.768,19.532,-4.3208,-6.4441,-0.028201,-0.0282,-2.1616,0.2245,34.56
31.409,8.5946,19.325,-4.3728,-6.437,-0.0371,-0.037102,-2.1677,0.2076,37.484
31.449,8.5256,19.194,-4.1042,-6.5309,0.037399,0.037397,-2.1316,0.2387,32.314
31.489,8.4813,18.992,-3.8676,-6.6797,-0.00059992,-0.00059993,-2.0956,0.2676,28.844
31.529,8.4304,18.714,-3.4299,-6.8717,0.0024998,0.0025004,-2.0337,0.3224,23.822
31.569,8.4145,18.368,-3.1968,-7.0249,-0.051716,-0.051711,-1.9985,0.3456,22.332
31.609,8.242,18.106,-3.1765,-7.0449,-0.045405,-0.045412,-1.9949,0.3358,23.014
31.649,8.184,17.806,-2.8979,-7.1978,-0.075839,-0.07583,-1.9546,0.3626,21.399
31.689,8.1417,17.495,-2.6873,-7.2817,-0.070938,-0.070931,-1.9253,0.3765,20.616
31.729,8.0697,17.171,-2.5887,-7.3795,-0.10819,-0.10818,-1.9097,0.3764,20.777
31.769,8.0287,16.854,-2.4261,-7.444,-0.099084,-0.099072,-1.8873,0.3831,20.437
31.809,7.9288,16.516,-2.5053,-7.4242,-0.091266,-0.091255,-1.8975,0.3593,21.808
31.849,7.8572,16.364,-2.5155,-7.4246,-0.079252,-0.079245,-1.8987,0.3455,22.689
31.889,7.6885,16.073,-2.5464,-7.4658,-0.10799,-0.10798,-1.9011,0.3306,23.86
31.929,7.6184,15.802,-2.6093,-7.4327,-0.091365,-0.091357,-1.9098,0.3113,25.305
31.969,7.5789,15.485,-2.437,-7.4532,-0.042515,-0.042514,-1.8875,0.3204,24.474
32.009,7.4738,15.185,-2.3921,-7.4602,-0.030608,-0.030608,-1.8816,0.3145,24.91
32.05,7.3989,14.873,-2.3054,-7.5069,-0.038713,-0.038713,-1.8694,0.3141,25.001
32.089,7.3032,14.561,-2.2644,-7.5308,-0.039314,-0.039314,-1.8635,0.3086,25.482
32.129,7.1564,14.277,-2.2572,-7.5152,-0.023705,-0.023705,-1.863,0.2989,26.252
32.169,7.1089,13.964,-2.1031,-7.5223,0.013698,0.013698,-1.8432,0.306,25.525
32.209,7.0566,13.659,-1.9417,-7.5096,0.05357,0.053569,-1.8229,0.3132,24.766
32.249,6.9492,13.371,-1.8901,-7.5191,0.046178,0.046176,-1.8162,0.3082,25.156
32.289,6.9242,13.077,-1.7082,-7.4661,0.097794,0.09778,-1.7938,0.3171,24.153
32.329,6.7676,12.813,-1.7524,-7.4211,0.096597,0.096585,-1.8008,0.3008,25.35
32.369,6.6715,12.548,-1.6999,-7.3925,0.095896,0.095883,-1.7949,0.2955,25.67
32.409,6.5758,12.26,-1.6591,-7.393,0.085017,0.085006,-1.7899,0.2899,26.136
32.449,6.4792,11.98,-1.6185,-7.3848,0.07793,0.077919,-1.785,0.2843,26.592
32.489,6.3215,11.73,-1.6598,-7.3405,0.073038,0.07303,-1.7917,0.2694,27.935
32.529,6.2633,11.435,-1.5583,-7.3523,0.069742,0.069733,-1.7782,0.2715,27.682
32.569,6.2282,11.13,-1.4281,-7.3712,0.068143,0.068131,-1.7607,0.277,27.105
32.609,6.1283,10.751,-1.3834,-7.4704,0.019396,0.019395,-1.7535,0.2736,27.768
32.649,6.1043,10.453,-1.1579,-7.5125,0.026491,0.026489,-1.7232,0.289,26.302
32.689,6.0792,10.162,-1.0128,-7.5021,0.035684,0.035678,-1.7042,0.2949,25.67
32.729,6.0575,9.8697,-0.84262,-7.4964,0.041177,0.041169,-1.6818,0.3034,24.864
32.769,6.0365,9.5795,-0.68895,-7.4576,0.048567,0.048552,-1.6618,0.3101,24.151
32.809,6.0103,9.294,-0.57316,-7.4126,0.050463,0.050446,-1.6467,0.3125,23.791
32.849,4.4648,9.3783,-2.1545,-6.7941,0.15127,0.15088,-1.875,0.3126,22.801
32.889,5.8378,8.544,3.093,-8.6368,-0.17618,-0.17699,-1.2308,0.3126,29.347
32.929,5.7017,8.3331,2.1552,-8.1719,-0.037713,-0.037748,-1.3139,0.1921,43.994
32.969,5.7298,7.9936,2.0562,-8.2838,0.069755,0.06964,-1.3258,0.0759,112.45
33.009,5.7626,7.6076,1.9588,-8.4016,0.17063,0.16998,-1.3377,-0.0088,-980.34
33.049,5.8231,7.2807,1.8871,-8.5225,0.2538,0.25244,-1.347,-0.064,-136.39
33.089,5.8245,6.958,1.7214,-8.607,0.32122,0.31919,-1.3662,-0.1259,-69.718
33.129,5.8783,6.6131,1.7679,-8.6869,0.35325,0.35081,-1.3622,-0.1079,-82.159
33.169,5.8852,6.2779,1.5921,-8.8059,0.39871,0.39587,-1.3834,-0.1567,-57.107
33.209,5.905,5.9366,1.4491,-8.7457,0.32397,0.32217,-1.3996,-0.1686,-52.58
33.249,5.9537,5.6093,1.5797,-8.7979,0.36524,0.36286,-1.3853,-0.1131,-79.032
33.289,5.9619,5.3306,1.4554,-8.7048,0.30389,0.30227,-1.3985,-0.1219,-72.401
33.329,6.016,4.9271,1.4291,-8.775,0.29673,0.29528,-1.4031,-0.1206,-73.72
33.369,6.0556,4.5791,1.4911,-8.8397,0.30671,0.30512,-1.3973,-0.0937,-95.674
33.409,6.1437,4.214,1.7769,-9.0399,0.4071,0.4041,-1.3683,-0.0223,-413.13
33.449,6.2472,3.8285,2.1351,-9.3695,0.62155,0.61419,-1.3345,0.05,192.19
33.489,6.2868,3.4817,1.9442,-9.2866,0.45545,0.45154,-1.3552,0.0067,1416.1
33.529,6.2907,3.2419,1.7849,-9.1289,0.32958,0.32736,-1.3705,-0.0207,-449.36
33.569,6.2869,3.0766,1.6066,-8.9622,0.21674,0.21565,-1.388,-0.0514,-177.14
33.609,6.396,2.7349,1.9583,-9.1226,0.34213,0.34731,-1.3677,-0.0082,-1137.9
33.649,6.4274,2.4345,1.6567,-8.9137,0.22293,0.22175,-1.3815,-0.0326,-278.11
33.689,5.959,3.0031,4.1053,-9.6305,0.39364,0.40035,-1.1762,-0.032,-327.16
33.73,6.3749,2.373,2.5829,-9.6293,0.23309,0.23535,-1.3139,-0.1459,-68.332
33.77,6.5181,1.9213,2.2969,-9.5212,0.14233,0.14318,-1.3373,-0.129,-75.925
33.809,6.6096,1.557,2.2214,-9.5104,0.12562,0.12628,-1.3442,-0.1254,-77.882
33.85,6.7348,1.2167,2.2884,-9.4947,0.12372,0.12437,-1.3371,-0.0751,-130.05
33.89,6.7776,0.91106,2.2611,-9.4648,0.14352,0.1444,-1.3396,-0.0838,-116.12
33.929,6.83,0.69354,2.4735,-9.3369,0.23957,0.24212,-1.3175,-0.0191,-505.7
33.97,6.7611,0.45795,2.02,-9.064,0.081971,0.082276,-1.3536,-0.1405,-66.095
34.01,6.8598,0.12955,2.8479,-7.4549,0.092979,0.093417,-1.3404,-0.10324,-77.296
34.049,6.984,-0.14877,3.3161,-6.6215,0.10394,0.10451,-1.3273,-0.066143,-111.96
34.09,7.1203,-0.41024,3.4284,-6.5568,0.11495,0.11565,-1.3142,-0.028887,-256.14
34.13,7.2539,-0.68437,3.1825,-7.2649,0.12595,0.12678,-1.3011,0.0083385,951.18
34.17,7.3705,-1.0027,2.578,-8.7473,0.13696,0.13793,-1.2879,0.0456,199.99
34.21,7.4843,-1.278,2.6611,-8.6052,0.093339,0.093631,-1.2735,0.0711,126.68
34.25,7.6318,-1.5099,2.7566,-8.3647,0.023185,0.023216,-1.2531,0.1039,84.766
34.29,7.7655,-1.7579,2.8319,-8.1617,-0.046829,-0.046718,-1.2354,0.1289,67.022
34.33,7.8973,-2.0047,2.9151,-7.9693,-0.10187,-0.10143,-1.2168,0.1527,55.571
34.37,8.0596,-2.2611,3.051,-7.8549,-0.12986,-0.12874,-1.196,0.1771,47.581
34.41,8.2303,-2.5236,3.1993,-7.7489,-0.13857,-0.13726,-1.1745,0.1996,42.001
34.45,8.3987,-2.7618,3.3142,-7.5843,-0.18446,-0.18203,-1.1523,0.2213,37.401
34.49,8.5413,-3.0593,3.3722,-7.5384,-0.18783,-0.18529,-1.1435,0.2213,37.317
34.53,8.7264,-3.2785,3.4875,-7.3612,-0.24073,-0.23637,-1.1195,0.2426,33.576
34.57,8.4507,-3.2633,2.8109,-11.401,-0.13696,-0.13729,-1.3313,0.1196,98.18
34.61,9.0235,-3.3805,3.882,-8.6559,-0.23318,-0.2353,-1.1555,0.1506,62.992
34.65,8.9795,-3.4554,3.8066,-7.225,-0.45618,-0.46828,-1.1028,0.1242,65.753
34.69,9.2291,-3.816,3.6908,-7.1002,-0.44368,-0.42828,-1.0745,0.1887,42.407
34.73,9.5041,-4.16,3.9931,-7.079,-0.32476,-0.31663,-1.0451,0.2727,29.804
34.77,9.7587,-4.3808,4.2694,-6.7838,-0.34418,-0.33468,-0.9957,0.3805,21.066
34.81,10.024,-4.7172,4.5558,-6.813,-0.19409,-0.19116,-0.9741,0.4132,19.835
34.85,10.225,-4.9991,4.5772,-6.8188,-0.1952,-0.19225,-0.9723,0.367,22.378
34.89,10.484,-5.3111,4.8462,-6.8359,-0.01481,-0.014793,-0.9536,0.3838,21.833
34.93,10.733,-5.5068,5.0264,-6.6567,-0.048615,-0.048435,-0.9223,0.4155,20.075
34.97,10.984,-5.791,5.2349,-6.6509,0.11041,0.11132,-0.9079,0.4106,20.614
35.01,11.198,-6.0701,5.3116,-6.6753,0.19195,0.19463,-0.9054,0.3756,22.712
35.05,11.331,-6.4681,5.119,-6.948,0.25898,0.26376,-0.9446,0.26,33.193
35.09,11.535,-6.717,5.1527,-6.8913,0.21559,0.21891,-0.9361,0.2518,34.173
35.13,11.809,-6.974,5.3874,-6.8455,0.34916,0.3577,-0.9157,0.2689,32.396
35.17,11.976,-7.2819,5.2985,-6.9333,0.3282,0.33569,-0.9291,0.2208,39.52
35.21,12.228,-7.5134,5.3716,-6.8481,0.2622,0.26697,-0.9143,0.2267,38.392
35.25,12.453,-7.7737,5.4211,-6.8627,0.30484,0.31122,-0.9122,0.2095,41.745
35.29,12.717,-8.016,5.5057,-6.8282,0.30435,0.31064,-0.9021,0.2071,42.353
35.33,12.956,-8.2522,5.5925,-6.7916,0.3373,0.34498,-0.8928,0.2037,43.19
35.37,13.196,-8.5389,5.6562,-6.8339,0.39481,0.40516,-0.8919,0.1894,46.838
35.41,13.422,-8.7938,5.7098,-6.834,0.42025,0.43186,-0.8879,0.1801,49.447
35.45,13.68,-9.0411,5.7533,-6.813,0.39853,0.40892,-0.882,0.1736,51.367
35.49,13.926,-9.2626,5.7693,-6.7423,0.3185,0.32516,-0.873,0.1724,51.472
35.53,14.173,-9.5466,5.8005,-6.8015,0.3641,0.3727,-0.876,0.1548,57.746
******-------------------------------------------------------------------------------------------------------------------****** 
TargetID: ID02
Relevancy: 1
tj = 13.7639
Label: 0
Comment: Target is relevant and going straight, since target is crossing Ego X-axis in EFC
DATA:
9.7227,14.755,26.163,-5.9689,-2.1708,-0.051201,-0.051202,-2.7927,0.0127,500.11
9.7628,14.558,26.096,-5.8775,-2.2994,-0.25704,-0.25711,-2.7691,0.0614,102.79
9.8027,14.344,25.893,-5.9082,-2.4697,-0.65522,-0.65525,-2.7448,0.1533,41.772
9.8427,14.185,25.746,-5.7264,-2.6249,-0.64965,-0.64982,-2.7118,0.173,36.412
9.8827,16.193,25.628,-3.4064,-3.4673,-0.0855,-0.0855,-2.3474,0.6425,7.5652
9.9228,15.963,25.593,-3.9155,-3.6031,-0.51445,-0.51441,-2.3961,0.5652,9.4143
9.9627,15.686,25.498,-3.8846,-3.7171,-0.40821,-0.4082,-2.3776,0.5813,9.2491
10.003,15.418,25.442,-3.9583,-3.7772,-0.45389,-0.45391,-2.3796,0.5319,10.286
10.043,15.169,25.405,-3.9242,-3.7429,-0.1376,-0.1376,-2.3798,0.5183,10.463
10.083,14.917,25.36,-3.9373,-3.6826,0.0801,0.0801,-2.3896,0.4815,11.196
10.123,14.663,25.326,-4.0882,-3.5992,0.035801,0.0358,-2.4197,0.3877,14.049
10.163,14.425,25.293,-4.2239,-3.505,0.0043005,0.0042998,-2.4489,0.3083,17.803
10.203,14.568,25.437,-2.3475,-4.2473,0.50945,0.51078,-2.0622,0.992,4.892
10.243,14.311,25.23,-2.5782,-4.382,0.37028,0.36936,-2.1026,0.8433,6.029
10.283,14.097,25.115,-2.6692,-4.3973,0.31637,0.31578,-2.1163,0.7667,6.7093
10.323,13.885,24.992,-2.7324,-4.4106,0.27555,0.27514,-2.1254,0.7066,7.3428
10.363,13.684,24.867,-2.769,-4.4171,0.2552,0.25487,-2.1307,0.6595,7.905
10.403,13.576,24.703,-2.7013,-4.4448,0.25102,0.25066,-2.1169,0.6431,8.0878
10.443,13.417,24.559,-2.7375,-4.4716,0.18351,0.18333,-2.1201,0.602,8.7093
10.483,13.251,24.411,-2.736,-4.5102,0.13897,0.13886,-2.1161,0.5756,9.1647
10.523,13.011,24.32,-2.8712,-4.4593,0.12864,0.12857,-2.1429,0.5175,10.249
10.563,12.774,24.225,-3.0017,-4.4198,0.091817,0.091788,-2.1674,0.4656,11.475
10.603,12.774,24.291,-2.852,-4.5454,0.038691,0.038695,-2.1304,0.4841,11.085
10.643,12.606,24.142,-2.8494,-4.5566,0.046806,0.046796,-2.1296,0.4648,11.562
10.683,13.016,24.736,-3.1467,-4.5671,-0.18471,-0.18476,-2.1782,0.392,14.148
10.723,12.904,24.5,-3.1764,-4.5897,-0.20409,-0.20415,-2.1715,0.382,14.612
10.763,12.846,24.367,-3.0196,-4.7296,-0.18372,-0.18367,-2.1438,0.3938,14.249
10.803,12.68,24.034,-3.0288,-4.6631,-0.086813,-0.086855,-2.149,0.3745,14.848
10.843,12.516,23.743,-2.9844,-4.7278,-0.091814,-0.091868,-2.1362,0.3717,15.042
10.883,12.579,23.932,-3.183,-4.6539,-0.11622,-0.11628,-2.1734,0.3244,17.381
10.923,12.411,23.819,-3.1891,-4.6176,-0.045003,-0.045013,-2.1763,0.3102,18.091
10.963,12.25,23.725,-3.2101,-4.6092,-0.035698,-0.035701,-2.1791,0.2968,18.925
11.003,12.013,23.545,-3.216,-4.6087,-0.0111,-0.0111,-2.1803,0.2851,19.712
11.043,11.895,23.341,-3.2288,-4.6416,-0.045403,-0.045412,-2.1796,0.276,20.486
11.083,11.757,23.116,-3.1524,-4.7228,-0.060407,-0.060426,-2.1609,0.2823,20.114
11.123,11.565,23.007,-3.2201,-4.6635,-0.0184,-0.0184,-2.1751,0.261,21.713
11.163,11.431,22.825,-3.2197,-4.693,-0.034902,-0.034907,-2.1729,0.2543,22.38
11.203,11.279,22.631,-3.2225,-4.6744,0.027404,0.027403,-2.175,0.2443,23.24
11.243,11.142,22.423,-3.1092,-4.8052,-0.035408,-0.035406,-2.146,0.2593,22.072
11.283,11.011,22.245,-3.1315,-4.8518,-0.087517,-0.08756,-2.1463,0.2513,22.979
11.323,10.856,22.044,-3.1618,-4.8629,-0.095419,-0.095468,-2.1497,0.241,24.068
11.363,10.67,21.788,-3.1278,-4.9533,-0.14975,-0.14988,-2.1379,0.2427,24.137
11.403,10.516,21.596,-3.0446,-5.0481,-0.16336,-0.16355,-2.1181,0.25,23.581
11.443,10.231,21.541,-3.0629,-4.9481,-0.038503,-0.038514,-2.1261,0.2363,24.627
11.484,10.137,21.322,-3.0471,-5.024,-0.081814,-0.081865,-2.1183,0.2349,25.014
11.523,9.9818,21.214,-3.0352,-5.0366,-0.038588,-0.038589,-2.112,0.2326,25.281
11.563,9.7133,21.114,-3.0258,-5.0574,-0.046905,-0.046923,-2.1114,0.2259,26.089
11.603,9.4763,20.987,-2.9784,-5.0879,-0.030302,-0.03031,-2.1013,0.226,26.087
11.643,9.3806,20.787,-2.7789,-5.2473,-0.060542,-0.060539,-2.06,0.2481,23.933
11.683,9.1699,20.659,-2.6249,-5.3266,-0.035217,-0.035216,-2.03,0.2609,22.761
11.723,8.9907,20.498,-2.5754,-5.3266,-0.011799,-0.0118,-2.0212,0.2592,22.826
11.763,8.902,20.281,-2.4767,-5.4192,-0.047334,-0.047335,-2.0015,0.2654,22.45
11.803,8.8022,20.081,-2.3595,-5.4861,-0.050204,-0.050263,-1.9792,0.2729,21.883
11.843,8.7115,19.849,-2.2806,-5.5753,-0.076203,-0.076214,-1.9626,0.2766,21.778
11.883,8.608,19.619,-2.1317,-5.7104,-0.11686,-0.11691,-1.9337,0.2881,21.157
11.923,8.6054,19.388,-1.9167,-5.7344,-0.065293,-0.065317,-1.8968,0.305,19.824
11.963,8.509,19.109,-1.8106,-5.7648,-0.028018,-0.028024,-1.8766,0.3103,19.473
12.003,8.4362,18.863,-1.7447,-5.8183,-0.038234,-0.038247,-1.8643,0.3103,19.575
12.043,8.3823,18.613,-1.6269,-5.867,-0.034329,-0.034341,-1.8433,0.3159,19.273
12.083,8.323,18.367,-1.5594,-5.9184,-0.043647,-0.043669,-1.8309,0.3157,19.387
12.123,8.2661,18.115,-1.4792,-5.9835,-0.054775,-0.054813,-1.8164,0.317,19.444
12.163,7.2984,17.153,-1.034,-5.8426,-0.017409,-0.017416,-1.7472,0.3284,18.068
12.203,7.3467,17.176,-0.61444,-5.9894,-0.029626,-0.029656,-1.6753,0.3779,15.932
12.244,7.295,17.084,-0.46915,-6.1005,-0.034836,-0.034881,-1.6502,0.3997,15.308
12.283,7.1527,16.911,-0.55636,-6.2027,-0.071244,-0.071415,-1.6654,0.345,18.051
12.323,7.0578,16.753,-0.32989,-6.3055,-0.039543,-0.039605,-1.626,0.4232,14.92
12.363,7.0181,16.484,-0.27721,-6.3195,-0.01881,-0.018825,-1.616,0.4183,15.122
12.403,7.0298,17.763,1.8681,-6.7394,0.35229,0.34014,-1.273,0.4216,16.588
12.443,5.8621,16.076,-0.17266,-6.348,-0.037438,-0.0375,-1.6007,0.4285,14.82
12.483,7.0163,17.427,1.7279,-6.6858,0.37586,0.36213,-1.2881,0.3902,17.697
12.523,6.9017,17.256,0.44506,-6.3677,0.096973,0.096364,-1.4932,0.3961,16.115
12.564,6.9834,17.044,2.0847,-6.7296,0.37009,0.35612,-1.2417,0.4019,17.529
12.603,7.2777,16.722,1.9376,-6.743,0.30928,0.29996,-1.2671,0.4094,17.137
12.644,6.6877,16.214,2.7673,-6.891,0.40051,0.3836,-1.1602,0.4115,18.046
12.684,5.3093,14.304,1.0951,-6.5812,0.17032,0.16801,-1.3925,0.4152,16.069
12.724,5.81,14.13,0.34478,-6.4567,0.046447,0.046322,-1.5139,0.3865,16.729
12.764,6.8171,15.901,2.3583,-6.9632,0.5988,0.56332,-1.2014,0.3307,22.231
12.804,6.7503,15.28,1.8923,-6.7831,0.46443,0.4437,-1.2635,0.3401,20.706
12.844,6.8237,13.763,-0.037202,-6.2293,-0.010203,-0.010208,-1.5776,0.3494,17.829
12.884,5.9206,13.445,0.17306,-6.6793,0.059915,0.05974,-1.5407,0.3496,19.112
12.924,5.4093,13.427,0.29669,-6.5586,0.08413,0.083743,-1.5194,0.3691,17.787
12.964,5.3136,13.161,1.0479,-6.7912,0.41237,0.39949,-1.387,0.5786,11.876
13.004,5.3734,12.868,1.1724,-6.814,0.44558,0.42993,-1.3672,0.577,11.983
13.044,5.4601,12.544,0.90154,-6.9235,0.38392,0.37383,-1.414,0.3476,20.086
13.084,5.51,12.217,0.65282,-6.9938,0.29599,0.29078,-1.4576,0.1651,42.545
13.124,5.5191,11.937,0.43287,-6.8654,0.17258,0.17094,-1.4959,0.0428,160.72
13.164,5.5079,11.676,0.57341,-6.8799,0.18383,0.18185,-1.4748,0.104,66.382
13.204,5.4865,11.408,0.82902,-7.0532,0.2571,0.25296,-1.4363,0.1944,36.532
13.244,5.5079,11.132,0.56124,-6.9855,0.15414,0.15281,-1.4802,0.0713,98.289
13.284,5.5133,10.88,0.45908,-6.912,0.10806,0.10743,-1.4971,0.0307,225.64
13.324,5.4513,10.616,1.0178,-7.2238,0.30626,0.30025,-1.4107,0.222,32.861
13.364,4.9076,10.434,1.3945,-6.669,0.41185,0.39664,-1.3321,0.222,30.69
13.404,5.2381,10.37,0.2721,-6.5183,0.11429,0.11355,-1.5205,0.1183,55.148
13.444,4.9438,10.227,0.99786,-6.9984,0.52041,0.50106,-1.3924,0.2235,31.629
13.484,4.9776,9.9721,0.74829,-7.0742,0.42452,0.41328,-1.4367,0.0546,130.29
13.524,4.8036,9.3639,1.0639,-6.7776,0.54863,0.52471,-1.3735,0.0546,125.65
13.564,4.8669,9.058,0.8729,-6.6796,0.4616,0.4455,-1.4054,0.0546,123.38
13.604,4.8366,8.935,1.1442,-6.8032,0.58614,0.55839,-1.3601,0.0546,126.35
13.644,4.8243,8.5472,0.59138,-6.6009,0.31853,0.31177,-1.4572,0.0546,121.38
13.684,4.9007,8.2659,1.0835,-6.7181,0.56699,0.54098,-1.3676,0.0546,124.63
13.724,4.8134,8.2352,0.67947,-6.5883,0.36343,0.35422,-1.4401,0.0563,117.64
13.764,4.9083,7.8201,1.2244,-6.779,0.62141,0.58939,-1.3453,0.0567,121.49
13.804,4.8668,7.6329,0.70836,-6.5355,0.38129,0.37083,-1.4331,0.057,115.33
13.844,5.024,7.2346,0.74083,-6.9574,0.33998,0.33281,-1.4414,0.0965,72.505
13.884,5.0721,7.0774,1.6605,-6.8898,0.35033,0.33979,-1.3088,0.4383,16.169
13.924,5.0018,6.7854,1.5188,-7.0966,0.54485,0.52143,-1.3226,0.339,21.408
13.964,5.0978,6.5082,1.5428,-7.0684,0.4669,0.4496,-1.3237,0.3082,23.475
14.004,5.1764,6.2378,1.9988,-7.0737,0.63044,0.59499,-1.2518,0.5172,14.212
14.044,5.3117,5.9787,1.7745,-6.9471,0.30805,0.2999,-1.2987,0.3089,23.212
14.084,5.4089,5.7002,1.7303,-6.8629,0.18333,0.18044,-1.3105,0.2415,29.307
14.124,5.594,5.5133,1.5856,-6.6167,-0.05914,-0.059445,-1.3402,0.1276,53.323
14.164,5.6817,5.2836,1.3121,-6.4298,-0.16242,-0.16463,-1.3827,-0.011,-596.58
14.204,5.7105,5.0249,1.1493,-6.3321,-0.17415,-0.17663,-1.4057,-0.0734,-87.678
14.244,5.7122,4.7763,1.3549,-6.3626,-0.14813,-0.15006,-1.3733,0.0199,326.9
14.284,5.7608,4.5152,1.2563,-6.2868,-0.16476,-0.16711,-1.3875,-0.0149,-430.28
14.324,5.6406,4.1302,0.87098,-6.5595,-0.05101,-0.050689,-1.4349,-0.1346,-49.161
14.364,5.5877,3.8497,0.75928,-6.6332,-0.021718,-0.021663,-1.4552,-0.177,-37.72
14.404,5.7031,3.5901,0.96069,-6.7724,0.021382,0.021435,-1.4314,-0.1145,-59.74
14.444,5.7429,3.3294,1.0262,-6.8032,0.032357,0.03248,-1.4234,-0.09,-76.447
14.484,5.7906,3.0706,1.095,-6.8233,0.041429,0.041631,-1.4146,-0.067,-103.14
14.524,5.8534,2.8112,1.1893,-6.8536,0.054574,0.054926,-1.4029,-0.0412,-168.84
14.564,5.9044,2.5523,1.2419,-6.8742,0.064521,0.065015,-1.3966,-0.028,-249.48
14.604,5.8417,2.3581,1.1339,-6.7086,0.018684,0.018727,-1.4047,-0.0383,-177.64
14.644,5.8186,2.2106,1.0754,-6.5285,-0.019518,-0.019468,-1.406,-0.0402,-164.59
14.684,5.8873,1.9545,1.1722,-6.5745,0.00030043,0.00029979,-1.3944,-0.0205,-325.77
14.724,5.9392,1.6941,1.2259,-6.5746,0.00050021,0.00050019,-1.3865,-0.008,-835.99
14.764,5.9284,1.4825,1.206,-6.5282,0.00030043,0.00029979,-1.3881,-0.0111,-598.08
14.804,5.9721,1.2622,1.256,-6.4956,-0.00090035,-0.00089972,-1.3797,0.0003,22053
14.844,6.0085,1.0108,1.3177,-6.5382,0.025967,0.026056,-1.374,0.0065,1026.1
14.884,5.8229,2.6101,2.3489,-6.8741,0.048659,0.048978,-1.245,0.0168,432.4
14.924,6.2863,2.1772,2.3176,-6.8842,-0.02905,-0.028937,-1.244,0.0759,95.702
14.964,6.3506,1.929,2.1806,-6.794,-0.02594,-0.025848,-1.2583,0.0441,161.8
15.004,6.3469,1.5715,2.1343,-6.8947,0.091333,0.092431,-1.2771,-0.0564,-127.97
15.044,6.3577,1.2283,2.123,-6.9859,0.14999,0.15287,-1.2861,-0.0959,-76.135
15.084,6.3408,0.86681,2.0558,-7.1717,0.25951,0.26756,-1.3087,-0.1787,-41.749
15.124,6.3957,0.67924,2.2029,-7.2714,0.32893,0.34214,-1.2987,-0.1287,-59.035
15.164,6.4708,0.41015,2.3397,-7.367,0.38628,0.40445,-1.2889,-0.0871,-88.744
15.204,6.5941,0.011215,2.1051,-7.8796,0.67296,0.6389,-1.2701,-0.0335,-243.46
15.244,6.6656,-0.27842,2.1046,-7.9463,0.68119,0.6469,-1.2723,-0.0365,-225.21
15.284,6.781,-0.57679,2.1522,-8.1063,0.7085,0.6735,-1.2723,-0.0342,-245.24
15.324,6.7725,-0.47838,-1.2637,7.9089,0.7634,0.79331,-1.2331,-0.015995,-500.74
15.364,6.7857,-0.35589,3.2452,-6.9803,0.81857,0.9137,-1.1938,0.0023,3346.8
15.404,6.9586,-0.75657,2.1778,-7.3942,0.79771,0.73997,-1.2306,-0.0571,-135
15.444,7.0505,-1.0344,2.3961,-6.5371,0.77689,0.72188,-1.2298,-0.051398,-135.46
15.484,7.1493,-1.2843,2.5341,-6.0244,0.75612,0.70384,-1.2291,-0.045707,-142.99
15.524,7.2522,-1.521,2.5924,-5.8541,0.7353,0.68575,-1.2284,-0.040004,-160.04
15.564,7.356,-1.758,2.5705,-6.0279,0.71446,0.66765,-1.2276,-0.034298,-191.07
15.604,7.4568,-2.0078,2.469,-6.5434,0.69371,0.64962,-1.2269,-0.028613,-244.43
15.644,7.5525,-2.2865,2.2868,-7.4055,0.67285,0.63151,-1.2261,-0.0229,-338.45
15.684,7.7167,-2.6077,2.1439,-7.5915,0.6215,0.58916,-1.2557,-0.0993,-79.44
******-------------------------------------------------------------------------------------------------------------------****** 
TargetID: ID09
Relevancy: 1
tj = 36.3302
Label: 0
Comment: Target is relevant and going straight, since the velocity ratio is almost not changing
DATA:
34.17,11.571,22.709,-5.2865,-5.3005,-0.551,-0.551,-2.3549,0.1953,38.332
34.21,11.459,22.487,-4.9942,-5.438,-0.35471,-0.3547,-2.3142,0.2505,29.474
34.25,11.217,22.345,-5.1049,-5.3505,-0.2452,-0.2452,-2.3329,0.2178,33.954
34.29,11.026,22.211,-4.7381,-5.5174,0.0222,0.0222,-2.2803,0.3309,21.978
34.33,10.972,22.075,-4.0999,-5.7101,0.34559,0.34571,-2.1911,0.5025,13.989
34.37,10.964,21.848,-3.4085,-5.9402,0.40593,0.40628,-2.0869,0.6579,10.41
34.41,10.664,21.654,-3.8132,-5.9271,0.29057,0.2905,-2.1398,0.5368,13.129
34.45,10.475,21.421,-3.8444,-5.9506,0.24112,0.24107,-2.1422,0.4981,14.223
34.49,10.506,21.168,-3.1819,-6.1653,0.26906,0.26925,-2.0436,0.6314,10.988
34.53,10.409,20.701,-2.6582,-6.4386,0.13823,0.13831,-1.9604,0.7227,9.6385
34.57,10.278,20.462,-2.3687,-6.6316,0.04318,0.043189,-1.9132,0.7476,9.4193
34.61,10.198,20.163,-2.1713,-6.7888,-0.030611,-0.030607,-1.8808,0.7444,9.5749
34.65,10.119,19.924,-1.7403,-6.9553,-0.047632,-0.047622,-1.8168,0.8003,8.9588
34.69,10.045,19.57,-1.4777,-7.1467,-0.10095,-0.1009,-1.7764,0.8046,9.0702
34.73,9.8946,19.282,-1.6073,-7.1809,-0.12502,-0.12495,-1.793,0.7338,10.028
34.77,9.8662,19.019,-1.1772,-7.3491,-0.11351,-0.11345,-1.7316,0.7769,9.5801
34.81,9.8162,18.688,-0.80556,-7.4993,-0.091543,-0.091512,-1.6794,0.8038,9.3835
34.85,9.7361,18.423,-0.73227,-7.5795,-0.091343,-0.091316,-1.6687,0.7731,9.8497
34.89,9.6544,18.098,-0.59821,-7.6558,-0.077104,-0.077084,-1.6501,0.7567,10.148
34.93,9.4946,17.855,-0.65466,-7.6014,-0.07169,-0.071672,-1.6579,0.7148,10.674
34.97,9.4144,17.577,-0.5425,-7.6662,-0.062469,-0.062456,-1.6425,0.698,11.011
35.01,9.305,17.22,-0.45383,-7.7286,-0.054754,-0.054741,-1.6303,0.6788,11.405
35.05,9.2308,16.934,-0.27457,-7.8182,-0.031818,-0.031815,-1.6064,0.6745,11.598
35.09,9.1288,16.678,-0.30085,-7.8389,-0.037125,-0.03712,-1.6098,0.6401,12.255
35.13,9.0645,16.415,-0.1323,-7.842,-0.0079016,-0.0079009,-1.5878,0.6392,12.27
35.17,8.8883,16.177,-0.3229,-7.7437,-0.033921,-0.033917,-1.613,0.5867,13.21
35.21,8.8093,15.902,-0.18343,-7.8801,-0.020608,-0.020607,-1.5944,0.5789,13.616
35.25,8.7089,15.695,-0.22892,-7.9137,-0.030918,-0.030915,-1.6002,0.5482,14.442
35.29,8.5886,15.431,-0.32919,-7.9258,-0.05295,-0.052944,-1.6132,0.5124,15.481
35.33,7.12,15.798,2.4398,-8.2256,0.48549,0.48229,-1.2731,0.4888,17.553
35.37,7.0085,15.033,0.58301,-8.0806,0.16131,0.16125,-1.4958,0.3757,21.564
35.41,7.0277,14.636,0.53587,-8.456,0.20895,0.20887,-1.504,0.1997,42.428
35.45,6.8667,14.442,0.043649,-8.4827,0.080701,0.080596,-1.5644,-0.011,-771.16
35.49,6.8376,14.088,0.39422,-8.6674,0.23451,0.23445,-1.5216,0.1073,80.861
35.53,6.9122,13.644,0.15486,-8.5721,0.13689,0.13719,-1.5527,0.0252,340.22
35.57,6.8709,13.284,0.1186,-8.5529,0.13202,0.13202,-1.5549,0.022,388.81
35.61,6.9177,12.893,-0.0078878,-8.4146,0.096049,0.0962,-1.5717,-0.0287,-293.19
35.65,6.9165,12.555,-0.017669,-8.4611,0.10951,0.1097,-1.5729,-0.0287,-294.81
35.69,6.8734,12.215,-0.33706,-8.183,0.078303,0.078404,-1.612,-0.1225,-66.856
35.73,6.7931,11.884,-0.86278,-7.8047,0.13334,0.13363,-1.6809,-0.2721,-28.858
35.77,6.6989,11.559,-1.1916,-7.5112,0.2266,0.22741,-1.7281,-0.3525,-21.575
35.81,6.6138,11.259,-1.4333,-7.301,0.30461,0.30603,-1.7646,-0.4003,-18.587
35.85,6.5324,10.965,-1.5637,-7.1529,0.35574,0.35764,-1.786,-0.4113,-17.802
35.89,6.3364,10.696,-1.8381,-6.9248,0.43769,0.44036,-1.8303,-0.454,-15.781
35.93,6.244,10.406,-1.9711,-6.8979,0.41058,0.41279,-1.8491,-0.4532,-15.83
35.97,6.204,10.122,-1.966,-6.8172,0.44496,0.44759,-1.8516,-0.4307,-16.473
36.01,6.1518,9.8956,-1.9685,-6.7222,0.47331,0.47472,-1.8481,-0.3986,-17.573
36.05,6.0609,9.6257,-1.9928,-6.6747,0.4716,0.47459,-1.8609,-0.3921,-17.766
36.09,6.0015,9.3594,-1.941,-6.5899,0.50199,0.5055,-1.8572,-0.3635,-18.899
36.13,6.0143,9.114,-1.6576,-6.6564,0.42696,0.42814,-1.8072,-0.2704,-25.368
36.17,5.9406,8.8372,-1.5834,-6.7368,0.35009,0.35087,-1.7954,-0.2348,-29.474
36.21,5.8897,8.5801,-1.5162,-6.7295,0.32462,0.32529,-1.7865,-0.2092,-32.974
36.25,5.9033,8.3273,-1.1273,-6.8827,0.219,0.21926,-1.7289,-0.1205,-57.879
36.29,5.9302,8.1937,-0.81376,-6.9653,0.14964,0.1497,-1.6837,-0.0558,-125.68
36.33,5.929,7.953,-0.62162,-6.9923,0.11084,0.11085,-1.6568,-0.019,-369.46
36.37,5.9335,7.7063,-0.41952,-7.0099,0.075275,0.075274,-1.6287,0.0161,436.18
36.41,5.9349,7.4137,-0.36873,-6.9877,0.068801,0.068905,-1.6235,0.0212,330.07
36.45,6.0977,7.0829,-0.033589,-7.0658,0.013895,0.0139,-1.5755,0.072,98.138
36.49,6.0746,6.7229,0.0027726,-7.0358,0.0093977,0.0093979,-1.5702,0.0754,93.313
36.53,6.1109,6.4504,0.23603,-7.0911,-0.017708,-0.017708,-1.538,0.1077,65.878
36.57,6.1624,6.1577,0.49296,-7.1469,-0.037332,-0.037339,-1.5029,0.1406,50.952
36.61,6.1771,5.8664,0.59046,-7.1787,-0.034628,-0.034634,-1.4896,0.1494,48.212
36.65,6.2073,5.59,0.66976,-7.162,-0.039136,-0.039145,-1.4785,0.1547,46.498
36.69,6.2165,5.3022,0.67561,-7.1398,-0.035029,-0.035036,-1.4773,0.15,47.811
36.73,6.2417,5.0118,0.72572,-7.1338,-0.032525,-0.032531,-1.4702,0.1511,47.456
36.77,6.2728,4.7201,0.78882,-7.1421,-0.027317,-0.027322,-1.4615,0.1536,46.781
36.81,6.3204,4.4277,0.88869,-7.1654,-0.022211,-0.022215,-1.4479,0.1605,44.986
36.85,6.2854,4.1992,0.74216,-6.9822,-0.039038,-0.039045,-1.4659,0.1378,50.955
36.89,6.3576,3.8875,0.89949,-7.0432,-0.036133,-0.03614,-1.4446,0.1525,46.56
36.93,6.4109,3.6315,1.0117,-7.0821,-0.028319,-0.028325,-1.4296,0.1606,44.545
36.97,6.3926,3.4836,0.92093,-6.8186,-0.072136,-0.072179,-1.4385,0.1469,46.838
37.01,6.405,3.4621,0.97364,-6.7861,-0.075946,-0.076041,-1.4308,0.1484,46.197
37.05,6.4705,3.1875,1.1224,-6.8985,-0.051865,-0.051915,-1.4112,0.1609,43.438
37.09,6.537,2.8996,1.2483,-6.9954,-0.025215,-0.025228,-1.395,0.1698,41.849
37.13,6.5655,2.8355,1.3372,-7.0343,-0.010402,-0.010405,-1.3833,0.1741,41.127
37.17,6.7641,3.3208,2.1781,-8.5963,-0.01851,-0.018491,-1.3222,0.1741,50.936
37.21,6.897,2.9494,2.2058,-8.5755,-0.021714,-0.021688,-1.3185,0.1808,48.975
37.25,6.9907,2.6236,2.1793,-8.5199,-0.011004,-0.010997,-1.3201,0.1655,53.137
37.29,6.9161,2.4922,2.1692,-8.4394,0.056307,0.056477,-1.3206,0.0911,95.65
37.33,6.9976,1.9921,2.0795,-8.5307,0.13071,0.13166,-1.3353,0.0053,1656.7
37.371,7.0288,1.7023,1.9719,-8.4915,0.11989,0.1207,-1.3459,-0.0393,-221.82
37.411,7.0366,1.3721,1.7674,-8.5801,0.14722,0.14839,-1.3716,-0.1385,-63.251
37.451,7.0713,1.1263,1.7066,-8.5016,0.11783,0.11858,-1.3759,-0.1423,-60.936
37.491,7.0977,0.80798,1.5825,-8.5655,0.11953,0.12029,-1.3913,-0.1835,-47.469
37.531,7.1626,0.54154,1.6112,-8.5375,0.11804,0.11878,-1.3875,-0.1596,-54.438
37.571,7.1928,0.35999,1.6457,-8.344,0.070561,0.070844,-1.3781,-0.1306,-65.121
******-------------------------------------------------------------------------------------------------------------------****** 
TargetID: ID10
Target can not be processed due to lack of Data
******-------------------------------------------------------------------------------------------------------------------****** 
TargetID: ID03
Relevancy: 0
tj = Inf
Label: -1
Comment: Target is irrelevant as it is not crossing the estimated holding line
DATA:
10.563,9.9792,22.745,NaN,NaN,NaN,NaN,-2.2841,NaN,NaN
10.603,9.8052,22.631,NaN,NaN,NaN,NaN,-2.3003,NaN,NaN
10.643,10.194,22.563,-3.9725,-4.314,0,0,-2.315,0,Inf
10.683,10.036,22.39,-3.9725,-4.314,0,0,-2.315,0,Inf
10.723,9.889,22.209,-3.9496,-4.3315,-0.0963,-0.0963,-2.3101,0.0021,2791.4
10.763,9.7317,22.035,-3.9499,-4.3323,-0.1009,-0.1009,-2.3101,0.0021,2791.7
10.803,9.5743,21.861,-3.9502,-4.3332,-0.1055,-0.1055,-2.31,0.0021,2792.1
10.843,9.4166,21.688,-3.9504,-4.3341,-0.11,-0.11,-2.3099,0.0021,2792.5
10.883,9.2833,21.495,-2.7761,-5.1917,-0.15671,-0.15671,-2.2851,0.029025,202.84
10.923,9.187,21.277,-2.139,-5.6654,-0.2031,-0.20311,-2.2605,0.055769,108.59
10.963,9.1051,21.047,-2.0301,-5.7619,-0.24976,-0.24977,-2.2358,0.082666,73.9
11.003,9.0174,20.821,-2.4512,-5.4796,-0.29618,-0.2962,-2.2112,0.10943,54.858
11.043,8.9017,20.614,-3.4055,-4.8165,-0.3428,-0.34282,-2.1865,0.1363,43.278
11.083,8.766,20.42,-3.3855,-4.8442,-0.3558,-0.35582,-2.181,0.1363,43.36
11.123,8.7148,20.157,-3.2632,-4.9353,-0.3035,-0.30352,-2.1552,0.1432,41.317
11.163,8.5555,19.969,-3.3063,-4.9498,-0.29922,-0.29921,-2.1599,0.1324,44.959
11.203,8.4202,19.765,-3.3078,-4.9826,-0.3059,-0.30592,-2.1571,0.1284,46.578
11.243,8.2884,19.561,-3.2976,-5.015,-0.30632,-0.30631,-2.1527,0.1272,47.186
11.283,8.076,19.371,-3.5236,-4.9861,-0.37392,-0.37391,-2.1862,0.0764,79.915
11.323,7.8899,19.193,-3.6509,-4.9533,-0.39718,-0.39719,-2.2057,0.046,133.77
11.363,7.7438,18.994,-3.6538,-4.9764,-0.40258,-0.40259,-2.2039,0.046,134.21
11.403,7.5979,18.794,-3.6567,-4.9995,-0.40778,-0.40779,-2.2021,0.046,134.65
11.443,7.4518,18.594,-3.6596,-5.0227,-0.41288,-0.41289,-2.2002,0.046,135.1
11.484,7.203,18.427,-7.4679,-3.6541,-0.48335,-0.48336,-2.2426,-0.0044914,-1851.1
11.523,6.9484,18.267,-4.2128,-4.8667,-0.55259,-0.5526,-2.2842,-0.0541,-118.98
11.563,6.7797,18.072,-4.2427,-4.8796,-0.55699,-0.557,-2.2864,-0.0541,-119.52
******-------------------------------------------------------------------------------------------------------------------****** 
TargetID: ID11
Relevancy: 1
tj = 20.2456
Label: 0
Comment: Target is relevant and going straight, since the velocity ratio is almost not changing
DATA:
17.765,12.96,23.814,-4.3273,-5.3533,-0.15829,-0.15831,-2.2508,0.1422,48.408
17.805,12.627,23.57,-4.8222,-5.5782,-1.0567,-1.0564,-2.2845,0.1924,38.324
17.845,12.351,23.344,-5.0213,-5.668,-1.3386,-1.3383,-2.2967,0.1735,43.644
17.885,12.015,23.166,-5.1932,-5.5794,-1.176,-1.1759,-2.3208,0.1369,55.678
17.925,11.842,22.929,-5.1998,-5.5599,-1.0253,-1.0253,-2.3231,0.1054,72.225
17.965,12.167,23.383,-5.3693,-5.5603,-1.1345,-1.1345,-2.3393,0.0764,101.17
18.005,11.943,23.171,-5.2527,-5.5995,-0.83514,-0.83511,-2.3251,0.1194,64.301
18.045,11.647,22.994,-5.3358,-5.4855,-0.6274,-0.6274,-2.3426,0.0994,76.987
18.085,11.365,22.83,-5.4607,-5.4277,-0.595,-0.595,-2.3592,0.0748,102.93
18.125,11.051,22.658,-5.7647,-5.3321,-0.80303,-0.80303,-2.3942,0.0087,902.6
18.165,11.155,22.85,-5.9727,-5.2014,-0.78517,-0.78527,-2.4229,-0.0353,-224.36
18.205,10.883,22.259,-5.7904,-5.2808,-0.54571,-0.54573,-2.4013,0.0187,419.08
18.245,10.701,22.036,-5.6072,-5.4083,-0.437,-0.437,-2.374,0.0638,122.11
18.285,10.457,21.847,-5.5018,-5.4777,-0.345,-0.345,-2.3584,0.0926,83.841
18.325,10.271,21.624,-5.3165,-5.5909,-0.2474,-0.2474,-2.3313,0.1313,58.76
18.365,10.011,21.42,-5.3269,-5.6051,-0.2294,-0.2294,-2.331,0.1283,60.269
18.405,9.8307,21.201,-5.1543,-5.7177,-0.1797,-0.1797,-2.3048,0.161,47.813
18.445,9.591,20.973,-5.2065,-5.7878,-0.29401,-0.29401,-2.3039,0.1558,49.968
18.485,9.3646,20.739,-5.2212,-5.8399,-0.33731,-0.33731,-2.301,0.1527,51.301
18.525,8.7094,20.027,-5.1482,-5.874,-0.2696,-0.26961,-2.2908,0.1583,49.341
18.565,8.5192,19.787,-4.894,-5.9844,-0.13991,-0.1399,-2.2566,0.1974,39.163
18.605,8.3487,19.545,-4.8094,-6.0514,-0.14631,-0.14631,-2.2427,0.2047,37.761
18.645,8.1536,19.306,-4.7455,-6.1064,-0.13901,-0.13901,-2.2318,0.2086,37.074
18.685,7.944,19.055,-4.7689,-6.179,-0.22812,-0.22812,-2.2287,0.2029,38.469
18.725,7.7376,18.816,-4.7315,-6.1938,-0.17439,-0.17441,-2.2231,0.2004,38.894
18.765,7.5792,18.56,-4.5725,-6.2791,-0.13531,-0.13531,-2.2007,0.2168,35.828
18.805,7.4327,18.305,-4.4181,-6.3399,-0.086104,-0.086106,-2.1797,0.23,33.598
18.845,7.2654,18.044,-4.3299,-6.3988,-0.078904,-0.078906,-2.166,0.2351,32.863
18.885,7.1451,17.772,-4.1331,-6.4802,-0.044802,-0.044802,-2.1388,0.2536,30.308
18.925,6.9539,17.529,-4.0777,-6.5152,-0.035002,-0.035002,-2.1302,0.2524,30.452
18.965,6.8362,17.246,-3.919,-6.5943,-0.030101,-0.030102,-2.1072,0.2652,28.925
19.005,6.7138,16.964,-3.7789,-6.6661,-0.027401,-0.027401,-2.0867,0.2748,27.885
19.045,6.6029,16.682,-3.6332,-6.731,-0.0213,-0.021301,-2.0659,0.2839,26.942
19.085,6.4615,16.413,-3.4796,-6.7686,0.020199,0.020199,-2.0455,0.2927,26.002
19.125,6.3616,16.132,-3.3279,-6.8272,0.021299,0.021299,-2.0242,0.3013,25.208
19.165,6.2607,15.857,-3.1762,-6.9049,-0.0024998,-0.0025004,-2.002,0.3101,24.509
19.205,6.1565,15.576,-3.0886,-6.9697,-0.035202,-0.035205,-1.9882,0.3108,24.528
19.245,5.9784,15.169,-3.0945,-6.9866,-0.045297,-0.045309,-1.9881,0.3,25.471
19.285,5.8573,14.898,-2.9899,-7.0442,-0.053413,-0.053407,-1.9726,0.3028,25.272
19.325,5.6879,14.634,-2.9779,-7.0662,-0.066493,-0.066521,-1.9701,0.2945,26.038
19.366,5.6064,14.353,-2.8116,-7.0826,-0.0138,-0.013801,-1.9488,0.3027,25.174
19.405,5.5602,14.049,-2.6395,-7.1432,-0.014,-0.014001,-1.9249,0.3121,24.4
19.445,5.4568,13.772,-2.5498,-7.1601,-0.00090035,-0.00089972,-1.9129,0.3117,24.384
19.485,5.3045,13.485,-2.5354,-7.1513,0.0134,0.013399,-1.9114,0.3031,25.033
19.525,5.2347,13.195,-2.5116,-7.1644,0.0087006,0.0086994,-1.9079,0.2963,25.622
19.566,5.1957,12.887,-2.3565,-7.2361,-0.0125,-0.0125,-1.8857,0.304,25.033
19.605,5.1403,12.588,-2.2139,-7.3203,-0.03881,-0.038806,-1.8648,0.3104,24.638
19.645,5.0735,12.286,-2.1003,-7.3508,-0.030301,-0.030305,-1.8494,0.3128,24.44
19.686,5.0486,11.979,-1.915,-7.4075,-0.025704,-0.025703,-1.824,0.3225,23.724
19.726,4.9646,11.68,-1.8369,-7.4299,-0.021701,-0.021703,-1.8134,0.321,23.843
19.766,4.8751,11.408,-1.7504,-7.4114,0.0021002,0.0020996,-1.8027,0.3195,23.835
19.806,4.8419,11.11,-1.5914,-7.4528,-0.0010001,-0.00099946,-1.7812,0.3258,23.391
19.846,4.8176,10.797,-1.4507,-7.4822,0.00079971,0.00080034,-1.7623,0.3302,23.082
19.886,4.7337,10.519,-1.3962,-7.4712,0.0079,0.0078994,-1.7555,0.3255,23.35
19.926,4.6511,10.233,-1.3455,-7.4712,0.0089001,0.0088989,-1.7489,0.3207,23.671
19.966,4.5607,9.9528,-1.3134,-7.4701,0.0063,0.0063,-1.7448,0.3142,24.14
20.006,4.4838,9.6656,-1.2471,-7.4668,0.0122,0.012198,-1.7362,0.3114,24.31
20.046,4.4278,9.3668,-1.1327,-7.4703,0.0196,0.019597,-1.7211,0.3136,24.093
20.086,4.4465,9.0389,-0.95562,-7.5392,0.0069996,0.0069997,-1.6968,0.3221,23.594
20.126,4.4063,8.7279,-0.86772,-7.577,-0.00090035,-0.00089972,-1.6848,0.3214,23.729
20.166,4.3424,8.4559,-0.79688,-7.5085,0.020703,0.020695,-1.6763,0.3188,23.685
20.206,4.3085,8.1528,-0.71165,-7.5179,0.016399,0.016397,-1.665,0.3178,23.762
20.246,4.2737,7.8636,-0.63695,-7.4766,0.024106,0.024093,-1.6555,0.3159,23.753
20.286,4.2573,7.5683,-0.5376,-7.4358,0.028408,0.02839,-1.6426,0.3164,23.562
20.326,4.2453,7.2637,-0.44622,-7.4481,0.021599,0.021595,-1.6304,0.3159,23.62
20.366,4.2305,6.9597,-0.29378,-7.4588,0.014898,0.014898,-1.61,0.3216,23.211
20.406,4.9685,6.3003,2.3602,-8.1864,-0.079255,-0.079318,-1.2911,0.3216,26.492
20.446,4.8797,6.1637,2.1906,-7.9749,-0.0084009,-0.0084015,-1.3028,0.2736,30.228
20.486,4.9098,5.7931,1.9571,-8.0419,0.11946,0.11934,-1.3306,0.1531,54.06
20.526,4.9585,5.4174,1.936,-8.2042,0.24884,0.24833,-1.336,0.0736,114.53
20.566,5.0032,5.1131,1.8177,-8.1786,0.28266,0.28203,-1.3486,0.0486,172.39
20.606,5.062,4.7687,1.8991,-8.2267,0.30039,0.29966,-1.3403,0.0611,138.18
20.646,5.1025,4.426,1.8078,-8.3371,0.35042,0.3495,-1.3532,0.0152,561.24
20.686,5.169,4.0744,1.982,-8.3891,0.39949,0.39819,-1.3342,0.0645,133.64
20.726,5.2479,3.7199,2.0921,-8.4686,0.44553,0.44387,-1.3235,0.085,102.63
20.766,5.366,3.351,2.4134,-8.6331,0.58086,0.57785,-1.2918,0.1514,59.208
20.806,5.4361,3.0111,2.4301,-8.6471,0.54193,0.53928,-1.2909,0.144,62.375
20.846,5.5221,2.6768,2.5298,-8.6571,0.54605,0.54328,-1.2806,0.161,56.02
20.886,5.6057,2.3317,2.4989,-8.6713,0.48271,0.48052,-1.2849,0.135,66.846
20.926,5.6916,1.9867,2.4725,-8.6223,0.40922,0.40769,-1.2871,0.1195,75.061
20.966,5.7398,1.6804,2.3037,-8.385,0.21724,0.21681,-1.3002,0.0832,104.52
21.006,5.6785,1.3743,1.8309,-8.1473,0.0023,0.0023,-1.3498,-0.0364,-229.41
******-------------------------------------------------------------------------------------------------------------------****** 
TargetID: ID12
Relevancy: 0
tj = Inf
Label: -1
Comment: Target is irrelevant as it is not crossing the estimated holding line
DATA:
21.166,5.1642,2.6444,3.2151,-8.8486,0.15244,0.15307,-1.2242,0.0626,150.39
21.206,5.5461,1.6464,12.78,-33.284,0.14862,0.14871,-1.2364,0.065097,547.7
21.246,5.9315,0.62124,3.3189,-10.025,0.14478,0.14433,-1.2487,0.0676,156.21
21.286,5.6813,0.75799,2.4227,-9.6399,0.11741,0.1179,-1.327,-0.2103,-47.264
21.326,5.7033,0.56951,2.3204,-9.3157,0.068431,0.068611,-1.3282,-0.1894,-50.688
21.366,5.8167,0.41806,3.0006,-0.96155,0.062381,0.062536,-1.3568,-0.18624,-16.918
21.406,5.9169,0.27499,1.6842,-8.9047,0.056355,0.056484,-1.3853,-0.1831,-49.495
21.446,6.1669,-0.29764,2.9868,-10.348,0.10446,0.10482,-1.2918,-0.1219,-88.357
21.486,6.1096,-0.32378,2.4442,-9.3476,0.056351,0.056479,-1.3163,-0.2442,-39.565
21.526,6.2141,-0.62461,2.5068,-9.2072,0.054551,0.054677,-1.3063,-0.2047,-46.617
21.566,6.2846,-0.90148,2.4158,-8.9625,-0.011102,-0.011096,-1.3072,-0.197,-47.118
21.606,6.4459,-1.1736,2.6292,-8.7431,-0.022,-0.021983,-1.2781,-0.0822,-111.07
21.646,6.5897,-1.4424,2.7638,-8.5019,-0.076003,-0.075782,-1.2543,-0.0044,-2031.8
21.686,6.701,-1.6284,2.7072,-8.0587,-0.27328,-0.26946,-1.238,0.0354,240.15
21.726,6.8643,-1.8292,2.8229,-7.6508,-0.41257,-0.40395,-1.2028,0.1258,64.825
21.766,7.0495,-2.0611,3.0367,-7.4788,-0.48129,-0.46507,-1.1675,0.2027,39.821
21.806,7.2332,-2.276,3.1849,-7.2203,-0.5715,-0.54694,-1.1331,0.2655,29.723
21.846,7.4054,-2.5078,3.3051,-7.016,-0.64375,-0.61092,-1.1043,0.3062,25.328
21.886,7.5711,-2.7276,3.3555,-6.8125,-0.74214,-0.69614,-1.0813,0.3292,23.068
21.926,7.7705,-2.9438,3.4549,-6.6488,-0.79782,-0.74242,-1.0562,0.3532,21.214
21.966,7.9379,-3.1586,3.4876,-6.4777,-0.88454,-0.81355,-1.036,0.365,20.156
22.006,8.1094,-3.4111,3.5533,-6.3951,-0.88986,-0.81665,-1.0218,0.3641,20.093
22.046,8.3213,-3.6074,3.6016,-6.2643,-0.94714,-0.86143,-1.0032,0.3714,19.456
22.086,8.527,-3.8284,3.7313,-6.1533,-0.94278,-0.85649,-0.9794,0.3859,18.648
22.126,8.6649,-4.0781,3.774,-6.0431,-0.96927,-0.8764,-0.9638,0.3863,18.444
22.166,8.87,-4.3353,3.9165,-5.9998,-0.90241,-0.82197,-0.9473,0.3877,18.481
22.206,9.0619,-4.5653,3.9937,-5.9158,-0.90017,-0.81926,-0.9314,0.3881,18.391
22.246,9.2596,-4.9091,4.1762,-6.0467,-0.67563,-0.63183,-0.9338,0.36,20.413
22.286,9.3872,-5.2447,4.1477,-6.1518,-0.58288,-0.55069,-0.95,0.3162,23.464
22.326,9.6111,-5.4911,4.2531,-6.1763,-0.48939,-0.46703,-0.9451,0.3039,24.676
22.366,9.7471,-5.8013,4.231,-6.2525,-0.42034,-0.40404,-0.9567,0.2707,27.889
22.406,9.9346,-6.0537,4.2771,-6.2409,-0.39753,-0.38305,-0.952,0.26,29.1
22.446,10.12,-6.2986,4.3337,-6.2338,-0.34019,-0.32962,-0.948,0.2496,30.418
22.486,10.356,-6.5121,4.4973,-6.2003,-0.25025,-0.24463,-0.9323,0.2532,30.251
22.526,10.568,-6.7222,4.6241,-6.1559,-0.16761,-0.16511,-0.9193,0.2544,30.264
22.566,10.823,-6.9173,4.7972,-6.0698,-0.10692,-0.10591,-0.8973,0.2661,29.074
22.606,11.016,-7.1703,4.7311,-6.1253,-0.11797,-0.11673,-0.908,0.2383,32.479
22.646,11.23,-7.3965,4.7808,-6.1123,-0.099443,-0.098576,-0.9028,0.2293,33.842
22.686,11.388,-7.6334,4.7852,-6.0957,-0.10449,-0.10354,-0.9008,0.2166,35.778
22.726,11.616,-7.8665,4.9122,-6.0609,-0.019114,-0.019083,-0.8889,0.2191,35.607
22.766,11.851,-8.0547,5.0035,-5.9963,0.010094,0.010103,-0.8758,0.2202,35.466
22.806,12.086,-8.2779,5.1103,-5.9512,0.052096,0.052322,-0.8635,0.2229,35.192
22.846,12.28,-8.5116,5.0773,-5.9634,0.020377,0.020413,-0.8663,0.2062,37.983
22.886,12.499,-8.7748,5.1009,-6.0017,0.053148,0.053388,-0.8686,0.1917,41.088
******-------------------------------------------------------------------------------------------------------------------****** 
TargetID: ID04
Relevancy: 1
tj = 5.0814
Label: 0
Comment: Target is relevant and going straight, since target is crossing Ego X-axis in EFC
DATA:
2.1606,14.241,27.534,-5.6654,-4.5122,-0.63688,-0.63683,-2.4653,0.0896,80.834
2.2006,14.062,27.318,-5.6288,-4.5969,-0.65384,-0.65401,-2.4534,0.0971,74.845
2.2406,13.833,27.126,-5.6682,-4.6521,-0.72355,-0.72375,-2.4508,0.1008,72.747
2.2807,13.627,26.931,-5.7715,-4.6401,-0.79242,-0.7927,-2.4602,0.0705,105.04
2.3206,13.43,26.71,-5.0975,-4.9924,-0.3148,-0.3148,-2.3664,0.253,28.202
2.3608,13.262,26.458,-4.7239,-5.2481,-0.2083,-0.20831,-2.3043,0.3606,19.581
2.4007,13.093,26.209,-5.0086,-5.1659,-0.3557,-0.3557,-2.341,0.2613,27.537
2.4406,12.878,26.003,-5.0371,-5.1992,-0.3747,-0.3747,-2.3407,0.2451,29.535
2.4807,12.696,25.768,-4.5642,-5.4363,-0.1448,-0.14481,-2.2699,0.3648,19.458
2.5206,12.298,25.254,-4.5006,-5.4809,-0.1145,-0.11451,-2.2588,0.3544,20.011
2.5607,12.28,25.102,-4.5615,-5.499,-0.1656,-0.16562,-2.264,0.3144,22.725
2.6008,12.103,24.901,-4.6144,-5.5071,-0.19361,-0.19362,-2.2691,0.2826,25.424
2.6407,11.866,24.63,-4.6922,-5.5053,-0.22691,-0.22692,-2.2775,0.25,28.934
2.6807,11.756,24.48,-4.7748,-5.5022,-0.26631,-0.26633,-2.2864,0.2177,33.464
2.7208,11.573,24.282,-4.8847,-5.4703,-0.291,-0.29102,-2.3005,0.1823,40.229
2.7607,11.373,24.093,-5.0121,-5.4234,-0.318,-0.31801,-2.3174,0.1464,50.442
2.8008,11.123,23.905,-5.0834,-5.4136,-0.3354,-0.33541,-2.3252,0.1298,57.212
2.8407,10.951,23.702,-5.1305,-5.3854,-0.3114,-0.3114,-2.3323,0.1118,66.53
2.8808,10.802,23.446,-4.8838,-5.4888,-0.1519,-0.15191,-2.2984,0.1547,47.492
2.9208,10.613,23.203,-4.6743,-5.6118,-0.086401,-0.086405,-2.2657,0.1928,37.881
2.9608,10.466,22.931,-4.4669,-5.6967,0,0,-2.2358,0.2226,32.521
3.0009,10.376,22.668,-4.106,-5.876,0.043796,0.043797,-2.1803,0.2822,25.402
3.0408,10.148,22.466,-4.1592,-5.8887,0.016799,0.0168,-2.1856,0.2636,27.35
3.0809,10.151,22.255,-3.3286,-6.2325,0.063177,0.063184,-2.0604,0.4053,17.433
3.1209,10.141,21.985,-2.7113,-6.4401,0.059368,0.059373,-1.9681,0.4955,14.102
3.1609,10.054,21.68,-2.6413,-6.6783,-0.11923,-0.11922,-1.9498,0.4925,14.582
3.2009,10.04,21.417,-2.058,-6.9267,-0.14305,-0.14306,-1.863,0.5691,12.697
3.2408,10.034,21.123,-1.6013,-7.1299,-0.15353,-0.15359,-1.7957,0.6182,11.821
3.281,9.9467,20.834,-1.4049,-7.2936,-0.17042,-0.17053,-1.7656,0.6243,11.898
3.3209,9.8802,20.524,-1.2204,-7.4914,-0.19164,-0.19181,-1.7373,0.6268,12.109
3.3609,9.8462,20.201,-0.98231,-7.6427,-0.16832,-0.1685,-1.7031,0.6358,12.119
3.401,9.8517,19.885,-0.75836,-7.8004,-0.14352,-0.14366,-1.6715,0.6412,12.223
3.441,9.7924,19.591,-0.56446,-7.8888,-0.10367,-0.10376,-1.645,0.6424,12.312
3.4812,9.7259,19.289,-0.4239,-8.0168,-0.081405,-0.081463,-1.6258,0.6347,12.648
3.5209,9.6202,19.003,-0.4513,-7.995,-0.076894,-0.076944,-1.6293,0.6078,13.175
3.561,9.512,18.721,-0.48949,-7.9569,-0.073888,-0.073932,-1.6342,0.5806,13.73
3.6011,9.4461,18.437,-0.46044,-7.9129,-0.058455,-0.058485,-1.6305,0.5634,14.069
3.6409,9.3492,18.158,-0.384,-7.9412,-0.046535,-0.046555,-1.6204,0.5514,14.419
3.681,9.2194,17.889,-0.3751,-7.9467,-0.045033,-0.045052,-1.6192,0.5316,14.965
3.721,9.1465,17.585,-0.42204,-7.8293,-0.039827,-0.03984,-1.6258,0.5084,15.422
3.761,9.0146,17.342,-0.45237,-7.7194,-0.032317,-0.032327,-1.6302,0.4874,15.865
3.801,8.8598,17.072,-0.60906,-7.7014,-0.056253,-0.056276,-1.6513,0.4501,17.164
3.841,8.7453,16.781,-0.7418,-7.6939,-0.08141,-0.081451,-1.6691,0.4179,18.496
3.8811,8.6313,16.492,-0.85244,-7.7032,-0.10959,-0.10966,-1.6839,0.3899,19.878
3.9211,8.5097,16.209,-0.96291,-7.6921,-0.13429,-0.13437,-1.6988,0.3636,21.32
3.9611,8.3817,15.938,-1.0701,-7.6623,-0.15457,-0.15467,-1.7135,0.339,22.822
4.0011,8.2916,15.661,-1.0997,-7.6008,-0.13921,-0.13928,-1.7181,0.3247,23.652
4.0411,8.1596,15.403,-1.1597,-7.5294,-0.13047,-0.13053,-1.727,0.3071,24.807
4.0811,7.9757,15.15,-1.3202,-7.4804,-0.15909,-0.15915,-1.7495,0.2789,27.236
4.1211,7.8842,14.878,-1.3335,-7.4454,-0.14543,-0.14548,-1.7517,0.2685,28.171
4.1611,7.7894,14.594,-1.3822,-7.4258,-0.14733,-0.14738,-1.7585,0.2549,29.632
4.2011,7.6027,14.335,-1.5448,-7.3971,-0.1854,-0.18545,-1.7812,0.2293,32.956
4.2411,7.4415,14.068,-1.6785,-7.3803,-0.22028,-0.22032,-1.7996,0.208,36.388
4.2812,7.386,13.764,-1.6654,-7.3885,-0.20248,-0.20251,-1.7973,0.2038,37.163
4.3212,7.2689,13.487,-1.6619,-7.3896,-0.1894,-0.18944,-1.7965,0.1981,38.234
4.3613,7.1599,13.208,-1.6395,-7.4427,-0.19734,-0.19739,-1.7923,0.195,39.083
4.4012,7.0688,12.94,-1.5322,-7.4695,-0.16318,-0.16323,-1.777,0.2001,38.106
4.4412,6.9785,12.646,-1.4492,-7.4969,-0.14069,-0.14073,-1.7652,0.2027,37.67
4.4813,6.9106,12.365,-1.277,-7.5583,-0.11269,-0.11273,-1.741,0.2139,35.836
4.5212,6.845,12.084,-1.1224,-7.5801,-0.078997,-0.079021,-1.7198,0.2229,34.378
4.5613,6.7865,11.816,-0.91656,-7.5838,-0.041128,-0.041136,-1.6922,0.2362,32.341
4.6013,6.7334,11.546,-0.69862,-7.6409,-0.028614,-0.02862,-1.6628,0.2503,30.654
4.6413,6.6729,11.264,-0.56501,-7.6939,-0.026412,-0.026417,-1.6448,0.2558,30.159
4.6813,6.6326,10.973,-0.4163,-7.7386,-0.018506,-0.018509,-1.6251,0.2628,29.489
4.7213,6.5928,10.678,-0.33561,-7.7726,-0.016304,-0.016307,-1.6144,0.2627,29.615
4.7613,6.5495,10.393,-0.17454,-7.8011,-0.0057004,-0.005701,-1.5933,0.2708,28.815
4.8013,6.5033,10.116,-0.12216,-7.778,-0.0015003,-0.0014996,-1.5865,0.2677,29.059
4.8413,6.4803,9.681,-0.045725,-7.7831,0.0024998,0.0025004,-1.5766,0.2671,29.14
4.8813,6.4616,9.4094,0.038932,-7.7391,0.0053993,0.0053994,-1.5656,0.2677,28.91
4.9213,6.4668,9.1141,0.14561,-7.7124,0.0066989,0.006699,-1.5517,0.2707,28.496
4.9614,6.4089,8.8612,0.19202,-7.5935,0.0029996,0.0029997,-1.5454,0.2678,28.364
5.0014,6.4102,8.5761,0.28175,-7.56,-0.00019978,-0.00020041,-1.5335,0.269,28.124
5.0414,6.4228,8.2817,0.42572,-7.5854,-9.9711e-05,-9.9738e-05,-1.5147,0.2755,27.577
5.0814,6.4258,7.9999,0.50693,-7.5613,-0.0017998,-0.0017998,-1.5039,0.2754,27.517
5.1214,6.4471,7.7086,0.60223,-7.5398,-0.0050005,-0.0050004,-1.4912,0.2769,27.316
5.1615,6.4575,7.4286,0.684,-7.5157,-0.0068009,-0.0068021,-1.4802,0.2769,27.254
5.2014,6.4701,7.1466,0.75651,-7.5037,-0.0044005,-0.0044005,-1.4705,0.2757,27.355
5.2414,6.4972,6.8528,0.84765,-7.4908,-0.0045006,-0.0045012,-1.4583,0.2768,27.235
5.2815,6.5218,6.5547,0.92984,-7.4938,0.0017998,0.0017998,-1.4473,0.2766,27.3
5.3214,6.5522,6.2749,1.0131,-7.4675,-9.9711e-05,-9.9738e-05,-1.4359,0.2769,27.215
5.3616,6.5525,6.2206,1.0606,-7.4647,0.0080987,0.008097,-1.4294,0.2732,27.597
5.4015,6.6054,5.886,1.1784,-7.4827,0.010498,0.010495,-1.4142,0.2771,27.337
5.4415,6.6103,5.6389,1.1812,-7.4056,0.0024994,0.0024995,-1.4125,0.27,27.775
5.4815,6.6357,5.2959,1.2053,-7.362,-9.9711e-05,-9.9738e-05,-1.4085,0.2649,28.162
5.5215,6.6707,5.017,1.2556,-7.3302,-0.0034001,-0.0034001,-1.4013,0.2625,28.331
5.5615,6.7204,4.7207,1.3359,-7.3297,-0.0018998,-0.0019005,-1.3906,0.2632,28.307
5.6015,6.7832,4.4133,1.4297,-7.3628,0.0059998,0.005998,-1.3788,0.2647,28.335
5.6415,6.8688,4.0783,1.6052,-7.4797,0.040975,0.04092,-1.3579,0.2734,27.981
5.6816,6.9402,3.7763,1.7227,-7.525,0.060148,0.060025,-1.3435,0.2767,27.899
5.7216,7.0131,3.4764,1.8273,-7.5467,0.073227,0.073037,-1.3306,0.2788,27.851
5.7616,7.0766,3.1899,1.8711,-7.5158,0.066041,0.065882,-1.3243,0.2752,28.144
5.8019,7.0681,2.999,1.9644,-7.668,0.14853,0.15019,-1.3258,0.2633,30.063
5.8416,6.6464,3.228,2.0503,-8.1154,0.13573,0.13697,-1.3281,0.2618,31.972
5.8816,6.6579,2.7345,2.4118,-8.309,0.20684,0.20969,-1.2953,0.2504,34.553
5.9216,6.6865,2.3633,2.3717,-8.3729,0.26562,0.27025,-1.3037,0.1724,50.477
5.9616,6.8426,1.9909,2.5116,-8.379,0.22519,0.22855,-1.2872,0.2291,38.181
6.0017,6.9679,1.6693,2.6923,-8.3453,0.21803,0.22125,-1.2662,0.2772,31.634
6.0417,7.0062,1.3359,2.6583,-8.4242,0.27478,0.2798,-1.2744,0.1968,44.887
6.0817,7.0832,1.0293,2.7215,-8.3981,0.27886,0.28409,-1.2669,0.1922,45.931
6.1216,7.0634,0.76335,2.435,-8.322,0.16493,0.16677,-1.2919,0.0782,110.88
6.1617,7.0481,0.51176,2.2019,-8.2158,0.071238,0.071587,-1.3115,-0.0007,-12151
6.2017,7.1408,0.19509,2.4318,-7.635,0.085777,0.0857,-1.2971,0.01472,544.36
6.2418,7.2427,-0.10062,2.6441,-7.1213,0.10036,0.099857,-1.2827,0.030188,251.63
6.2818,7.3524,-0.37631,2.8374,-6.6777,0.1149,0.11397,-1.2682,0.045611,159.07
6.3218,7.4695,-0.63574,3.0125,-6.3024,0.12945,0.12809,-1.2538,0.06104,114.44
6.3618,7.5933,-0.88171,3.1695,-5.9956,0.14401,0.14222,-1.2394,0.07648,88.675
6.4018,7.7229,-1.1165,3.3081,-5.7577,0.15855,0.15634,-1.225,0.091904,72.253
6.4417,7.8572,-1.3425,3.428,-5.5887,0.17305,0.17041,-1.2106,0.10728,61.112
6.4818,7.9968,-1.5643,3.5303,-5.4875,0.18762,0.18456,-1.1962,0.12274,53.161
6.5218,8.1397,-1.783,3.614,-5.4552,0.20217,0.19868,-1.1818,0.13817,47.36
6.5618,8.2859,-2.002,3.6796,-5.4915,0.21673,0.21282,-1.1674,0.15362,43.032
6.6018,8.434,-2.2234,3.7268,-5.5964,0.23128,0.22693,-1.153,0.16904,39.777
6.6419,8.584,-2.4509,3.7558,-5.7702,0.24585,0.24108,-1.1385,0.18449,37.318
6.6818,8.7343,-2.6861,3.7664,-6.012,0.26037,0.25518,-1.1241,0.1999,35.49
6.7218,8.8849,-2.9325,3.7588,-6.3226,0.27492,0.26929,-1.1097,0.21532,34.16
6.7619,9.0348,-3.1929,3.7329,-6.7019,0.28947,0.28342,-1.0953,0.23075,33.245
6.8019,9.1835,-3.4701,3.6887,-7.1503,0.30403,0.29755,-1.0809,0.2462,32.679
6.8418,9.3606,-3.7719,3.6841,-7.2505,0.36694,0.3578,-1.0846,0.2277,35.717
6.8819,9.5435,-4.0814,3.7323,-7.3846,0.48425,0.46896,-1.0825,0.2186,37.851
6.9219,9.7052,-4.3251,3.8174,-7.3466,0.50627,0.48927,-1.0702,0.2222,37.26
6.962,9.8869,-4.5933,4.2435,-7.1466,0.50544,0.52894,-1.0568,0.2276,36.518
7.002,10.083,-4.8373,4.3742,-7.0804,0.5138,0.53821,-1.0397,0.2371,35.102
7.0419,10.272,-5.0452,4.4491,-6.9662,0.45993,0.4798,-1.0227,0.2441,33.862
7.0819,10.445,-5.2699,4.4724,-6.8701,0.38478,0.39891,-1.011,0.245,33.46
7.1219,10.65,-5.509,4.5786,-6.8155,0.38669,0.40095,-0.9966,0.2489,32.988
7.1619,10.833,-5.7189,4.6009,-6.7064,0.30503,0.31405,-0.9834,0.251,32.402
7.202,11.011,-5.9671,4.6125,-6.6456,0.23534,0.24075,-0.9749,0.2481,32.605
7.242,11.191,-6.1563,4.6083,-6.5263,0.13585,0.13768,-0.9624,0.2488,32.111
7.282,11.398,-6.3925,4.6895,-6.4751,0.13918,0.1411,-0.9506,0.2493,32.069
7.322,11.644,-6.5831,4.8554,-6.3911,0.19293,0.1966,-0.9302,0.2582,31.085
7.3622,11.858,-6.8112,4.914,-6.3263,0.16152,0.1641,-0.918,0.2588,30.953
7.402,12.066,-7.0198,4.9833,-6.2558,0.1567,0.15913,-0.9055,0.2591,30.869
7.4421,12.286,-7.2529,5.0561,-6.2141,0.15375,0.15608,-0.895,0.2575,31.111
7.482,12.509,-7.4894,5.2088,-6.183,0.2539,0.26014,-0.8825,0.2597,31.131
7.5221,12.728,-7.7185,5.249,-6.1346,0.21594,0.22045,-0.8731,0.2567,31.452
7.5621,12.947,-7.9249,5.3128,-6.0673,0.20249,0.20645,-0.861,0.257,31.38
7.6021,13.18,-8.1295,5.3588,-6.001,0.16166,0.16418,-0.8494,0.2557,31.464
******-------------------------------------------------------------------------------------------------------------------****** 
TargetID: ID05
Relevancy: 1
tj = 0.039977
Label: 0
Comment: Target is relevant and going straight, since target is crossing Ego X-axis in EFC
DATA:
0,5.0493,8.1634,0.57087,-8.0967,0.025493,0.025484,-1.4998,0.3442,23.582
0.039977,5.3073,7.5685,0.98284,-8.148,0.044377,0.044342,-1.4496,0.3617,22.69
0.079974,5.381,7.2394,1.1686,-8.1426,0.047274,0.047232,-1.4271,0.3682,22.341
0.11997,5.4667,6.8998,1.4009,-8.1854,0.069647,0.069547,-1.3995,0.3781,21.963
0.16009,5.5401,6.5912,1.5581,-8.2081,0.087421,0.087249,-1.3809,0.3807,21.945
0.2,5.5863,6.2606,1.6604,-8.2251,0.10549,0.10523,-1.3689,0.3782,22.187
0.24001,5.6638,5.9517,1.8014,-8.2393,0.12266,0.12229,-1.3523,0.3794,22.23
0.27999,5.7628,5.6099,1.97,-8.2665,0.14701,0.14645,-1.333,0.3825,22.217
0.32009,5.8424,5.2914,2.0789,-8.2701,0.16209,0.16138,-1.3203,0.3806,22.405
0.36011,5.9168,4.9893,2.1735,-8.2626,0.17267,0.17183,-1.309,0.3777,22.62
0.40004,6.0535,4.6309,2.415,-8.3717,0.23743,0.23576,-1.2837,0.3858,22.584
0.44002,6.1282,4.3005,2.5042,-8.3342,0.23128,0.22965,-1.2728,0.3828,22.733
0.48011,5.891,2.7165,3.1505,-9.1194,0.25387,0.25207,-1.2325,0.3819,25.264
0.52013,5.6739,3.1689,1.9654,-6.9056,0.21322,0.21117,-1.2851,0.1415,50.741
0.56016,5.7713,2.6261,2.5267,-9.1042,0.26916,0.27231,-1.3062,-0.0337,-280.37
0.60011,5.7693,2.3798,1.7169,-8.9746,0.19035,0.18954,-1.3773,-0.3479,-26.264
0.64019,5.7005,1.9815,1.4144,-9.5496,0.273,0.27559,-1.4293,-0.5715,-16.892
0.68011,5.8232,1.6958,1.7873,-9.7843,0.41984,0.42599,-1.3985,-0.4442,-22.391
0.72013,5.9252,1.4118,2.0101,-10.03,0.55647,0.56731,-1.384,-0.368,-27.797
0.76016,6.0111,1.0944,2.1697,-10.177,0.65884,0.67383,-1.3735,-0.3164,-32.887
0.8002,6.0715,0.77038,1.9993,-10.204,0.57508,0.58622,-1.3883,-0.3347,-31.066
0.84019,6.0857,0.43884,1.773,-10.246,0.50006,0.5082,-1.4089,-0.369,-28.181
0.8802,6.1592,0.069979,1.7448,-10.375,0.49552,0.50329,-1.4133,-0.3498,-30.075
0.92029,6.2358,-0.18152,1.8886,-10.255,0.51024,0.51883,-1.3983,-0.292,-35.71
0.96025,6.3413,-0.51587,2.0517,-10.31,0.56636,0.577,-1.385,-0.2404,-43.729
1.0002,6.4203,-0.82544,2.0289,-10.195,0.50149,0.51003,-1.384,-0.2205,-47.14
1.0402,6.5416,-1.11,2.1348,-10.043,0.48175,0.49,-1.3709,-0.1782,-57.616
1.0803,6.6506,-1.4654,2.2013,-10.07,0.4907,0.49926,-1.3653,-0.1541,-66.891
1.1203,6.7574,-1.7809,2.2961,-10.032,0.46974,0.47433,-1.3552,-0.1238,-83.131
1.1603,6.8804,-2.0563,2.3698,-9.811,0.41088,0.41467,-1.3424,-0.0933,-108.18
1.2003,7.0227,-2.3368,2.4813,-9.5793,0.38352,0.38954,-1.3258,-0.0595,-166.31
1.2402,7.172,-2.5866,2.6072,-9.3516,0.33683,0.34179,-1.3068,-0.0253,-383.72
1.2803,7.3661,-2.8564,2.8128,-9.2253,0.34032,0.34561,-1.283,0.0113,853.5
1.3203,7.5245,-3.0748,2.9195,-8.9484,0.2665,0.26998,-1.2622,0.0415,226.81
1.3604,7.7319,-3.1451,3.2139,-8.4396,0.15407,0.15316,-1.2026,0.1221,73.962
1.4004,7.9394,-3.3944,3.441,-8.3309,0.1824,0.18104,-1.1738,0.153,58.912
1.4404,8.1439,-3.6927,3.7005,-8.2565,0.20524,0.20771,-1.1554,0.168,53.856
1.4804,8.3361,-3.9353,3.7635,-8.1508,0.18917,0.18759,-1.1326,0.1874,47.907
1.5205,8.4747,-4.2312,3.9978,-8.0656,0.23477,0.2322,-1.1037,0.2127,42.323
1.5605,8.6285,-4.5111,4.122,-7.9399,0.19904,0.20147,-1.098,0.2077,43.072
1.6004,8.7866,-4.7696,4.1199,-7.8433,0.14352,0.14482,-1.0916,0.2032,43.6
1.6405,8.9716,-5.0615,4.2264,-7.8077,0.15065,0.15194,-1.0793,0.2082,42.643
1.6804,9.1703,-5.3129,4.234,-7.7035,0.094289,0.094863,-1.0712,0.2058,42.713
1.7206,9.3167,-5.6023,4.1969,-7.6525,0.04094,0.04105,-1.0705,0.1946,44.85
1.7605,9.4896,-5.8725,4.2305,-7.5679,-0.011005,-0.010996,-1.0607,0.1937,44.76
1.8005,9.6551,-6.1244,4.2087,-7.4666,-0.085367,-0.084876,-1.0547,0.1889,45.374
1.8405,9.844,-6.3902,4.2417,-7.4144,-0.10521,-0.10446,-1.0477,0.1852,46.123
1.8806,10.021,-6.635,4.2489,-7.3334,-0.14591,-0.14444,-1.0408,0.1813,46.748
1.9205,10.25,-6.8427,4.3267,-7.2002,-0.1952,-0.19252,-1.023,0.1893,44.375
1.9606,10.467,-7.1002,4.4211,-7.1807,-0.14898,-0.14743,-1.0139,0.1878,44.902
2.0006,10.759,-7.273,4.485,-7.1072,-0.16272,-0.16084,-1.0023,0.1872,44.893
2.0405,10.996,-7.4848,4.576,-7.015,-0.16549,-0.16353,-0.9871,0.1912,43.805
2.0805,11.269,-7.6575,4.7028,-6.8814,-0.18025,-0.1779,-0.965,0.2018,41.302
2.1205,11.451,-7.9162,4.695,-6.8635,-0.1829,-0.18047,-0.9645,0.1896,43.859
2.1606,11.698,-8.1419,4.7869,-6.8132,-0.15418,-0.15245,-0.9529,0.1894,43.964
2.2006,11.957,-8.3133,4.8726,-6.6953,-0.17716,-0.17486,-0.9354,0.1945,42.574
2.2406,12.206,-8.5494,4.9977,-6.6303,-0.11409,-0.11319,-0.9209,0.1998,41.556
2.2807,12.462,-8.7399,5.1026,-6.5473,-0.10785,-0.107,-0.905,0.2039,40.71
2.3206,12.687,-8.9774,5.1373,-6.5294,-0.090996,-0.09039,-0.9009,0.1951,42.584
2.3608,12.962,-9.1714,5.2483,-6.4529,-0.064199,-0.063898,-0.8857,0.1977,42.073
******-------------------------------------------------------------------------------------------------------------------****** 
TargetID: ID13
Relevancy: 1
tj = 15.8844
Label: 0
Comment: Target is relevant and going straight, since the velocity ratio is almost not changing
DATA:
12.603,13.582,26.977,-4.4289,-4.6755,-0.1997,-0.1997,-2.3294,0.0355,181.41
12.644,13.491,26.76,-4.1904,-4.9279,-0.56181,-0.56182,-2.2781,0.0929,69.631
12.684,13.338,26.543,-4.0484,-5.0364,-0.58727,-0.58755,-2.2516,0.1249,51.735
12.724,13.144,26.344,-4.138,-5.1676,-0.80497,-0.80505,-2.2509,0.1374,48.182
12.764,12.964,26.103,-4.1855,-5.2617,-0.88575,-0.88586,-2.2481,0.1412,47.616
12.804,12.856,25.888,-4.0459,-5.4811,-0.96788,-0.9671,-2.2141,0.1812,37.597
12.844,13.088,26.143,-4.3342,-5.3272,-1.0022,-1.0028,-2.2606,0.0748,91.813
12.884,12.935,25.926,-4.3112,-5.3669,-0.91675,-0.91688,-2.2542,0.0773,89.056
12.924,12.761,25.698,-4.3459,-5.3887,-0.88519,-0.8853,-2.2557,0.0726,95.356
12.964,12.592,25.485,-4.3122,-5.4068,-0.79182,-0.79232,-2.2499,0.0785,88.099
13.004,12.652,25.568,-4.9304,-5.1545,-1.0006,-1.0006,-2.3356,-0.0649,-109.91
13.044,12.518,25.376,-4.8467,-5.1553,-0.87455,-0.87455,-2.3273,-0.0599,-118.13
13.084,12.234,24.677,-4.671,-5.1918,-0.68065,-0.6807,-2.3057,-0.0232,-301.03
13.124,12.221,24.509,-4.2732,-5.2966,-0.45839,-0.45833,-2.253,0.0372,182.94
13.164,12.12,24.273,-3.4911,-5.3889,-0.030001,-0.030004,-2.1461,0.1933,33.217
13.204,12.076,24.07,-3.2042,-5.3768,0.096816,0.09679,-2.1082,0.2294,27.285
13.244,11.91,23.789,-3.3585,-5.4355,-0.0062003,-0.0062003,-2.1244,0.1987,32.156
13.284,11.737,23.53,-3.4711,-5.4809,-0.077023,-0.077021,-2.1366,0.1758,36.903
13.324,11.588,23.326,-3.4886,-5.5097,-0.12186,-0.12185,-2.1372,0.1628,40.057
13.364,11.361,23.064,-3.7561,-5.5072,-0.23044,-0.23042,-2.1724,0.1147,58.118
13.404,11.151,22.829,-3.9263,-5.5208,-0.32623,-0.32618,-2.1927,0.0858,78.958
13.444,10.893,22.592,-4.229,-5.4734,-0.45415,-0.45408,-2.2324,0.0363,190.55
13.484,10.659,22.354,-4.5177,-5.3878,-0.54042,-0.54045,-2.2715,-0.0077,-913.15
13.524,10.445,22.119,-4.5812,-5.4669,-0.6101,-0.61004,-2.2715,-0.0035,-2037.9
13.564,10.188,21.882,-4.7986,-5.4602,-0.73055,-0.7305,-2.2945,-0.0264,-275.35
13.604,9.9898,21.677,-4.568,-5.4979,-0.47404,-0.47399,-2.2667,0.0113,632.56
13.644,9.7834,21.482,-4.5845,-5.4682,-0.40027,-0.40028,-2.2707,0.0093,767.28
13.684,9.6059,21.271,-4.4609,-5.4886,-0.27134,-0.27135,-2.255,0.0272,260.03
13.724,9.5434,21.109,-4.1037,-5.5652,-0.12062,-0.12062,-2.2074,0.0676,102.29
13.764,9.3584,20.873,-4.2062,-5.5694,-0.17584,-0.17583,-2.2192,0.0531,131.44
13.804,9.1705,20.653,-4.0678,-5.6046,-0.078911,-0.07891,-2.1994,0.074,93.583
13.844,8.9824,20.43,-4.0622,-5.636,-0.095218,-0.095214,-2.1963,0.0757,91.775
13.884,8.8166,20.209,-4.0714,-5.6423,-0.10071,-0.10072,-2.1969,0.0719,96.771
13.924,8.6264,19.99,-3.9878,-5.6452,-0.0165,-0.0165,-2.186,0.0815,84.806
13.964,8.4815,19.746,-3.9393,-5.6832,-0.026001,-0.026002,-2.1772,0.087,79.483
14.004,8.3181,19.518,-3.9239,-5.6938,-0.018801,-0.018801,-2.1744,0.0869,79.573
14.044,8.1892,19.31,-3.8542,-5.6783,0.042598,0.042594,-2.1666,0.0888,77.284
14.084,8.0301,19.101,-3.71,-5.6138,0.2148,0.21474,-2.1517,0.0984,68.384
14.124,7.9098,18.87,-3.5451,-5.627,0.27269,0.27257,-2.1286,0.1151,57.782
14.164,7.7677,18.638,-3.5561,-5.9584,0.2651,0.26495,-2.11,0.128,54.211
14.204,7.6257,18.394,-3.5469,-6.2425,0.25751,0.25733,-2.0914,0.14089,50.961
14.244,7.484,18.139,-3.5175,-6.4801,0.24991,0.2497,-2.0727,0.15381,47.938
14.284,7.3442,17.876,-3.468,-6.6704,0.24231,0.24207,-2.0541,0.16671,45.096
14.324,7.2068,17.606,-3.3983,-6.8135,0.23471,0.23444,-2.0355,0.17961,42.391
14.364,7.0725,17.331,-3.3084,-6.9095,0.22712,0.22682,-2.0168,0.19252,39.792
14.404,6.9424,17.054,-3.1985,-6.9584,0.21953,0.2192,-1.9982,0.2054,37.284
14.444,6.8169,16.775,-3.0682,-6.9603,0.21193,0.21157,-1.9796,0.21832,34.842
14.484,6.6971,16.498,-2.918,-6.9152,0.20434,0.20395,-1.961,0.2312,32.463
14.524,6.5838,16.223,-2.7476,-6.823,0.19675,0.19634,-1.9424,0.2441,30.133
14.564,6.4775,15.952,-2.5567,-6.6835,0.18914,0.1887,-1.9237,0.25702,27.842
14.604,6.3794,15.688,-2.3459,-6.4972,0.18155,0.18108,-1.9051,0.26991,25.592
14.644,6.2899,15.432,-2.1144,-6.2632,0.17394,0.17344,-1.8865,0.28284,23.372
14.684,6.2105,15.188,-1.8641,-5.9835,0.16637,0.16584,-1.8679,0.2957,21.194
14.724,6.1631,14.966,-1.8444,-5.895,0.22275,0.22176,-1.8672,0.2843,21.726
14.764,6.1195,14.712,-1.6548,-5.907,0.21418,0.21311,-1.8369,0.3186,19.254
14.804,5.8928,14.55,-1.8192,-5.8089,0.24656,0.24515,-1.8665,0.2439,24.957
14.844,6.0196,14.275,-1.8924,-5.6909,0.29617,0.29447,-1.8825,0.2056,29.17
14.884,5.8117,13.675,-1.9561,-5.6285,0.30537,0.30394,-1.898,0.1658,35.939
14.924,5.7765,13.564,-1.8321,-5.5573,0.34878,0.3465,-1.8796,0.1902,30.765
14.964,5.7181,13.319,-1.6872,-5.5595,0.31474,0.3134,-1.8562,0.2131,27.263
15.004,5.6586,13.099,-1.4833,-5.6269,0.24329,0.2428,-1.8209,0.2479,23.474
15.044,5.6488,12.859,-1.1909,-5.7085,0.18307,0.18269,-1.7703,0.304,19.182
15.084,5.6809,12.665,-0.98656,-5.7621,0.13693,0.13667,-1.7353,0.3333,17.54
15.124,5.6103,12.446,-0.96649,-5.743,0.12896,0.12872,-1.7327,0.3223,18.069
15.164,5.6269,12.176,-0.78137,-5.807,0.091977,0.091834,-1.701,0.3416,17.153
15.204,5.6444,11.875,-0.63826,-5.8413,0.069127,0.069046,-1.677,0.3534,16.627
15.244,5.6231,11.631,-0.61134,-5.8689,0.055254,0.055201,-1.6725,0.3401,17.35
15.284,5.5977,11.401,-0.65407,-5.6133,0.098952,0.097509,-1.6474,0.34549,16.357
15.324,5.5713,11.181,-0.66251,-5.4205,0.14254,0.13971,-1.6223,0.35086,15.564
15.364,5.5451,10.966,-0.63662,-5.2893,0.18634,0.18212,-1.5971,0.35626,14.954
15.404,5.5208,10.757,-0.5767,-5.2209,0.2299,0.22429,-1.5721,0.36163,14.525
15.444,5.4995,10.548,-0.4823,-5.2146,0.27361,0.26661,-1.5469,0.36702,14.269
15.484,5.4827,10.339,-0.35386,-5.2706,0.31724,0.30885,-1.5218,0.3724,14.185
15.524,5.4716,10.125,-0.19087,-5.389,0.36096,0.35117,-1.4967,0.37779,14.273
15.564,5.4678,9.9059,0.006613,-5.57,0.4047,0.39353,-1.4716,0.38318,14.536
15.604,5.4726,9.6789,0.23752,-5.8124,0.44829,0.43573,-1.4465,0.38855,14.972
15.644,5.4873,9.4397,0.50393,-6.1185,0.49208,0.47813,-1.4213,0.39395,15.584
15.684,5.5134,9.1881,0.80354,-6.4857,0.5357,0.52036,-1.3962,0.39933,16.366
15.724,5.552,8.9209,1.1369,-6.9145,0.57927,0.56254,-1.3712,0.4047,17.315
15.764,5.6049,8.6339,1.5062,-7.4078,0.62305,0.60493,-1.346,0.4101,18.433
15.804,5.6422,8.3448,1.5395,-7.4406,0.59269,0.57654,-1.3442,0.3791,20.043
15.844,5.739,8.0711,1.7315,-7.4707,0.64247,0.62262,-1.3186,0.4135,18.546
15.884,5.815,7.7993,1.8769,-7.4648,0.65606,0.63464,-1.2994,0.4322,17.809
15.924,5.8189,7.5264,1.6875,-7.4328,0.51141,0.49893,-1.3279,0.3437,22.176
15.964,5.8787,7.2642,1.8143,-7.4172,0.51923,0.50584,-1.3108,0.3611,21.146
16.005,5.8968,6.9904,1.7443,-7.4163,0.45946,0.44919,-1.322,0.312,24.419
16.044,5.9283,6.6969,1.7443,-7.4269,0.42974,0.42081,-1.3235,0.2862,26.656
16.084,5.9906,6.4424,1.8401,-7.417,0.42998,0.4207,-1.3107,0.2942,25.975
16.124,5.9896,6.1681,1.7582,-7.3678,0.36686,0.36014,-1.322,0.2573,29.439
16.165,6.041,5.9071,1.7895,-7.3148,0.3374,0.33156,-1.3173,0.2539,29.659
16.205,6.0924,5.6557,1.7565,-7.2289,0.28114,0.27703,-1.3208,0.2376,31.31
16.245,6.1492,5.3945,1.6882,-7.0804,0.20738,0.20514,-1.328,0.2188,33.267
16.285,6.2059,5.1138,1.662,-6.9915,0.16647,0.16504,-1.3304,0.2064,34.817
16.325,6.2506,4.8563,1.6988,-6.9386,0.14719,0.14604,-1.3244,0.2063,34.627
16.365,6.2824,4.6569,1.6005,-6.7422,0.069893,0.069624,-1.3346,0.1856,37.336
16.405,6.315,4.4568,1.5345,-6.587,0.018499,0.018479,-1.341,0.1703,39.715
16.445,6.356,4.2787,1.5687,-6.5478,0.0088995,0.0088948,-1.3352,0.1709,39.398
16.485,6.4045,4.0452,1.5517,-6.4569,-0.019301,-0.019324,-1.3359,0.1629,40.766
16.525,6.4608,3.7722,1.5575,-6.3984,-0.035002,-0.03508,-1.3338,0.1588,41.469
16.565,6.5097,3.5566,1.5558,-6.3234,-0.054305,-0.054497,-1.3325,0.154,42.286
16.605,6.5574,3.341,1.56,-6.263,-0.068206,-0.068522,-1.3304,0.1501,43
16.645,6.6022,3.133,1.5429,-6.1677,-0.092311,-0.092911,-1.331,0.1435,44.305
16.685,6.6186,2.8526,1.4618,-6.2733,-0.031832,-0.031738,-1.3401,0.1251,51.49
16.725,6.6397,2.5718,1.4593,-6.3624,0.020787,0.020826,-1.3465,0.1115,58.543
16.765,6.663,2.309,1.4513,-6.4147,0.054509,0.054774,-1.3512,0.101,65.117
16.805,6.6684,2.0565,1.4256,-6.4433,0.07782,0.078354,-1.3572,0.09,73.324
16.845,6.6661,1.8175,1.4016,-6.4652,0.099216,0.10007,-1.3626,0.0802,82.487
16.885,6.6668,1.6171,1.3798,-6.4296,0.10766,0.10868,-1.3651,0.0742,88.625
16.925,6.6706,1.3977,1.3724,-6.4365,0.12366,0.12499,-1.3673,0.0689,95.518
16.965,6.6842,1.1948,1.3711,-6.4085,0.12574,0.12712,-1.3667,0.0667,98.253
17.005,6.6889,0.98938,1.3477,-6.3604,0.12246,0.12379,-1.3686,0.0621,104.7
17.045,6.6824,0.97019,1.1979,-5.8765,-0.016301,-0.01632,-1.3707,0.0583,102.87
17.085,6.7138,0.73801,1.2121,-5.9012,0.0026995,0.0027008,-1.3684,0.0581,103.69
17.125,6.7803,0.38451,1.2782,-6.1213,0.059588,0.059928,-1.3684,0.0558,112.07
******-------------------------------------------------------------------------------------------------------------------****** 
