******-------------------------------------------------------------------------------------------------------------------****** 
Duration of the scene is: 92.5864 seconds
Original Targets Numbers in the hole Scene: 17
Number of Targets in the hole Scene after preprocessing: 62
Number of static portions: 1
******-------------------------------------------------------------------------------------------------------------------****** 
TargetID: ID02
Target can not be processed due to lack of Data
******-------------------------------------------------------------------------------------------------------------------****** 
TargetID: ID19
Target can not be processed due to lack of Data
******-------------------------------------------------------------------------------------------------------------------****** 
TargetID: ID20
Target can not be processed due to lack of Data
******-------------------------------------------------------------------------------------------------------------------****** 
TargetID: ID21
Target can not be processed due to lack of Data
******-------------------------------------------------------------------------------------------------------------------****** 
TargetID: ID24
Target can not be processed due to lack of Data
******-------------------------------------------------------------------------------------------------------------------****** 
TargetID: ID25
Target can not be processed due to lack of Data
******-------------------------------------------------------------------------------------------------------------------****** 
TargetID: ID26
Target can not be processed due to lack of Data
******-------------------------------------------------------------------------------------------------------------------****** 
TargetID: ID27
Target can not be processed due to lack of Data
******-------------------------------------------------------------------------------------------------------------------****** 
TargetID: ID04
Relevancy: 0
tj = Inf
Label: -1
Comment: Target is irrelevant as it is not crossing the estimated holding line
DATA:
20.366,12.791,-5.6357,3.3755,0.61702,0.0037088,0.0036898,0.1803,0.0894,38.383
20.406,12.95,-5.5246,4.2862,3.8941,0.10316,0.10416,0.19217,0.093341,62.041
20.446,13.111,-5.409,3.4822,0.81067,0.20307,0.20509,0.2041,0.0973,36.745
20.486,13.256,-5.3029,3.4213,0.78255,-0.018574,-0.018462,0.2271,0.1159,30.282
20.526,13.333,-5.4804,3.3673,0.54316,-0.10234,-0.10029,0.1737,0.0618,55.191
20.566,13.466,-5.4603,3.3083,0.46154,-0.10194,-0.099875,0.16275,0.054657,61.115
20.606,13.597,-5.4434,3.2521,0.38292,-0.10154,-0.099456,0.1518,0.047512,68.92
20.646,13.726,-5.4297,3.1987,0.30744,-0.10115,-0.099039,0.14087,0.040379,79.582
20.686,13.853,-5.4188,3.148,0.23487,-0.10075,-0.098621,0.12992,0.033237,94.979
20.726,13.978,-5.4108,3.1,0.16523,-0.10035,-0.098202,0.11895,0.026084,119.02
20.766,14.102,-5.4056,3.0549,0.098676,-0.099953,-0.097784,0.108,0.018939,161.38
20.806,14.223,-5.4029,3.0125,0.035112,-0.099555,-0.097365,0.097045,0.011791,255.51
20.846,14.343,-5.4027,2.9729,-0.025387,-0.099158,-0.096947,0.086096,0.0046474,639.71
20.886,14.461,-5.4049,2.9361,-0.082736,-0.098761,-0.09653,0.075172,-0.0024791,-1184.8
20.926,14.578,-5.4093,2.902,-0.13731,-0.098363,-0.096111,0.064202,-0.0096362,-301.49
20.966,14.693,-5.4158,2.8707,-0.18877,-0.097966,-0.095693,0.053249,-0.016782,-171.43
21.006,14.807,-5.4244,2.8422,-0.23718,-0.097569,-0.095275,0.042305,-0.023922,-119.22
21.046,14.92,-5.4347,2.8165,-0.28251,-0.097172,-0.094857,0.031375,-0.031052,-91.156
21.086,15.033,-5.4469,2.7935,-0.32492,-0.096775,-0.094439,0.020424,-0.038197,-73.627
21.126,15.144,-5.4607,2.7732,-0.36437,-0.096377,-0.09402,0.0094532,-0.045354,-61.671
21.166,15.255,-5.476,2.7558,-0.40073,-0.095979,-0.093602,-0.0014962,-0.052498,-53.045
21.206,15.365,-5.4927,2.7411,-0.43404,-0.095582,-0.093184,-0.012437,-0.059635,-46.537
21.246,15.474,-5.5107,2.7292,-0.46439,-0.095185,-0.092765,-0.023392,-0.066782,-41.454
21.286,15.583,-5.5298,2.7201,-0.49165,-0.094788,-0.092348,-0.034324,-0.073914,-37.396
21.326,15.692,-5.5501,2.7137,-0.51599,-0.09439,-0.091929,-0.045295,-0.081072,-34.072
21.366,15.8,-5.5711,2.7101,-0.53724,-0.093993,-0.091511,-0.056236,-0.08821,-31.321
21.406,15.909,-5.593,2.7093,-0.55552,-0.093595,-0.091092,-0.067196,-0.09536,-29.002
21.446,16.017,-5.6156,2.7112,-0.57075,-0.093198,-0.090674,-0.078142,-0.1025,-27.03
21.486,16.126,-5.6386,2.7159,-0.58294,-0.092801,-0.090257,-0.089072,-0.10963,-25.337
21.526,16.235,-5.6621,2.7234,-0.59215,-0.092404,-0.089838,-0.10003,-0.11678,-23.866
21.566,16.344,-5.686,2.7337,-0.59835,-0.092005,-0.089419,-0.11101,-0.12394,-22.578
21.606,16.454,-5.71,2.7467,-0.60151,-0.091609,-0.089002,-0.12194,-0.13107,-21.451
21.646,16.564,-5.7341,2.7624,-0.60165,-0.091211,-0.088583,-0.13289,-0.13822,-20.454
21.686,16.674,-5.7581,2.781,-0.59879,-0.090815,-0.088166,-0.14382,-0.14535,-19.572
21.726,16.786,-5.782,2.8023,-0.5929,-0.090417,-0.087747,-0.15479,-0.15251,-18.782
21.766,16.899,-5.8055,2.8264,-0.58399,-0.090019,-0.087329,-0.16574,-0.15965,-18.078
21.807,17.013,-5.8287,2.8533,-0.57205,-0.089622,-0.08691,-0.1767,-0.1668,-17.447
21.846,17.065,-5.8706,2.8383,-0.5921,-0.040439,-0.039591,-0.196,-0.175,-16.568
21.886,17.166,-5.8434,2.8522,-0.66729,-0.15549,-0.15073,-0.194,-0.1706,-17.17
21.927,17.323,-5.821,2.8913,-0.5559,0.0054991,0.0055002,-0.1912,-0.1657,-17.768
21.967,17.429,-5.9034,2.8155,-0.67275,-0.11183,-0.1076,-0.2081,-0.1708,-16.948
22.006,17.545,-5.8992,2.7661,-0.73053,-0.21022,-0.19602,-0.2085,-0.1676,-17.07
22.047,17.722,-5.7808,2.8863,-0.54888,-0.026582,-0.026235,-0.1818,-0.1504,-19.535
22.086,17.826,-5.7845,2.8205,-0.61015,-0.090327,-0.086667,-0.1919,-0.1528,-18.886
22.127,17.951,-5.7721,2.7675,-0.60876,-0.13965,-0.1311,-0.1833,-0.1445,-19.61
22.167,18.034,-5.825,2.8378,-0.68576,-0.1862,-0.17956,-0.1941,-0.1468,-19.888
22.207,18.134,-5.8352,2.6676,-0.77685,-0.35671,-0.3178,-0.1977,-0.1458,-19.056
22.247,18.269,-5.7928,2.5786,-0.71986,-0.291,-0.25354,-0.198,-0.1443,-18.553
22.287,18.373,-5.8936,2.5933,-0.72022,-0.25277,-0.22323,-0.2059,-0.1456,-18.485
22.327,18.449,-5.9657,2.7306,-1.1157,-0.77834,-0.67649,-0.219,-0.1487,-19.837
22.367,18.531,-5.9879,2.316,-1.1473,-0.93086,-0.68078,-0.2247,-0.1487,-17.382
22.407,18.662,-5.9978,1.7549,-1.1723,-1.1408,-0.60609,-0.2274,-0.1473,-14.327
22.447,18.767,-5.9934,2.1115,-1.3856,-1.4136,-0.89011,-0.2287,-0.1455,-17.358
22.487,18.864,-6.0618,2.0208,-1.4764,-1.5519,-0.92256,-0.2411,-0.1482,-16.888
22.527,19.022,-5.9929,1.4181,-1.2997,-1.5589,-0.62955,-0.2068,-0.1273,-15.111
22.567,19.071,-6.007,1.2367,-1.3721,-1.7902,-0.60817,-0.2042,-0.1224,-15.091
22.607,19.174,-6.0677,1.8499,-1.5833,-1.991,-1.0581,-0.2142,-0.1243,-19.589
22.647,19.31,-6.0098,1.2157,-1.3203,-1.7412,-0.59885,-0.1835,-0.1062,-16.9
22.687,19.39,-5.9978,1.2309,-1.2678,-1.6548,-0.59538,-0.1779,-0.1008,-17.53
22.727,19.444,-6.0355,1.755,-1.5205,-1.9974,-1.0465,-0.185,-0.1019,-22.788
22.767,19.549,-6.0323,3.0784,0.87518,-2.0347,-1.0447,-0.1819,-0.098597,-32.459
22.807,19.654,-6.0297,1.6766,-1.5472,-2.0719,-1.0429,-0.1788,-0.0953,-23.939
22.847,19.73,-6.0746,2.1065,-0.74535,-1.8876,-0.94442,-0.17825,-0.093066,-24.01
22.887,19.819,-6.0931,2.3386,-0.22614,-1.7036,-0.84616,-0.1777,-0.090836,-25.865
22.927,19.915,-6.0964,2.3735,0.012783,-1.5187,-0.74738,-0.17715,-0.088595,-26.791
22.967,20.007,-6.0958,2.2109,-0.031099,-1.3347,-0.64908,-0.1766,-0.086365,-25.602
23.007,20.089,-6.1027,1.8506,-0.35671,-1.1504,-0.55062,-0.17605,-0.084131,-22.401
23.047,20.152,-6.1281,1.2936,-0.96314,-0.96634,-0.4523,-0.1755,-0.0819,-19.692
23.087,20.14,-6.1558,1.4846,-1.3513,-1.5653,-0.79412,-0.1825,-0.0832,-24.129
23.127,20.204,-6.1699,1.4389,-1.3742,-1.5959,-0.7853,-0.1858,-0.0832,-23.914
23.167,20.25,-6.2009,1.3504,-1.4599,-1.7493,-0.7927,-0.1918,-0.0841,-23.646
23.207,20.316,-6.2168,1.3014,-1.487,-1.7907,-0.78054,-0.1952,-0.0841,-23.496
******-------------------------------------------------------------------------------------------------------------------****** 
TargetID: ID30
Target can not be processed due to lack of Data
******-------------------------------------------------------------------------------------------------------------------****** 
TargetID: ID32
Target can not be processed due to lack of Data
******-------------------------------------------------------------------------------------------------------------------****** 
TargetID: ID33
Target can not be processed due to lack of Data
******-------------------------------------------------------------------------------------------------------------------****** 
TargetID: ID35
Target can not be processed due to lack of Data
******-------------------------------------------------------------------------------------------------------------------****** 
TargetID: ID05
Target can not be processed due to lack of Data
******-------------------------------------------------------------------------------------------------------------------****** 
TargetID: ID39
Relevancy: 0
tj = Inf
Label: -1
Comment: Target is irrelevant as it is not crossing the estimated holding line
DATA:
43.533,NaN,NaN,NaN,NaN,NaN,NaN,-2.9669,NaN,NaN
43.573,NaN,NaN,NaN,NaN,NaN,NaN,-2.9348,NaN,NaN
43.613,NaN,NaN,NaN,NaN,NaN,NaN,-2.8821,NaN,NaN
43.653,NaN,NaN,NaN,NaN,NaN,NaN,-2.8003,NaN,NaN
43.693,37.428,10.493,-6.2985,-2.1534,-0,-0,-2.8122,0,Inf
43.733,37.176,10.408,-6.2985,-2.1536,-0,-0,-2.8121,0,Inf
43.773,36.923,10.322,-6.2984,-2.1537,-0,-0,-2.8121,0,Inf
43.813,36.725,10.131,-6.17,-2.3386,0.033583,0.033016,-2.7793,0.0026,2537.8
43.853,38.97,10.162,-5.8394,-2.9216,-0.2398,-0.23527,-2.672,0.0881,74.114
43.893,38.659,10.073,-6.2659,-2.9525,-1.1189,-1.1057,-2.7012,0.0479,144.61
43.933,38.525,9.9403,-6.1252,-3.0114,-1.1759,-1.1505,-2.6847,0.0507,134.62
43.973,38.225,9.6942,-6.3742,-3.2711,-1.573,-1.5551,-2.6675,0.0485,147.72
44.013,37.972,9.5617,-6.4301,-3.3155,-1.5689,-1.5508,-2.6655,0.0485,149.17
44.053,37.796,9.4532,-6.7066,-2.9218,-1.6619,-1.6329,-2.697,-0.0235,-311.29
44.093,37.502,9.3288,-6.7329,-3.1626,-1.7243,-1.7071,-2.7025,-0.0294,-253.02
44.133,37.342,9.207,-6.525,-3.2502,-1.6318,-1.5896,-2.6511,0.0449,162.35
44.173,37.14,9.2116,-6.5141,-3.2893,-1.2847,-1.2688,-2.674,0.021,347.5
44.213,36.881,9.0792,-6.5624,-3.3205,-1.2814,-1.2654,-2.6732,0.021,350.22
44.253,36.638,8.9697,-6.6565,-2.8783,-1.2778,-1.2423,-2.7069,-0.0334,-217.13
44.293,36.315,9.0566,-6.7931,-3.0018,-1.2371,-1.2349,-2.7547,-0.103,-72.104
44.333,36.101,8.975,-6.8805,-2.5862,-1.221,-1.1908,-2.7539,-0.0979,-75.081
******-------------------------------------------------------------------------------------------------------------------****** 
TargetID: ID40
Target can not be processed due to lack of Data
******-------------------------------------------------------------------------------------------------------------------****** 
TargetID: ID41
Relevancy: 1
tj = 58.5369
Label: 0
Comment: Target is relevant and going straight, since the velocity ratio is almost not changing
DATA:
57.697,45.836,16.025,NaN,NaN,NaN,NaN,-2.5974,NaN,NaN
57.737,46.004,15.273,NaN,NaN,NaN,NaN,-1.6478,NaN,NaN
57.777,45.138,15.716,NaN,NaN,NaN,NaN,-2.6649,NaN,NaN
57.817,46.598,13.797,3.0503,-12.273,-0,-0,-1.3272,0,Inf
57.857,46.403,13.999,0.86768,-8.271,0.022186,0.021811,-1.4662,-0.2329,-35.708
57.897,46.436,13.666,0.79078,-8.2834,0.021783,0.021415,-1.4756,-0.2329,-35.728
57.937,46.466,13.336,0.71409,-8.295,0.02138,0.021018,-1.4849,-0.2329,-35.748
57.977,46.492,13.003,0.6371,-8.306,0.020876,0.020523,-1.4942,-0.2329,-35.768
58.017,46.515,12.671,0.56022,-8.3162,0.020473,0.020126,-1.5035,-0.2329,-35.788
58.057,46.256,12.848,-0.24452,-7.0029,0.041144,0.040456,-1.6058,-0.4386,-15.976
58.097,46.242,12.57,-0.36742,-7.0086,0.044774,0.044026,-1.6233,-0.4386,-16.001
58.137,46.224,12.29,-0.4909,-7.0121,0.048404,0.047596,-1.6408,-0.4386,-16.027
58.177,46.2,12.011,-0.61447,-7.0135,0.051833,0.050967,-1.6583,-0.4386,-16.052
58.217,46.172,11.73,-0.73873,-7.0126,0.055363,0.054438,-1.6759,-0.4386,-16.077
58.257,46.139,11.45,-0.86287,-7.0096,0.058691,0.05771,-1.6934,-0.4386,-16.102
58.297,46.1,11.17,-0.9872,-7.0044,0.062019,0.060983,-1.7109,-0.4386,-16.128
58.337,46.058,10.89,-1.1117,-6.9969,0.065346,0.064254,-1.7285,-0.4386,-16.153
58.377,46.01,10.61,-1.2364,-6.9872,0.068473,0.067329,-1.7461,-0.4386,-16.178
58.417,45.956,10.331,-1.3609,-6.9754,0.071599,0.070402,-1.7636,-0.4386,-16.204
58.457,45.898,10.053,-1.4853,-6.9612,0.074524,0.073278,-1.7811,-0.4386,-16.229
58.497,45.835,9.7749,-1.6096,-6.9449,0.077448,0.076153,-1.7987,-0.4386,-16.254
58.537,46.525,7.8505,-0.070844,-8.5638,0.13462,0.13233,-1.5788,-0.1977,-43.319
58.577,46.52,7.5094,-0.13791,-8.5193,0.15206,0.14947,-1.5867,-0.1977,-43.098
58.617,46.513,7.1692,-0.20456,-8.4743,0.1696,0.16672,-1.5946,-0.1977,-42.877
58.657,46.503,6.8302,-0.27071,-8.4288,0.18705,0.18386,-1.6026,-0.1977,-42.656
58.697,46.491,6.4949,-0.33565,-8.3827,0.20439,0.2009,-1.6105,-0.1977,-42.435
58.737,46.476,6.1609,-0.39998,-8.3361,0.22163,0.21785,-1.6184,-0.1977,-42.214
******-------------------------------------------------------------------------------------------------------------------****** 
TargetID: ID42
Relevancy: 0
tj = Inf
Label: -1
Comment: Target is irrelevant as it is not crossing the estimated holding line
DATA:
72.821,50.385,5.5612,-2.9645,4.0362,-1.6186,-1.2101,2.3383,0.2095,23.904
72.861,50.264,5.7016,-3.0963,3.0113,-1.5812,-1.1902,2.3629,0.22309,19.361
72.901,50.138,5.8048,-3.2146,2.1667,-1.5437,-1.1704,2.3876,0.23671,16.377
72.941,50.007,5.8776,-3.3187,1.5069,-1.5063,-1.1506,2.4122,0.25028,14.563
72.981,49.872,5.9279,-3.4094,1.0271,-1.4688,-1.1307,2.4369,0.2639,13.493
73.021,49.734,5.9623,-3.4859,0.73131,-1.4315,-1.1109,2.4614,0.27746,12.837
73.061,49.594,5.9887,-3.5488,0.61656,-1.3941,-1.091,2.4861,0.29104,12.376
73.101,49.451,6.0141,-3.598,0.68357,-1.3567,-1.0712,2.5107,0.30462,12.023
73.141,49.305,6.0459,-3.6335,0.93372,-1.3192,-1.0513,2.5354,0.31825,11.788
73.181,49.16,6.0912,-3.6552,1.3645,-1.2819,-1.0315,2.56,0.33182,11.758
73.221,49.014,6.1574,-3.663,1.977,-1.2445,-1.0117,2.5845,0.34539,12.051
73.261,48.867,6.252,-3.6572,2.7732,-1.2071,-0.99184,2.6092,0.359,12.785
73.301,48.889,5.8784,-2.89,1.2504,0.0074447,0.0073339,2.7316,0.4484,7.0226
73.341,48.676,5.7611,-2.7671,0.9,0.15138,0.15584,2.7883,0.4622,6.2955
73.381,48.48,5.5922,-2.5406,0.41248,0.30456,0.33054,2.8805,0.5172,4.9766
73.421,47.788,5.7154,-2.429,0.74882,0.43103,0.47123,2.745,0.3116,8.1572
73.461,47.606,5.4786,-2.2968,0.52924,0.44505,0.48376,2.8036,0.3286,7.1729
73.501,47.42,5.5741,-2.3374,0.62631,0.44748,0.4837,2.778,0.2814,8.5994
73.541,47.318,5.6027,-2.3342,0.65954,0.4516,0.49328,2.7605,0.2447,9.9127
73.581,47.269,5.5468,-2.0372,0.3417,0.57146,0.6846,2.775,0.2431,8.4973
73.621,47.2,5.5285,-1.9793,0.28497,0.56347,0.67747,2.7875,0.2441,8.1922
73.661,47.149,5.3881,-1.8895,0.20322,0.54316,0.65159,2.8106,0.2486,7.6443
73.701,47.063,5.4115,-1.858,0.16779,0.54094,0.64895,2.8205,0.2486,7.5042
73.741,47.026,5.4231,-1.858,0.16779,NaN,NaN,2.6883,NaN,NaN
73.781,46.99,5.4345,-1.858,0.16779,NaN,NaN,2.5577,NaN,NaN
73.821,46.954,5.4461,-1.858,0.16779,NaN,NaN,2.4263,NaN,NaN
73.861,46.918,5.4575,-1.858,0.16779,NaN,NaN,2.2951,NaN,NaN
73.901,46.881,5.4691,-1.858,0.16779,NaN,NaN,2.1627,NaN,NaN
73.941,46.845,5.4806,-1.858,0.16779,NaN,NaN,2.032,NaN,NaN
73.981,46.809,5.4921,-1.858,0.16779,NaN,NaN,1.9006,NaN,NaN
74.021,46.772,5.5036,-1.858,0.16779,NaN,NaN,1.769,NaN,NaN
74.061,46.736,5.5152,-1.858,0.16779,NaN,NaN,1.6371,NaN,NaN
74.101,46.7,5.5266,-1.858,0.16779,NaN,NaN,1.5066,NaN,NaN
74.141,46.663,5.5381,-1.858,0.16779,NaN,NaN,1.3749,NaN,NaN
74.181,46.627,5.5496,-1.858,0.16779,NaN,NaN,1.2433,NaN,NaN
74.221,46.591,5.5611,-1.858,0.16779,NaN,NaN,1.112,NaN,NaN
74.261,46.555,5.5726,-1.858,0.16779,NaN,NaN,0.98072,NaN,NaN
74.301,46.518,5.5841,-1.858,0.16779,NaN,NaN,0.84928,NaN,NaN
74.341,46.482,5.5956,-1.858,0.16779,NaN,NaN,0.7179,NaN,NaN
74.381,46.446,5.6071,-1.858,0.16779,NaN,NaN,0.58646,NaN,NaN
74.421,46.41,5.6186,-1.858,0.16779,NaN,NaN,0.45532,NaN,NaN
74.461,46.373,5.6302,-1.858,0.16779,NaN,NaN,0.32368,NaN,NaN
74.501,46.337,5.6417,-1.858,0.16779,NaN,NaN,0.19223,NaN,NaN
74.541,46.301,5.6532,-1.858,0.16779,NaN,NaN,0.060852,NaN,NaN
74.581,46.264,5.6647,-1.858,0.16779,NaN,NaN,-0.07053,NaN,NaN
74.621,46.228,5.6762,-1.858,0.16779,NaN,NaN,-0.20203,NaN,NaN
74.661,46.192,5.6877,-1.858,0.16779,NaN,NaN,-0.33334,NaN,NaN
74.701,46.155,5.6992,-1.858,0.16779,NaN,NaN,-0.46476,NaN,NaN
74.741,46.119,5.7107,-1.858,0.16779,NaN,NaN,-0.59594,NaN,NaN
74.781,46.083,5.7222,-1.858,0.16779,NaN,NaN,-0.72761,NaN,NaN
74.822,46.047,5.7337,-1.858,0.16779,NaN,NaN,-0.85918,NaN,NaN
74.861,46.01,5.7452,-1.858,0.16779,NaN,NaN,-0.99039,NaN,NaN
74.901,45.974,5.7567,-1.858,0.16779,NaN,NaN,-1.1218,NaN,NaN
74.942,45.938,5.7682,-1.858,0.16779,NaN,NaN,-1.2532,NaN,NaN
74.981,45.902,5.7797,-1.858,0.16779,NaN,NaN,-1.3846,NaN,NaN
75.022,45.865,5.7912,-1.858,0.16779,NaN,NaN,-1.5161,NaN,NaN
75.062,45.829,5.8028,-1.858,0.16779,NaN,NaN,-1.6475,NaN,NaN
75.102,45.793,5.8143,-1.858,0.16779,NaN,NaN,-1.7788,NaN,NaN
75.142,45.756,5.8258,-1.858,0.16779,NaN,NaN,-1.9102,NaN,NaN
75.182,45.72,5.8373,-1.858,0.16779,NaN,NaN,-2.0416,NaN,NaN
75.222,45.684,5.8488,-1.858,0.16779,NaN,NaN,-2.173,NaN,NaN
75.262,45.647,5.8603,-1.858,0.16779,NaN,NaN,-2.3044,NaN,NaN
75.302,45.611,5.8718,NaN,NaN,NaN,NaN,-2.4358,NaN,NaN
75.342,45.662,5.6221,NaN,NaN,NaN,NaN,-2.3681,NaN,NaN
75.382,45.433,5.4117,NaN,NaN,NaN,NaN,-2.3363,NaN,NaN
75.422,45.514,5.0654,NaN,NaN,NaN,NaN,-2.0973,NaN,NaN
75.462,NaN,NaN,NaN,NaN,NaN,NaN,-1.9966,NaN,NaN
75.502,NaN,NaN,NaN,NaN,NaN,NaN,-1.8072,NaN,NaN
75.542,NaN,NaN,NaN,NaN,NaN,NaN,-1.7657,NaN,NaN
******-------------------------------------------------------------------------------------------------------------------****** 
TargetID: ID06
Target can not be processed due to lack of Data
******-------------------------------------------------------------------------------------------------------------------****** 
TargetID: ID43
Target can not be processed due to lack of Data
******-------------------------------------------------------------------------------------------------------------------****** 
TargetID: ID45
Target can not be processed due to lack of Data
******-------------------------------------------------------------------------------------------------------------------****** 
TargetID: ID07
Target can not be processed due to lack of Data
******-------------------------------------------------------------------------------------------------------------------****** 
TargetID: ID51
Target can not be processed due to lack of Data
******-------------------------------------------------------------------------------------------------------------------****** 
TargetID: ID52
Relevancy: 0
tj = Inf
Label: -1
Comment: Target is irrelevant as it is not crossing the estimated holding line
DATA:
57.817,45.401,7.2333,NaN,NaN,NaN,NaN,-2.8772,NaN,NaN
57.857,45.364,7.13,NaN,NaN,NaN,NaN,-2.2571,NaN,NaN
57.897,NaN,NaN,NaN,NaN,NaN,NaN,-2.217,NaN,NaN
57.937,NaN,NaN,NaN,NaN,NaN,NaN,-2.2549,NaN,NaN
57.977,NaN,NaN,NaN,NaN,NaN,NaN,-2.1994,NaN,NaN
58.017,NaN,NaN,NaN,NaN,NaN,NaN,-2.1979,NaN,NaN
58.057,NaN,NaN,NaN,NaN,NaN,NaN,-2.1741,NaN,NaN
58.097,NaN,NaN,NaN,NaN,NaN,NaN,-2.1534,NaN,NaN
58.137,NaN,NaN,NaN,NaN,NaN,NaN,-2.1054,NaN,NaN
58.177,NaN,NaN,NaN,NaN,NaN,NaN,-2.2169,NaN,NaN
58.217,NaN,NaN,NaN,NaN,NaN,NaN,-2.1777,NaN,NaN
58.257,NaN,NaN,NaN,NaN,NaN,NaN,-2.2146,NaN,NaN
58.297,NaN,NaN,NaN,NaN,NaN,NaN,-2.2489,NaN,NaN
58.337,NaN,NaN,NaN,NaN,NaN,NaN,-2.3652,NaN,NaN
58.377,NaN,NaN,NaN,NaN,NaN,NaN,-2.3796,NaN,NaN
58.417,NaN,NaN,NaN,NaN,NaN,NaN,-2.3746,NaN,NaN
58.457,NaN,NaN,NaN,NaN,NaN,NaN,-2.3063,NaN,NaN
58.497,NaN,NaN,NaN,NaN,NaN,NaN,-2.2842,NaN,NaN
58.537,NaN,NaN,NaN,NaN,NaN,NaN,-2.2842,NaN,NaN
58.577,NaN,NaN,NaN,NaN,NaN,NaN,-2.2649,NaN,NaN
58.617,NaN,NaN,NaN,NaN,NaN,NaN,-2.285,NaN,NaN
58.657,NaN,NaN,NaN,NaN,NaN,NaN,-2.2116,NaN,NaN
58.697,NaN,NaN,NaN,NaN,NaN,NaN,-2.1651,NaN,NaN
58.737,45.177,4.7442,-1.3091,-2.394,-0,-0,-2.0712,0,Inf
58.777,46.087,5.6246,-1.4612,-1.7559,0.045775,0.045007,-2.2632,-0.0182,-125.51
58.817,47.775,6.195,-1.4687,-1.2388,0.070237,0.069085,-2.4475,-0.0287,-66.948
58.857,47.934,5.7607,-1.6331,-1.5237,-0.27758,-0.27285,-2.3988,-0.0345,-64.739
58.897,47.866,5.7021,-1.6457,-1.5319,-0.27767,-0.27295,-2.4001,-0.0345,-65.17
58.937,47.861,5.498,-1.7311,-1.6552,-0.42231,-0.41516,-2.3848,-0.0357,-67.089
58.977,47.789,5.4334,-1.7493,-1.669,-0.42251,-0.41535,-2.3862,-0.0357,-67.724
59.017,47.877,5.0054,-1.856,-1.8763,-0.45953,-0.45175,-2.3454,-0.0331,-79.733
59.057,47.802,4.9306,-1.8758,-1.893,-0.45953,-0.45176,-2.3467,-0.0331,-80.512
59.097,47.725,4.857,-1.8956,-1.9098,-0.45953,-0.45176,-2.348,-0.0331,-81.294
59.137,47.648,4.7801,-1.9156,-1.9264,-0.45944,-0.45167,-2.3494,-0.0331,-82.076
59.177,47.57,4.7028,-1.9356,-1.9429,-0.45944,-0.45168,-2.3507,-0.0331,-82.856
59.217,47.491,4.6272,-1.9557,-1.9595,-0.45924,-0.45149,-2.352,-0.0331,-83.639
59.257,47.411,4.5498,-1.9758,-1.976,-0.45914,-0.45139,-2.3533,-0.0331,-84.421
59.297,47.331,4.4719,-1.996,-1.9924,-0.45904,-0.4513,-2.3547,-0.0331,-85.204
59.337,47.249,4.3925,-2.0163,-2.0087,-0.45885,-0.45111,-2.356,-0.0331,-85.986
59.377,47.167,4.3137,-2.0366,-2.0251,-0.45865,-0.45091,-2.3573,-0.0331,-86.768
59.417,47.084,4.2351,-2.057,-2.0414,-0.45834,-0.45062,-2.3586,-0.0331,-87.553
59.457,47,4.1536,-2.0774,-2.0575,-0.45814,-0.45042,-2.36,-0.0331,-88.333
59.497,46.915,4.0724,-2.098,-2.0736,-0.45784,-0.45012,-2.3613,-0.0331,-89.118
59.537,46.829,3.9914,-2.1185,-2.0897,-0.45754,-0.44983,-2.3626,-0.0331,-89.902
59.577,46.482,4.0399,-11.943,2.8254,-0.66717,-0.65546,-2.4053,-0.055574,-220.83
59.617,46.129,4.0841,-2.5871,-2.2669,-0.87542,-0.85975,-2.4477,-0.0779,-44.157
59.657,46.018,3.9973,-2.6293,-2.2905,-0.87554,-0.85985,-2.4509,-0.0779,-44.763
59.697,45.803,4.1883,-2.507,-2.0257,-0.62218,-0.61067,-2.4943,-0.0988,-32.623
59.737,45.642,4.2004,-2.4687,-1.9045,-0.46585,-0.45726,-2.5144,-0.1078,-28.924
59.777,45.404,4.3243,-2.4372,-1.7072,-0.28663,-0.28143,-2.5564,-0.1296,-22.96
59.817,45.255,4.3673,-2.3989,-1.5548,-0.13202,-0.12971,-2.5811,-0.142,-20.131
59.857,45.052,4.4752,-2.3452,-1.2433,0.19603,0.19292,-2.624,-0.166,-15.99
59.897,44.858,4.4837,-2.3933,-1.1923,0.20073,0.1975,-2.6465,-0.1746,-15.314
59.937,44.712,4.3552,-2.473,-1.3251,0.044453,0.043711,-2.6432,-0.1659,-16.912
59.977,44.719,4.1065,-2.4196,-1.2875,0.25404,0.25008,-2.6169,-0.1471,-18.633
60.017,44.689,3.8829,-2.4179,-1.3932,0.22368,0.22018,-2.5916,-0.1276,-21.87
60.057,44.591,3.833,-2.4182,-1.3743,0.22457,0.22106,-2.5966,-0.1276,-21.798
60.097,44.492,3.785,-2.4184,-1.3554,0.22547,0.22194,-2.6017,-0.1276,-21.726
60.137,44.394,3.735,-2.4186,-1.3364,0.22637,0.22282,-2.6068,-0.1276,-21.655
60.177,44.296,3.6868,-2.4186,-1.3175,0.22717,0.22361,-2.6119,-0.1276,-21.585
60.217,44.198,3.6389,-2.4185,-1.2986,0.22798,0.2244,-2.617,-0.1276,-21.513
60.257,44.101,3.5918,-2.4184,-1.2797,0.22879,0.22519,-2.622,-0.1276,-21.443
60.297,44.003,3.5453,-2.4181,-1.2609,0.22961,0.22599,-2.6271,-0.1276,-21.372
60.337,43.905,3.4993,-2.4176,-1.2419,0.23033,0.22669,-2.6323,-0.1276,-21.301
60.378,43.808,3.4538,-2.4171,-1.2231,0.23116,0.22749,-2.6374,-0.1276,-21.23
60.418,43.711,3.4085,-2.4166,-1.2042,0.23189,0.2282,-2.6425,-0.1276,-21.16
60.458,44.061,3.0272,-2.0946,-1.1091,0.66634,0.65849,-2.5571,-0.0795,-29.813
60.498,43.983,2.9816,-2.0778,-1.0805,0.66794,0.66019,-2.5602,-0.0795,-29.458
60.538,43.906,2.9368,-2.061,-1.0517,0.66959,0.66195,-2.5634,-0.0795,-29.105
60.578,43.829,2.893,-2.0443,-1.0229,0.6713,0.66377,-2.5666,-0.0795,-28.754
60.618,43.754,2.8482,-2.0278,-0.9939,0.67298,0.66556,-2.5698,-0.0795,-28.406
60.658,43.679,2.8068,-2.011,-0.9651,0.6746,0.66728,-2.573,-0.0795,-28.058
60.698,43.605,2.766,-1.9943,-0.93618,0.6764,0.66919,-2.5761,-0.0795,-27.712
60.738,43.532,2.7258,-1.9777,-0.90727,0.67806,0.67096,-2.5793,-0.0795,-27.369
60.778,43.46,2.6881,-1.961,-0.8785,0.67988,0.67289,-2.5824,-0.0795,-27.028
60.818,43.39,2.6486,-1.9444,-0.8493,0.68171,0.67483,-2.5856,-0.0795,-26.69
60.858,43.32,2.6117,-1.9279,-0.82023,0.68351,0.67673,-2.5888,-0.0795,-26.354
60.898,43.251,2.5745,-1.9116,-0.79095,0.68552,0.67885,-2.592,-0.0795,-26.022
60.938,43.183,2.5386,-1.8954,-0.7615,0.68753,0.68096,-2.5952,-0.0795,-25.693
60.978,43.116,2.5033,-1.8791,-0.73221,0.68952,0.68305,-2.5983,-0.0795,-25.367
******-------------------------------------------------------------------------------------------------------------------****** 
TargetID: ID53
Target can not be processed due to lack of Data
******-------------------------------------------------------------------------------------------------------------------****** 
TargetID: ID55
Target can not be processed due to lack of Data
******-------------------------------------------------------------------------------------------------------------------****** 
TargetID: ID56
Relevancy: 0
tj = Inf
Label: -1
Comment: Target is irrelevant as it is not crossing the estimated holding line
DATA:
36.09,60.87,-28.064,-1.5046,2.8354,0.36398,0.46021,1.9278,0.3196,10.043
36.13,60.992,-28.315,-1.8001,2.3381,0.42595,0.66033,1.9892,0.4005,7.3677
36.17,60.916,-28.272,-1.9682,2.4795,0.48833,0.71462,2.008,0.404,7.836
36.21,60.797,-28.114,-1.7463,2.7969,0.32259,0.39551,1.9998,0.3638,9.0635
36.25,60.714,-28.026,-1.837,2.6702,0.36268,0.46623,2.0184,0.3671,8.8288
36.29,61.029,-27.434,-2.4002,1.0869,0.36127,1.2308,2.1829,0.6451,4.0844
36.33,60.946,-27.29,-3.1784,1.8491,0.77892,1.6879,2.2055,0.6439,5.7108
36.37,60.848,-27.214,-3.2167,1.7387,0.75382,1.7049,2.2275,0.6386,5.7259
36.41,60.754,-27.061,-3.2879,1.6473,0.75012,1.7891,2.2434,0.6275,5.8605
36.45,60.709,-26.905,-1.3272,1.6453,0.70811,0.73559,2.2496,0.6026,3.508
36.49,60.545,-26.812,-2.8913,1.8447,0.59599,1.0989,2.2545,0.5679,6.0392
36.53,60.504,-26.608,-3.0639,1.7035,0.65317,1.3642,2.2621,0.5586,6.2758
36.571,60.532,-26.379,-1.3902,1.6942,0.65856,0.67626,2.2579,0.5323,4.1172
36.611,60.437,-26.319,-1.3761,1.6064,0.66603,0.67887,2.2792,0.5323,3.9737
36.651,60.343,-26.26,-1.3588,1.5195,0.67271,0.6795,2.3005,0.5323,3.8295
36.69,60.425,-25.977,-1.3847,1.6429,0.62987,0.64256,2.2711,0.4802,4.4744
36.73,60.335,-25.914,-1.3695,1.5628,0.63581,0.64407,2.2903,0.4802,4.3273
36.771,60.244,-25.857,-1.3516,1.4839,0.64104,0.64392,2.3095,0.4802,4.1799
36.811,60.117,-25.675,-2.6146,1.7869,0.42649,0.68184,2.2992,0.4452,7.1134
36.851,60.302,-25.334,-1.4928,1.9053,0.46004,0.46644,2.2354,0.3739,6.4734
36.891,60.216,-25.262,-1.4931,1.8481,0.46571,0.47093,2.2504,0.3739,6.3543
36.931,60.13,-25.193,-1.4919,1.7912,0.4712,0.47503,2.2653,0.3739,6.2346
36.971,60.043,-25.128,-1.4893,1.7348,0.47637,0.47859,2.2802,0.3739,6.115
37.011,60.356,-24.684,-1.3518,2.0534,0.40815,0.4196,2.153,0.2586,9.5066
37.051,60.347,-24.605,-1.3518,2.0534,NaN,NaN,2.1486,NaN,NaN
37.091,60.337,-24.527,-1.3518,2.0534,NaN,NaN,2.1442,NaN,NaN
37.131,60.327,-24.448,-1.3518,2.0534,NaN,NaN,2.1397,NaN,NaN
37.171,60.318,-24.369,-1.3518,2.0534,NaN,NaN,2.1353,NaN,NaN
37.211,60.308,-24.291,-1.3518,2.0534,NaN,NaN,2.1309,NaN,NaN
37.251,60.299,-24.212,-1.3518,2.0534,NaN,NaN,2.1265,NaN,NaN
37.291,60.289,-24.134,-1.3518,2.0534,NaN,NaN,2.122,NaN,NaN
37.331,60.279,-24.055,-1.3518,2.0534,NaN,NaN,2.1176,NaN,NaN
37.371,60.27,-23.977,-1.3518,2.0534,NaN,NaN,2.1132,NaN,NaN
37.411,60.26,-23.898,-1.3518,2.0534,NaN,NaN,2.1088,NaN,NaN
37.451,60.251,-23.82,-1.3518,2.0534,NaN,NaN,2.1044,NaN,NaN
37.491,60.241,-23.741,-1.3518,2.0534,NaN,NaN,2.0999,NaN,NaN
37.531,60.231,-23.663,-1.3518,2.0534,NaN,NaN,2.0955,NaN,NaN
37.571,60.222,-23.584,-1.3518,2.0534,NaN,NaN,2.0911,NaN,NaN
37.611,60.212,-23.505,-1.3518,2.0534,NaN,NaN,2.0867,NaN,NaN
37.651,60.203,-23.427,-1.3518,2.0534,NaN,NaN,2.0822,NaN,NaN
37.691,60.193,-23.348,-1.3518,2.0534,NaN,NaN,2.0778,NaN,NaN
37.731,60.183,-23.27,-1.3518,2.0534,NaN,NaN,2.0734,NaN,NaN
37.771,60.174,-23.191,-1.3518,2.0534,NaN,NaN,2.069,NaN,NaN
37.811,60.164,-23.112,-1.3518,2.0534,NaN,NaN,2.0646,NaN,NaN
37.851,60.155,-23.034,-1.3518,2.0534,NaN,NaN,2.0601,NaN,NaN
37.891,60.145,-22.955,-1.3518,2.0534,NaN,NaN,2.0557,NaN,NaN
37.931,60.135,-22.877,-1.3518,2.0534,NaN,NaN,2.0513,NaN,NaN
37.971,60.126,-22.798,-1.3518,2.0534,NaN,NaN,2.0469,NaN,NaN
38.011,60.116,-22.72,-1.3518,2.0534,NaN,NaN,2.0424,NaN,NaN
38.051,60.107,-22.641,-1.3518,2.0534,NaN,NaN,2.038,NaN,NaN
38.091,60.097,-22.563,-1.3518,2.0534,NaN,NaN,2.0336,NaN,NaN
38.131,60.087,-22.484,-1.3518,2.0534,NaN,NaN,2.0292,NaN,NaN
38.171,60.078,-22.405,-1.3518,2.0534,NaN,NaN,2.0248,NaN,NaN
38.211,60.068,-22.327,-1.3518,2.0534,NaN,NaN,2.0203,NaN,NaN
38.251,60.059,-22.248,-1.3518,2.0534,NaN,NaN,2.0159,NaN,NaN
38.291,60.049,-22.17,-1.3518,2.0534,NaN,NaN,2.0115,NaN,NaN
38.331,60.039,-22.091,-1.3518,2.0534,NaN,NaN,2.0071,NaN,NaN
38.371,60.03,-22.013,-1.3518,2.0534,NaN,NaN,2.0026,NaN,NaN
38.411,60.02,-21.934,-1.3518,2.0534,NaN,NaN,1.9982,NaN,NaN
38.451,60.011,-21.856,-1.3518,2.0534,NaN,NaN,1.9938,NaN,NaN
38.491,60.001,-21.777,-1.3518,2.0534,NaN,NaN,1.9894,NaN,NaN
38.531,59.991,-21.699,-1.3518,2.0534,NaN,NaN,1.985,NaN,NaN
38.571,59.982,-21.62,-1.3518,2.0534,NaN,NaN,1.9805,NaN,NaN
38.611,59.972,-21.541,-1.3518,2.0534,NaN,NaN,1.9761,NaN,NaN
38.651,59.963,-21.463,-1.3518,2.0534,NaN,NaN,1.9717,NaN,NaN
38.691,59.953,-21.384,-1.3518,2.0534,NaN,NaN,1.9673,NaN,NaN
38.731,59.943,-21.306,-1.3518,2.0534,NaN,NaN,1.9629,NaN,NaN
38.771,59.934,-21.227,-1.3518,2.0534,NaN,NaN,1.9584,NaN,NaN
38.811,59.924,-21.149,-1.3518,2.0534,NaN,NaN,1.954,NaN,NaN
38.851,59.915,-21.07,-1.3518,2.0534,NaN,NaN,1.9496,NaN,NaN
38.891,59.905,-20.991,-1.3518,2.0534,NaN,NaN,1.9452,NaN,NaN
38.931,59.896,-20.913,-1.3518,2.0534,NaN,NaN,1.9407,NaN,NaN
38.971,59.886,-20.834,-1.3518,2.0534,NaN,NaN,1.9363,NaN,NaN
39.011,59.876,-20.756,NaN,NaN,NaN,NaN,1.9319,NaN,NaN
39.051,59.828,-20.627,NaN,NaN,NaN,NaN,1.9319,NaN,NaN
39.091,59.779,-20.498,NaN,NaN,NaN,NaN,1.9319,NaN,NaN
******-------------------------------------------------------------------------------------------------------------------****** 
TargetID: ID57
Relevancy: 1
tj = 41.8122
Label: 0
Comment: Target is relevant and going straight, since target is crossing Ego X-axis in EFC
DATA:
41.092,48.625,9.4382,NaN,NaN,NaN,NaN,-2.4671,NaN,NaN
41.132,48.469,9.3112,NaN,NaN,NaN,NaN,-2.4672,NaN,NaN
41.172,48.312,9.1852,NaN,NaN,NaN,NaN,-2.4672,NaN,NaN
41.212,48.155,9.0607,NaN,NaN,NaN,NaN,-2.4671,NaN,NaN
41.252,NaN,NaN,NaN,NaN,NaN,NaN,-2.4016,NaN,NaN
41.292,NaN,NaN,NaN,NaN,NaN,NaN,-2.3569,NaN,NaN
41.332,NaN,NaN,NaN,NaN,NaN,NaN,-2.3767,NaN,NaN
41.372,NaN,NaN,NaN,NaN,NaN,NaN,-2.3768,NaN,NaN
41.412,NaN,NaN,NaN,NaN,NaN,NaN,-2.3672,NaN,NaN
41.452,NaN,NaN,NaN,NaN,NaN,NaN,-2.3941,NaN,NaN
41.492,NaN,NaN,NaN,NaN,NaN,NaN,-2.3967,NaN,NaN
41.532,NaN,NaN,NaN,NaN,NaN,NaN,-2.4175,NaN,NaN
41.572,NaN,NaN,NaN,NaN,NaN,NaN,-2.3799,NaN,NaN
41.612,NaN,NaN,NaN,NaN,NaN,NaN,-2.3726,NaN,NaN
41.652,NaN,NaN,NaN,NaN,NaN,NaN,-2.4036,NaN,NaN
41.692,NaN,NaN,NaN,NaN,NaN,NaN,-2.4688,NaN,NaN
41.732,NaN,NaN,NaN,NaN,NaN,NaN,-2.4687,NaN,NaN
41.772,NaN,NaN,NaN,NaN,NaN,NaN,-2.4937,NaN,NaN
41.812,47.232,7.2255,-4.0681,-2.7935,-0,-0,-2.5398,0,Inf
41.852,50.566,7.8352,-4.2702,-2.1632,-0.090183,-0.08847,-2.6669,-0.019,-251.94
41.892,50.558,7.7977,-4.2784,-1.912,-0.32358,-0.31496,-2.6979,-0.0336,-139.47
41.932,50.416,7.8723,-4.3149,-2.0299,-0.61044,-0.59187,-2.6638,0.0038,1254.9
41.972,50.323,8.0496,-4.2061,-2.3846,-0.71964,-0.70152,-2.5922,0.1113,43.441
42.012,50.138,8.1382,-4.1533,-3.0737,-1.2008,-1.1774,-2.4793,0.2675,19.316
42.052,49.987,8.147,-4.1357,-3.6232,-1.6959,-1.6666,-2.4097,0.3751,14.658
42.092,49.157,7.5177,-3.8549,-4.2502,-1.6963,-1.6671,-2.3166,0.5323,10.78
42.132,48.398,6.8687,-3.946,-4.278,-1.8258,-1.7944,-2.3215,0.5198,11.197
42.172,48.271,6.842,-3.8509,-4.5653,-1.8488,-1.8156,-2.2821,0.5842,10.223
42.212,48.149,6.884,-3.349,-5.591,-2.0682,-2.0213,-2.1371,0.8631,7.551
42.252,48.115,6.7398,-3.2255,-6.0199,-2.1089,-2.0595,-2.0935,0.8804,7.7574
42.292,48,6.5327,-3.1643,-6.4481,-2.1995,-2.1466,-2.059,0.8871,8.0969
42.332,47.936,6.5219,-3.0634,-6.432,-2.0072,-1.9598,-2.0466,0.8675,8.2125
42.372,47.952,6.5678,-3.1154,-6.3874,-1.9281,-1.8847,-2.0576,0.7919,8.9742
42.412,47.866,6.4004,-3.0553,-6.3376,-1.7671,-1.7276,-2.0508,0.7558,9.3088
42.452,47.705,6.0589,-3.4005,-6.5205,-1.7325,-1.6701,-2.0211,0.7522,9.7766
42.492,47.598,5.8149,-2.7723,-6.8002,-1.5456,-1.5115,-1.9857,0.7687,9.5533
42.532,47.511,5.5358,-2.6221,-7.0195,-1.4346,-1.4039,-1.9549,0.7687,9.748
42.572,47.43,5.2484,-2.4626,-7.2337,-1.322,-1.2946,-1.9242,0.7687,9.9407
42.612,47.387,5.212,-2.4516,-6.8732,-1.1137,-1.0909,-1.9361,0.7144,10.215
42.653,47.171,4.8302,-2.8101,-7.1679,-1.2073,-1.1623,-1.9214,0.6939,11.095
42.693,47.121,4.7704,-2.4573,-6.9865,-1.042,-1.0211,-1.9301,0.6502,11.39
42.732,47.044,4.4858,-2.3198,-7.1586,-0.96201,-0.94324,-1.9041,0.6502,11.573
42.773,46.765,4.3526,-2.9779,-6.9731,-1.1731,-1.1328,-1.9527,0.5467,13.869
42.813,46.675,4.0628,-2.8543,-7.1519,-1.0453,-1.01,-1.9308,0.5467,14.085
42.853,46.376,4.0583,-3.171,-6.7937,-1.1403,-1.1047,-1.9876,0.4478,16.742
42.893,46.07,3.861,-3.4659,-6.8513,-1.3628,-1.3212,-2.0182,0.3885,19.763
42.933,45.934,3.6555,-3.4099,-6.8781,-1.2896,-1.2504,-2.0109,0.3803,20.186
42.973,45.629,3.6446,-3.6328,-6.5645,-1.2943,-1.259,-2.0578,0.3098,24.218
43.013,45.651,3.3445,-3.4865,-6.8002,-1.2935,-1.2555,-2.0249,0.3281,23.291
43.053,45.531,3.0646,-3.4372,-6.9512,-1.192,-1.1574,-2.0118,0.3281,23.635
43.093,45.182,3.0698,-3.7326,-6.5715,-1.2996,-1.2654,-2.0698,0.253,29.872
43.133,44.967,3.1469,-3.666,-6.0703,-1.1194,-1.0922,-2.0985,0.2182,32.5
43.173,44.832,2.8972,-3.6597,-6.1836,-1.0989,-1.072,-2.0899,0.2182,32.93
43.213,44.698,2.6453,-3.6509,-6.2975,-1.078,-1.0515,-2.0811,0.2182,33.36
43.253,44.565,2.3872,-3.6407,-6.4114,-1.0573,-1.0312,-2.0724,0.2182,33.79
43.293,44.432,2.1267,-3.6282,-6.5259,-1.0363,-1.0105,-2.0636,0.2182,34.219
43.333,44.3,1.8603,-3.6141,-6.6404,-1.0153,-0.98989,-2.0548,0.2182,34.648
43.373,44.168,1.588,-3.5984,-6.755,-0.99428,-0.96927,-2.0462,0.2182,35.076
43.413,44.037,1.3122,-3.5806,-6.87,-0.97305,-0.94848,-2.0374,0.2182,35.505
43.453,43.906,1.0322,-3.5608,-6.9852,-0.95182,-0.9277,-2.0287,0.2182,35.932
43.493,43.777,0.74652,-3.5395,-7.1004,-0.93048,-0.90683,-2.02,0.2182,36.36
43.533,43.648,0.4586,-3.5158,-7.216,-0.90894,-0.88578,-2.0112,0.2182,36.787
43.573,43.52,0.16551,-3.4902,-7.3316,-0.88729,-0.86464,-2.0025,0.2182,37.214
43.613,43.393,-0.13209,-3.463,-7.4472,-0.86563,-0.84351,-1.9937,0.2182,37.64
43.653,43.268,-0.4362,-3.4343,-7.5627,-0.84408,-0.82249,-1.9851,0.2182,38.066
******-------------------------------------------------------------------------------------------------------------------****** 
TargetID: ID58
Target can not be processed due to lack of Data
******-------------------------------------------------------------------------------------------------------------------****** 
TargetID: ID09
Relevancy: 0
tj = Inf
Label: -1
Comment: Target is irrelevant as it is not crossing the estimated holding line
DATA:
46.294,44.653,6.7329,-6.3585,0.90342,-0.75217,-0.80323,2.9563,0.1255,51.174
46.334,44.395,7.0866,-6.4954,1.2111,-0.84522,-0.91367,2.9085,0.0832,79.416
46.374,44.145,7.3895,-6.6039,1.4778,-0.91998,-1.0036,2.8694,0.0499,135.62
46.414,43.878,7.6668,-6.7428,1.7106,-1.0272,-1.1329,2.8368,0.0232,299.85
46.454,43.614,7.9651,-6.887,1.9752,-1.146,-1.2782,2.8016,-0.004,-1791.2
46.494,43.352,8.057,-6.9327,1.9967,-1.1463,-1.2761,2.8014,-0.004,-1803.6
46.534,43.088,8.1512,-6.9787,2.0177,-1.1466,-1.274,2.8012,-0.004,-1816.1
46.574,42.821,8.2459,-7.0246,2.0388,-1.1467,-1.2718,2.8011,-0.004,-1828.6
46.614,42.535,8.5644,-7.2304,2.3189,-1.3251,-1.4903,2.7675,-0.0269,-282.27
46.654,42.261,8.6738,-7.2812,2.352,-1.3253,-1.4871,2.7665,-0.0269,-284.45
46.694,41.986,8.7825,-7.3319,2.3859,-1.3253,-1.4839,2.7653,-0.0269,-286.63
46.734,41.707,8.8939,-7.3826,2.4193,-1.3253,-1.4807,2.7643,-0.0269,-288.8
46.774,41.427,9.0064,-7.4332,2.4528,-1.3252,-1.4775,2.7632,-0.0269,-290.98
46.814,41.145,9.1196,-7.4838,2.4865,-1.3251,-1.4744,2.7621,-0.0269,-293.16
46.854,40.34,9.5752,-7.8008,4.1325,-2.925,-2.4893,2.7411,-0.0359,-245.9
46.894,40.014,9.7154,-7.9036,4.1791,-2.9163,-2.4903,2.7397,-0.0359,-249.04
46.934,39.685,9.8577,-8.0061,4.2261,-2.9078,-2.4913,2.7383,-0.0359,-252.17
46.974,39.351,10.002,-8.1083,4.2738,-2.8997,-2.4922,2.7369,-0.0359,-255.31
47.013,39.004,10.109,-8.3219,4.1468,-3.0378,-2.6157,2.7603,-0.0192,-484.26
47.054,38.657,10.25,-8.4317,4.1881,-3.0303,-2.6174,2.7595,-0.0192,-490.34
47.094,38.307,10.391,-8.5413,4.2302,-3.023,-2.619,2.7588,-0.0192,-496.43
47.134,37.953,10.534,-8.6507,4.2727,-3.0158,-2.6204,2.758,-0.0192,-502.52
47.174,37.595,10.679,-8.7597,4.3161,-3.0088,-2.6217,2.7571,-0.0192,-508.61
47.214,37.232,10.827,-8.869,4.3592,-3.0022,-2.6231,2.7564,-0.0192,-514.71
47.254,36.865,10.976,-8.98,4.3981,-2.9707,-2.6047,2.7556,-0.0192,-520.79
47.294,36.493,11.128,-9.0891,4.4416,-2.9639,-2.6053,2.7548,-0.0192,-526.89
47.334,36.117,11.283,-9.198,4.4855,-2.9571,-2.6058,2.7541,-0.0192,-532.99
47.374,35.737,11.439,-9.3069,4.5296,-2.9505,-2.6062,2.7533,-0.0192,-539.09
47.414,35.353,11.597,-9.4154,4.5746,-2.944,-2.6064,2.7525,-0.0192,-545.2
47.454,34.964,11.758,-9.5241,4.6193,-2.9377,-2.6067,2.7518,-0.0192,-551.31
47.494,34.572,11.92,-9.6323,4.6649,-2.9314,-2.6067,2.751,-0.0192,-557.42
47.534,34.175,12.085,-9.7405,4.7105,-2.9253,-2.6068,2.7503,-0.0192,-563.53
******-------------------------------------------------------------------------------------------------------------------****** 
TargetID: ID61
Target can not be processed due to lack of Data
******-------------------------------------------------------------------------------------------------------------------****** 
TargetID: ID10
Target can not be processed due to lack of Data
******-------------------------------------------------------------------------------------------------------------------****** 
TargetID: ID62
Relevancy: 0
tj = Inf
Label: -1
Comment: Target is irrelevant as it is not crossing the estimated holding line
DATA:
43.293,50.486,7.7341,-7.1049,-0.63119,-2.6107,-2.3228,-2.9349,0.4938,14.445
43.333,49.98,7.5303,-8.0369,-0.73038,-3.3823,-3.11,-2.9276,0.4659,17.321
43.373,49.671,7.4481,-8.0998,-0.9359,-3.26,-3.0205,-2.9122,0.4635,17.592
43.413,49.307,7.3552,-8.3341,-0.95532,-3.4015,-3.1523,-2.9143,0.4386,19.126
43.453,49.105,7.2667,-8.4546,-1.1649,-2.8734,-2.7668,-2.9077,0.4245,20.105
43.493,48.743,7.1421,-8.1523,-1.1832,-3.2452,-2.9432,-2.892,0.4226,19.493
43.533,48.446,7.0481,-8.6597,-1.8326,-2.9968,-2.9115,-2.847,0.4566,19.386
43.573,48.126,6.9154,-8.7112,-2.0617,-2.9634,-2.8863,-2.8287,0.4566,19.606
43.613,47.939,6.8105,-8.7614,-1.5611,-2.7269,-2.6414,-2.8835,0.3754,23.706
43.653,47.732,6.7506,-7.9838,-1.5932,-2.0276,-1.894,-2.8765,0.3699,22.009
43.693,47.473,6.6493,-7.8021,-1.859,-1.5364,-1.4552,-2.8556,0.3772,21.263
43.733,47.199,6.4733,-7.56,-2.4808,-1.1396,-1.1084,-2.8245,0.3937,20.21
43.773,46.949,6.2669,-7.4118,-2.7547,-0.84982,-0.82961,-2.7858,0.4169,18.966
43.813,46.608,6.292,-7.4588,-2.0311,-0.44345,-0.43058,-2.8589,0.3358,23.021
43.853,46.248,6.2863,-7.4053,-2.0563,-0.23158,-0.22704,-2.8707,0.3128,24.57
43.893,45.941,6.1302,-7.3609,-2.2122,-0.11742,-0.11529,-2.8497,0.3205,23.982
43.933,45.653,6.0196,-7.3369,-2.3081,-0.11681,-0.1147,-2.8368,0.3205,23.998
43.973,45.19,6.1071,-7.4245,-2.0145,0.022891,0.022511,-2.8766,0.275,27.974
44.013,44.899,6.0065,-7.401,-2.0958,0.02279,0.022412,-2.8656,0.275,27.971
44.053,44.516,6.0483,-7.4138,-1.8984,0.16038,0.15801,-2.8909,0.2452,31.211
44.093,44.176,6.1786,-9.2985,6.9751,0.26127,0.25599,-2.9178,0.21749,53.445
44.133,43.797,6.4922,-9.2759,7.2368,0.36228,0.35409,-2.9447,0.18975,62.002
44.173,43.459,6.6435,-7.352,-1.0877,0.46296,0.45187,-2.9716,0.1621,45.848
44.213,43.171,6.5815,-7.3259,-1.1332,0.46199,0.45105,-2.9652,0.1621,45.731
44.253,42.884,6.519,-7.2993,-1.179,0.46102,0.45022,-2.9587,0.1621,45.613
44.293,42.598,6.4526,-7.2726,-1.2239,0.45995,0.4493,-2.9522,0.1621,45.496
44.333,42.314,6.3857,-7.2455,-1.2689,0.45888,0.44838,-2.9457,0.1621,45.378
44.373,42.03,6.3171,-7.2182,-1.3136,0.45781,0.44745,-2.9392,0.1621,45.261
44.413,41.748,6.2477,-7.1905,-1.3582,0.45674,0.44652,-2.9327,0.1621,45.143
44.453,41.466,6.1759,-7.1626,-1.4024,0.45557,0.44549,-2.9262,0.1621,45.025
44.493,41.187,6.1019,-7.1344,-1.4461,0.4544,0.44446,-2.9197,0.1621,44.907
44.533,40.907,6.0279,-7.1058,-1.49,0.45323,0.44342,-2.9132,0.1621,44.789
******-------------------------------------------------------------------------------------------------------------------****** 
TargetID: ID64
Relevancy: 0
tj = Inf
Label: -1
Comment: Target is irrelevant as it is not crossing the estimated holding line
DATA:
59.937,2.704,-13.781,NaN,NaN,NaN,NaN,0.2297,NaN,NaN
59.977,3.2312,-13.794,NaN,NaN,NaN,NaN,0.1681,NaN,NaN
60.017,4.0234,-13.719,10.661,1.836,-0,-0,0.1705,0,Inf
60.057,4.4504,-13.646,10.66,1.8365,-0,-0,0.1706,0,Inf
60.097,4.878,-13.573,10.66,1.8373,-0,-0,0.1707,0,Inf
60.137,5.3043,-13.5,10.66,1.8371,-0,-0,0.1706,0,Inf
60.177,5.5732,-13.301,10.218,1.8915,-0.39442,-0.38772,0.183,-0.1144,-90.836
60.217,5.4815,-12.799,8.7833,2.466,-1.1296,-1.1108,0.2726,-0.2539,-35.931
60.257,5.504,-12.432,7.0661,2.8581,-2.7254,-2.6795,0.3812,-0.2957,-25.777
60.297,5.7862,-12.322,6.9873,2.7321,-2.7286,-2.6828,0.3694,-0.2957,-25.372
60.337,6.2494,-12.235,8.1895,2.0676,-0.73627,-0.72396,0.2464,-0.4718,-17.903
60.378,6.4609,-12,8.0901,2.2177,-0.3082,-0.30296,0.2676,-0.409,-20.51
60.418,6.7851,-11.914,8.1117,2.0813,-0.30588,-0.30068,0.2512,-0.409,-20.476
60.458,7.1106,-11.835,8.1309,1.9452,-0.30406,-0.29889,0.2348,-0.409,-20.441
60.498,7.4366,-11.761,8.1478,1.8091,-0.30285,-0.2977,0.2185,-0.409,-20.406
60.538,7.7631,-11.692,8.1625,1.6728,-0.30224,-0.2971,0.2021,-0.409,-20.372
60.578,8.0901,-11.629,8.1748,1.5365,-0.30204,-0.2969,0.1858,-0.409,-20.337
60.618,8.2679,-11.331,7.6877,2.2186,-0.57392,-0.56391,0.2817,-0.2295,-34.864
60.658,8.4941,-11.165,7.5144,2.2541,-0.71881,-0.70618,0.2924,-0.2045,-38.363
60.698,8.7948,-11.077,7.5013,2.1836,-0.71671,-0.70409,0.2842,-0.2045,-38.204
60.738,9.095,-10.991,7.4877,2.1132,-0.71471,-0.7021,0.2761,-0.2045,-38.045
60.778,9.3952,-10.909,7.4734,2.0436,-0.71291,-0.70031,0.2679,-0.2045,-37.886
60.818,9.6937,-10.828,7.4586,1.9737,-0.71131,-0.69872,0.2597,-0.2045,-37.728
60.858,9.9922,-10.751,7.443,1.9046,-0.70971,-0.69712,0.2516,-0.2045,-37.569
******-------------------------------------------------------------------------------------------------------------------****** 
TargetID: ID65
Target can not be processed due to lack of Data
******-------------------------------------------------------------------------------------------------------------------****** 
TargetID: ID11
Target can not be processed due to lack of Data
******-------------------------------------------------------------------------------------------------------------------****** 
TargetID: ID66
Target can not be processed due to lack of Data
******-------------------------------------------------------------------------------------------------------------------****** 
TargetID: ID67
Target can not be processed due to lack of Data
******-------------------------------------------------------------------------------------------------------------------****** 
TargetID: ID68
Target can not be processed due to lack of Data
******-------------------------------------------------------------------------------------------------------------------****** 
TargetID: ID69
Target can not be processed due to lack of Data
******-------------------------------------------------------------------------------------------------------------------****** 
TargetID: ID72
Target can not be processed due to lack of Data
******-------------------------------------------------------------------------------------------------------------------****** 
TargetID: ID73
Target can not be processed due to lack of Data
******-------------------------------------------------------------------------------------------------------------------****** 
TargetID: ID12
Relevancy: 1
tj = 41.292
Label: 0
Comment: Target is relevant and going straight, since target is crossing Ego X-axis in EFC
DATA:
35.73,60.846,-26.582,-0.33524,4.3935,0.023294,0.022899,1.6471,0.6894,6.3914
35.77,60.833,-26.605,-0.48523,4.2416,-0.082105,-0.080764,1.6841,0.7082,6.0283
35.81,60.809,-26.435,-0.61175,4.2682,-0.099356,-0.097748,1.7124,0.7082,6.0884
35.85,60.781,-26.264,-0.74022,4.2909,-0.1164,-0.11454,1.7407,0.7082,6.1483
35.89,60.747,-26.093,-0.87033,4.3098,-0.13355,-0.13144,1.7691,0.7082,6.2084
35.93,60.707,-25.922,-1.0021,4.3248,-0.1506,-0.14824,1.7973,0.7082,6.2685
35.97,60.631,-25.787,-1.0021,4.3248,NaN,NaN,1.8011,NaN,NaN
36.01,60.555,-25.653,-1.0021,4.3248,NaN,NaN,1.8048,NaN,NaN
36.05,60.479,-25.518,-1.0021,4.3248,NaN,NaN,1.8086,NaN,NaN
36.09,60.403,-25.384,-1.0021,4.3248,NaN,NaN,1.8123,NaN,NaN
36.13,60.327,-25.25,-1.0021,4.3248,NaN,NaN,1.8161,NaN,NaN
36.17,60.251,-25.115,-1.0021,4.3248,NaN,NaN,1.8199,NaN,NaN
36.21,60.175,-24.98,-1.0021,4.3248,NaN,NaN,1.8236,NaN,NaN
36.25,60.099,-24.846,-1.0021,4.3248,NaN,NaN,1.8274,NaN,NaN
36.29,60.023,-24.712,-1.0021,4.3248,NaN,NaN,1.8311,NaN,NaN
36.33,59.947,-24.577,-1.0021,4.3248,NaN,NaN,1.8349,NaN,NaN
36.37,59.871,-24.442,-1.0021,4.3248,NaN,NaN,1.8387,NaN,NaN
36.41,59.795,-24.308,-1.0021,4.3248,NaN,NaN,1.8424,NaN,NaN
36.45,59.719,-24.173,-1.0021,4.3248,NaN,NaN,1.8462,NaN,NaN
36.49,59.643,-24.039,-1.0021,4.3248,NaN,NaN,1.85,NaN,NaN
36.53,59.568,-23.905,-1.0021,4.3248,NaN,NaN,1.8537,NaN,NaN
36.571,59.491,-23.77,-1.0021,4.3248,NaN,NaN,1.8575,NaN,NaN
36.611,59.416,-23.635,-1.0021,4.3248,NaN,NaN,1.8612,NaN,NaN
36.651,59.34,-23.501,-1.0021,4.3248,NaN,NaN,1.865,NaN,NaN
36.69,59.264,-23.366,-1.0021,4.3248,NaN,NaN,1.8688,NaN,NaN
36.73,59.188,-23.232,-1.0021,4.3248,NaN,NaN,1.8725,NaN,NaN
36.771,59.112,-23.097,-1.0021,4.3248,NaN,NaN,1.8763,NaN,NaN
36.811,59.036,-22.963,-1.0021,4.3248,NaN,NaN,1.88,NaN,NaN
36.851,58.96,-22.828,-1.0021,4.3248,NaN,NaN,1.8838,NaN,NaN
36.891,58.884,-22.694,-1.0021,4.3248,NaN,NaN,1.8876,NaN,NaN
36.931,58.808,-22.559,-1.0021,4.3248,NaN,NaN,1.8913,NaN,NaN
36.971,58.732,-22.425,-1.0021,4.3248,NaN,NaN,1.8951,NaN,NaN
37.011,58.656,-22.29,-1.0021,4.3248,NaN,NaN,1.8988,NaN,NaN
37.051,58.58,-22.156,-1.0021,4.3248,NaN,NaN,1.9026,NaN,NaN
37.091,58.504,-22.021,-1.0021,4.3248,NaN,NaN,1.9064,NaN,NaN
37.131,58.428,-21.887,-1.0021,4.3248,NaN,NaN,1.9101,NaN,NaN
37.171,58.352,-21.752,-1.0021,4.3248,NaN,NaN,1.9139,NaN,NaN
37.211,58.276,-21.618,-1.0021,4.3248,NaN,NaN,1.9177,NaN,NaN
37.251,58.2,-21.483,-1.0021,4.3248,NaN,NaN,1.9214,NaN,NaN
37.291,58.125,-21.349,-1.0021,4.3248,NaN,NaN,1.9252,NaN,NaN
37.331,58.049,-21.214,-1.0021,4.3248,NaN,NaN,1.9289,NaN,NaN
37.371,57.973,-21.079,-1.0021,4.3248,NaN,NaN,1.9327,NaN,NaN
37.411,57.897,-20.945,-1.0021,4.3248,NaN,NaN,1.9365,NaN,NaN
37.451,57.821,-20.811,-1.0021,4.3248,NaN,NaN,1.9402,NaN,NaN
37.491,57.745,-20.676,-1.0021,4.3248,NaN,NaN,1.944,NaN,NaN
37.531,57.669,-20.542,-1.0021,4.3248,NaN,NaN,1.9477,NaN,NaN
37.571,57.593,-20.407,-1.0021,4.3248,NaN,NaN,1.9515,NaN,NaN
37.611,57.517,-20.273,-1.0021,4.3248,NaN,NaN,1.9553,NaN,NaN
37.651,57.441,-20.138,-1.0021,4.3248,NaN,NaN,1.959,NaN,NaN
37.691,57.365,-20.004,-1.0021,4.3248,NaN,NaN,1.9628,NaN,NaN
37.731,57.289,-19.869,-1.0021,4.3248,NaN,NaN,1.9665,NaN,NaN
37.771,57.213,-19.734,-1.0021,4.3248,NaN,NaN,1.9703,NaN,NaN
37.811,57.137,-19.6,-1.0021,4.3248,NaN,NaN,1.9741,NaN,NaN
37.851,57.061,-19.465,-1.0021,4.3248,NaN,NaN,1.9778,NaN,NaN
37.891,56.985,-19.331,-1.0021,4.3248,NaN,NaN,1.9816,NaN,NaN
37.931,56.909,-19.197,-1.0021,4.3248,NaN,NaN,1.9853,NaN,NaN
37.971,56.833,-19.062,-1.0021,4.3248,NaN,NaN,1.9891,NaN,NaN
38.011,56.757,-18.927,-1.0021,4.3248,NaN,NaN,1.9929,NaN,NaN
38.051,56.681,-18.793,-1.0021,4.3248,NaN,NaN,1.9966,NaN,NaN
38.091,56.606,-18.659,-1.0021,4.3248,NaN,NaN,2.0004,NaN,NaN
38.131,56.53,-18.524,-1.0021,4.3248,NaN,NaN,2.0042,NaN,NaN
38.171,56.454,-18.389,-1.0021,4.3248,NaN,NaN,2.0079,NaN,NaN
38.211,56.378,-18.255,-1.0021,4.3248,NaN,NaN,2.0117,NaN,NaN
38.251,56.302,-18.12,-1.0021,4.3248,NaN,NaN,2.0154,NaN,NaN
38.291,56.226,-17.986,-1.0021,4.3248,NaN,NaN,2.0192,NaN,NaN
38.331,56.15,-17.852,-1.0021,4.3248,NaN,NaN,2.023,NaN,NaN
38.371,56.074,-17.717,-1.0021,4.3248,NaN,NaN,2.0267,NaN,NaN
38.411,55.998,-17.582,-1.0021,4.3248,NaN,NaN,2.0305,NaN,NaN
38.451,55.922,-17.448,-1.0021,4.3248,NaN,NaN,2.0342,NaN,NaN
38.491,55.846,-17.313,-1.0021,4.3248,NaN,NaN,2.038,NaN,NaN
38.531,55.77,-17.179,-1.0021,4.3248,NaN,NaN,2.0418,NaN,NaN
38.571,55.694,-17.044,-1.0021,4.3248,NaN,NaN,2.0455,NaN,NaN
38.611,55.618,-16.91,-1.0021,4.3248,NaN,NaN,2.0493,NaN,NaN
38.651,55.542,-16.775,-1.0021,4.3248,NaN,NaN,2.053,NaN,NaN
38.691,55.466,-16.641,-1.0021,4.3248,NaN,NaN,2.0568,NaN,NaN
38.731,55.391,-16.506,-1.0021,4.3248,NaN,NaN,2.0606,NaN,NaN
38.771,55.314,-16.372,-1.0021,4.3248,NaN,NaN,2.0643,NaN,NaN
38.811,55.239,-16.237,-1.0021,4.3248,NaN,NaN,2.0681,NaN,NaN
38.851,55.163,-16.103,-1.0021,4.3248,NaN,NaN,2.0719,NaN,NaN
38.891,55.087,-15.968,-1.0021,4.3248,NaN,NaN,2.0756,NaN,NaN
38.931,55.011,-15.834,-1.0021,4.3248,NaN,NaN,2.0794,NaN,NaN
38.971,54.935,-15.699,-1.0021,4.3248,NaN,NaN,2.0831,NaN,NaN
39.011,54.859,-15.565,-1.0021,4.3248,NaN,NaN,2.0869,NaN,NaN
39.051,54.783,-15.43,-1.0021,4.3248,NaN,NaN,2.0907,NaN,NaN
39.091,54.707,-15.296,-1.0021,4.3248,NaN,NaN,2.0944,NaN,NaN
39.131,54.631,-15.161,-1.0021,4.3248,NaN,NaN,2.0982,NaN,NaN
39.171,54.555,-15.027,-1.0021,4.3248,NaN,NaN,2.1019,NaN,NaN
39.211,54.479,-14.892,-1.0021,4.3248,NaN,NaN,2.1057,NaN,NaN
39.251,54.403,-14.758,-1.0021,4.3248,NaN,NaN,2.1095,NaN,NaN
39.291,54.327,-14.623,-1.0021,4.3248,NaN,NaN,2.1132,NaN,NaN
39.331,54.251,-14.489,-1.0021,4.3248,NaN,NaN,2.117,NaN,NaN
39.371,54.175,-14.354,-1.0021,4.3248,NaN,NaN,2.1207,NaN,NaN
39.411,54.099,-14.22,-1.0021,4.3248,NaN,NaN,2.1245,NaN,NaN
39.451,54.024,-14.085,-1.0021,4.3248,NaN,NaN,2.1283,NaN,NaN
39.491,53.948,-13.951,-1.0021,4.3248,NaN,NaN,2.132,NaN,NaN
39.531,53.872,-13.816,-1.0021,4.3248,NaN,NaN,2.1358,NaN,NaN
39.571,53.796,-13.682,-1.0021,4.3248,NaN,NaN,2.1395,NaN,NaN
39.611,53.72,-13.547,-1.0021,4.3248,NaN,NaN,2.1433,NaN,NaN
39.651,53.644,-13.413,-1.0021,4.3248,NaN,NaN,2.1471,NaN,NaN
39.691,53.568,-13.278,-1.0021,4.3248,NaN,NaN,2.1508,NaN,NaN
39.731,53.492,-13.144,-1.0021,4.3248,NaN,NaN,2.1546,NaN,NaN
39.772,53.416,-13.009,-1.0021,4.3248,NaN,NaN,2.1584,NaN,NaN
39.812,53.34,-12.875,-1.0021,4.3248,NaN,NaN,2.1621,NaN,NaN
39.852,53.264,-12.74,-1.0021,4.3248,NaN,NaN,2.1659,NaN,NaN
39.892,53.188,-12.606,-1.0021,4.3248,NaN,NaN,2.1696,NaN,NaN
39.932,53.112,-12.471,-1.0021,4.3248,NaN,NaN,2.1734,NaN,NaN
39.972,53.036,-12.337,-1.0021,4.3248,NaN,NaN,2.1772,NaN,NaN
40.012,52.96,-12.202,-1.0021,4.3248,NaN,NaN,2.1809,NaN,NaN
40.052,52.884,-12.068,-1.0021,4.3248,NaN,NaN,2.1847,NaN,NaN
40.092,52.808,-11.933,-1.0021,4.3248,NaN,NaN,2.1884,NaN,NaN
40.132,52.732,-11.799,-1.0021,4.3248,NaN,NaN,2.1922,NaN,NaN
40.172,52.656,-11.664,-1.0021,4.3248,NaN,NaN,2.196,NaN,NaN
40.212,52.581,-11.53,-1.0021,4.3248,NaN,NaN,2.1997,NaN,NaN
40.252,52.505,-11.395,-1.0021,4.3248,NaN,NaN,2.2035,NaN,NaN
40.292,52.429,-11.261,-1.0021,4.3248,NaN,NaN,2.2072,NaN,NaN
40.332,52.353,-11.126,-1.0021,4.3248,NaN,NaN,2.211,NaN,NaN
40.372,52.277,-10.992,-1.0021,4.3248,NaN,NaN,2.2148,NaN,NaN
40.412,52.201,-10.857,-1.0021,4.3248,NaN,NaN,2.2185,NaN,NaN
40.452,52.125,-10.722,-1.0021,4.3248,NaN,NaN,2.2223,NaN,NaN
40.492,52.049,-10.588,-1.0021,4.3248,NaN,NaN,2.226,NaN,NaN
40.532,51.973,-10.454,-1.0021,4.3248,NaN,NaN,2.2298,NaN,NaN
40.572,51.897,-10.319,-1.0021,4.3248,NaN,NaN,2.2336,NaN,NaN
40.612,51.821,-10.184,-1.0021,4.3248,NaN,NaN,2.2373,NaN,NaN
40.652,51.745,-10.05,-1.0021,4.3248,NaN,NaN,2.2411,NaN,NaN
40.692,51.669,-9.9154,-1.0021,4.3248,NaN,NaN,2.2449,NaN,NaN
40.732,51.593,-9.7809,-1.0021,4.3248,NaN,NaN,2.2486,NaN,NaN
40.772,51.517,-9.6465,-1.0021,4.3248,NaN,NaN,2.2524,NaN,NaN
40.812,51.441,-9.5119,-1.0021,4.3248,NaN,NaN,2.2561,NaN,NaN
40.852,51.365,-9.3774,-1.0021,4.3248,NaN,NaN,2.2599,NaN,NaN
40.892,51.289,-9.2429,-1.0021,4.3248,NaN,NaN,2.2637,NaN,NaN
40.932,51.214,-9.1084,-1.0021,4.3248,NaN,NaN,2.2674,NaN,NaN
40.972,51.138,-8.9739,-1.0021,4.3248,NaN,NaN,2.2712,NaN,NaN
41.012,51.062,-8.8394,-1.0021,4.3248,NaN,NaN,2.2749,NaN,NaN
41.052,50.986,-8.7049,-1.0021,4.3248,NaN,NaN,2.2787,NaN,NaN
41.092,50.91,-8.5704,-1.0021,4.3248,NaN,NaN,2.2825,NaN,NaN
41.132,50.834,-8.4359,-1.0021,4.3248,NaN,NaN,2.2862,NaN,NaN
41.172,50.758,-8.3013,-1.0021,4.3248,NaN,NaN,2.29,NaN,NaN
41.212,50.682,-8.1668,-1.0021,4.3248,NaN,NaN,2.2937,NaN,NaN
41.252,50.606,-8.0317,-1.0021,4.3248,NaN,NaN,2.2975,NaN,NaN
41.292,50.53,-7.8978,-1.0021,4.3248,NaN,NaN,2.3013,NaN,NaN
41.332,50.454,-7.7633,-1.0021,4.3248,NaN,NaN,2.305,NaN,NaN
41.372,50.378,-7.6288,-1.0021,4.3248,NaN,NaN,2.3088,NaN,NaN
41.412,50.302,-7.4943,-1.0021,4.3248,NaN,NaN,2.3125,NaN,NaN
41.452,50.226,-7.3598,-1.0021,4.3248,NaN,NaN,2.3163,NaN,NaN
41.492,50.15,-7.2252,-1.0021,4.3248,NaN,NaN,2.3201,NaN,NaN
41.532,50.074,-7.0905,-1.0021,4.3248,NaN,NaN,2.3238,NaN,NaN
41.572,49.998,-6.9562,-1.0021,4.3248,NaN,NaN,2.3276,NaN,NaN
41.612,49.922,-6.8217,-1.0021,4.3248,NaN,NaN,2.3314,NaN,NaN
41.652,49.846,-6.6865,-1.0021,4.3248,NaN,NaN,2.3351,NaN,NaN
41.692,49.771,-6.5527,-1.0021,4.3248,NaN,NaN,2.3389,NaN,NaN
41.732,49.694,-6.4175,-1.0021,4.3248,NaN,NaN,2.3427,NaN,NaN
41.772,49.619,-6.2835,-1.0021,4.3248,NaN,NaN,2.3464,NaN,NaN
41.812,49.543,-6.1492,-1.0021,4.3248,NaN,NaN,2.3502,NaN,NaN
41.852,49.467,-6.0147,-1.0021,4.3248,NaN,NaN,2.3539,NaN,NaN
41.892,49.391,-5.8797,-1.0021,4.3248,NaN,NaN,2.3577,NaN,NaN
41.932,49.315,-5.7454,-1.0021,4.3248,NaN,NaN,2.3614,NaN,NaN
41.972,49.239,-5.6105,-1.0021,4.3248,NaN,NaN,2.3652,NaN,NaN
42.012,49.163,-5.4766,-1.0021,4.3248,NaN,NaN,2.369,NaN,NaN
42.052,49.087,-5.3421,-1.0021,4.3248,NaN,NaN,2.3727,NaN,NaN
42.092,49.011,-5.2076,-1.0021,4.3248,NaN,NaN,2.3765,NaN,NaN
42.132,48.935,-5.0731,-1.0021,4.3248,NaN,NaN,2.3802,NaN,NaN
42.172,48.859,-4.9386,-1.0021,4.3248,NaN,NaN,2.384,NaN,NaN
42.212,48.783,-4.8041,-1.0021,4.3248,NaN,NaN,2.3878,NaN,NaN
42.252,48.707,-4.6696,-1.0021,4.3248,NaN,NaN,2.3915,NaN,NaN
42.292,48.631,-4.535,-1.0021,4.3248,NaN,NaN,2.3953,NaN,NaN
42.332,48.555,-4.4004,-1.0021,4.3248,NaN,NaN,2.3991,NaN,NaN
42.372,48.479,-4.266,-1.0021,4.3248,NaN,NaN,2.4028,NaN,NaN
42.412,48.404,-4.1315,-1.0021,4.3248,NaN,NaN,2.4066,NaN,NaN
42.452,48.328,-3.997,-1.0021,4.3248,NaN,NaN,2.4103,NaN,NaN
42.492,48.252,-3.8625,-1.0021,4.3248,NaN,NaN,2.4141,NaN,NaN
42.532,48.176,-3.728,-1.0021,4.3248,NaN,NaN,2.4179,NaN,NaN
42.572,48.1,-3.5935,-1.0021,4.3248,NaN,NaN,2.4216,NaN,NaN
42.612,48.024,-3.4589,-1.0021,4.3248,NaN,NaN,2.4254,NaN,NaN
42.653,47.948,-3.3241,-1.0021,4.3248,NaN,NaN,2.4291,NaN,NaN
42.693,47.872,-3.1895,-1.0021,4.3248,NaN,NaN,2.4329,NaN,NaN
42.732,47.796,-3.0555,-1.0021,4.3248,NaN,NaN,2.4367,NaN,NaN
42.773,47.72,-2.9209,-1.0021,4.3248,NaN,NaN,2.4404,NaN,NaN
42.813,47.644,-2.7864,-1.0021,4.3248,NaN,NaN,2.4442,NaN,NaN
42.853,47.568,-2.6513,-1.0021,4.3248,NaN,NaN,2.448,NaN,NaN
42.893,47.492,-2.517,-1.0021,4.3248,NaN,NaN,2.4517,NaN,NaN
42.933,47.416,-2.3824,-1.0021,4.3248,NaN,NaN,2.4555,NaN,NaN
42.973,47.34,-2.2482,-1.0021,4.3248,NaN,NaN,2.4592,NaN,NaN
43.013,47.264,-2.1132,-1.0021,4.3248,NaN,NaN,2.463,NaN,NaN
43.053,47.188,-1.9793,-1.0021,4.3248,NaN,NaN,2.4667,NaN,NaN
43.093,47.112,-1.8447,-1.0021,4.3248,NaN,NaN,2.4705,NaN,NaN
43.133,47.036,-1.7103,-1.0021,4.3248,NaN,NaN,2.4743,NaN,NaN
43.173,46.961,-1.5758,-1.0021,4.3248,NaN,NaN,2.478,NaN,NaN
43.213,46.885,-1.4413,-1.0021,4.3248,NaN,NaN,2.4818,NaN,NaN
43.253,46.808,-1.3064,-1.0021,4.3248,NaN,NaN,2.4856,NaN,NaN
43.293,46.733,-1.1721,-1.0021,4.3248,NaN,NaN,2.4893,NaN,NaN
43.333,46.657,-1.0378,-1.0021,4.3248,NaN,NaN,2.4931,NaN,NaN
43.373,46.581,-0.90309,-1.0021,4.3248,NaN,NaN,2.4968,NaN,NaN
43.413,46.505,-0.76876,-1.0021,4.3248,NaN,NaN,2.5006,NaN,NaN
43.453,46.429,-0.63427,-1.0021,4.3248,NaN,NaN,2.5044,NaN,NaN
43.493,46.353,-0.49968,-1.0021,4.3248,NaN,NaN,2.5081,NaN,NaN
43.533,46.277,-0.36525,-1.0021,4.3248,NaN,NaN,2.5119,NaN,NaN
43.573,46.201,-0.23026,-1.0021,4.3248,NaN,NaN,2.5157,NaN,NaN
43.613,46.125,-0.096228,-1.0021,4.3248,NaN,NaN,2.5194,NaN,NaN
43.653,46.049,0.038321,-1.0021,4.3248,NaN,NaN,2.5232,NaN,NaN
43.693,45.973,0.17282,-1.0021,4.3248,NaN,NaN,2.5269,NaN,NaN
43.733,45.897,0.30738,-1.0021,4.3248,NaN,NaN,2.5307,NaN,NaN
43.773,45.821,0.4418,-1.0021,4.3248,NaN,NaN,2.5344,NaN,NaN
43.813,45.745,0.57638,-1.0021,4.3248,NaN,NaN,2.5382,NaN,NaN
43.853,45.669,0.71104,-1.0021,4.3248,NaN,NaN,2.542,NaN,NaN
43.893,45.593,0.84568,-1.0021,4.3248,NaN,NaN,2.5457,NaN,NaN
43.933,45.518,0.97992,-1.0021,4.3248,NaN,NaN,2.5495,NaN,NaN
43.973,45.442,1.1144,-1.0021,4.3248,NaN,NaN,2.5532,NaN,NaN
44.013,45.366,1.2489,-1.0021,4.3248,NaN,NaN,2.557,NaN,NaN
44.053,45.29,1.3834,-1.0021,4.3248,NaN,NaN,2.5608,NaN,NaN
44.093,45.214,1.518,-1.0021,4.3248,NaN,NaN,2.5645,NaN,NaN
44.133,45.138,1.6527,-1.0021,4.3248,NaN,NaN,2.5683,NaN,NaN
44.173,45.062,1.7869,-1.0021,4.3248,NaN,NaN,2.5721,NaN,NaN
44.213,44.986,1.9218,-1.0021,4.3248,NaN,NaN,2.5758,NaN,NaN
44.253,44.91,2.056,-1.0021,4.3248,NaN,NaN,2.5796,NaN,NaN
44.293,44.834,2.1905,-1.0021,4.3248,NaN,NaN,2.5833,NaN,NaN
44.333,44.758,2.325,-1.0021,4.3248,NaN,NaN,2.5871,NaN,NaN
44.373,44.682,2.4596,-1.0021,4.3248,NaN,NaN,2.5909,NaN,NaN
44.413,44.606,2.5941,-1.0021,4.3248,NaN,NaN,2.5946,NaN,NaN
44.453,44.53,2.7285,-1.0021,4.3248,NaN,NaN,2.5984,NaN,NaN
44.493,44.454,2.863,-1.0021,4.3248,NaN,NaN,2.6021,NaN,NaN
44.533,44.378,2.9976,-1.0021,4.3248,NaN,NaN,2.6059,NaN,NaN
44.573,44.302,3.132,-1.0021,4.3248,NaN,NaN,2.6097,NaN,NaN
44.613,44.226,3.2669,-1.0021,4.3248,NaN,NaN,2.6134,NaN,NaN
44.653,44.15,3.4011,-1.0021,4.3248,NaN,NaN,2.6172,NaN,NaN
44.693,44.075,3.5356,-1.0021,4.3248,NaN,NaN,2.6209,NaN,NaN
44.733,43.999,3.6701,-1.0021,4.3248,NaN,NaN,2.6247,NaN,NaN
44.773,43.923,3.8046,-1.0021,4.3248,NaN,NaN,2.6285,NaN,NaN
44.813,43.847,3.9391,-1.0021,4.3248,NaN,NaN,2.6322,NaN,NaN
44.853,43.771,4.0736,-1.0021,4.3248,NaN,NaN,2.636,NaN,NaN
44.893,43.695,4.2081,-1.0021,4.3248,NaN,NaN,2.6397,NaN,NaN
44.933,43.619,4.3427,-1.0021,4.3248,NaN,NaN,2.6435,NaN,NaN
44.973,43.543,4.4773,-1.0021,4.3248,NaN,NaN,2.6473,NaN,NaN
45.013,43.467,4.6119,-1.0021,4.3248,NaN,NaN,2.651,NaN,NaN
45.053,43.391,4.7462,-1.0021,4.3248,NaN,NaN,2.6548,NaN,NaN
45.093,43.315,4.8808,-1.0021,4.3248,NaN,NaN,2.6586,NaN,NaN
45.133,43.239,5.0156,-1.0021,4.3248,NaN,NaN,2.6623,NaN,NaN
45.173,43.163,5.1497,-1.0021,4.3248,NaN,NaN,2.6661,NaN,NaN
45.213,43.087,5.2842,-1.0021,4.3248,NaN,NaN,2.6698,NaN,NaN
45.253,43.011,5.4187,-1.0021,4.3248,NaN,NaN,2.6736,NaN,NaN
45.293,42.935,5.5533,-1.0021,4.3248,NaN,NaN,2.6774,NaN,NaN
45.333,42.859,5.6877,-1.0021,4.3248,NaN,NaN,2.6811,NaN,NaN
45.373,42.784,5.8223,-1.0021,4.3248,NaN,NaN,2.6849,NaN,NaN
45.413,42.708,5.9568,-1.0021,4.3248,NaN,NaN,2.6886,NaN,NaN
45.453,42.632,6.0914,-1.0021,4.3248,NaN,NaN,2.6924,NaN,NaN
45.493,42.556,6.2258,-1.0021,4.3248,NaN,NaN,2.6962,NaN,NaN
45.533,42.48,6.3603,-1.0021,4.3248,NaN,NaN,2.6999,NaN,NaN
45.573,42.404,6.4949,-1.0021,4.3248,NaN,NaN,2.7037,NaN,NaN
45.613,42.328,6.6293,-1.0021,4.3248,NaN,NaN,2.7074,NaN,NaN
45.654,42.252,6.764,-1.0021,4.3248,NaN,NaN,2.7112,NaN,NaN
45.694,42.176,6.8984,-1.0021,4.3248,NaN,NaN,2.715,NaN,NaN
45.734,42.1,7.0328,-1.0021,4.3248,NaN,NaN,2.7187,NaN,NaN
45.774,42.024,7.1676,-1.0021,4.3248,NaN,NaN,2.7225,NaN,NaN
45.814,41.948,7.302,-1.0021,4.3248,NaN,NaN,2.7263,NaN,NaN
45.854,41.872,7.4364,-1.0021,4.3248,NaN,NaN,2.73,NaN,NaN
45.894,41.796,7.571,-1.0021,4.3248,NaN,NaN,2.7338,NaN,NaN
45.934,41.72,7.7054,-1.0021,4.3248,NaN,NaN,2.7375,NaN,NaN
45.974,41.644,7.84,-1.0021,4.3248,NaN,NaN,2.7413,NaN,NaN
46.014,41.568,7.9746,-1.0021,4.3248,NaN,NaN,2.7451,NaN,NaN
46.054,41.492,8.1089,-1.0021,4.3248,NaN,NaN,2.7488,NaN,NaN
46.094,41.417,8.2434,-1.0021,4.3248,NaN,NaN,2.7526,NaN,NaN
46.134,41.341,8.378,-1.0021,4.3248,NaN,NaN,2.7563,NaN,NaN
46.174,41.265,8.5124,-1.0021,4.3248,NaN,NaN,2.7601,NaN,NaN
46.214,41.189,8.6469,-1.0021,4.3248,NaN,NaN,2.7639,NaN,NaN
46.254,41.113,8.7814,-1.0021,4.3248,NaN,NaN,2.7676,NaN,NaN
46.294,41.037,8.9161,-1.0021,4.3248,NaN,NaN,2.7714,NaN,NaN
46.334,40.961,9.0505,-1.0021,4.3248,NaN,NaN,2.7751,NaN,NaN
46.374,40.885,9.1851,-1.0021,4.3248,NaN,NaN,2.7789,NaN,NaN
46.414,40.809,9.3195,-1.0021,4.3248,NaN,NaN,2.7827,NaN,NaN
46.454,40.733,9.454,-1.0021,4.3248,NaN,NaN,2.7864,NaN,NaN
46.494,40.657,9.5885,-1.0021,4.3248,NaN,NaN,2.7902,NaN,NaN
46.534,40.581,9.7231,-1.0021,4.3248,NaN,NaN,2.7939,NaN,NaN
46.574,40.505,9.8577,-1.0021,4.3248,NaN,NaN,2.7977,NaN,NaN
46.614,40.429,9.9921,-1.0021,4.3248,NaN,NaN,2.8015,NaN,NaN
46.654,40.353,10.127,-1.0021,4.3248,NaN,NaN,2.8052,NaN,NaN
46.694,40.277,10.261,-1.0021,4.3248,NaN,NaN,2.809,NaN,NaN
46.734,40.201,10.396,-1.0021,4.3248,NaN,NaN,2.8128,NaN,NaN
46.774,40.125,10.53,-1.0021,4.3248,NaN,NaN,2.8165,NaN,NaN
46.814,40.049,10.665,-1.0021,4.3248,NaN,NaN,2.8203,NaN,NaN
46.854,39.973,10.799,-1.0021,4.3248,NaN,NaN,2.824,NaN,NaN
46.894,39.898,10.934,-1.0021,4.3248,NaN,NaN,2.8278,NaN,NaN
46.934,39.822,11.068,-1.0021,4.3248,NaN,NaN,2.8316,NaN,NaN
46.974,39.746,11.203,-1.0021,4.3248,NaN,NaN,2.8353,NaN,NaN
47.013,39.671,11.335,-1.0021,4.3248,NaN,NaN,2.839,NaN,NaN
47.054,39.594,11.472,-1.0021,4.3248,NaN,NaN,2.8428,NaN,NaN
47.094,39.518,11.606,NaN,NaN,NaN,NaN,2.8466,NaN,NaN
******-------------------------------------------------------------------------------------------------------------------****** 
TargetID: ID76
Target can not be processed due to lack of Data
******-------------------------------------------------------------------------------------------------------------------****** 
TargetID: ID77
Target can not be processed due to lack of Data
******-------------------------------------------------------------------------------------------------------------------****** 
TargetID: ID78
Target can not be processed due to lack of Data
******-------------------------------------------------------------------------------------------------------------------****** 
TargetID: ID14
Target can not be processed due to lack of Data
******-------------------------------------------------------------------------------------------------------------------****** 
TargetID: ID79
Target can not be processed due to lack of Data
******-------------------------------------------------------------------------------------------------------------------****** 
TargetID: ID80
Relevancy: 0
tj = Inf
Label: -1
Comment: Target is irrelevant as it is not crossing the estimated holding line
DATA:
37.051,59.146,-32.957,NaN,NaN,NaN,NaN,2.4241,NaN,NaN
37.091,59.332,-32.382,NaN,NaN,NaN,NaN,1.6018,NaN,NaN
37.131,59.325,-32.186,NaN,NaN,NaN,NaN,1.6018,NaN,NaN
37.171,59.319,-31.989,NaN,NaN,NaN,NaN,1.6018,NaN,NaN
37.211,NaN,NaN,NaN,NaN,NaN,NaN,-2.7458,NaN,NaN
37.251,NaN,NaN,NaN,NaN,NaN,NaN,2.004,NaN,NaN
37.291,NaN,NaN,NaN,NaN,NaN,NaN,2.5194,NaN,NaN
37.331,NaN,NaN,NaN,NaN,NaN,NaN,2.0668,NaN,NaN
37.371,NaN,NaN,NaN,NaN,NaN,NaN,1.7078,NaN,NaN
37.411,NaN,NaN,NaN,NaN,NaN,NaN,1.6735,NaN,NaN
37.451,NaN,NaN,NaN,NaN,NaN,NaN,2.2982,NaN,NaN
37.491,NaN,NaN,NaN,NaN,NaN,NaN,2.2981,NaN,NaN
37.531,NaN,NaN,NaN,NaN,NaN,NaN,1.9362,NaN,NaN
37.571,NaN,NaN,NaN,NaN,NaN,NaN,1.923,NaN,NaN
37.611,NaN,NaN,NaN,NaN,NaN,NaN,1.923,NaN,NaN
37.651,NaN,NaN,NaN,NaN,NaN,NaN,1.7743,NaN,NaN
37.691,NaN,NaN,NaN,NaN,NaN,NaN,1.7308,NaN,NaN
37.731,NaN,NaN,NaN,NaN,NaN,NaN,1.6899,NaN,NaN
37.771,59.367,-29.577,-0.53902,4.9062,-0,-0,1.6802,0,Inf
37.811,59.41,-29.247,-0.39212,5.0922,0.03126,0.030741,1.6475,-0.0144,-354.67
37.851,59.254,-29.205,-0.61516,4.8004,0.10132,0.099706,1.6976,-0.0117,-413.64
37.891,59.311,-28.873,-0.48065,4.9889,0.10969,0.10794,1.6662,-0.0187,-268.02
37.931,59.344,-28.599,-0.40265,5.0979,0.14283,0.14051,1.6489,-0.0177,-288.91
37.971,59.395,-28.29,-0.30832,5.2514,0.16927,0.16651,1.6286,-0.0091,-578.07
38.011,59.718,-29.597,-0.40193,5.1853,0.14153,0.14084,1.6391,-0.001,-5200.8
38.051,59.809,-29.22,-0.25029,5.4209,0.16588,0.16338,1.6169,0.0198,274.07
38.091,59.786,-29.044,-0.37509,5.3921,0.18412,0.18287,1.6294,0.035,154.43
38.131,59.677,-28.918,-0.33943,5.271,0.20741,0.20133,1.648,0.0444,118.96
38.171,59.681,-28.686,-0.46325,5.3369,0.22457,0.22371,1.6438,0.0456,117.48
38.211,59.728,-28.398,-0.2669,5.4486,0.23423,0.22732,1.6333,0.04,136.38
38.251,59.712,-28.18,-0.2692,5.4591,0.25664,0.24876,1.6349,0.04,136.64
38.291,59.758,-27.779,-0.093029,5.8348,0.27571,0.27541,1.5735,-0.0445,-131.14
38.331,59.76,-27.543,-0.088749,5.8624,0.2989,0.29889,1.5718,-0.0445,-131.76
38.371,59.851,-27.062,0.35415,6.3754,0.3286,0.32728,1.5031,-0.1184,-53.929
38.411,59.874,-26.804,0.38344,6.4253,0.35206,0.35083,1.4984,-0.1184,-54.365
38.451,59.898,-26.545,0.41338,6.4752,0.37543,0.37428,1.4937,-0.1184,-54.801
38.491,59.922,-26.285,0.44416,6.5249,0.3988,0.39774,1.489,-0.1184,-55.237
38.531,59.949,-26.022,0.47539,6.5744,0.42197,0.42101,1.4843,-0.1184,-55.672
38.571,60.111,-25.43,0.81704,7.0895,0.37472,0.37206,1.4457,-0.1353,-52.745
38.611,60.153,-25.144,0.86209,7.1567,0.39328,0.39053,1.4403,-0.1353,-53.278
******-------------------------------------------------------------------------------------------------------------------****** 
TargetID: ID81
Target can not be processed due to lack of Data
******-------------------------------------------------------------------------------------------------------------------****** 
TargetID: ID82
Target can not be processed due to lack of Data
******-------------------------------------------------------------------------------------------------------------------****** 
TargetID: ID15
Target can not be processed due to lack of Data
******-------------------------------------------------------------------------------------------------------------------****** 
TargetID: ID83
Target can not be processed due to lack of Data
******-------------------------------------------------------------------------------------------------------------------****** 
TargetID: ID16
Target can not be processed due to lack of Data
******-------------------------------------------------------------------------------------------------------------------****** 
TargetID: ID84
Target can not be processed due to lack of Data
******-------------------------------------------------------------------------------------------------------------------****** 
TargetID: ID85
Relevancy: 0
tj = Inf
Label: -1
Comment: Target is irrelevant as it is not crossing the estimated holding line
DATA:
60.097,65.822,-41.842,NaN,NaN,NaN,NaN,2.4123,NaN,NaN
60.137,65.508,-41.563,NaN,NaN,NaN,NaN,2.4123,NaN,NaN
60.177,65.196,-41.282,NaN,NaN,NaN,NaN,2.4123,NaN,NaN
60.217,64.884,-41.002,NaN,NaN,NaN,NaN,2.4123,NaN,NaN
60.257,66.418,-38.433,NaN,NaN,NaN,NaN,1.548,NaN,NaN
60.297,66.432,-37.806,NaN,NaN,NaN,NaN,1.548,NaN,NaN
60.337,66.715,-37.744,-1.1832,13.979,-0,-0,1.6552,0,Inf
60.378,66.667,-37.185,-1.1832,13.979,-0,-0,1.6552,0,Inf
60.418,66.619,-36.627,-1.1829,13.979,-0,-0,1.6552,0,Inf
60.458,66.573,-36.067,-1.1833,13.979,-0,-0,1.6552,0,Inf
60.498,66.526,-35.506,-1.1835,13.979,-0,-0,1.6553,0,Inf
60.538,66.479,-34.947,-1.1835,13.979,-0,-0,1.6553,0,Inf
60.578,66.432,-34.388,-1.1837,13.979,-0,-0,1.6553,0,Inf
60.618,66.382,-33.832,-1.1828,13.979,-0,-0,1.6552,0,Inf
60.658,66.336,-33.272,-1.1831,13.979,-0,-0,1.6552,0,Inf
60.698,66.289,-32.711,-1.1835,13.979,-0,-0,1.6553,0,Inf
60.738,63.972,-35.158,-4.1806,8.3271,0.31063,0.30511,2.0367,0.1567,59.462
60.778,63.805,-34.823,-4.226,8.2866,0.32435,0.31856,2.043,0.1567,59.362
60.818,63.633,-34.494,-4.2701,8.2464,0.33797,0.33192,2.0493,0.1567,59.262
60.858,63.462,-34.164,-4.3145,8.2057,0.35159,0.34528,2.0556,0.1567,59.163
60.898,63.288,-33.838,-4.3582,8.1649,0.36501,0.35843,2.0618,0.1567,59.063
60.938,63.112,-33.512,-4.4015,8.1239,0.37822,0.37139,2.0681,0.1567,58.964
60.978,62.934,-33.189,-4.4446,8.0826,0.39144,0.38435,2.0743,0.1567,58.864
61.018,62.756,-32.865,-4.4875,8.041,0.40456,0.39721,2.0806,0.1567,58.765
61.058,62.572,-32.547,-4.5295,7.9996,0.41747,0.40986,2.0868,0.1567,58.666
61.098,62.389,-32.23,-4.5712,7.9577,0.43029,0.42242,2.0931,0.1567,58.565
61.138,62.203,-31.915,-4.6125,7.9158,0.443,0.43488,2.0993,0.1567,58.466
61.178,62.016,-31.6,-4.6537,7.8735,0.45562,0.44723,2.1055,0.1567,58.366
61.218,61.829,-31.287,-4.6947,7.831,0.46803,0.45939,2.1118,0.1567,58.267
61.258,61.639,-30.974,-4.7354,7.7882,0.48035,0.47145,2.1181,0.1567,58.168
******-------------------------------------------------------------------------------------------------------------------****** 
TargetID: ID17
Target can not be processed due to lack of Data
******-------------------------------------------------------------------------------------------------------------------****** 
TargetID: ID86
Target can not be processed due to lack of Data
******-------------------------------------------------------------------------------------------------------------------****** 
TargetID: ID18
Target can not be processed due to lack of Data
******-------------------------------------------------------------------------------------------------------------------****** 
TargetID: ID87
Target can not be processed due to lack of Data
******-------------------------------------------------------------------------------------------------------------------****** 
