******-------------------------------------------------------------------------------------------------------------------****** 
Duration of the scene is: 46.5224 seconds
Original Targets Numbers in the hole Scene: 3
Number of Targets in the hole Scene after preprocessing: 6
Number of static portions: 1
******-------------------------------------------------------------------------------------------------------------------****** 
TargetID: ID01
Relevancy: 1
tj = 37.9217
Label: 1
Comment: Target is relevant and Turning, since the velocity ratio is highly changing at the end
DATA:
33.601,11.946,41.378,NaN,NaN,NaN,NaN,-1.8243,NaN,NaN
33.641,11.987,41.223,NaN,NaN,NaN,NaN,-1.7915,NaN,NaN
33.681,12.553,40.731,NaN,NaN,NaN,NaN,-1.4557,NaN,NaN
33.721,12.35,40.408,NaN,NaN,NaN,NaN,-1.5676,NaN,NaN
33.761,11.808,40.213,NaN,NaN,NaN,NaN,-1.8263,NaN,NaN
33.801,11.99,39.791,NaN,NaN,NaN,NaN,-1.698,NaN,NaN
33.841,12.271,39.368,NaN,NaN,NaN,NaN,-1.5645,NaN,NaN
33.882,12.824,38.862,NaN,NaN,NaN,NaN,-1.3894,NaN,NaN
33.921,13.169,38.681,1.169,-8.6532,0,0,-1.4365,0,Inf
33.961,13.141,38.321,1.0888,-8.5875,-0.008881,-0.008719,-1.4447,0.0203,426.42
34.001,13.09,37.995,0.9421,-8.5321,-0.033303,-0.032697,-1.4609,0.0194,442.47
34.041,13.216,37.632,1.0911,-8.5512,-0.04057,-0.039826,-1.4438,0.0291,296.24
34.081,13.077,37.336,0.78556,-8.4857,0.09122,0.089577,-1.4786,0.0041,2078.5
34.121,13.225,36.992,1.0013,-8.5149,0.10323,0.10137,-1.4539,0.0235,364.83
34.161,13.232,36.665,0.96921,-8.5036,0.12704,0.12473,-1.4573,0.0217,394.41
34.201,13.271,36.322,0.97313,-8.4985,0.13451,0.13204,-1.4566,0.0215,397.86
34.242,13.257,36.003,0.89517,-8.4643,0.14106,0.13854,-1.4656,0.0121,703.43
34.282,13.287,35.676,0.90494,-8.4559,0.14822,0.14558,-1.4644,0.0144,590.57
34.321,13.351,35.334,0.88745,-8.4855,0.1517,0.14888,-1.4664,0.0015,5687.9
34.362,13.387,34.995,0.88706,-8.4827,0.16926,0.16611,-1.4663,0.0015,5686
34.401,13.391,34.661,0.81454,-8.4584,0.16185,0.15887,-1.4745,-0.0095,-894.48
34.442,13.427,34.323,0.81937,-8.4527,0.15579,0.15297,-1.4742,-0.0087,-976.13
34.481,13.439,33.991,0.77338,-8.4439,0.15442,0.15155,-1.4792,-0.0148,-572.92
34.522,13.443,33.658,0.70563,-8.4252,0.14913,0.14643,-1.4872,-0.0246,-343.69
34.562,13.382,33.333,0.47116,-8.3603,0.11241,0.11037,-1.5145,-0.0585,-143.14
34.601,13.318,33.024,0.28002,-8.2871,0.094046,0.092352,-1.5372,-0.0841,-98.595
34.642,13.32,32.688,0.2319,-8.2738,0.078609,0.07717,-1.5427,-0.0859,-96.357
34.682,13.462,32.325,0.45699,-8.3456,0.061757,0.06064,-1.5162,-0.0513,-162.93
34.721,13.525,31.985,0.52392,-8.351,0.059033,0.057954,-1.508,-0.0401,-208.66
34.762,13.642,31.637,0.65737,-8.3881,0.058326,0.057271,-1.4927,-0.0243,-346.25
34.801,13.646,31.307,0.60946,-8.3653,0.053382,0.052406,-1.498,-0.0285,-294.3
34.841,12.181,31.996,-2.0208,-7.0177,0.48476,0.47234,-1.847,-0.4861,-15.023
34.882,12.224,31.637,-1.9948,-7.1298,0.36516,0.35648,-1.8405,-0.459,-16.13
34.921,12.294,31.822,-2.0354,-7.0941,0.30813,0.30286,-1.8457,-0.4421,-16.694
34.962,12.242,31.499,-2.1168,-7.1497,0.27581,0.26948,-1.8547,-0.4289,-17.385
35.002,12.202,31.187,-2.1814,-7.1389,0.24735,0.24184,-1.8639,-0.4179,-17.862
35.042,12.218,30.882,-2.0619,-7.1306,0.23272,0.22867,-1.8489,-0.3732,-19.889
35.082,12.214,30.565,-2.113,-7.1489,0.2243,0.21936,-1.855,-0.362,-20.593
35.122,12.135,30.27,-2.1694,-7.1351,0.19931,0.19502,-1.8632,-0.3524,-21.162
35.162,12.125,29.941,-2.1667,-7.1238,0.19466,0.19048,-1.8633,-0.334,-22.293
35.202,12.195,29.874,-2.0887,-7.1316,0.16328,0.16036,-1.8528,-0.3022,-24.59
35.242,12.173,29.17,-1.856,-7.2422,0.12887,0.12623,-1.8199,-0.2457,-30.428
35.282,12.213,28.82,-1.8296,-7.2669,0.10552,0.1034,-1.816,-0.2281,-32.853
35.322,12.092,28.588,-2.0369,-7.217,0.094297,0.092437,-1.8446,-0.2506,-29.924
35.362,12.113,28.246,-2.0195,-7.2217,0.090863,0.089075,-1.8422,-0.2357,-31.815
35.402,12.075,27.929,-2.0102,-7.2123,0.095308,0.093424,-1.8413,-0.2237,-33.47
35.442,12.144,27.579,-1.9357,-7.2235,0.092684,0.090851,-1.8313,-0.2021,-37.003
35.482,12.178,27.549,-1.8279,-7.221,0.093954,0.092244,-1.817,-0.1777,-41.917
35.522,12.155,27.112,-1.7989,-7.2234,0.087307,0.085727,-1.8134,-0.1662,-44.79
35.562,12.152,26.77,-1.7558,-7.2822,0.061782,0.060581,-1.8064,-0.1514,-49.477
35.602,12.132,26.472,-1.7975,-7.3114,0.02604,0.025552,-1.8114,-0.1502,-50.127
35.642,12.185,26.307,-1.6755,-7.4214,-0.021593,-0.02121,-1.7932,-0.1259,-60.431
35.682,12.19,26.035,-1.5591,-7.5519,-0.066455,-0.065249,-1.7757,-0.1039,-74.217
35.722,12.273,25.661,-1.4081,-7.5751,-0.041768,-0.041048,-1.7554,-0.0797,-96.674
35.762,12.339,25.288,-1.2616,-7.6143,-0.025325,-0.02488,-1.7355,-0.0574,-134.46
35.802,12.336,24.947,-1.1803,-7.6479,-0.019875,-0.019527,-1.7243,-0.0447,-173.12
35.843,12.34,24.57,-1.0847,-7.6822,-0.01433,-0.014075,-1.7114,-0.0311,-249.47
35.882,12.432,24.194,-0.91656,-7.7207,-0.002119,-0.002081,-1.689,-0.0094,-827.12
35.922,12.513,23.862,-0.74406,-7.8112,-0.011808,-0.011596,-1.666,0.0111,706.9
35.962,12.535,23.523,-0.67079,-7.8425,-0.007972,-0.007828,-1.6563,0.0192,409.95
36.002,12.609,23.226,-0.51253,-7.9201,-0.006862,-0.006737,-1.6356,0.0361,219.85
36.042,12.648,22.878,-0.40993,-7.9528,0.000303,0.000297,-1.6223,0.0463,171.99
36.082,12.749,22.563,-0.22012,-8.0208,0.006054,0.005944,-1.5981,0.065,123.44
36.122,12.855,22.189,-0.051843,-8.0556,0.013016,0.012777,-1.5769,0.0806,99.947
36.162,12.848,21.875,-0.054419,-8.0735,0.01463,0.014361,-1.5772,0.0778,103.78
36.202,13.004,21.528,0.14989,-8.1883,0.026333,0.025839,-1.5519,0.0956,85.666
36.242,13.082,21.184,0.25629,-8.2563,0.036623,0.035924,-1.5389,0.1028,80.353
36.282,13.156,20.986,0.36145,-8.2475,0.039447,0.038687,-1.526,0.1103,74.845
36.322,13.111,20.681,0.33855,-8.2582,0.038377,0.037602,-1.5288,0.1044,79.168
36.362,13.156,20.357,0.36848,-8.2359,0.034606,0.033942,-1.5252,0.1045,78.891
36.402,13.205,19.942,0.19712,-8.097,0.011808,0.011586,-1.5462,0.0865,93.635
36.441,13.291,19.581,0.25368,-8.1156,0.011101,0.010893,-1.5393,0.0895,90.721
36.482,13.345,19.229,0.30199,-8.1539,0.013929,0.013665,-1.5334,0.0912,89.468
36.522,13.284,18.967,0.25266,-8.0675,0.007772,0.007626,-1.5393,0.0839,96.203
36.562,13.342,18.62,0.32287,-8.089,0.00858,0.008417,-1.5307,0.0884,91.578
36.602,13.402,18.284,0.10409,-7.9416,0.000808,0.000792,-1.5577,0.0647,122.75
36.642,13.406,17.965,0.086806,-7.9151,0.000505,0.000495,-1.5598,0.0609,129.98
36.682,13.43,17.641,0.10775,-7.9284,0.001615,0.001585,-1.5572,0.0609,130.2
36.722,13.466,17.311,0.044499,-7.8864,0.001817,0.001783,-1.5651,0.0524,150.51
36.762,13.588,16.985,0.07172,-7.9054,0.002827,0.002773,-1.5616,0.0534,148.05
36.802,13.612,16.654,0.052525,-7.8884,0.00313,0.00307,-1.5641,0.0494,159.69
36.842,13.667,16.313,0.064817,-7.9155,0.00424,0.004159,-1.5626,0.0491,161.22
36.882,13.654,16.002,0.025893,-7.9268,0.00636,0.006238,-1.5674,0.0428,185.21
36.922,13.649,15.706,-0.000203,-7.9514,0.008178,0.008019,-1.5706,0.038,209.25
36.962,13.662,15.372,-0.007236,-8.0153,0.009793,0.009604,-1.5715,0.0353,227.06
37.002,13.723,14.986,0.029788,-8.1431,0.014639,0.014355,-1.5668,0.0377,216
37.042,13.747,14.636,0.01586,-8.2328,0.016558,0.016234,-1.5685,0.0345,238.63
37.082,13.75,14.354,0.019954,-8.1372,0.013327,0.013066,-1.568,0.0351,231.83
37.122,13.723,14.063,-0.12243,-8.1703,0.004241,0.004158,-1.5857,0.0173,472.32
37.162,13.62,13.741,-0.14052,-8.1813,0.003131,0.003069,-1.5879,0.0149,549.16
37.202,13.637,13.4,-0.17184,-8.2472,-0.001616,-0.001584,-1.5917,0.011,749.91
37.242,13.627,13.06,-0.18804,-8.3078,-0.004746,-0.004654,-1.5935,0.0086,966.27
37.282,13.656,12.723,-0.17952,-8.3134,-0.002727,-0.002673,-1.5925,0.0101,823.3
37.322,13.595,12.441,-0.27417,-8.2808,-0.011919,-0.011683,-1.6042,-0.0006,-13809
37.362,13.619,12.13,-0.34003,-8.3102,-0.021312,-0.020896,-1.6122,-0.0081,-1026.8
37.402,13.596,11.802,-0.49492,-8.3516,-0.047401,-0.046464,-1.631,-0.0242,-345.71
37.442,13.578,11.469,-0.52237,-8.3731,-0.049529,-0.048541,-1.6342,-0.0258,-325.17
37.482,13.574,11.135,-0.51994,-8.4067,-0.04781,-0.046855,-1.6336,-0.0242,-348.05
37.522,13.542,10.815,-0.53442,-8.4514,-0.052057,-0.051019,-1.6351,-0.0247,-342.84
37.562,13.52,10.483,-0.57982,-8.4771,-0.057423,-0.056268,-1.6403,-0.0281,-302.38
37.602,13.488,10.152,-0.60834,-8.5143,-0.061874,-0.060631,-1.6434,-0.03,-284.53
37.642,13.393,9.9048,-0.75583,-8.3514,-0.061774,-0.060531,-1.6624,-0.0445,-188.44
37.682,13.39,9.6529,-0.73773,-8.1853,-0.026279,-0.025739,-1.6613,-0.0415,-198.04
37.722,13.313,9.3544,-0.82588,-8.1654,-0.034672,-0.03396,-1.6724,-0.0496,-165.47
37.762,13.249,9.0543,-0.92393,-8.1201,-0.037709,-0.036928,-1.6849,-0.0582,-140.42
37.802,13.154,8.7787,-1.0657,-8.0341,-0.041759,-0.040886,-1.7036,-0.0716,-113.19
37.842,13.061,8.4917,-1.1823,-7.9793,-0.047728,-0.04673,-1.7189,-0.0818,-98.612
37.882,12.975,8.2256,-1.3081,-7.8912,-0.049453,-0.048408,-1.7361,-0.0933,-85.733
37.922,12.843,7.9901,-1.5062,-7.6837,-0.02548,-0.024933,-1.7649,-0.1128,-69.414
37.962,12.739,7.727,-1.6491,-7.5758,-0.017592,-0.017214,-1.7855,-0.1252,-61.927
38.002,12.663,7.4286,-1.6969,-7.5617,-0.016785,-0.01642,-1.7919,-0.1262,-61.409
38.042,12.527,7.1935,-1.8997,-7.414,-0.015672,-0.015332,-1.8219,-0.1455,-52.601
38.082,12.364,6.9858,-2.1102,-7.1408,0.043253,0.042301,-1.8573,-0.1676,-44.428
38.122,12.271,6.6863,-2.1684,-7.1883,0.003033,0.002966,-1.8637,-0.1675,-44.826
38.162,12.163,6.3945,-2.2511,-7.2171,-0.036414,-0.035608,-1.8738,-0.1702,-44.418
38.202,10.878,6.3893,-7.7902,-3.5242,-0.1216,-0.1189,-2.7155,-0.1702,-50.236
38.242,10.607,6.2659,-7.9342,-3.3465,-0.11524,-0.11267,-2.7411,-0.1798,-47.893
38.282,10.325,6.1101,-8.1735,-3.1483,-0.286,-0.27958,-2.7706,-0.1734,-50.512
38.322,10.05,5.9502,-8.3151,-3.0724,-0.63,-0.61579,-2.7803,-0.1384,-64.051
38.362,9.8319,5.7746,-8.2114,-3.294,-0.91353,-0.89318,-2.7501,0.0109,811.7
38.402,9.5573,5.6093,-8.3364,-3.3,-1.2639,-1.2356,-2.7512,0.0295,303.92
38.442,9.248,5.3604,-8.1559,-3.7338,-1.1756,-1.1496,-2.7013,0.211,42.512
38.482,9.0267,5.2039,-8.1939,-3.6742,-1.3056,-1.2765,-2.7077,0.1704,52.699
38.522,8.9436,5.1348,-7.8357,-3.5292,-0.78178,-0.76414,-2.7103,0.1446,59.431
38.562,8.7803,5.0058,-7.3744,-3.4934,-0.042499,-0.041509,-2.6987,0.1546,52.781
38.602,8.5668,4.8677,-7.2673,-3.4107,0.062611,0.061148,-2.7035,0.126,63.713
38.642,8.3687,4.7269,-6.9391,-3.4066,0.50113,0.48912,-2.6913,0.1436,53.831
38.682,8.1241,4.5981,-7.0321,-3.2909,0.33239,0.32436,-2.7081,0.0897,86.556
38.722,7.8324,4.4934,-7.2066,-3.2105,0.063739,0.062212,-2.7233,0.0483,163.34
38.762,8.1721,4.0421,-7.8516,-3.0586,0.060809,0.059342,-2.7709,0.0409,206.02
38.802,7.9863,4.1295,-6.5212,-2.452,0.17595,0.1717,-2.7853,-0.1797,-38.77
38.842,7.7208,4.0427,-6.5666,-2.1561,0.3258,0.31796,-2.8313,-0.3952,-17.489
38.882,7.448,3.9534,-6.4981,-2.0648,0.48372,0.47415,-2.8449,-0.431,-15.82
38.922,7.1944,3.9005,-6.4162,-2.0727,0.72257,0.71455,-2.8461,-0.4111,-16.402
38.962,6.9357,3.8509,-6.294,-2.0133,1.1062,1.1047,-2.8601,-0.4258,-15.519
39.002,6.5687,3.8486,-6.2438,-0.68529,1.757,1.6197,-2.978,-0.7678,-8.1809
39.042,6.3552,3.8382,-4.7197,-0.17545,2.5114,2.4622,-2.9738,-0.69785,-6.7679
39.082,6.1691,3.8072,-4.8491,-1.7142,3.2678,3.307,-2.9695,-0.6277,-8.1937
39.122,5.9637,3.7876,-5.3996,0.63045,2.8894,2.917,-2.1444,-0.7146,-7.6074
39.162,5.7393,3.8497,-5.7906,2.3749,2.5107,2.5267,-1.3186,-0.80157,-7.808
39.202,5.5023,3.9697,-6.0218,3.5177,2.1318,2.1361,-0.49242,-0.88859,-7.8483
39.242,5.2575,4.1245,-6.0927,4.0594,1.7501,1.7428,0.33972,-0.97623,-7.4994
39.282,5.0171,4.2862,-6.004,3.9957,1.3747,1.3559,1.1582,-1.0624,-6.7882
39.322,4.7814,4.4347,-5.7554,3.3323,0.99619,0.96577,1.9836,-1.1494,-5.7862
39.362,4.5588,4.5447,-5.3469,2.0673,0.61762,0.57559,2.809,-1.2363,-4.6369
39.402,4.3628,4.6602,-5.2157,2.3219,0.60788,0.56399,2.7596,-1.2363,-4.618
39.441,4.1746,4.785,-5.0721,2.5681,0.59636,0.55088,2.7101,-1.2363,-4.5985
******-------------------------------------------------------------------------------------------------------------------****** 
TargetID: ID02
Target can not be processed due to lack of Data
******-------------------------------------------------------------------------------------------------------------------****** 
TargetID: ID05
Target can not be processed due to lack of Data
******-------------------------------------------------------------------------------------------------------------------****** 
TargetID: ID06
Target can not be processed due to lack of Data
******-------------------------------------------------------------------------------------------------------------------****** 
TargetID: ID08
Target can not be processed due to lack of Data
******-------------------------------------------------------------------------------------------------------------------****** 
TargetID: ID09
Target can not be processed due to lack of Data
******-------------------------------------------------------------------------------------------------------------------****** 
