******-------------------------------------------------------------------------------------------------------------------****** 
Duration of the scene is: 55.9211 seconds
Original Targets Numbers in the hole Scene: 2
Number of Targets in the hole Scene after preprocessing: 2
Number of static portions: 1
******-------------------------------------------------------------------------------------------------------------------****** 
TargetID: ID01
Relevancy: 0
tj = Inf
Label: -1
Comment: Target is irrelevant as it is not crossing the estimated holding line
DATA:
11.56,16.09,-4.2261,0.56146,-1.4727,0.083218,0.25059,-1.3282,-0.3626,-4.3468
11.6,16.069,-4.2285,0.55541,-1.287,0.095329,0.3075,-1.3423,-0.3625,-3.8668
11.64,16.089,-4.2785,0.47239,-1.2054,0.089247,0.29518,-1.3536,-0.36121,-3.5841
11.68,16.106,-4.3251,0.39264,-1.1283,0.083195,0.28291,-1.3649,-0.35993,-3.3192
11.72,16.121,-4.3687,0.31555,-1.0553,0.077126,0.27061,-1.3762,-0.35864,-3.0711
11.76,16.132,-4.4095,0.24137,-0.98646,0.07106,0.25832,-1.3874,-0.35736,-2.8418
11.8,16.14,-4.4476,0.17017,-0.92192,0.065003,0.24605,-1.3987,-0.35608,-2.6329
11.841,16.145,-4.484,0.10028,-0.86021,0.058806,0.23349,-1.4102,-0.35476,-2.4412
11.88,16.148,-4.5167,0.03603,-0.8051,0.052858,0.22144,-1.4213,-0.3535,-2.2798
11.92,16.148,-4.5478,-0.026584,-0.75309,0.046799,0.20916,-1.4326,-0.35222,-2.1395
11.96,16.146,-4.577,-0.086495,-0.70514,0.040722,0.19685,-1.4439,-0.35093,-2.0244
12,16.141,-4.6043,-0.1434,-0.66149,0.034659,0.18456,-1.4551,-0.34965,-1.9358
12.04,16.135,-4.63,-0.19756,-0.62193,0.028581,0.17224,-1.4664,-0.34836,-1.8732
12.08,16.126,-4.6541,-0.24868,-0.58669,0.022523,0.15997,-1.4777,-0.34708,-1.836
12.12,16.115,-4.6769,-0.29699,-0.55558,0.016456,0.14767,-1.489,-0.34579,-1.8219
12.16,16.102,-4.6986,-0.34243,-0.52867,0.010388,0.13538,-1.5003,-0.3445,-1.8284
12.2,16.087,-4.7193,-0.38492,-0.50599,0.0043322,0.12311,-1.5115,-0.34322,-1.8523
12.24,16.071,-4.7392,-0.42468,-0.48743,-0.0017457,0.11079,-1.5228,-0.34193,-1.8907
12.28,16.053,-4.7583,-0.46148,-0.4731,-0.0078107,0.098502,-1.5341,-0.34065,-1.9401
12.32,16.034,-4.7771,-0.49543,-0.46295,-0.013878,0.086207,-1.5454,-0.33936,-1.998
12.36,16.014,-4.7955,-0.5265,-0.457,-0.019948,0.073908,-1.5567,-0.33808,-2.0622
12.4,15.992,-4.8137,-0.55467,-0.45524,-0.026011,0.061622,-1.568,-0.33679,-2.1306
12.44,15.97,-4.8319,-0.58001,-0.45768,-0.032085,0.049314,-1.5793,-0.33551,-2.2022
12.48,15.946,-4.8503,-0.60242,-0.4643,-0.038146,0.037033,-1.5905,-0.33422,-2.2757
12.52,15.921,-4.8691,-0.62196,-0.4751,-0.044204,0.024755,-1.6018,-0.33294,-2.3508
12.56,15.896,-4.8884,-0.63868,-0.49014,-0.050284,0.012436,-1.6131,-0.33165,-2.4275
12.6,15.87,-4.9084,-0.65248,-0.50933,-0.056347,0.00015072,-1.6244,-0.33037,-2.5055
12.64,15.844,-4.9293,-0.66343,-0.53279,-0.062429,-0.012174,-1.6357,-0.32908,-2.5857
12.68,15.817,-4.9513,-0.67154,-0.56061,-0.068542,-0.024561,-1.6471,-0.32778,-2.6688
12.72,15.79,-4.9741,-0.67665,-0.5921,-0.074549,-0.036733,-1.6582,-0.32651,-2.7538
12.76,15.763,-4.9985,-0.67896,-0.6281,-0.08062,-0.049035,-1.6695,-0.32522,-2.844
12.8,15.736,-5.0244,-0.6784,-0.66817,-0.086673,-0.061301,-1.6808,-0.32394,-2.9394
12.84,15.709,-5.052,-0.67495,-0.71257,-0.092747,-0.073609,-1.6921,-0.32265,-3.0419
12.88,15.682,-5.0815,-0.66863,-0.76118,-0.09882,-0.085917,-1.7034,-0.32137,-3.1526
12.92,15.655,-5.113,-0.65943,-0.8139,-0.10489,-0.098207,-1.7146,-0.32008,-3.2726
12.96,15.629,-5.1466,-0.64738,-0.87077,-0.11095,-0.11049,-1.7259,-0.3188,-3.4036
13,15.604,-5.1827,-0.63242,-0.93196,-0.11702,-0.12279,-1.7372,-0.31751,-3.5472
13.04,15.579,-5.2213,-0.61459,-0.9973,-0.12309,-0.13509,-1.7485,-0.31623,-3.7045
13.08,15.555,-5.2625,-0.59394,-1.0667,-0.12914,-0.14736,-1.7598,-0.31494,-3.8765
13.12,15.531,-5.3067,-0.57033,-1.1405,-0.13522,-0.15968,-1.7711,-0.31366,-4.0655
13.16,15.509,-5.3539,-0.54388,-1.2184,-0.14129,-0.17197,-1.7823,-0.31237,-4.2715
13.2,15.488,-5.4042,-0.51457,-1.3005,-0.14735,-0.18426,-1.7936,-0.31109,-4.4957
13.24,15.468,-5.4579,-0.48237,-1.3868,-0.15342,-0.19656,-1.8049,-0.3098,-4.7394
13.28,15.447,-5.6118,-0.56428,-1.5962,-0.20737,-0.26099,-1.8082,-0.3062,-5.5292
13.32,15.419,-5.7642,-0.63913,-1.7924,-0.25754,-0.31954,-1.8131,-0.3032,-6.2762
13.36,15.397,-5.9057,-0.70262,-1.9606,-0.29874,-0.36604,-1.8185,-0.3005,-6.9306
13.4,15.358,-6.0406,-0.76317,-2.1033,-0.33467,-0.40542,-1.8265,-0.2989,-7.4857
******-------------------------------------------------------------------------------------------------------------------****** 
TargetID: ID02
Relevancy: 1
tj = 48.5215
Label: 0
Comment: Target is relevant and going straight, since target is crossing Ego X-axis in EFC
DATA:
43.761,-87.761,-44.132,7.0234,5.4668,-0.08559,-0.089761,-5.6217,0.3126,28.472
43.801,-87.535,-43.83,6.9441,5.5366,-0.10855,-0.11359,-5.6101,0.3076,28.872
43.841,-87.283,-43.616,6.9394,5.5529,-0.061228,-0.063943,-5.6083,0.2949,30.138
43.881,-86.963,-43.468,6.9129,5.6253,-0.0098885,-0.010307,-5.6001,0.2935,30.366
43.921,-86.751,-43.191,6.7444,5.7853,-0.0053921,-0.0056061,-5.5742,0.308,28.85
43.961,-86.527,-42.939,6.5841,5.8978,-0.065875,-0.068303,-5.5527,0.3182,27.779
44.001,-86.303,-42.676,6.4227,6.0265,-0.084454,-0.087322,-5.5296,0.3288,26.786
44.041,-86.017,-42.465,6.3421,6.1206,-0.066375,-0.06841,-5.5156,0.3304,26.676
44.081,-85.782,-42.216,6.3006,6.166,-0.067182,-0.069006,-5.5086,0.3242,27.192
44.121,-85.525,-41.967,6.1932,6.2772,-0.048424,-0.049569,-5.4911,0.3282,26.868
44.161,-85.309,-41.697,6.0968,6.355,-0.055636,-0.056759,-5.4771,0.3289,26.776
44.201,-85.057,-41.45,6.0631,6.4158,-0.025582,-0.026015,-5.4695,0.3234,27.296
44.241,-84.919,-41.295,6.0061,6.4675,-0.033669,-0.034129,-5.4608,0.3194,27.634
44.281,-84.63,-41.076,6.0148,6.547,0.066552,0.067247,-5.4554,0.3122,28.477
44.321,-84.421,-40.793,5.7919,6.8001,0.15017,0.15122,-5.4178,0.3332,26.808
44.361,-84.191,-40.515,5.7096,6.9068,0.18056,0.18124,-5.4033,0.3339,26.838
44.401,-83.925,-40.255,5.7244,6.9664,0.22826,0.22834,-5.4001,0.325,27.744
44.441,-83.72,-39.964,5.587,7.0255,0.14722,0.14678,-5.3842,0.328,27.366
44.481,-83.485,-39.691,5.529,7.0368,0.081359,0.08084,-5.3784,0.3227,27.732
44.521,-83.28,-39.412,5.4214,7.1003,0.049335,0.048864,-5.3645,0.3237,27.598
44.561,-83.111,-39.091,5.2335,7.1817,-0.017312,-0.017088,-5.3422,0.3316,26.798
44.601,-82.902,-38.888,5.2214,7.1797,-0.041937,-0.041262,-5.3412,0.3224,27.536
44.641,-82.537,-38.704,5.1051,7.2169,-0.093315,-0.091478,-5.328,0.3231,27.36
44.681,-82.388,-38.368,5.0383,7.2769,-0.073133,-0.071455,-5.3179,0.321,27.573
44.721,-82.097,-38.143,5.1188,7.2316,-0.07265,-0.070738,-5.3284,0.304,29.144
44.761,-81.912,-37.841,5.0205,7.3436,-0.0066976,-0.006501,-5.3121,0.3065,29.023
44.801,-81.677,-37.574,4.9988,7.3632,-0.0056915,-0.0055071,-5.3088,0.3,29.666
44.841,-81.506,-37.263,4.8782,7.4378,-0.0098742,-0.0095224,-5.2929,0.3028,29.375
44.881,-81.357,-36.945,4.6993,7.4932,-0.073008,-0.070165,-5.2725,0.3089,28.633
44.921,-81.18,-36.63,4.5876,7.5453,-0.078032,-0.074729,-5.2586,0.31,28.485
44.961,-81.005,-36.318,4.4801,7.6127,-0.061995,-0.05917,-5.2442,0.3112,28.384
45.001,-80.8,-36.014,4.4372,7.6548,-0.040786,-0.038788,-5.2377,0.3071,28.811
45.041,-80.718,-35.651,4.3013,7.7314,-0.037361,-0.035413,-5.2201,0.3111,28.439
45.081,-80.504,-35.382,4.2416,7.744,-0.049558,-0.0468,-5.2134,0.3072,28.742
45.121,-80.378,-35.046,4.165,7.8296,0.0010296,0.00096955,-5.2013,0.307,28.888
45.161,-80.177,-34.744,4.1637,7.8481,0.019702,0.018479,-5.2002,0.2995,29.663
45.201,-80.028,-34.428,4.1407,7.9013,0.059623,0.055713,-5.1951,0.2948,30.26
45.241,-79.863,-34.111,4.0717,7.9483,0.062202,0.057925,-5.1859,0.2932,30.459
45.281,-79.698,-33.82,3.9673,7.9444,0.0090188,0.0083691,-5.1756,0.292,30.411
45.321,-79.571,-33.483,3.8491,8.0006,0.0017656,0.001632,-5.1608,0.2943,30.168
45.361,-79.448,-33.133,3.7803,8.0832,0.042126,0.038807,-5.1498,0.2941,30.342
45.401,-79.332,-32.806,3.6437,8.1192,0.017083,0.015686,-5.1343,0.2963,30.035
45.441,-79.186,-32.489,3.5583,8.1549,0.01294,0.011836,-5.1238,0.2954,30.12
45.481,-79.018,-32.205,3.5799,8.1315,0.0065849,0.0060011,-5.1271,0.2855,31.12
45.521,-78.923,-31.856,3.4519,8.1372,-0.040318,-0.036593,-5.1135,0.2874,30.755
45.561,-78.759,-31.55,3.4187,8.1585,-0.021505,-0.019443,-5.1091,0.2824,31.324
45.601,-78.671,-31.195,3.2961,8.24,0.0042035,0.0037855,-5.0929,0.2854,31.096
45.641,-78.506,-30.908,3.2836,8.2412,0.012738,0.011426,-5.0916,0.2782,31.888
45.681,-78.344,-30.616,3.2634,8.2366,0.012337,0.011026,-5.0897,0.2718,32.596
45.721,-78.244,-30.265,3.169,8.2836,0.01405,0.012505,-5.0778,0.2727,32.523
45.761,-78.142,-29.9,3.0607,8.3459,0.019259,0.017076,-5.0639,0.2752,32.302
45.801,-78.068,-29.537,2.9396,8.3972,0.016536,0.014604,-5.0492,0.2779,32.015
45.841,-77.934,-29.212,2.8978,8.4161,0.019645,0.01728,-5.044,0.2741,32.474
45.881,-77.79,-28.888,2.9137,8.4208,0.031064,0.027214,-5.0456,0.2659,33.511
45.921,-77.609,-28.595,2.9181,8.3814,0.013638,0.011904,-5.0475,0.2581,34.385
45.961,-77.483,-28.267,2.8789,8.3942,0.013662,0.011876,-5.0428,0.2546,34.855
46.001,-77.337,-27.962,2.8609,8.3956,0.01871,0.0162,-5.0409,0.2487,35.664
46.041,-77.165,-27.671,2.8854,8.3679,0.017352,0.01496,-5.0445,0.2399,36.896
46.081,-77.088,-27.322,2.7411,8.3857,-0.0032186,-0.0027638,-5.0283,0.2436,36.217
46.123,-76.976,-27.003,2.7302,8.364,-0.0095655,-0.0081803,-5.0279,0.2374,37.061
46.161,-76.89,-26.635,2.6456,8.4302,0.0052757,0.0044935,-5.0165,0.239,36.969
46.201,-76.818,-26.279,2.4966,8.5014,0.0081961,0.0069535,-4.9981,0.2451,36.15
46.241,-76.771,-25.914,2.3442,8.576,0.013397,0.011317,-4.9792,0.2511,35.407
46.283,-76.749,-25.567,2.1069,8.6765,0.012771,0.010743,-4.9506,0.2638,33.846
46.321,-76.765,-25.259,1.8861,8.7583,0.0092156,0.0077192,-4.9245,0.2744,32.65
46.361,-76.71,-24.909,1.7731,8.7969,0.0090141,0.0075186,-4.9113,0.276,32.514
46.401,-76.929,-25.662,1.6492,8.8434,0.0094645,0.0078632,-4.8969,0.2781,32.348
46.441,-76.688,-24.259,1.4358,8.9277,0.0079545,0.0065814,-4.8719,0.2876,31.441
46.481,-76.83,-24.818,1.2848,8.9905,0.0063312,0.0052158,-4.8544,0.2918,31.124
46.521,-76.806,-24.631,1.2062,9.0199,0.0043739,0.0035888,-4.8454,0.29,31.38
46.561,-76.739,-24.244,1.1448,9.0506,0.0021908,0.0017895,-4.8382,0.2874,31.742
46.601,-76.726,-23.886,1.0872,9.0742,-0.00032888,-0.00026756,-4.8316,0.2845,32.124
46.641,-76.691,-23.52,0.96771,9.124,-0.0057155,-0.0046261,-4.818,0.2867,32.003
46.681,-76.636,-23.141,0.88716,9.1381,-0.0096895,-0.0078071,-4.809,0.2855,32.158
46.721,-76.56,-22.787,0.85781,9.191,-0.015661,-0.012564,-4.8052,0.2794,33.039
46.761,-76.524,-22.431,0.78341,9.1813,-0.018557,-0.014827,-4.7972,0.2774,33.218
46.801,-76.49,-22.043,0.70287,9.1922,-0.022572,-0.017953,-4.7883,0.2764,33.354
46.842,-76.457,-21.683,0.63911,9.1875,-0.024496,-0.019395,-4.7814,0.2739,33.624
46.881,-76.471,-21.287,0.50069,9.2391,-0.032422,-0.025547,-4.766,0.2772,33.379
46.921,-76.487,-20.906,0.365,9.258,-0.036706,-0.028783,-4.7512,0.2803,33.055
46.961,-76.474,-20.54,0.28028,9.2669,-0.041117,-0.032087,-4.7419,0.2789,33.242
47.001,-76.456,-20.177,0.20795,9.2762,-0.046547,-0.036149,-4.734,0.2764,33.569
47.041,-76.454,-19.808,0.11871,9.2852,-0.050984,-0.039413,-4.7243,0.2754,33.718
47.081,-76.401,-19.483,0.13625,9.2045,-0.039203,-0.030173,-4.7265,0.2661,34.594
47.122,-76.381,-19.134,0.094791,9.1825,-0.039269,-0.030086,-4.722,0.2613,35.144
47.161,-76.346,-18.803,0.073303,9.1108,-0.027653,-0.021088,-4.72,0.2553,35.688
47.201,-76.342,-18.443,-0.0015897,9.1202,-0.034005,-0.025806,-4.7116,0.2538,35.935
47.243,-76.373,-18.061,-0.19959,9.2167,-0.058866,-0.044442,-4.6897,0.2631,35.04
47.281,-76.373,-17.704,-0.25301,9.1893,-0.055016,-0.041339,-4.6839,0.2598,35.384
47.322,-76.385,-17.337,-0.34826,9.2064,-0.063255,-0.047294,-4.6735,0.2602,35.407
47.361,-76.402,-16.939,-0.44676,9.2181,-0.068343,-0.05086,-4.6628,0.261,35.36
47.401,-76.415,-16.544,-0.53737,9.2337,-0.076737,-0.056837,-4.6529,0.2609,35.451
47.441,-76.417,-16.189,-0.59018,9.2275,-0.084139,-0.062011,-4.6471,0.2575,35.908
47.481,-76.424,-15.813,-0.64331,9.1967,-0.077454,-0.056815,-4.6412,0.2545,36.225
47.521,-76.442,-15.424,-0.73235,9.2088,-0.084653,-0.061788,-4.6316,0.2547,36.269
47.561,-76.466,-15.091,-0.80483,9.1888,-0.08057,-0.058524,-4.6236,0.2536,36.372
47.601,-76.508,-14.62,-0.89854,9.2006,-0.088484,-0.063961,-4.6136,0.2541,36.381
47.641,-76.533,-14.289,-0.96339,9.1729,-0.07958,-0.057249,-4.6064,0.2521,36.586
47.681,-76.572,-13.937,-1.0654,9.1901,-0.091878,-0.065756,-4.5954,0.2535,36.496
47.721,-76.619,-13.575,-1.1464,9.1815,-0.091348,-0.065042,-4.5866,0.2526,36.63
47.761,-76.663,-13.215,-1.2237,9.1679,-0.08874,-0.062865,-4.5782,0.2514,36.791
47.801,-76.714,-12.861,-1.3041,9.1569,-0.087963,-0.062008,-4.5694,0.2504,36.938
47.842,-76.768,-12.507,-1.3784,9.1406,-0.084647,-0.059366,-4.5612,0.249,37.124
47.882,-76.831,-12.143,-1.4698,9.135,-0.087921,-0.061329,-4.5513,0.249,37.159
47.922,-76.882,-11.804,-1.535,9.1031,-0.077169,-0.053562,-4.5439,0.247,37.375
47.962,-76.948,-11.46,-1.6213,9.0744,-0.070323,-0.048575,-4.5343,0.2472,37.29
48.001,-77.016,-11.119,-1.7047,9.0396,-0.060897,-0.041857,-4.5249,0.2474,37.182
48.041,-77.036,-11.043,-1.763,8.9615,-0.028346,-0.0194,-4.5175,0.2455,37.203
48.081,-77.093,-10.742,-1.8061,8.8517,0.020221,0.013789,-4.5116,0.2426,37.239
48.123,-77.152,-10.452,-1.8532,8.7409,0.067921,0.04616,-4.5051,0.2403,37.184
48.161,-76.362,-11.402,-1.7972,9.7729,0.11603,0.077862,-4.5283,0.2367,41.98
48.202,-76.463,-10.775,-1.8242,10.012,0.11539,0.077666,-4.5343,0.2427,41.931
48.241,-76.531,-10.515,-1.7199,9.7928,0.13878,0.092161,-4.5359,0.2185,45.504
48.282,-76.593,-10.17,-1.705,9.6223,0.21813,0.14371,-4.5326,0.1802,54.23
48.321,-76.691,-9.7949,-1.8822,9.5669,0.22756,0.14923,-4.5134,0.212,45.992
48.361,-76.751,-9.4745,-1.7974,9.14,0.51965,0.33657,-4.5063,0.221,42.15
48.401,-76.866,-9.1209,-1.9623,9.1388,0.55313,0.35338,-4.4882,0.2482,37.659
48.441,-76.934,-8.748,-1.9813,9.0871,0.56928,0.36185,-4.4844,0.2302,40.402
48.482,-77.075,-8.124,-2.1187,9.9603,-0.3094,-0.19999,-4.4968,0.1597,63.764
48.522,-77.174,-7.7264,-2.1872,9.9699,-0.31758,-0.20466,-4.4903,0.1597,63.914
48.561,-77.276,-7.488,-2.4332,9.4338,0.20454,0.13378,-4.4643,0.2006,48.567
48.601,-77.533,-7.3144,-3.1097,8.9837,0.48392,0.32003,-4.3902,0.3223,29.496
48.641,-77.64,-6.9129,-3.0539,9.0481,0.42003,0.27126,-4.3869,0.3072,31.086
48.681,-77.718,-6.5545,-2.9856,9.0212,0.39571,0.25992,-4.4018,0.2461,38.612
48.721,-77.795,-6.1902,-2.8118,9.0497,0.40549,0.25629,-4.402,0.2276,41.637
48.762,-77.949,-5.8928,-2.88,8.875,0.59174,0.36962,-4.3848,0.2353,39.654
48.802,-78.138,-5.6006,-3.1213,8.736,0.59852,0.37315,-4.355,0.2704,34.308
48.841,-78.3,-5.2999,-3.2533,8.6374,0.60776,0.37843,-4.3376,0.2777,33.237
48.881,-78.519,-5.0193,-3.4953,8.4936,0.62604,0.38923,-4.3068,0.3071,29.908
48.922,-78.731,-4.7301,-3.7772,8.4023,0.4855,0.30451,-4.2781,0.331,27.832
48.961,-78.949,-4.4342,-4.0276,8.3112,0.38109,0.24056,-4.2519,0.3492,26.448
49.002,-79.181,-4.1371,-4.2902,8.2069,0.26415,0.16786,-4.2243,0.3674,25.206
49.042,-79.406,-3.8385,-4.5235,8.1263,0.13933,0.089118,-4.2011,0.3779,24.611
49.082,-79.642,-3.5525,-4.7245,7.9834,0.12518,0.080106,-4.175,0.3918,23.677
49.122,-79.8,-3.2246,-4.7822,7.9426,0.12495,0.079943,-4.1674,0.3824,24.245
49.162,-79.992,-2.9236,-4.8744,7.8437,0.17477,0.11151,-4.1521,0.3828,24.125
49.201,-80.188,-2.608,-4.9564,7.7671,0.21017,0.13389,-4.1392,0.3804,24.221
49.242,-80.439,-2.3503,-5.1523,7.6477,0.20258,0.12919,-4.1145,0.3902,23.632
49.281,-80.71,-2.0971,-5.3584,7.5075,0.15925,0.10182,-4.0886,0.4001,23.053
49.322,-80.902,-1.8113,-5.3946,7.4064,0.23249,0.14799,-4.0771,0.395,23.197
49.362,-81.159,-1.5524,-5.5955,7.3158,0.12024,0.076993,-4.0565,0.3984,23.118
49.401,-81.393,-1.2715,-5.699,7.2195,0.11138,0.071327,-4.0414,0.397,23.168
49.441,-81.605,-0.9694,-5.7635,7.1666,0.10745,0.068822,-4.0324,0.3897,23.599
49.482,-81.795,-0.64893,-5.7916,7.1427,0.10434,0.066846,-4.0285,0.3783,24.308
49.523,-82.022,-0.36751,-5.8763,7.0716,0.095637,0.061297,-4.0167,0.3744,24.558
49.562,-82.268,-0.10091,-5.9601,7.0089,0.081628,0.052372,-4.0057,0.3674,25.042
49.602,-82.944,0.1375,-3.4168,8.8731,0.057133,0.036695,-4.3435,0.3662,25.965
49.642,-82.884,0.48608,-4.0053,8.3346,-0.10933,-0.070859,-4.2671,0.3832,24.131
49.682,-82.94,0.93273,-4.3109,8.2721,-0.41764,-0.27497,-4.242,0.4283,21.779
49.722,-83.166,1.1999,-4.5091,8.0763,-0.29396,-0.19245,-4.2104,0.4295,21.536
49.762,-83.295,1.5708,-4.538,8.1389,-0.38599,-0.25391,-4.2131,0.4049,23.014
49.802,-83.701,1.7224,-5.2515,7.6403,-0.53541,-0.35486,-4.1233,0.5279,17.562
49.842,-83.903,2.0442,-5.3044,7.6339,-0.50107,-0.33146,-4.1174,0.4853,19.155
49.882,-84.173,2.2764,-5.5342,7.4363,-0.25166,-0.16432,-4.0788,0.5284,17.543
49.922,-84.456,2.5378,-5.7337,7.229,-0.10644,-0.068958,-4.0445,0.5603,16.468
49.962,-84.897,2.6945,-6.4014,6.5517,0.046766,0.030054,-3.9375,0.774,11.834
******-------------------------------------------------------------------------------------------------------------------****** 
