******-------------------------------------------------------------------------------------------------------------------****** 
Duration of the scene is: 32.6059 seconds
Original Targets Numbers in the hole Scene: 4
Number of Targets in the hole Scene after preprocessing: 14
Number of static portions: 2
******-------------------------------------------------------------------------------------------------------------------****** 
TargetID: ID01
Target can not be processed due to lack of Data
******-------------------------------------------------------------------------------------------------------------------****** 
TargetID: ID09
Target can not be processed due to lack of Data
******-------------------------------------------------------------------------------------------------------------------****** 
TargetID: ID13
Relevancy: 1
tj = 24.8049
Label: 0
Comment: Target is relevant and going straight, since target is crossing Ego X-axis in EFC
DATA:
22.405,33.913,16.047,-7.3669,-0.51193,-1.2548,-0.99206,-3.0722,0.2866,25.766
22.443,34.45,16.203,25.249,6.5309,-1.5338,-1.1935,-3.0767,0.25664,101.62
22.483,35.032,16.379,-7.6894,-0.15188,-1.8276,-1.4057,-3.0815,0.2251,34.167
22.524,34.734,16.356,-7.787,-0.24696,-1.7797,-1.3818,-3.0718,0.2224,35.031
22.565,34.392,16.348,-7.9496,-0.20902,-1.9163,-1.4864,-3.0757,0.2098,37.904
22.605,34.11,16.29,-7.8986,-0.38968,-1.7383,-1.3525,-3.0569,0.2161,36.595
22.644,33.913,16.209,-7.5435,-0.82342,-1.1153,-0.87394,-3.0098,0.2559,29.653
22.685,33.656,16.15,-7.3785,-1.0692,-0.80671,-0.63406,-2.9812,0.2811,26.523
22.724,33.345,16.082,-7.4787,-1.0793,-1.0293,-0.80526,-2.978,0.2701,27.975
22.763,33.042,16.027,-7.5602,-1.1448,-1.0619,-0.83394,-2.9711,0.264,28.963
22.805,32.722,15.973,-7.6725,-1.147,-1.175,-0.92234,-2.9714,0.2478,31.306
22.843,32.472,15.886,-7.4657,-1.4393,-0.84209,-0.66278,-2.9359,0.2845,26.725
22.883,32.21,15.809,-7.3163,-1.6599,-0.62337,-0.49135,-2.9076,0.3085,24.318
22.924,31.995,15.71,-6.9499,-2.0389,-0.20259,-0.15997,-2.8529,0.3682,19.671
22.964,31.716,15.614,-6.9375,-2.1316,-0.18688,-0.14758,-2.8405,0.3653,19.868
23.005,31.425,15.505,-7.0083,-2.1793,-0.34279,-0.27043,-2.8348,0.3534,20.768
23.045,31.177,15.402,-6.8659,-2.37,-0.20541,-0.16223,-2.8062,0.3715,19.552
23.084,30.863,15.293,-7.0065,-2.3675,-0.47386,-0.37346,-2.809,0.3486,21.215
23.125,30.588,15.182,-6.9891,-2.473,-0.47386,-0.37355,-2.7951,0.3486,21.267
23.165,30.38,15.047,-6.7096,-2.7446,-0.15035,-0.11874,-2.7515,0.3849,18.834
23.204,30.117,14.922,-6.6706,-2.85,-0.15267,-0.12057,-2.736,0.3849,18.846
23.245,29.857,14.792,-6.6299,-2.9549,-0.1551,-0.1225,-2.7206,0.3849,18.858
23.285,29.773,14.63,-6.0137,-3.3481,0.33096,0.26154,-2.6362,0.4603,14.953
23.324,29.514,14.496,-5.9856,-3.3942,0.39785,0.31434,-2.6288,0.4499,15.295
23.364,29.285,14.344,-5.9091,-3.4895,0.39091,0.30884,-2.6108,0.4499,15.253
23.405,29.058,14.189,-5.831,-3.5834,0.38385,0.30325,-2.5928,0.4499,15.212
23.445,28.884,14.043,-5.6197,-3.7285,0.43171,0.34107,-2.5577,0.4645,14.519
23.484,28.67,13.878,-5.5333,-3.8177,0.42375,0.33477,-2.5391,0.4645,14.473
23.525,28.46,13.709,-5.4458,-3.9049,0.41568,0.32838,-2.5206,0.4645,14.427
23.565,28.273,13.561,-5.2485,-3.9635,0.58182,0.45962,-2.4955,0.4698,13.999
23.605,28.119,13.394,-5.0714,-4.1026,0.49649,0.39221,-2.4611,0.4811,13.559
23.645,27.976,13.208,-4.8602,-4.2308,0.49701,0.39263,-2.4239,0.4958,12.997
23.684,27.789,13.021,-4.7922,-4.3148,0.43019,0.33985,-2.407,0.493,13.08
23.724,27.581,12.813,-4.7588,-4.3604,0.44448,0.35115,-2.398,0.4864,13.27
23.765,27.358,12.655,-4.7958,-4.3704,0.37105,0.29313,-2.4011,0.4664,13.912
23.804,27.117,12.483,-4.8626,-4.3534,0.33855,0.26745,-2.4102,0.4442,14.693
23.845,26.971,12.314,-4.693,-4.4584,0.32676,0.25814,-2.3801,0.4518,14.327
23.884,26.736,12.152,-4.774,-4.4399,0.25244,0.19942,-2.3913,0.4279,15.236
23.924,26.489,11.984,-4.8847,-4.4323,0.12151,0.095991,-2.4043,0.4041,16.323
23.964,26.268,11.803,-4.9085,-4.4553,0.071353,0.056368,-2.4043,0.3919,16.915
24.005,26.077,11.615,-4.8524,-4.5143,0.069911,0.055228,-2.392,0.3894,17.02
24.045,25.915,11.428,-4.7274,-4.615,0.073571,0.05812,-2.3678,0.3949,16.73
24.085,25.667,11.281,-4.8623,-4.546,0.0022188,0.0017534,-2.3898,0.3656,18.207
24.125,25.183,11.424,-4.8505,-4.5619,0.017201,0.013588,-2.3868,0.357,18.652
24.165,24.973,11.237,-4.8819,-4.6125,-0.084785,-0.066979,-2.3849,0.3484,19.277
24.205,24.821,11.025,-4.72,-4.7279,-0.025635,-0.020251,-2.3555,0.3593,18.594
24.245,24.681,10.826,-4.5311,-4.825,0.059806,0.047254,-2.3243,0.3701,17.884
24.284,24.544,10.611,-4.3503,-4.9237,0.11571,0.091424,-2.2933,0.381,17.245
24.324,24.417,10.402,-4.1961,-5.0023,0.1513,0.11955,-2.2671,0.388,16.828
24.364,24.269,10.175,-4.1116,-5.1389,0.027734,0.021923,-2.2453,0.3925,16.768
24.404,24.104,9.982,-4.1093,-5.138,0.046925,0.037091,-2.2448,0.382,17.223
24.446,23.947,9.7865,-4.1122,-5.1377,0.0548,0.043317,-2.2451,0.371,17.738
24.484,23.754,9.5918,-4.1615,-5.2106,-0.10664,-0.084319,-2.246,0.3597,18.539
24.526,23.59,9.3782,-4.1332,-5.2487,-0.10828,-0.085659,-2.2392,0.3551,18.814
24.564,23.444,9.1621,-4.0201,-5.276,-0.0097598,-0.0077231,-2.222,0.3572,18.57
24.607,23.298,8.9541,-3.9175,-5.2819,0.086143,0.068165,-2.2077,0.3572,18.41
24.645,23.152,8.7484,-3.9022,-5.2719,0.12107,0.095777,-2.2062,0.3488,18.804
24.685,22.97,8.5718,-3.9182,-5.1875,0.20012,0.15842,-2.2148,0.3341,19.458
24.725,22.853,8.3393,-3.7921,-5.2612,0.18561,0.14708,-2.1925,0.3403,19.058
24.764,22.678,8.149,-3.8134,-5.2094,0.23369,0.18512,-2.1991,0.3276,19.707
24.805,22.545,7.9449,-3.7186,-5.3119,0.12226,0.096952,-2.1796,0.3305,19.619
24.846,22.412,7.729,-3.6317,-5.384,0.081396,0.064572,-2.1628,0.3322,19.55
24.885,22.287,7.5523,-3.4416,-5.2803,0.39018,0.30848,-2.1409,0.3385,18.62
24.926,22.17,7.3279,-3.3226,-5.2715,0.37745,0.29977,-2.1255,0.3399,18.333
24.965,22.074,7.1171,-3.0709,-5.386,0.35587,0.28275,-2.0807,0.3618,17.137
25.005,22.003,6.8766,-2.9059,-5.4897,0.2841,0.22576,-2.0506,0.3716,16.715
25.045,21.955,6.629,-2.6672,-5.521,0.32048,0.25469,-2.012,0.3878,15.811
25.084,21.838,6.4272,-2.6364,-5.4574,0.38242,0.30275,-2.0099,0.3799,15.954
25.124,21.779,6.1952,-2.4588,-5.487,0.33239,0.26421,-1.9819,0.3877,15.509
25.166,21.688,5.9706,-2.3961,-5.4668,0.35888,0.28409,-1.9725,0.3848,15.511
25.207,21.614,5.746,-2.2765,-5.4707,0.30944,0.24609,-1.9549,0.3856,15.367
25.246,21.537,5.5213,-2.167,-5.4199,0.36737,0.29062,-1.9383,0.3884,15.029
25.284,21.447,5.3387,-2.1374,-5.2887,0.41838,0.33062,-1.9395,0.3777,15.103
25.327,21.357,5.1602,-2.1121,-5.1545,0.46294,0.36546,-1.9419,0.3665,15.199
25.365,21.322,4.9303,-1.9275,-5.1429,0.40944,0.3254,-1.9125,0.3763,14.595
25.405,21.144,4.7504,-1.7414,-5.2322,0.32643,0.2591,-1.878,0.3901,14.136
25.445,21.106,4.5325,-1.4587,-5.3065,0.253,0.2007,-1.8273,0.4158,13.235
25.484,21.055,4.325,-1.3832,-5.2401,0.25447,0.20082,-1.8164,0.4133,13.113
25.525,20.794,3.1426,1.8246,-9.8589,-0.51367,-0.4147,-1.3984,0.4133,24.259
25.566,20.783,3.3393,1.0077,-7.458,-0.38713,-0.31318,-1.4502,0.2339,32.175
25.605,20.878,2.5764,0.73414,-7.631,-0.28286,-0.22667,-1.4826,0.0304,252.18
25.644,20.943,1.6607,0.78253,-7.7984,-0.27315,-0.21766,-1.4754,0.0517,151.6
25.685,20.866,1.3513,0.78112,-7.6905,-0.27171,-0.2162,-1.4742,0.0395,195.7
25.725,20.859,0.87021,0.77097,-7.5719,-0.27582,-0.21879,-1.4732,0.0312,243.94
25.765,20.863,0.54277,0.78087,-7.4981,-0.28086,-0.22224,-1.4709,0.0327,230.54
25.804,20.859,0.16368,0.79828,-7.734,-0.20715,-0.16329,-1.4706,0.0094,827.14
25.844,20.887,-0.12234,0.77216,-7.7419,-0.17561,-0.13792,-1.4736,-0.0152,-511.86
25.885,20.886,-0.43246,0.73732,-7.7101,-0.17044,-0.13254,-1.4733,-0.0125,-619.62
25.925,20.895,-0.63625,0.75868,-7.463,-0.21153,-0.16432,-1.4695,-0.0064,-1172.1
25.966,20.906,-0.91537,0.6751,-7.3595,-0.2417,-0.18596,-1.4759,-0.0193,-382.92
26.006,20.945,-1.2589,0.71715,-7.4477,-0.18533,-0.14217,-1.4723,-0.0085,-880.26
26.044,20.98,-1.4984,0.68967,-7.1121,-0.34463,-0.26169,-1.469,0.0083,860.9
26.086,20.965,0.65175,0.53303,-7.9765,-0.31519,-0.23867,-1.5001,0.0083,963.17
26.126,20.983,0.35776,0.28683,-7.8094,-0.24293,-0.18325,-1.5307,-0.0751,-104.06
26.165,21.087,0.38731,0.7015,-11.751,-0.28133,-0.2116,-1.5093,-0.0368,-319.9
26.205,21.009,-0.051618,1.0484,-11.562,-0.34039,-0.25612,-1.4827,-0.0134,-866.39
26.245,21.005,-0.40303,1.0392,-11.061,-0.38407,-0.28744,-1.48,0.005,2221.9
26.285,20.996,-0.62401,0.92945,-10.461,-0.43362,-0.3228,-1.486,-0.0136,-772.19
26.325,21.081,-0.93917,1.0565,-9.7569,-0.66375,-0.48191,-1.456,0.1222,80.31
26.365,21.128,-1.0414,1.0601,-8.5294,-0.99929,-0.74133,-1.4604,0.081,106.11
26.406,21.176,-1.3797,1.0776,-8.3937,-1.0266,-0.75602,-1.4572,0.081,104.48
26.445,21.119,-1.7747,0.44297,-8.2324,-0.91894,-0.64318,-1.5045,-0.0496,-166.22
26.485,21.09,-2.0691,0.19611,-7.964,-0.8943,-0.62006,-1.5335,-0.1385,-57.519
26.526,21.138,-2.2554,0.27597,-7.3507,-1.1642,-0.78787,-1.5137,-0.0548,-134.23
26.564,21.152,-2.4825,0.27138,-6.9251,-1.354,-0.89531,-1.5059,-0.0207,-334.8
26.605,21.313,-2.2479,0.48028,-5.4357,-2.6445,-1.5047,-1.3981,0.2541,21.475
26.646,21.376,-2.4781,0.53688,-5.3535,-2.6452,-1.4744,-1.3835,0.2623,20.512
26.685,21.442,-2.7199,0.6188,-5.3258,-2.57,-1.4175,-1.3694,0.2688,19.946
26.725,21.523,-2.9597,1.6835,-5.1678,-2.345,-1.7665,-1.3359,0.3161,17.194
26.765,21.595,-3.1719,1.9154,-5.3949,-2.137,-1.6187,-1.3145,0.32463,17.635
26.805,21.675,-3.3905,2.1303,-5.5916,-1.9311,-1.4723,-1.2933,0.33308,17.965
26.845,21.765,-3.6172,2.3315,-5.761,-1.7243,-1.3254,-1.272,0.34155,18.196
26.885,21.862,-3.8522,2.5195,-5.9034,-1.5158,-1.1772,-1.2505,0.35011,18.333
26.924,21.964,-4.0853,2.6877,-6.0142,-1.3133,-1.0333,-1.2297,0.35841,18.38
26.966,22.08,-4.3392,2.8523,-6.1031,-1.0964,-0.87909,-1.2074,0.36731,18.341
27.004,22.191,-4.5722,2.9876,-6.1568,-0.89965,-0.73926,-1.1871,0.37538,18.231
27.045,22.317,-4.8258,3.1189,-6.1863,-0.68701,-0.58813,-1.1652,0.3841,18.037
27.086,22.446,-5.0783,3.234,-6.1861,-0.47571,-0.43795,-1.1435,0.39276,17.773
27.125,22.575,-5.3199,3.3299,-6.1583,-0.27314,-0.29397,-1.1226,0.40107,17.455
27.164,22.706,-5.5586,3.4113,-6.1038,-0.0716,-0.15072,-1.1019,0.40934,17.082
27.206,22.85,-5.8115,3.4831,-6.0157,0.14443,0.0028239,-1.0796,0.4182,16.622
27.244,22.984,-6.0394,3.5347,-5.9081,0.34223,0.14341,-1.0593,0.42631,16.15
27.284,23.126,-6.2731,3.5744,-5.7678,0.54943,0.29068,-1.0379,0.43481,15.606
27.325,23.273,-6.5057,3.5997,-5.595,0.76138,0.44132,-1.0161,0.4435,15.001
27.366,23.691,-6.3705,3.9195,-4.9267,0.41067,0.22687,-0.8988,0.5352,11.763
27.406,23.832,-6.5967,4.0371,-4.9745,0.69927,0.38301,-0.889,0.5251,12.201
27.446,23.978,-6.8081,4.1439,-4.9756,0.84565,0.45975,-0.8763,0.5178,12.505
27.487,24.115,-7.0231,4.2403,-4.9916,1.0011,0.54045,-0.8666,0.5083,12.885
27.525,24.252,-7.3004,4.3784,-5.1977,1.6047,0.85911,-0.8707,0.4874,13.944
27.565,24.365,-7.5505,4.4207,-5.2814,1.6979,0.90318,-0.8739,0.4679,14.72
27.606,24.52,-7.7944,4.4609,-5.2904,1.5595,0.82473,-0.8703,0.4546,15.222
27.646,24.696,-7.9993,4.5959,-5.2541,1.5826,0.83124,-0.8521,0.4546,15.355
27.685,24.897,-8.2084,4.7317,-5.2142,1.6048,0.8376,-0.8339,0.4546,15.488
27.726,25.007,-8.4521,4.6733,-5.2006,1.2151,0.63164,-0.8387,0.4358,16.044
27.765,25.206,-8.6581,4.794,-5.1521,1.2308,0.63578,-0.8214,0.4358,16.148
27.806,25.405,-8.8582,4.9147,-5.1006,1.246,0.63979,-0.8039,0.4358,16.253
27.846,25.619,-9.061,5.0353,-5.0465,1.2608,0.64338,-0.7865,0.4358,16.358
27.886,25.831,-9.2594,5.1549,-4.9903,1.2755,0.64634,-0.7692,0.4358,16.463
27.925,26.05,-9.4544,5.2751,-4.9304,1.2897,0.64899,-0.7516,0.4358,16.568
27.965,26.271,-9.6472,5.3942,-4.8687,1.3038,0.65114,-0.7343,0.4358,16.674
28.005,26.492,-9.8364,5.5125,-4.8045,1.3172,0.65279,-0.7169,0.4358,16.779
28.045,26.731,-10.025,5.631,-4.737,1.3304,0.6542,-0.6994,0.4358,16.885
28.086,26.964,-10.21,5.7481,-4.6676,1.3431,0.65498,-0.682,0.4358,16.991
28.127,27.206,-10.392,5.865,-4.5951,1.3551,0.65573,-0.6646,0.4358,17.097
******-------------------------------------------------------------------------------------------------------------------****** 
TargetID: ID14
Target can not be processed due to lack of Data
******-------------------------------------------------------------------------------------------------------------------****** 
TargetID: ID15
Relevancy: 0
tj = Inf
Label: -1
Comment: Target is irrelevant as it is not crossing the estimated holding line
DATA:
28.767,30.95,-20.978,NaN,NaN,NaN,NaN,1.5207,NaN,NaN
28.806,NaN,NaN,NaN,NaN,NaN,NaN,1.3599,NaN,NaN
28.846,NaN,NaN,NaN,NaN,NaN,NaN,1.3599,NaN,NaN
28.886,31.991,-20.536,2.1299,3.777,0,-0,1.0573,0,Inf
28.927,31.602,-21.496,1.7948,3.5472,-0.0015802,-0.0006199,1.1025,0.0083,478.97
28.966,31.741,-21.784,1.6906,3.4949,-0.0022425,-0.0008662,1.1204,0.0211,184
29.006,31.856,-21.537,1.8922,3.5117,-0.01995,-0.0075736,1.0779,-0.0501,-79.621
29.046,31.904,-21.45,1.8753,3.4724,-0.02132,-0.0079518,1.0772,-0.0509,-77.532
29.086,31.99,-21.31,1.9038,3.4591,-0.020436,-0.0074933,1.0692,-0.0618,-63.889
29.126,32.195,-21.004,2.2525,3.6149,-0.04374,-0.015727,1.0161,-0.105,-40.564
29.167,32.281,-20.892,2.1216,3.5064,-0.047024,-0.016584,1.0297,-0.0765,-53.573
29.206,32.423,-20.686,2.274,3.5176,-0.052193,-0.018057,1.0001,-0.1138,-36.807
29.245,32.354,-20.697,1.9566,3.1762,-0.021155,-0.0072077,1.0187,-0.111,-33.608
29.286,32.431,-20.572,1.9407,3.1191,-0.00067044,-0.00022368,1.0142,-0.111,-33.095
29.325,32.513,-20.45,1.9242,3.0621,0.020158,0.0065932,1.0098,-0.111,-32.581
29.366,32.603,-20.336,1.9072,3.0054,0.041198,0.01319,1.0053,-0.111,-32.067
29.405,32.679,-20.219,1.8898,2.9487,0.062446,0.019559,1.0009,-0.111,-31.552
29.445,32.761,-20.105,1.8718,2.8922,0.083765,0.025656,0.9964,-0.111,-31.037
29.486,32.84,-19.992,1.8531,2.836,0.10501,0.031454,0.992,-0.111,-30.521
29.526,32.922,-19.885,1.8342,2.7798,0.12646,0.037002,0.9875,-0.111,-30.004
29.567,32.998,-19.776,1.8146,2.7238,0.1481,0.042315,0.9831,-0.111,-29.486
29.606,33.075,-19.671,1.7947,2.6678,0.1698,0.047339,0.9786,-0.111,-28.967
29.646,33.147,-19.564,1.774,2.6123,0.19127,0.052048,0.9743,-0.111,-28.448
29.686,33.226,-19.467,1.7531,2.5568,0.21237,0.056384,0.9697,-0.111,-27.928
29.725,33.305,-19.369,1.7315,2.5016,0.23321,0.06046,0.9654,-0.111,-27.409
29.767,33.381,-19.274,1.7095,2.4465,0.25382,0.064228,0.9609,-0.111,-26.888
******-------------------------------------------------------------------------------------------------------------------****** 
TargetID: ID16
Relevancy: 0
tj = Inf
Label: -1
Comment: Target is irrelevant as it is not crossing the estimated holding line
DATA:
19.804,23.756,-37.565,NaN,NaN,NaN,NaN,1.8257,NaN,NaN
19.844,24.223,-36.463,NaN,NaN,NaN,NaN,1.2841,NaN,NaN
19.883,24.343,-36.057,NaN,NaN,NaN,NaN,1.2841,NaN,NaN
19.926,24.629,-35.456,NaN,NaN,NaN,NaN,1.1678,NaN,NaN
19.964,24.807,-35.038,NaN,NaN,NaN,NaN,1.1678,NaN,NaN
20.004,24.986,-34.62,NaN,NaN,NaN,NaN,1.1678,NaN,NaN
20.044,25.164,-34.202,NaN,NaN,NaN,NaN,1.1678,NaN,NaN
20.084,25.343,-33.784,NaN,NaN,NaN,NaN,1.1678,NaN,NaN
20.123,25.52,-33.366,NaN,NaN,NaN,NaN,1.1678,NaN,NaN
20.163,27.039,-32.675,7.054,10.967,0,-0,0.9992,0,Inf
20.204,26.495,-33.888,2.99,8.3914,-0.042286,-0.033388,1.2288,0.0137,650.23
20.244,27.36,-33.035,5.5587,10.969,0.56047,0.44373,1.0999,0.2555,48.131
20.283,27.6,-32.588,6.2402,10.772,0.25464,0.20131,1.045,-0.0159,-782.96
20.323,27.629,-32.376,6.2813,10.584,0.25678,0.20292,1.0359,-0.0628,-195.98
20.363,27.775,-32.107,6.2889,10.483,0.25999,0.20546,1.0312,-0.0757,-161.48
20.405,27.971,-31.73,6.307,10.428,0.24784,0.19589,1.0268,-0.0842,-144.74
20.444,28.183,-31.366,6.3903,10.319,0.19358,0.15296,1.0169,-0.1081,-112.28
20.484,28.441,-30.954,6.4392,10.297,0.20778,0.16418,1.0125,-0.1081,-112.35
20.525,28.701,-30.544,6.488,10.276,0.22197,0.1754,1.0082,-0.1081,-112.42
20.563,28.862,-30.126,6.3668,10.161,0.083217,0.065746,1.0113,-0.1009,-118.84
20.603,28.844,-29.858,5.8472,9.8571,-0.30593,-0.24156,1.0344,-0.0527,-217.47
20.643,28.838,-29.523,5.3489,9.5314,-0.63047,-0.49749,1.057,-0.0163,-670.53
20.684,28.973,-29.188,5.178,9.3835,-0.69036,-0.54417,1.0666,0.0031,3457.2
20.724,29.179,-28.815,5.1381,9.3146,-0.67858,-0.53489,1.0667,0.0031,3431.5
20.764,29.384,-28.444,5.0983,9.2457,-0.66669,-0.52552,1.0669,0.0031,3405.9
20.804,29.339,-28.424,4.6571,8.8924,-0.92267,-0.72455,1.0946,0.0444,226.08
20.843,29.247,-28.606,4.6282,8.8161,-0.91335,-0.71637,1.0967,0.0453,219.8
20.883,29.412,-28.305,4.6678,8.7956,-0.87827,-0.68905,1.0922,0.0358,278.14
20.924,29.579,-27.956,4.6351,8.7425,-0.85453,-0.67048,1.0925,0.0344,287.65
20.963,29.654,-27.706,4.3341,8.4356,-0.97834,-0.76578,1.108,0.0515,184.15
21.005,30.102,-27.194,4.51,8.7893,-0.84866,-0.67017,1.0877,0.0233,423.99
21.044,29.962,-27.019,3.906,8.2341,-1.0112,-0.79431,1.1279,0.0699,130.38
21.083,30.39,-26.545,4.1196,8.491,-0.93061,-0.73496,1.1078,0.0426,221.54
21.125,30.736,-25.896,4.5457,8.468,-0.87345,-0.68544,1.0865,0.0133,722.63
21.163,30.873,-25.569,4.6306,8.3802,-0.91457,-0.71776,1.0746,-0.0061,-1569.6
21.205,31.02,-25.261,4.3935,8.3485,-0.91606,-0.72291,1.0775,-0.0015,-6289.3
21.243,31.257,-24.903,5.0443,8.4712,-0.75612,-0.59478,1.0401,-0.0444,-222.06
21.283,31.518,-24.481,5.2535,8.5378,-0.68497,-0.53928,1.0246,-0.062,-161.69
21.324,31.708,-24.117,5.3105,8.4949,-0.68396,-0.53856,1.0174,-0.0709,-141.3
21.364,31.854,-23.714,5.333,8.4616,-0.65572,-0.51651,1.0134,-0.0727,-137.58
21.405,31.967,-23.443,5.1779,8.26,-0.76575,-0.60273,1.0171,-0.0684,-142.53
21.445,32.126,-23,5.1699,8.2044,-0.75217,-0.59225,1.0144,-0.0688,-140.95
21.483,32.41,-22.593,5.5147,8.2593,-0.69195,-0.54533,0.9868,-0.1016,-97.748
21.524,32.387,-21.96,5.4629,8.1531,-0.72392,-0.57087,0.985,-0.0996,-98.535
21.563,32.514,-21.76,5.4203,8.0621,-0.74678,-0.5888,0.9842,-0.0965,-100.67
21.603,32.672,-21.246,5.3908,7.9924,-0.74552,-0.58801,0.9823,-0.0951,-101.37
21.643,32.875,-20.934,5.3632,7.9098,-0.75704,-0.59709,0.98,-0.094,-101.67
21.684,33.022,-20.681,5.2283,7.726,-0.85084,-0.67085,0.9818,-0.0887,-105.17
21.725,33.144,-20.483,5.1707,7.6107,-0.87987,-0.6936,0.9808,-0.0869,-105.88
21.763,33.488,-20.187,5.401,7.6784,-0.78376,-0.61806,0.9634,-0.1047,-89.663
21.803,33.628,-19.917,5.317,7.5729,-0.81195,-0.64021,0.9648,-0.0994,-93.089
******-------------------------------------------------------------------------------------------------------------------****** 
TargetID: ID03
Target can not be processed due to lack of Data
******-------------------------------------------------------------------------------------------------------------------****** 
TargetID: ID18
Target can not be processed due to lack of Data
******-------------------------------------------------------------------------------------------------------------------****** 
TargetID: ID19
Relevancy: 0
tj = Inf
Label: -1
Comment: Target is irrelevant as it is not crossing the estimated holding line
DATA:
23.605,23.212,-38.362,NaN,NaN,NaN,NaN,1.8096,NaN,NaN
23.645,24.28,-37.852,NaN,NaN,NaN,NaN,1.0565,NaN,NaN
23.684,23.678,-37.556,NaN,NaN,NaN,NaN,1.4509,NaN,NaN
23.724,24.058,-37.086,NaN,NaN,NaN,NaN,1.2759,NaN,NaN
23.765,NaN,NaN,NaN,NaN,NaN,NaN,1.2146,NaN,NaN
23.804,NaN,NaN,NaN,NaN,NaN,NaN,1.1878,NaN,NaN
23.845,25.551,-35.857,5.9259,10.909,0,-0,1.0732,0,Inf
23.884,25.66,-35.449,5.6242,10.708,-0.048717,-0.038484,1.0872,-0.0523,-231.26
23.924,25.556,-35.904,4.2507,10.026,-0.10343,-0.081675,1.1702,-0.0932,-116.84
23.964,25.23,-36.511,3.8784,9.7638,-0.11606,-0.091607,1.1939,-0.0958,-109.66
24.005,25.502,-36.041,4.249,9.8679,-0.18163,-0.14332,1.1659,-0.1112,-96.617
24.045,25.491,-35.773,3.845,9.5505,-0.15412,-0.1216,1.1897,-0.1188,-86.662
24.085,25.63,-35.405,3.8256,9.4809,-0.13304,-0.10499,1.1887,-0.1163,-87.908
24.125,25.873,-34.965,4.1395,9.5145,-0.14258,-0.11253,1.1618,-0.1402,-74.008
24.165,26.041,-34.59,4.1483,9.4557,-0.12594,-0.099404,1.1586,-0.1373,-75.205
24.205,26.269,-34.175,4.4702,9.4867,-0.085663,-0.067639,1.1312,-0.1679,-62.461
24.245,26.446,-33.794,4.5901,9.4166,-0.090972,-0.071857,1.1181,-0.1808,-57.941
24.284,26.855,-33.576,4.3575,9.2804,-0.18619,-0.14691,1.1336,-0.1475,-69.509
24.324,27.013,-33.229,4.2611,9.1661,-0.2381,-0.18782,1.138,-0.1326,-76.23
24.364,27.172,-32.864,4.2297,9.1111,-0.219,-0.17281,1.1384,-0.1251,-80.296
24.404,27.108,-32.414,4.3413,9.0843,-0.17892,-0.14127,1.1268,-0.1391,-72.382
24.446,27.286,-32.029,4.5046,9.0807,-0.12357,-0.097628,1.1115,-0.1579,-64.196
24.484,27.476,-31.738,4.5816,9.063,-0.10271,-0.081173,1.1037,-0.1609,-63.115
24.526,27.5,-31.473,4.2135,8.8144,-0.25128,-0.1984,1.1277,-0.1243,-78.598
24.564,27.703,-31.099,4.6167,8.9477,-0.066647,-0.052717,1.0951,-0.1678,-60.003
24.607,27.925,-30.735,4.8898,8.9715,0.012864,0.010181,1.0716,-0.1923,-53.133
24.645,27.973,-30.586,4.1173,8.5321,-0.38107,-0.30073,1.1259,-0.1086,-87.234
24.685,28.129,-30.234,3.9951,8.4012,-0.44327,-0.3497,1.1326,-0.0941,-98.861
24.725,28.269,-29.833,3.8886,8.2766,-0.48871,-0.38553,1.1379,-0.0829,-110.31
24.764,28.266,-29.508,3.8936,8.2375,-0.47288,-0.37335,1.1356,-0.0811,-112.35
24.805,28.555,-29.214,4.132,8.3254,-0.38378,-0.3034,1.115,-0.1041,-89.283
24.846,28.409,-29.127,3.5638,7.8541,-0.53483,-0.42264,1.1533,-0.056,-154.01
24.885,28.536,-28.805,3.5408,7.799,-0.54392,-0.42907,1.1534,-0.0531,-161.3
24.926,28.693,-28.448,3.6256,7.7423,-0.56415,-0.44531,1.1417,-0.0663,-128.95
24.965,28.851,-28.12,3.564,7.6461,-0.58601,-0.46266,1.1441,-0.0599,-140.83
25.005,28.998,-27.808,3.5365,7.5681,-0.59651,-0.47105,1.1434,-0.0577,-144.78
25.045,29.083,-27.537,3.4269,7.4163,-0.62819,-0.49589,1.1488,-0.0498,-164.05
25.084,29.009,-27.379,3.0548,7.2007,-0.62252,-0.49368,1.1696,-0.0242,-323.22
25.124,29.082,-27.191,2.9356,6.9758,-0.66607,-0.52821,1.1725,-0.0194,-390.12
25.166,29.337,-26.792,2.982,7.1168,-0.64348,-0.51361,1.1613,-0.0307,-251.34
25.207,29.529,-26.441,3.3992,7.0315,-0.68086,-0.53793,1.1328,-0.0614,-127.2
25.246,29.661,-26.185,3.2595,6.8672,-0.70729,-0.55839,1.1411,-0.0503,-151.12
25.284,29.91,-25.809,3.499,6.9018,-0.73425,-0.58046,1.1144,-0.0759,-101.95
25.327,30.085,-25.529,3.4712,6.8213,-0.74481,-0.58872,1.1133,-0.0738,-103.71
25.365,30.178,-25.307,3.3591,6.6707,-0.75739,-0.59831,1.1186,-0.0657,-113.68
25.405,30.234,-25.113,3.2507,6.4409,-0.84541,-0.66658,1.1206,-0.0633,-113.98
25.445,30.414,-24.806,3.2642,6.4016,-0.83696,-0.65996,1.1163,-0.0646,-111.24
25.484,30.58,-24.504,3.1766,6.5235,-0.59651,-0.47151,1.1298,-0.0431,-168.35
25.525,30.729,-24.225,3.1519,6.4673,-0.59576,-0.47057,1.1297,-0.0413,-174.2
25.566,31.018,-23.806,3.3269,6.8171,-0.29952,-0.2375,1.1223,-0.039,-194.5
25.605,31.211,-23.478,3.6191,6.7944,-0.41134,-0.32565,1.0882,-0.0742,-103.75
25.644,31.386,-23.188,3.5793,6.7339,-0.43658,-0.34498,1.0897,-0.0708,-107.71
25.685,31.567,-22.886,3.6379,6.7328,-0.41033,-0.32379,1.0822,-0.0747,-102.45
25.725,31.681,-22.629,3.5134,6.5815,-0.47688,-0.37516,1.0888,-0.0669,-111.52
25.765,31.848,-22.343,3.5858,6.5925,-0.44562,-0.3499,1.0802,-0.0718,-104.52
25.804,32.026,-22.04,3.7336,6.6707,-0.37717,-0.2956,1.0666,-0.0806,-94.844
25.844,32.211,-21.725,3.8057,6.6909,-0.34719,-0.27132,1.0591,-0.0841,-91.528
25.885,32.501,-21.288,4.0323,6.9357,-0.174,-0.13579,1.0466,-0.0895,-89.638
25.925,32.691,-20.994,4.1015,6.9358,-0.16215,-0.126,1.039,-0.0931,-86.55
25.966,32.809,-20.753,3.948,6.7531,-0.2843,-0.21973,1.0459,-0.0854,-91.598
26.006,33.017,-20.431,4.0917,6.8092,-0.23544,-0.18124,1.0329,-0.0934,-85.053
26.044,33.189,-20.165,4.0975,6.7765,-0.2389,-0.18298,1.0303,-0.0926,-85.518
26.086,33.198,-20.071,3.7887,6.3851,-0.45906,-0.34895,1.0428,-0.0806,-92.116
26.126,33.212,-19.985,3.4981,5.9903,-0.6467,-0.48754,1.0548,-0.0696,-99.668
26.165,33.254,-19.892,3.2963,5.5752,-0.85746,-0.64037,1.0562,-0.069,-93.867
26.205,33.436,-19.778,3.1532,5.2238,-1.1899,-0.88799,1.0277,-0.0966,-63.164
26.245,33.526,-19.635,3.1749,4.8992,-1.2479,-0.91545,1.0287,-0.0923,-63.251
26.285,33.73,-19.417,3.0617,4.9093,-1.3026,-0.9591,1.0132,-0.1028,-56.282
26.325,33.854,-19.23,3.0208,4.7984,-1.3073,-0.95525,1.0089,-0.1028,-55.157
26.365,33.974,-19.045,2.9787,4.6881,-1.3112,-0.95023,1.0048,-0.1028,-54.031
26.406,34.103,-18.865,2.9356,4.5784,-1.3143,-0.94397,1.0006,-0.1028,-52.905
26.445,34.216,-18.688,2.8917,4.4692,-1.3168,-0.93672,0.9965,-0.1028,-51.782
26.485,34.337,-18.516,2.847,4.3605,-1.3187,-0.92861,0.9924,-0.1028,-50.658
26.526,34.454,-18.35,2.8016,4.2522,-1.3204,-0.92,0.9882,-0.1028,-49.535
26.564,34.568,-18.186,2.7551,4.1446,-1.3215,-0.91084,0.9841,-0.1028,-48.412
26.605,34.682,-18.029,2.7082,4.0372,-1.3222,-0.9008,0.9799,-0.1028,-47.29
26.646,34.796,-17.873,2.6598,3.9308,-1.3224,-0.89045,0.9759,-0.1028,-46.169
26.685,34.91,-17.725,2.6113,3.8245,-1.3223,-0.87939,0.9717,-0.1028,-45.048
26.725,35.008,-17.578,2.5618,3.7188,-1.3216,-0.86754,0.9676,-0.1028,-43.928
26.765,35.115,-17.437,2.5116,3.6137,-1.3203,-0.85505,0.9634,-0.1028,-42.809
26.805,35.221,-17.299,2.4603,3.5093,-1.3185,-0.84207,0.9594,-0.1028,-41.691
******-------------------------------------------------------------------------------------------------------------------****** 
TargetID: ID20
Relevancy: 0
tj = Inf
Label: -1
Comment: Target is irrelevant as it is not crossing the estimated holding line
DATA:
29.245,32.476,15.243,NaN,NaN,NaN,NaN,-2.9849,NaN,NaN
29.286,32.433,15.229,NaN,NaN,NaN,NaN,-2.9918,NaN,NaN
29.325,32.198,15.196,NaN,NaN,NaN,NaN,-2.9918,NaN,NaN
29.366,31.972,15.158,NaN,NaN,NaN,NaN,-2.9918,NaN,NaN
29.405,32.614,14.79,-5.3522,-1.3513,0,-0,-2.8943,0,Inf
29.445,32.458,14.668,-5.2377,-1.4743,-0.14838,-0.045283,-2.8672,0.0256,212.55
29.486,32.249,14.609,-5.2409,-1.4812,-0.15003,-0.044722,-2.8662,0.0256,212.74
29.526,32.029,14.481,-5.2895,-1.6578,-0.69093,-0.20093,-2.8379,0.1241,44.667
29.567,31.816,14.415,-5.3056,-1.692,-0.69798,-0.19791,-2.833,0.1241,44.874
29.606,31.607,14.345,-5.3215,-1.726,-0.70503,-0.19474,-2.828,0.1241,45.08
29.646,30.884,14.439,-6.6401,-1.3719,-2.2024,-0.59274,-2.9376,0.1995,33.987
29.686,30.552,14.489,-6.9326,-1.2213,-2.4012,-0.62931,-2.9676,0.1673,42.076
29.725,30.277,14.436,-7.0093,-1.283,-2.3977,-0.61227,-2.9609,0.1673,42.593
29.767,30.295,14.245,-6.3585,-1.7164,-1.5378,-0.38236,-2.8779,0.1964,33.534
29.807,31.03,15.037,-5.8252,-2.0843,-0.64176,-0.15538,-2.8002,0.3092,20.009
29.847,30.913,14.882,-5.4254,-2.0915,-0.067728,-0.01593,-2.7733,0.2833,20.525
29.886,30.702,14.737,-5.1917,-2.2073,0.31918,0.072836,-2.7418,0.3232,17.455
29.927,30.528,14.615,-4.9148,-2.3684,0.5132,0.11353,-2.6874,0.4108,13.281
29.966,30.242,14.532,-5.1148,-2.5188,0.13532,0.029058,-2.6827,0.4123,13.828
30.009,29.963,14.446,-5.3369,-2.5433,-0.17623,-0.036768,-2.6969,0.361,16.377
30.046,29.706,14.348,-5.3234,-2.7499,-0.28519,-0.057722,-2.6675,0.4,14.979
30.088,29.513,14.228,-5.2751,-2.9052,-0.34827,-0.068399,-2.6419,0.4179,14.411
30.127,29.253,14.137,-5.359,-2.9452,-0.43079,-0.082367,-2.6435,0.3913,15.627
30.167,29.381,14.178,-5.3789,-3.0638,-0.44798,-0.082751,-2.6302,0.3877,15.967
30.206,29.182,14.026,-5.3781,-3.2181,-0.54672,-0.097892,-2.6105,0.3917,16
30.246,28.91,13.914,-5.4645,-3.2693,-0.56282,-0.097433,-2.6106,0.3711,17.159
30.287,28.685,13.772,-5.2828,-3.3341,-0.27244,-0.045493,-2.5831,0.3949,15.819
30.327,28.459,13.627,-5.2812,-3.4265,-0.29175,-0.047167,-2.571,0.3902,16.134
30.366,28.199,13.491,-5.3759,-3.485,-0.36042,-0.056449,-2.5724,0.3669,17.462
30.406,27.935,13.332,-5.5413,-3.5353,-0.47232,-0.071655,-2.581,0.3352,19.609
30.446,27.646,13.198,-5.6009,-3.509,-0.35967,-0.052351,-2.5874,0.3091,21.382
30.488,27.358,13.046,-5.7209,-3.4631,-0.32527,-0.045742,-2.602,0.2739,24.416
30.526,26.945,13.159,-5.542,-3.6101,-0.23673,-0.032321,-2.5681,0.3044,21.729
30.565,27.209,12.776,-2.1505,-4.6995,0.076582,0.0099078,-1.9959,0.298,17.343
30.607,26.876,12.658,-2.2698,-4.5959,-0.092267,-0.011885,-2.0344,0.2652,19.328
30.645,26.559,12.427,-2.4383,-4.4434,-0.24184,-0.030708,-2.0853,0.2038,24.87
30.687,26.4,12.216,-2.9932,-4.0399,-0.076765,-0.0091261,-2.2121,0.045,111.73
30.725,26.257,11.696,-3.5835,-3.9427,-0.099108,-0.011518,-2.3116,-0.1046,-50.936
30.767,26.058,11.549,-4.0207,-3.6808,-0.1404,-0.015762,-2.404,-0.2726,-19.997
30.807,25.859,11.395,-4.118,-3.6772,-0.20774,-0.022106,-2.418,-0.2745,-20.112
30.845,25.617,11.263,-4.3293,-3.7379,-0.41194,-0.044384,-2.4388,-0.2464,-23.213
30.885,25.373,11.108,-4.6265,-3.5488,-0.47679,-0.047027,-2.497,-0.3985,-14.632
30.927,24.983,10.843,-4.7495,-3.5291,-0.5863,-0.05885,-2.5123,-0.3651,-16.207
30.967,24.742,10.724,-5.2652,-3.3947,-0.93086,-0.08771,-2.5815,-0.4728,-13.25
31.007,24.44,10.658,-5.6672,-3.0389,-1.2336,-0.11514,-2.6631,-0.6314,-10.185
31.045,24.209,10.639,-6.1057,-2.7958,-1.6097,-0.14426,-2.7279,-0.706,-9.5118
31.087,23.968,10.66,-6.3121,-2.5914,-1.6899,-0.14538,-2.7671,-0.7377,-9.2495
31.127,23.685,10.58,-6.2469,-2.5749,-1.4026,-0.11595,-2.7637,-0.6753,-10.006
31.165,23.433,10.526,-6.2314,-2.5629,-1.2285,-0.097635,-2.7634,-0.6172,-10.917
31.206,23.083,10.392,-6.2916,-2.5782,-1.1235,-0.08387,-2.7406,-0.4982,-13.648
31.246,22.855,10.319,-6.151,-2.7131,-0.92382,-0.068842,-2.7367,-0.4566,-14.723
31.287,22.783,10.316,-6.1054,-2.6745,-0.78224,-0.056509,-2.739,-0.4303,-15.49
31.327,22.304,10.159,-6.2649,-2.6029,-0.83494,-0.058057,-2.7478,-0.4044,-16.776
31.365,21.967,10.064,-6.537,-2.5224,-1.0328,-0.07037,-2.7733,-0.4112,-17.04
31.407,21.65,9.9121,-6.6108,-2.7428,-1.0557,-0.069811,-2.7373,-0.2872,-24.921
******-------------------------------------------------------------------------------------------------------------------****** 
TargetID: ID05
Target can not be processed due to lack of Data
******-------------------------------------------------------------------------------------------------------------------****** 
