******-------------------------------------------------------------------------------------------------------------------****** 
Duration of the scene is: 20.0976 seconds
Original Targets Numbers in the hole Scene: 1
Number of Targets in the hole Scene after preprocessing: 1
Number of static portions: 1
******-------------------------------------------------------------------------------------------------------------------****** 
TargetID: ID01
Relevancy: 1
tj = 10.7353
Label: 0
Comment: Target is relevant and going straight, since target is crossing Ego X-axis in EFC
DATA:
6.2885,8.2275,41.09,NaN,NaN,NaN,NaN,-1.3078,NaN,NaN
6.335,8.374,40.766,NaN,NaN,NaN,NaN,-1.296,NaN,NaN
6.3664,7.9164,40.55,NaN,NaN,NaN,NaN,-1.4654,NaN,NaN
6.4131,7.7323,40.263,NaN,NaN,NaN,NaN,-1.5333,NaN,NaN
6.4444,7.8355,39.942,NaN,NaN,NaN,NaN,-1.5056,NaN,NaN
6.4914,8.0146,39.623,NaN,NaN,NaN,NaN,-1.4623,NaN,NaN
6.5225,8.0241,39.307,NaN,NaN,NaN,NaN,-1.4692,NaN,NaN
6.5692,8.0909,38.959,NaN,NaN,NaN,NaN,-1.4607,NaN,NaN
6.6006,7.7761,38.717,NaN,NaN,NaN,NaN,-1.5489,NaN,NaN
6.6472,7.6779,38.461,NaN,NaN,NaN,NaN,-1.5753,NaN,NaN
6.694,7.6092,38.189,NaN,NaN,NaN,NaN,-1.5904,NaN,NaN
6.7253,7.648,37.868,NaN,NaN,NaN,NaN,-1.5806,NaN,NaN
6.772,7.2898,37.657,NaN,NaN,NaN,NaN,-1.6607,NaN,NaN
6.8033,7.208,37.357,NaN,NaN,NaN,NaN,-1.6721,NaN,NaN
6.85,7.2154,37.056,NaN,NaN,NaN,NaN,-1.6637,NaN,NaN
6.8816,6.872,36.99,NaN,NaN,NaN,NaN,-1.7274,NaN,NaN
6.9281,6.9965,36.641,NaN,NaN,NaN,NaN,-1.6899,NaN,NaN
6.975,7.0263,36.31,NaN,NaN,NaN,NaN,-1.676,NaN,NaN
7.0061,6.9456,36,NaN,NaN,NaN,NaN,-1.6863,NaN,NaN
7.0528,6.9116,35.703,NaN,NaN,NaN,NaN,-1.6863,NaN,NaN
7.0841,6.9744,35.372,NaN,NaN,NaN,NaN,-1.6671,NaN,NaN
7.131,6.976,35.053,NaN,NaN,NaN,NaN,-1.6622,NaN,NaN
7.1622,6.9946,34.715,NaN,NaN,NaN,NaN,-1.6541,NaN,NaN
7.209,7.3587,34.555,-0.7853,-7.5198,-0.0037998,-0.0038,-1.6749,0,Inf
7.2557,7.4074,34.235,-0.67496,-7.5322,0.00030026,0.00030013,-1.6602,0.001,7562.4
7.287,7.4042,33.931,-0.6407,-7.529,0.016102,0.016098,-1.6557,0.0019,3977
7.3337,7.4075,33.613,-0.60407,-7.5661,0.00059953,0.00060009,-1.6505,0.0017,4464.8
7.365,7.4205,33.281,-0.56132,-7.6218,-0.0094014,-0.0093998,-1.6443,0.0017,4495.6
7.4117,7.3973,32.976,-0.56105,-7.6277,-0.0079011,-0.0078993,-1.6442,0.0017,4499
7.4431,7.3957,32.653,-0.5421,-7.6684,0.0020003,0.0019996,-1.6414,0.0018,4270.9
7.4898,7.3542,32.347,-0.56454,-7.6572,0.1081,0.10807,-1.6442,0.0019,4041
7.5217,7.3501,32.04,-0.53681,-7.6572,0.093015,0.092974,-1.6406,0.0041,1872.2
7.5679,7.3561,31.733,-0.48493,-7.6333,0.15279,0.15274,-1.6339,0.0109,701.71
7.6146,7.3949,31.412,-0.3948,-7.6633,0.13543,0.13535,-1.622,0.0202,379.87
7.6459,7.534,31.156,-0.15243,-7.6535,0.19909,0.199,-1.5903,0.0456,167.87
7.6926,7.5657,30.829,-0.079243,-7.7153,0.20315,0.20299,-1.5806,0.053,145.58
7.7239,7.5916,30.495,-0.019493,-7.794,0.21348,0.21339,-1.5729,0.0583,133.69
7.7707,7.6566,30.189,0.13465,-7.8011,0.23957,0.2396,-1.554,0.076,102.66
7.802,7.7065,29.846,0.21678,-7.8821,0.27808,0.27769,-1.5427,0.0844,93.425
7.8488,7.7111,29.532,0.24518,-7.9071,0.29594,0.2954,-1.5392,0.0844,93.731
7.8955,7.7518,29.187,0.32041,-7.9889,0.35133,0.35031,-1.53,0.0903,88.542
7.9267,7.7539,28.874,0.33745,-7.9979,0.38501,0.38369,-1.5278,0.0887,90.248
7.9736,7.8028,28.543,0.43745,-8.0288,0.40428,0.40278,-1.5155,0.0981,81.964
8.0048,7.756,28.222,0.3251,-8.0364,0.41105,0.40967,-1.5295,0.0793,101.42
8.0517,7.7784,27.899,0.35061,-8.0591,0.43165,0.43001,-1.5265,0.0793,101.72
8.0829,7.8511,27.576,0.47417,-8.0446,0.40499,0.40316,-1.5119,0.091,88.555
8.1295,7.8727,27.256,0.50573,-8.0599,0.42355,0.42121,-1.5081,0.091,88.745
8.1609,7.9118,26.931,0.53433,-8.0755,0.44225,0.43892,-1.5047,0.091,88.936
8.2076,8.0352,27.468,0.065723,-7.9414,0.2688,0.26587,-1.5585,0.0348,228.21
8.2544,8.1013,27.135,0.19007,-7.9847,0.1986,0.19615,-1.544,0.0462,172.88
8.2857,8.1202,26.791,0.22391,-8.0413,0.18127,0.17882,-1.5403,0.0477,168.65
8.3324,8.1643,26.453,0.30761,-8.0488,0.1694,0.16678,-1.5301,0.0548,146.98
8.3638,8.1927,26.122,0.2825,-8.0275,0.16564,0.16256,-1.5331,0.0509,157.81
8.4105,8.1411,25.786,0.21052,-8.0312,0.16101,0.15763,-1.5422,0.0416,193.12
8.4419,8.1413,25.504,0.12309,-7.9589,0.20059,0.19532,-1.5523,0.0322,247.2
8.4885,8.1185,25.178,0.11836,-7.9913,0.2454,0.23765,-1.5523,0.0307,260.33
8.5352,8.1571,24.835,0.10898,-8.0158,0.20005,0.19286,-1.5542,0.0288,278.35
8.5665,8.1123,24.541,0.050573,-8.0309,0.17014,0.1634,-1.562,0.0203,395.62
8.6132,8.1489,24.21,0.10035,-8.0623,0.14626,0.13962,-1.5562,0.0241,334.56
8.6447,8.1786,23.886,0.15199,-8.0751,0.13568,0.12865,-1.55,0.0281,287.42
8.6915,8.1964,23.57,0.15951,-8.0569,0.12652,0.11904,-1.5491,0.0278,289.87
8.7227,8.2053,23.273,0.037704,-7.998,0.1218,0.11323,-1.5643,0.0161,496.77
8.7693,8.1542,22.962,0.0037078,-8.0318,0.16615,0.1532,-1.5679,0.0119,674.94
8.8161,8.2084,22.638,-0.016888,-8.0123,0.10538,0.095981,-1.5714,0.0099,809.32
8.8474,8.2166,22.3,0.11602,-8.081,0.14144,0.12753,-1.5544,0.0213,379.43
8.8941,8.3143,21.95,0.16954,-8.1138,0.12068,0.10712,-1.5482,0.0265,306.25
8.9254,8.2456,21.705,0.13179,-8.1143,0.12634,0.11105,-1.5527,0.0197,411.95
8.9721,8.54,21.842,0.078598,-8.1473,0.12846,0.11121,-1.5584,0.0156,522.29
9.0035,8.5562,21.509,0.00015615,-8.1152,0.091926,0.078047,-1.5688,0.0094,863.32
9.0502,8.4685,21.231,-0.044017,-8.0838,0.077501,0.064964,-1.5746,0.0035,2309.7
9.0816,8.4681,20.906,-0.065192,-8.0918,0.050947,0.041939,-1.5778,0.0013,6224.7
9.1283,8.5199,20.567,0.031344,-8.1365,0.088916,0.071725,-1.565,0.01,813.66
9.175,8.3305,20.508,-0.76472,-7.8704,0.024227,0.019053,-1.6671,-0.0625,-126.52
9.2063,8.2355,20.205,-0.7396,-7.894,-0.00067104,-0.00051885,-1.6642,-0.0604,-131.27
9.253,8.1875,19.913,-0.79456,-7.8312,0.013198,0.0099764,-1.6716,-0.0634,-124.15
9.285,8.1719,19.575,-0.78912,-7.8962,-0.012175,-0.0089885,-1.6707,-0.061,-130.09
9.3312,8.2573,19.24,-0.61446,-7.9302,-0.025493,-0.01835,-1.6487,-0.0454,-175.2
9.3623,8.4451,19.044,-0.45771,-7.9871,-0.03333,-0.023208,-1.6289,-0.0289,-276.82
9.4093,8.3334,18.771,-0.44008,-7.9532,-0.029568,-0.020171,-1.6268,-0.0288,-276.58
9.4559,8.4341,18.417,-0.46052,-7.9606,-0.037952,-0.02497,-1.6296,-0.0279,-285.8
9.4872,8.3406,18.139,-0.3979,-7.9086,-0.051277,-0.033025,-1.6224,-0.025,-316.74
9.5339,8.2996,17.778,-0.43999,-8.0116,-0.020403,-0.012728,-1.6262,-0.0263,-305.08
9.5652,8.3085,17.438,-0.40676,-8.0563,-0.022523,-0.013611,-1.6218,-0.023,-350.72
9.612,8.3157,17.064,-0.3767,-8.09,-0.045417,-0.026605,-1.6185,-0.0202,-400.93
9.6432,8.421,16.692,-0.36065,-8.1039,-0.068634,-0.038582,-1.617,-0.0167,-485.74
9.69,8.2788,16.452,-0.49358,-7.923,-0.16165,-0.088827,-1.6373,-0.0332,-239.11
9.7216,8.3428,16.091,-0.5576,-7.9363,-0.1366,-0.071961,-1.6445,-0.0344,-231.28
9.768,8.2324,15.798,-0.52805,-7.9093,-0.16359,-0.084038,-1.6418,-0.0339,-233.83
9.8147,8.2824,15.441,-0.60902,-7.9307,-0.14383,-0.070574,-1.6512,-0.0364,-218.52
9.8461,8.1438,15.167,-0.60096,-7.8681,-0.19727,-0.09444,-1.6522,-0.0381,-207.11
9.8928,8.2736,14.813,-0.31737,-8.0273,-0.17228,-0.079177,-1.6148,-0.0115,-698.57
9.9242,8.3992,14.443,-0.24953,-8.0409,-0.15957,-0.069959,-1.606,-0.0032,-2514
9.9709,8.3028,14.147,-0.22826,-8.0806,-0.12924,-0.054774,-1.6024,-0.0032,-2526.2
10.002,8.3935,13.775,-0.23974,-8.0788,-0.14395,-0.058036,-1.6042,-0.0018,-4490.2
10.049,8.2622,13.495,-0.29297,-8.0215,-0.25573,-0.10012,-1.614,-0.011,-729.71
10.096,8.3682,13.094,-0.26811,-8.1042,-0.17925,-0.066018,-1.6085,-0.0044,-1842.9
10.127,8.254,12.855,-0.23894,-7.9844,-0.27756,-0.099641,-1.6081,-0.006,-1331.3
10.174,8.2595,12.52,-0.24551,-8.0746,-0.11509,-0.038828,-1.6042,-0.0036,-2244
10.205,8.2732,12.2,-0.19234,-8.0924,-0.078373,-0.025081,-1.5966,0.0021,3854.6
10.252,8.2598,11.867,-0.20338,-8.0903,-0.10019,-0.030505,-1.5985,0.0012,6744
10.283,8.3203,11.5,-0.24347,-8.1226,-0.062758,-0.017773,-1.6024,0.0012,6771.9
10.33,8.2406,11.193,-0.19948,-8.1378,-0.10515,-0.028563,-1.598,0.002,4070.1
10.377,8.2661,10.884,-0.26306,-8.0338,-0.23926,-0.061015,-1.6098,-0.0026,-3091.6
10.408,8.177,10.602,-0.22873,-8.0225,-0.25439,-0.06186,-1.606,-0.0026,-3086.8
10.454,8.2248,10.263,-0.31163,-8.0533,-0.14224,-0.031159,-1.6132,-0.0043,-1874.3
10.486,8.1479,9.9755,-0.27813,-8.0502,-0.15512,-0.032106,-1.6094,-0.0043,-1873.3
10.533,8.1706,9.613,-0.25324,-8.1384,-0.005422,-0.001013,-1.602,0.0007,11632
10.564,8.3039,9.2034,-0.21922,-8.2174,-0.034587,-0.0057664,-1.5983,0.006,1370
10.611,8.2567,8.9005,-0.14874,-8.2521,-0.0048935,-0.00074942,-1.5889,0.0093,887.47
10.642,8.4275,8.54,-0.017482,-8.2017,-0.23976,-0.033102,-1.579,0.0182,450.64
10.689,8.3836,8.2213,0.068075,-8.1991,-0.34123,-0.043706,-1.5712,0.0202,405.91
10.735,8.3691,7.8976,0.08768,-8.1483,-0.53053,-0.061795,-1.5738,0.018,452.71
10.767,8.3765,7.5761,0.099239,-8.1285,-0.55727,-0.056116,-1.5731,0.018,451.62
10.813,8.4004,7.2585,0.20815,-8.0401,-0.83172,-0.076553,-1.567,0.0215,374.08
10.845,8.4116,6.9399,0.20715,-8.0088,-0.79414,-0.059436,-1.5662,0.0215,372.63
10.892,8.3634,6.6395,0.24448,-7.8123,-1.3872,-0.10577,-1.5786,0.013,601.24
10.923,8.4206,6.3064,0.28473,-7.6802,-1.7082,-0.11381,-1.5835,0.012,640.46
10.97,8.4087,6.0307,0.48466,-7.562,-2.0105,-0.13095,-1.5671,0.0199,380.78
11.016,8.4658,5.6939,0.5348,-7.4282,-2.3297,-0.13295,-1.5714,0.0194,383.89
11.048,8.4125,5.4367,0.61372,-7.0179,-2.4192,-0.13444,-1.5678,0.0186,378.75
11.094,8.447,5.1393,0.71471,-7.1829,-2.6735,-0.12107,-1.5603,0.0231,312.48
11.126,8.4211,4.9175,0.76503,-6.9611,-2.9765,-0.13666,-1.5664,0.0183,382.68
11.172,8.4328,4.6962,0.92906,-6.2558,-3.2748,-0.20553,-1.566,0.0179,353.32
11.204,8.4914,4.3773,0.8896,-6.6125,-3.3942,-0.12928,-1.5697,0.0178,374.84
11.25,8.4405,4.2901,2.185,-4.5617,-5.6967,-1.9138,-1.5617,0.0212,238.58
11.282,8.4606,4.0233,1.9045,-4.7095,-5.0989,-1.2531,-1.5609,0.0215,236.28
11.328,8.4751,3.7485,1.5593,-4.9603,-4.3527,-0.62018,-1.56,0.0213,244.11
11.375,8.5113,3.455,1.3632,-5.0384,-3.9549,-0.35114,-1.5679,0.0181,288.37
11.406,8.4794,3.3029,1.3861,-6.1424,-4.7646,-0.30722,-1.5619,0.0187,336.73
11.453,8.477,3.0529,1.2272,-4.9439,-3.4444,-0.11624,-1.5644,0.0166,306.86
11.485,8.5261,2.8091,1.2498,-4.7955,-3.4465,-0.091274,-1.5676,0.0166,298.53
11.531,8.515,2.6106,1.2417,-4.738,-3.261,-0.010498,-1.5575,0.0205,238.93
11.563,8.5601,2.3466,1.1988,-4.6962,-3.1658,0.064207,-1.5616,0.0198,244.79
11.609,8.5472,2.155,1.2843,-4.5701,-3.1887,0.075209,-1.5507,0.0242,196.16
11.656,8.6055,1.9067,1.3488,-4.4273,-3.242,0.092144,-1.5484,0.0277,167.08
11.687,8.5936,1.7383,1.5047,-4.1804,-3.3771,0.021619,-1.5394,0.0306,145.2
11.734,8.623,1.5398,1.5974,-4.0097,-3.3958,0.01799,-1.5299,0.0363,118.9
11.765,8.6393,1.3516,1.6407,-3.8528,-3.3686,0.014146,-1.5284,0.0363,115.36
11.812,8.6524,1.174,1.6851,-3.6949,-3.3363,0.0051734,-1.5269,0.0363,111.88
11.844,8.6727,0.99067,1.7309,-3.536,-3.2987,-0.010193,-1.5255,0.0363,108.45
11.89,8.6808,0.83204,1.7781,-3.3759,-3.2553,-0.032301,-1.524,0.0363,105.11
11.937,8.6985,0.66312,1.8269,-3.2145,-3.2057,-0.061689,-1.5225,0.0363,101.86
11.968,8.7158,0.49886,1.8781,-3.0517,-3.1499,-0.099885,-1.5211,0.0363,98.714
12.015,8.7248,0.35499,1.9314,-2.8872,-3.0868,-0.14768,-1.5196,0.0363,95.694
12.046,8.7435,0.19587,1.9873,-2.7208,-3.0158,-0.20692,-1.518,0.0363,92.817
12.093,8.7533,0.061537,2.0458,-2.5528,-2.9367,-0.2785,-1.5166,0.0363,90.121
12.124,8.7951,-0.10782,2.1004,-2.389,-2.8492,-0.35511,-1.5183,0.0363,87.631
12.171,8.7845,-0.21727,2.174,-2.2093,-2.7489,-0.46605,-1.5137,0.0363,85.387
12.203,8.8188,-0.36259,2.2378,-2.0404,-2.6395,-0.57789,-1.5154,0.0363,83.425
12.249,8.8206,-0.64665,1.0661,-3.2776,-1.7199,0.55408,-1.5108,0.0363,94.949
12.296,8.8527,-0.69886,0.32037,0.69965,-0.51055,-0.34664,-1.5244,0.028846,26.676
12.327,8.8556,-0.65122,-0.13085,2.1996,0.29616,-0.94749,-1.5334,0.023874,92.3
12.374,8.8349,-0.5282,-0.73744,2.72,1.5044,-1.8474,-1.547,0.016426,171.56
12.405,8.806,-0.45314,-1.0982,1.9078,2.3156,-2.4516,-1.5561,0.011426,192.65
12.452,8.7432,-0.42476,-1.5673,-1.0438,3.5274,-3.3542,-1.5697,0.0039568,475.91
12.483,8.6903,-0.5032,-1.8326,-4.152,4.3316,-3.9531,-1.5787,-0.001,-4538.4
12.53,8.653,-0.78466,-1.4629,-4.1692,3.3966,-2.9037,-1.5836,-0.0042,-1052
12.577,8.6562,-0.92613,-1.4208,-4.247,3.3527,-2.8676,-1.5837,-0.0042,-1066.3
12.608,8.6616,-1.0832,-1.3809,-4.3259,3.3106,-2.8353,-1.5838,-0.0042,-1081.2
12.655,8.6644,-1.2337,-1.3432,-4.4056,3.2708,-2.8068,-1.5839,-0.0042,-1096.6
12.686,8.6664,-1.3882,-1.3077,-4.4861,3.2329,-2.7813,-1.5841,-0.0042,-1112.6
12.733,8.6689,-1.5466,-1.2737,-4.5676,3.1969,-2.7584,-1.5842,-0.0042,-1129
12.764,8.6885,-1.7408,-1.2513,-4.6472,3.1567,-2.7447,-1.5864,-0.0042,-1145.9
12.811,8.6724,-1.877,-1.211,-4.7328,3.1298,-2.7197,-1.5845,-0.0042,-1163.2
12.842,8.6885,-2.0733,-1.1912,-4.8142,3.0934,-2.7092,-1.5865,-0.0042,-1180.8
******-------------------------------------------------------------------------------------------------------------------****** 
