******-------------------------------------------------------------------------------------------------------------------****** 
Duration of the scene is: 46.4538 seconds
Original Targets Numbers in the hole Scene: 11
Number of Targets in the hole Scene after preprocessing: 21
Number of static portions: 1
******-------------------------------------------------------------------------------------------------------------------****** 
TargetID: ID17
Target can not be processed due to lack of Data
******-------------------------------------------------------------------------------------------------------------------****** 
TargetID: ID18
Target can not be processed due to lack of Data
******-------------------------------------------------------------------------------------------------------------------****** 
TargetID: ID19
Target can not be processed due to lack of Data
******-------------------------------------------------------------------------------------------------------------------****** 
TargetID: ID21
Target can not be processed due to lack of Data
******-------------------------------------------------------------------------------------------------------------------****** 
TargetID: ID06
Target can not be processed due to lack of Data
******-------------------------------------------------------------------------------------------------------------------****** 
TargetID: ID22
Target can not be processed due to lack of Data
******-------------------------------------------------------------------------------------------------------------------****** 
TargetID: ID07
Relevancy: 0
tj = Inf
Label: -1
Comment: Target is irrelevant as it is not crossing the estimated holding line
DATA:
25.767,11.377,4.2182,0.53931,-2.9456,6.3978,0.40836,-0.1926,1.3149,2.2774
25.807,11.406,4.1386,0.88978,-1.1019,5.8748,0.49983,-0.14953,1.3111,1.0803
25.847,11.448,4.1248,1.1957,0.34936,5.3523,0.59122,-0.1065,1.3073,0.9529
25.887,11.501,4.1614,1.4581,1.4127,4.8282,0.68287,-0.063346,1.3034,1.5576
25.927,11.564,4.2327,1.6759,2.083,4.3045,0.77446,-0.020223,1.2996,2.0571
25.967,11.635,4.3229,1.8491,2.361,3.7813,0.86596,0.022862,1.2958,2.3144
26.017,11.73,4.4372,2.0019,2.1639,3.1349,0.97901,0.076091,1.2911,2.2833
26.047,11.792,4.4973,2.0623,1.7452,2.7367,1.0486,0.10888,1.2882,2.0973
26.087,11.876,4.5504,2.1027,0.85228,2.2145,1.14,0.15188,1.2843,1.7666
26.127,11.96,4.56,2.0988,-0.43808,1.6896,1.2318,0.1951,1.2805,1.6743
26.167,12.09,4.6475,3.8605,3.538,1.8384,1.4028,0.22992,1.2633,4.145
26.207,12.226,4.7405,2.4391,-0.18002,1.9874,1.5741,0.2648,1.2461,1.9627
26.247,12.285,4.7923,2.4244,0.0073637,1.7157,1.4173,0.2935,1.2336,1.9653
26.287,12.369,4.8685,2.4762,0.24361,1.6234,1.4039,0.3429,1.2336,2.017
26.327,12.451,4.9497,2.5106,0.48074,1.5388,1.3813,0.3922,1.2336,2.0721
26.367,12.531,5.036,2.5281,0.71732,1.4612,1.351,0.4415,1.2336,2.1303
26.407,12.609,5.1272,2.5292,0.95145,1.3902,1.3148,0.4908,1.2336,2.1905
26.447,12.685,5.223,2.5142,1.1824,1.3246,1.2738,0.5402,1.2336,2.2522
26.487,12.758,5.3239,2.4841,1.4086,1.2633,1.2289,0.5895,1.2336,2.3149
26.527,12.827,5.4296,2.4394,1.629,1.2054,1.1813,0.6389,1.2336,2.3779
26.567,12.894,5.5403,2.3812,1.8424,1.1496,1.1313,0.6882,1.2336,2.4406
26.607,12.956,5.6556,2.3104,2.0479,1.0949,1.0795,0.7376,1.2336,2.5028
26.647,13.015,5.7756,2.2281,2.245,1.0403,1.0261,0.7869,1.2336,2.564
******-------------------------------------------------------------------------------------------------------------------****** 
TargetID: ID25
Relevancy: 0
tj = Inf
Label: -1
Comment: Target is irrelevant as it is not crossing the estimated holding line
DATA:
42.852,28.798,2.4748,NaN,NaN,NaN,NaN,-0.3949,NaN,NaN
42.892,28.96,2.4119,NaN,NaN,NaN,NaN,-0.395,NaN,NaN
42.932,29.845,2.3958,4.0993,-1.7413,-0,-0,-0.4017,0,Inf
42.973,30.013,2.3256,4.0993,-1.7414,-0,-0,-0.4017,0,Inf
43.012,28.45,3.2138,4.1709,-1.5659,-0.12101,-0.12484,-0.3753,0.0453,98.349
43.052,28.608,3.1907,4.1518,-1.5501,-0.11966,-0.12318,-0.3735,0.0448,98.923
43.092,28.668,3.287,3.9496,-1.5206,-0.31,-0.33897,-0.4162,0.0195,217.04
43.132,29.025,3.4309,4.2238,-2.3171,1.0953,0.90311,-0.3929,-0.0546,-88.235
43.172,29.202,3.3535,4.2605,-2.3398,1.0934,0.90418,-0.3951,-0.0546,-89.024
43.213,29.401,3.2735,4.404,-2.3779,1.0782,0.91432,-0.394,-0.0486,-102.98
43.252,29.526,3.2541,4.3128,-2.2164,0.69491,0.61757,-0.403,-0.0446,-108.72
43.293,29.675,3.2315,4.2527,-2.0109,0.33153,0.31176,-0.404,-0.0379,-124.12
43.347,29.836,3.1343,4.3263,-1.4281,-0.28341,-0.30229,-0.3557,0.0364,125.16
43.372,30.027,3.057,4.2936,-1.4046,-0.28701,-0.30468,-0.3539,0.0326,138.57
43.412,30.19,2.9962,4.2303,-1.4274,-0.31574,-0.3384,-0.3686,0.0088,507.35
43.452,30.337,2.9399,4.1273,-1.2069,-0.53893,-0.61598,-0.368,0.009,477.79
43.492,30.531,2.8772,4.2618,-1.5843,-0.096365,-0.098508,-0.3682,0.0126,360.85
43.533,30.742,2.7881,4.3671,-1.6215,0.053247,0.052927,-0.3493,0.0422,110.39
43.572,30.935,2.7117,4.3913,-1.4448,-0.06034,-0.061153,-0.3251,0.0739,62.556
43.612,31.176,2.6142,4.6226,-1.3496,0.1629,0.15975,-0.2671,0.1557,30.929
43.652,31.435,2.5383,4.8262,-1.2722,0.38134,0.36616,-0.2223,0.2117,23.576
43.693,31.688,2.4795,5.0036,-1.1441,0.53943,0.51353,-0.1791,0.2601,19.734
******-------------------------------------------------------------------------------------------------------------------****** 
TargetID: ID08
Target can not be processed due to lack of Data
******-------------------------------------------------------------------------------------------------------------------****** 
TargetID: ID26
Target can not be processed due to lack of Data
******-------------------------------------------------------------------------------------------------------------------****** 
TargetID: ID31
Target can not be processed due to lack of Data
******-------------------------------------------------------------------------------------------------------------------****** 
TargetID: ID10
Relevancy: 0
tj = Inf
Label: -1
Comment: Target is irrelevant as it is not crossing the estimated holding line
DATA:
16.044,14.876,1.0587,3.6355,0.17042,-2.4294,-2.1026,0.1913,0.0851,42.768
16.084,14.886,1.3846,3.3821,0.24352,-2.5515,-2.2043,0.2338,0.102,33.244
16.124,14.898,1.9693,3.1835,0.52069,-2.4657,-2.2012,0.3149,0.1337,24.127
16.164,14.951,2.1586,3.0552,0.57884,-2.4015,-2.16,0.3401,0.1423,21.852
16.204,15.06,2.2853,2.7937,1.0458,-2.2012,-2.0791,0.3582,0.1477,20.196
16.244,15.127,2.3262,3.1035,0.69288,-2.2521,-2.1561,0.3632,0.1472,21.603
16.284,15.199,2.5409,2.8312,0.73777,-2.0718,-1.9094,0.3909,0.1564,18.707
16.324,15.287,2.7399,2.809,0.87237,-1.8569,-1.7417,0.4166,0.1647,17.859
16.364,15.362,2.8549,2.7815,0.94598,-1.6977,-1.6076,0.431,0.168,17.488
16.404,15.346,3.041,2.7647,1.0936,-1.3997,-1.3477,0.4561,0.1756,16.931
16.444,15.463,3.0991,2.7551,1.135,-1.2805,-1.2387,0.4623,0.1752,17.008
16.484,15.557,3.224,2.7547,1.2262,-1.1202,-1.0919,0.4778,0.1787,16.873
16.524,15.665,3.2431,2.7546,1.2459,-1.0154,-0.99204,0.4782,0.1757,17.207
16.564,15.802,3.2596,2.8518,1.3363,-0.77345,-0.76081,0.4764,0.1725,18.257
16.604,15.905,3.2979,2.8556,1.3635,-0.68389,-0.67425,0.4788,0.1704,18.57
16.644,16.03,3.3447,2.8614,1.3969,-0.59566,-0.58875,0.4826,0.1691,18.83
16.684,16.129,3.4081,2.8646,1.4366,-0.51025,-0.50569,0.4886,0.1687,18.996
16.724,16.239,3.5812,2.9233,1.5742,-0.35483,-0.3549,0.5086,0.1738,19.103
16.764,16.344,3.6487,2.8978,1.5874,-0.35335,-0.35347,0.5155,0.1738,19.011
16.804,16.456,3.6721,2.9111,1.5996,-0.2975,-0.29866,0.5146,0.1703,19.505
16.85,16.588,3.8108,2.9444,1.7079,-0.11739,-0.11742,0.5299,0.1738,19.585
16.884,16.687,3.8884,2.9524,1.7521,-0.054882,-0.054968,0.5375,0.1741,19.719
16.924,16.782,3.9825,2.9487,1.7994,-0.00039944,-0.00040028,0.5479,0.1755,19.683
16.964,16.899,4.0593,2.9504,1.8343,0.043453,0.04352,0.5549,0.1754,19.807
17.004,17.027,4.0441,2.9596,1.8139,0.075394,0.075521,0.5474,0.1695,20.479
17.044,17.123,4.0969,2.9417,1.8184,0.092674,0.092783,0.5506,0.1679,20.597
17.084,17.233,4.1896,2.955,1.8725,0.14392,0.14421,0.5604,0.1693,20.664
17.124,17.34,4.3032,2.959,1.9321,0.18648,0.18691,0.5732,0.1718,20.57
17.164,17.488,4.2511,2.986,1.8917,0.21136,0.21184,0.5583,0.1632,21.659
17.204,17.609,4.3215,2.9956,1.92,0.23889,0.23939,0.563,0.1624,21.91
17.244,17.735,4.357,3.0015,1.9167,0.24488,0.24535,0.5611,0.1588,22.426
17.284,17.893,4.2654,3.0263,1.8378,0.25185,0.25235,0.5375,0.1468,24.119
17.324,18.006,4.3293,3.0127,1.8502,0.27302,0.27291,0.542,0.1462,24.183
17.364,18.116,4.4134,3.012,1.8836,0.29296,0.29289,0.5498,0.147,24.167
17.404,18.252,4.3949,3.0164,1.8317,0.28223,0.28215,0.5364,0.139,25.388
17.444,18.405,4.3209,3.0474,1.768,0.26305,0.26367,0.5163,0.1292,27.269
17.484,18.544,4.3701,3.0616,1.7781,0.27667,0.27733,0.5163,0.1271,27.856
17.524,18.713,4.4764,3.1069,1.8471,0.3664,0.36608,0.5244,0.1283,28.173
17.564,18.883,4.2946,3.1446,1.691,0.27635,0.27801,0.4825,0.1099,32.488
17.604,19.002,4.3658,3.1197,1.6983,0.26626,0.26679,0.4882,0.1105,32.145
17.644,19.117,4.4425,3.1007,1.7161,0.27737,0.27698,0.495,0.1114,31.813
17.684,19.21,4.517,3.0872,1.7348,0.27194,0.27156,0.5019,0.1123,31.533
17.725,19.308,4.5856,3.0514,1.7361,0.2344,0.23417,0.5087,0.1131,31.041
17.765,19.411,4.6526,3.0466,1.7502,0.23283,0.2326,0.513,0.113,31.093
17.805,19.554,4.7072,3.0621,1.7621,0.25312,0.25291,0.5131,0.1113,31.742
17.853,19.663,4.7704,3.0551,1.7722,0.24749,0.24724,0.5169,0.111,31.819
17.885,19.775,4.8012,3.0384,1.7483,0.21898,0.21879,0.5142,0.1082,32.399
17.925,19.982,4.6409,3.102,1.6452,0.23226,0.23266,0.4781,0.0938,37.434
17.965,20.116,4.6314,3.0815,1.5864,0.20707,0.20683,0.4664,0.0878,39.475
18.005,20.19,4.7167,3.048,1.605,0.18004,0.17983,0.477,0.0904,38.105
18.045,20.381,4.4791,3.0631,1.4209,0.15659,0.15642,0.4263,0.0707,47.76
18.085,20.507,4.5348,3.0655,1.4354,0.17142,0.17122,0.4293,0.0707,47.877
18.125,20.637,4.5611,3.0654,1.4229,0.17071,0.17051,0.4259,0.0683,49.482
18.165,20.745,4.6381,3.0627,1.4483,0.17539,0.17521,0.4329,0.0699,48.467
18.205,20.955,4.4289,3.1115,1.3075,0.19309,0.19286,0.3869,0.0527,64.043
18.245,21.068,4.4828,3.1071,1.3172,0.19106,0.19076,0.3903,0.0532,63.436
18.285,21.194,4.5076,3.1,1.2992,0.16696,0.16665,0.3874,0.0512,65.649
18.325,21.403,4.2759,3.1388,1.1376,0.1623,0.16202,0.3372,0.0328,101.78
18.366,21.528,4.321,3.1403,1.1408,0.15618,0.15588,0.3384,0.0327,102.17
18.406,21.664,4.3254,3.1567,1.1158,0.126,0.12618,0.3315,0.0297,112.73
18.446,21.778,4.388,3.1348,1.1214,0.10239,0.10215,0.3369,0.0312,106.71
18.486,21.923,4.3325,3.1418,1.0297,0.09888,0.098372,0.3167,0.0238,138.92
18.526,22.044,4.3861,3.1315,1.0582,0.083964,0.083746,0.3201,0.0247,133.82
18.566,22.168,4.4306,3.1259,1.0563,0.059859,0.059693,0.3218,0.025,131.98
18.606,22.293,4.4564,3.1213,1.0413,0.036406,0.036301,0.3195,0.0237,138.84
18.646,22.477,4.3378,3.1367,0.91957,0.026948,0.026838,0.2852,0.0118,277.01
18.686,22.621,4.3085,3.1268,0.87035,-0.0099223,-0.0098865,0.2722,0.0068,477.3
18.726,22.74,4.3509,3.1208,0.86731,-0.038042,-0.037882,0.274,0.0074,437.72
18.766,22.798,4.3542,3.0801,0.87064,0.029115,0.029045,0.2732,0.0068,470.7
18.806,22.924,4.3705,3.0675,0.84769,-0.0026063,-0.0025938,0.2698,0.0055,578.62
18.846,23.052,4.4479,3.0623,0.8619,-0.039785,-0.03952,0.2775,0.0083,383.29
18.886,23.181,4.4816,3.0604,0.86229,-0.039793,-0.039512,0.2778,0.0083,383.08
18.926,23.237,4.4641,2.9678,0.80458,-0.051325,-0.050806,0.2691,0.0056,549.1
18.966,23.344,4.522,2.97,0.8131,-0.085518,-0.084968,0.2745,0.0075,410.58
19.006,23.468,4.4989,2.9497,0.76232,-0.13072,-0.12978,0.2645,0.0037,823.4
19.046,23.634,4.3746,2.928,0.71674,-0.16467,-0.16632,0.2238,-0.0105,-287.09
19.086,23.754,4.3974,2.9456,0.60995,-0.18667,-0.18498,0.2223,-0.0108,-278.52
19.126,23.874,4.4237,2.9385,0.60685,-0.18672,-0.18496,0.2219,-0.0108,-277.82
19.166,24.011,4.4081,2.931,0.56513,-0.22486,-0.22247,0.2129,-0.0138,-216.31
19.206,24.18,4.2836,2.9191,0.52833,-0.22347,-0.22425,0.1791,-0.025,-118.66
19.246,24.281,4.3032,2.9109,0.52369,-0.22362,-0.22433,0.178,-0.025,-118.3
19.286,24.406,4.3239,2.9026,0.51943,-0.22364,-0.22432,0.1771,-0.025,-117.95
******-------------------------------------------------------------------------------------------------------------------****** 
TargetID: ID32
Target can not be processed due to lack of Data
******-------------------------------------------------------------------------------------------------------------------****** 
TargetID: ID33
Target can not be processed due to lack of Data
******-------------------------------------------------------------------------------------------------------------------****** 
TargetID: ID12
Target can not be processed due to lack of Data
******-------------------------------------------------------------------------------------------------------------------****** 
