******-------------------------------------------------------------------------------------------------------------------****** 
Duration of the scene is: 14.9582 seconds
Original Targets Numbers in the hole Scene: 1
Number of Targets in the hole Scene after preprocessing: 2
Number of static portions: 1
******-------------------------------------------------------------------------------------------------------------------****** 
TargetID: ID02
Target can not be processed due to lack of Data
******-------------------------------------------------------------------------------------------------------------------****** 
TargetID: ID03
Relevancy: 1
tj = 10.7176
Label: 1
Comment: Target is relevant and Turning, since the velocity ratio is highly changing at the end
DATA:
4.9177,22.541,52.775,0.26802,-8.8584,0.0040822,0.0041177,-1.5405,-0.1015,-87.315
4.9577,22.423,52.469,0.25144,-8.716,-0.00019903,-0.00020122,-1.542,-0.0977,-89.249
4.9977,22.434,52.121,0.21733,-8.7174,-0,-0,-1.5459,-0.0977,-89.254
5.0378,22.525,51.806,0.07946,-8.6505,0.0011956,0.0012045,-1.5616,-0.1137,-76.085
5.0767,22.531,51.46,0.039949,-8.6494,0.0019931,0.0020065,-1.5662,-0.1137,-76.073
5.1167,22.529,51.162,-0.037003,-8.5164,0.01027,0.010331,-1.5751,-0.1252,-68.023
5.1567,22.535,50.82,-0.080206,-8.5092,0.012167,0.012233,-1.5802,-0.1252,-67.968
5.1967,22.47,50.489,-0.43315,-8.4645,0.024138,0.024262,-1.6219,-0.1858,-45.617
5.2368,22.46,50.15,-0.49581,-8.4532,0.026438,0.026562,-1.6293,-0.1858,-45.574
5.2768,22.662,49.854,0.21632,-8.3107,0.0065846,0.0066153,-1.5448,-0.0508,-163.65
5.3168,22.677,49.523,0.19921,-8.2944,0.00908,0.0091199,-1.5468,-0.0508,-163.32
5.3568,22.757,49.182,0.45326,-8.2977,-0.0025949,-0.0026058,-1.5162,-0.0036,-2308.4
5.3968,22.79,48.811,0.58589,-8.4074,0.0085834,0.0086175,-1.5012,0.0207,407.14
5.4368,22.882,48.477,0.81573,-8.3729,-0.0016968,-0.0017035,-1.4737,0.0565,148.89
5.4769,22.939,48.126,0.8902,-8.4075,0.0021957,0.0022042,-1.4653,0.0648,130.47
5.5168,22.922,47.781,0.75706,-8.4421,0.010182,0.010218,-1.4813,0.0406,208.77
5.5568,22.965,47.429,0.8439,-8.4754,0.011881,0.011919,-1.4715,0.0525,162.23
5.5969,23.046,47.093,1.048,-8.4583,0.0077884,0.0078118,-1.4475,0.0799,106.67
5.6369,23.058,46.735,0.95692,-8.5177,0.018976,0.019024,-1.4589,0.062,138.25
5.6769,23.054,46.371,0.86212,-8.6015,0.029867,0.029935,-1.4708,0.0451,191.68
5.7169,23.048,46.004,0.76369,-8.6838,0.036967,0.037035,-1.483,0.0294,296.51
5.7569,23.018,45.663,0.64495,-8.6845,0.031771,0.03183,-1.4966,0.013,669.88
5.7969,23.05,45.315,0.65017,-8.6934,0.032974,0.033028,-1.4961,0.013,670.59
5.8369,23.12,44.959,0.77792,-8.7211,0.036679,0.036724,-1.4818,0.028,312.7
5.8769,23.157,44.609,0.78836,-8.7307,0.037786,0.037816,-1.4807,0.028,313.08
5.9169,23.112,44.29,0.59188,-8.6535,0.035086,0.035113,-1.5026,0.0044,1971.3
5.9569,23.099,43.91,0.52877,-8.7661,0.044301,0.044301,-1.5105,-0.0035,-2509.2
5.997,23.208,43.734,0.66885,-8.2167,-0.021606,-0.021594,-1.4895,0.0167,493.65
6.037,23.227,43.394,0.62708,-8.2227,-0.016208,-0.016193,-1.4947,0.0109,756.57
6.0769,23.248,43.019,0.64088,-8.3506,0.00050003,0.00049985,-1.4942,0.011,761.38
6.1169,23.283,42.674,0.66854,-8.3742,-0,-0,-1.4911,0.0135,622.28
6.1569,23.281,42.489,0.57648,-7.8527,-0.062464,-0.062342,-1.4974,0.0074,1064
6.1969,23.317,42.087,0.59572,-8.0861,-0.02122,-0.021179,-1.4973,0.0072,1126.1
6.2369,23.34,41.719,0.58917,-8.2125,-0.0064066,-0.0063927,-1.4992,0.0051,1614.4
6.2769,23.359,41.376,0.58582,-8.2443,0.0042062,0.0041939,-1.4999,0.0044,1878.4
6.317,23.407,41.186,0.57385,-7.7169,-0.073039,-0.072772,-1.4964,0.0072,1074.7
6.357,23.438,40.855,0.58817,-7.7469,-0.059106,-0.058902,-1.4951,0.0079,983.44
6.397,23.504,40.414,0.66609,-8.1245,-0.016732,-0.016667,-1.489,0.0124,657.4
6.437,23.535,40.067,0.6761,-8.189,0.00020029,0.00019937,-1.4884,0.0124,662.65
6.477,23.517,39.607,0.57764,-8.63,0.053122,0.052873,-1.5039,-0,-Inf
6.517,23.524,39.232,0.52785,-8.7488,0.058055,0.057749,-1.5104,-0.005,-1752.9
6.557,23.534,38.836,0.52291,-8.9394,0.07231,0.071897,-1.5122,-0.0062,-1444.3
6.597,23.56,38.474,0.5271,-8.9841,0.078427,0.077963,-1.5121,-0.0059,-1525.4
6.637,23.604,38.111,0.56038,-9.013,0.075458,0.074951,-1.5086,-0.0032,-2822
6.677,23.626,37.694,0.57316,-9.2382,0.10204,0.10135,-1.5087,-0.0033,-2804.8
6.717,23.64,37.433,0.51457,-8.8996,0.052191,0.051814,-1.513,-0.0062,-1437.8
6.757,23.646,37.044,0.55842,-9.0631,0.064927,0.064453,-1.5092,-0.0032,-2837.6
6.797,23.654,36.68,0.54989,-9.1061,0.062029,0.061564,-1.5106,-0.0041,-2225
6.837,23.673,36.304,0.55535,-9.1885,0.067696,0.06711,-1.5103,-0.0037,-2487.9
6.877,23.699,35.943,0.5804,-9.192,0.064664,0.064129,-1.5078,-0.002,-4605.2
6.917,23.728,35.589,0.60508,-9.1711,0.059979,0.059426,-1.5048,0.0001,91911
6.957,23.753,35.24,0.58771,-9.1443,0.056454,0.05593,-1.5065,-0.001,-9163.2
6.9971,23.774,34.879,0.61216,-9.1559,0.05277,0.052233,-1.504,0.0007,13109
7.0371,23.719,34.515,0.51813,-9.2098,0.05407,0.053519,-1.5146,-0.006,-1537.4
7.0771,23.736,34.186,0.49186,-9.0935,0.034988,0.034613,-1.5167,-0.0073,-1247.5
7.1171,23.81,33.857,0.53206,-8.9525,0.0072391,0.00716,-1.5114,-0.0038,-2360.1
7.1571,23.814,33.506,0.4918,-8.9336,0.0084474,0.0083521,-1.5158,-0.0065,-1376.5
7.1971,23.856,33.209,0.50728,-8.7007,-0.02263,-0.022367,-1.5126,-0.0043,-2026.9
7.2371,23.876,32.877,0.51056,-8.6345,-0.027667,-0.027333,-1.5118,-0.0038,-2276.2
7.2771,23.79,32.542,0.36358,-8.617,-0.0014087,-0.0013914,-1.5286,-0.0139,-620.48
7.3171,23.796,32.214,0.34756,-8.5505,-0.0094604,-0.0093384,-1.5302,-0.0145,-590.17
7.3571,23.793,31.909,0.32318,-8.396,-0.02346,-0.02314,-1.5323,-0.0154,-545.6
7.3971,23.805,31.499,0.25451,-8.3997,-0.01611,-0.015888,-1.5405,-0.0201,-418.09
7.4371,23.792,31.201,0.22724,-8.2486,-0.033736,-0.033259,-1.5433,-0.0212,-389.23
7.4771,23.812,30.863,0.2341,-8.2809,-0.010174,-0.010025,-1.5425,-0.0204,-406.09
7.5171,23.795,31.738,0.16846,-8.2216,0.00040283,0.00039703,-1.5503,-0.0247,-332.93
7.5571,23.819,31.353,0.18288,-8.3383,0.0062494,0.0061506,-1.5487,-0.0231,-361.05
7.5972,23.755,31.583,0.058154,-8.2523,0.011089,0.010908,-1.5635,-0.0313,-263.66
7.6371,23.754,31.228,0.04404,-8.2727,0.0093762,0.0092212,-1.5652,-0.0316,-261.8
7.6772,23.715,30.935,-0.027321,-8.1955,0.014219,0.013976,-1.5738,-0.0358,-228.93
7.7172,23.692,30.654,-0.070476,-8.1022,0.01654,0.016253,-1.579,-0.0381,-212.66
7.7572,23.714,30.309,-0.060269,-8.1502,0.013717,0.013478,-1.5778,-0.0366,-222.69
7.7972,23.721,29.987,-0.058735,-8.1305,0.01372,0.013475,-1.5777,-0.0356,-228.39
7.8372,23.728,29.649,-0.050059,-8.1669,0.012714,0.012481,-1.5766,-0.0342,-238.8
7.8772,23.759,29.315,-0.02439,-8.1845,0.013421,0.013174,-1.5734,-0.0317,-258.19
7.9172,23.758,28.982,-0.032237,-8.2164,0.015037,0.014756,-1.5743,-0.0315,-260.84
7.9572,23.756,28.655,-0.060017,-8.2337,0.016956,0.016636,-1.5776,-0.0327,-251.8
7.9972,23.758,28.319,-0.063962,-8.2509,0.017162,0.01683,-1.5781,-0.0321,-257.04
8.0372,23.758,27.999,-0.058418,-8.2336,0.017568,0.017224,-1.5774,-0.0311,-264.75
8.0772,23.783,27.681,-0.044173,-8.1975,0.016459,0.016134,-1.5757,-0.0294,-278.83
8.1172,23.803,27.306,0.0042665,-8.3181,0.015651,0.015343,-1.5699,-0.0254,-327.49
8.1572,23.829,26.967,0.021178,-8.3245,0.015147,0.014847,-1.5679,-0.0237,-351.25
8.1972,23.822,26.616,0.010105,-8.3935,0.017568,0.017221,-1.5691,-0.0239,-351.19
8.2372,23.85,26.268,0.033934,-8.4237,0.017065,0.016726,-1.5663,-0.0218,-386.41
8.2772,23.874,25.891,0.071575,-8.5122,0.019289,0.018901,-1.5619,-0.0188,-452.79
8.3172,23.894,25.56,0.082878,-8.472,0.018684,0.018307,-1.5605,-0.0176,-481.38
8.3573,23.888,25.223,0.069176,-8.4761,0.021308,0.020878,-1.5621,-0.0181,-468.31
8.3973,23.91,24.875,0.085073,-8.4868,0.020401,0.019989,-1.5603,-0.0167,-508.22
8.4373,23.936,24.517,0.13022,-8.502,0.020401,0.019988,-1.555,-0.0133,-639.32
8.4773,23.937,24.207,0.10234,-8.424,0.017673,0.017318,-1.5582,-0.0149,-565.41
8.5173,23.977,23.857,0.16981,-8.4409,0.018581,0.01821,-1.5502,-0.0102,-827.71
8.5573,23.99,23.531,0.16012,-8.4053,0.017773,0.017418,-1.5513,-0.0105,-800.65
8.5973,24.016,23.154,0.18868,-8.4749,0.019286,0.018904,-1.5481,-0.0086,-985.7
8.6373,24.042,22.814,0.19374,-8.4714,0.019082,0.018707,-1.5475,-0.0081,-1046.1
8.6773,24.079,22.449,0.23368,-8.5106,0.019789,0.019401,-1.5428,-0.0055,-1548
8.7173,24.073,22.112,0.21315,-8.4857,0.017769,0.017422,-1.5452,-0.0066,-1286.1
8.7573,24.11,21.762,0.24753,-8.5045,0.016758,0.016435,-1.5413,-0.0045,-1890.7
8.7974,24.12,21.406,0.25771,-8.5338,0.017969,0.017622,-1.5402,-0.0037,-2307.5
8.8373,24.168,21.055,0.28647,-8.5065,0.011811,0.011585,-1.5368,-0.002,-4255.7
8.8773,24.2,20.681,0.22997,-8.5547,0.016253,0.015939,-1.5435,-0.0063,-1358.4
8.9173,24.228,20.335,0.26569,-8.5541,0.017163,0.01683,-1.5393,-0.0039,-2194.4
8.9573,24.245,19.991,0.27253,-8.5699,0.019278,0.018919,-1.539,-0.0037,-2317.4
8.9973,24.298,19.659,0.31475,-8.5427,0.019683,0.019308,-1.5335,-0.0007,-12212
9.0374,24.317,19.288,0.31108,-8.6378,0.030283,0.029697,-1.534,-0.0013,-6648.8
9.0774,24.358,18.87,0.35622,-8.8677,0.052288,0.051255,-1.5294,0.0013,6826.8
9.1174,24.398,18.506,0.38492,-8.919,0.055009,0.053929,-1.5264,0.0029,3078.4
9.1574,24.427,18.12,0.4147,-9.0541,0.071459,0.07004,-1.5234,0.0045,2014.1
9.1974,24.419,17.786,0.32946,-9.0235,0.061437,0.060273,-1.5329,-0.0015,-6019.7
9.2373,24.442,17.4,0.34145,-9.1514,0.071627,0.070255,-1.5319,-0.0009,-10175
9.2775,24.43,17.165,0.28197,-8.7219,0.023603,0.023182,-1.5379,-0.0043,-2029.4
9.3174,24.415,16.865,0.2442,-8.5848,0.010187,0.01001,-1.5421,-0.0067,-1281.8
9.3574,24.431,16.502,0.24013,-8.7327,0.026831,0.026353,-1.5427,-0.0071,-1230.4
9.3974,24.44,16.113,0.23326,-8.9498,0.045483,0.044666,-1.5437,-0.0077,-1162.7
9.4374,24.432,15.763,0.17879,-9.0414,0.046887,0.046053,-1.55,-0.0113,-800.28
9.4774,24.418,15.384,0.13114,-9.2147,0.052124,0.051205,-1.5555,-0.0145,-635.56
9.5174,24.369,15.019,0.052696,-9.2732,0.038914,0.038246,-1.5643,-0.0193,-480.48
9.5574,24.336,14.748,-0.023227,-8.9849,0.021473,0.021114,-1.5729,-0.024,-374.37
9.5974,24.276,14.499,-0.15379,-8.6828,0.010383,0.010213,-1.5883,-0.0327,-265.57
9.6374,24.218,14.253,-0.27127,-8.3991,0.012399,0.012196,-1.6028,-0.0408,-205.97
9.6774,24.152,13.95,-0.37675,-8.2872,0.019351,0.019037,-1.6157,-0.0476,-174.28
9.7174,24.094,13.586,-0.48991,-8.545,-0.015522,-0.015283,-1.6284,-0.0544,-157.34
9.7575,23.988,13.28,-0.65723,-8.5694,-0.045557,-0.044892,-1.6484,-0.0655,-131.21
9.7975,23.915,12.96,-0.76952,-8.6328,-0.080839,-0.079713,-1.6614,-0.0721,-120.21
9.8375,23.843,12.716,-0.8727,-8.3696,-0.057135,-0.056343,-1.676,-0.0793,-106.12
9.8775,23.754,12.457,-1.0121,-8.1755,-0.035358,-0.034871,-1.6948,-0.0892,-92.354
9.9175,23.652,12.22,-1.1611,-7.9225,0.0072508,0.0071475,-1.7161,-0.1004,-79.752
9.9575,23.536,11.998,-1.3209,-7.6328,0.070155,0.069116,-1.7404,-0.1132,-68.429
9.9975,23.422,11.831,-1.4314,-7.1657,0.20227,0.19901,-1.7626,-0.1241,-58.882
10.038,23.361,11.597,-1.4621,-6.9312,0.27104,0.26646,-1.7712,-0.1263,-56.086
10.078,23.295,11.371,-1.4967,-6.7005,0.33785,0.33197,-1.7807,-0.1291,-53.181
10.118,23.22,11.147,-1.5426,-6.4902,0.39743,0.39036,-1.7921,-0.133,-50.158
10.158,23.163,10.952,-1.551,-6.1926,0.48853,0.4793,-1.8002,-0.1347,-47.393
10.198,22.986,10.71,-1.7442,-6.3379,0.3336,0.32846,-1.8295,-0.1495,-43.97
10.238,22.815,10.467,-1.946,-6.4929,0.13412,0.13244,-1.8585,-0.1637,-41.406
10.278,22.637,10.238,-2.1344,-6.522,0.011964,0.011832,-1.8868,-0.177,-38.77
10.318,22.476,10.024,-2.2929,-6.3732,0.045023,0.044536,-1.9151,-0.1901,-35.629
10.358,22.332,9.8412,-2.402,-6.2173,0.056765,0.056173,-1.9382,-0.1995,-33.409
10.398,22.165,9.6236,-2.5536,-6.1036,0.071114,0.0704,-1.9655,-0.2114,-31.297
10.438,22.001,9.4001,-2.6888,-6.0411,0.049813,0.049349,-1.9885,-0.2201,-30.043
10.478,21.85,9.2013,-2.8001,-5.9233,0.063757,0.063187,-2.0111,-0.2283,-28.698
10.518,21.698,8.9832,-2.9133,-5.8649,0.041862,0.041517,-2.031,-0.2347,-27.902
10.558,21.525,8.7843,-3.0381,-5.7655,0.034428,0.034159,-2.0551,-0.2434,-26.775
10.598,21.319,8.5719,-3.2251,-5.7399,-0.065357,-0.06488,-2.0837,-0.2544,-25.88
10.638,21.105,8.3439,-3.4347,-5.7688,-0.21831,-0.21681,-2.1108,-0.2643,-25.403
10.678,20.941,8.1796,-3.4965,-5.5685,-0.11532,-0.11456,-2.133,-0.2711,-24.254
10.718,20.8,7.958,-3.5603,-5.5353,-0.12001,-0.11927,-2.1439,-0.2711,-24.277
10.758,20.592,7.7496,-3.738,-5.5178,-0.23077,-0.22944,-2.1687,-0.2792,-23.871
10.798,20.446,7.5289,-3.8079,-5.4863,-0.23754,-0.23626,-2.1799,-0.2792,-23.919
10.838,20.292,7.3109,-3.8771,-5.4543,-0.24458,-0.24341,-2.191,-0.2792,-23.968
10.878,20.135,7.0941,-3.9463,-5.4212,-0.25181,-0.25076,-2.2022,-0.2792,-24.017
10.918,19.975,6.8786,-4.015,-5.3875,-0.25864,-0.25771,-2.2133,-0.2792,-24.065
10.958,19.813,6.6641,-4.0841,-5.3522,-0.26672,-0.26582,-2.2246,-0.2792,-24.114
10.998,19.721,6.8228,-3.7619,-4.4525,0.4433,0.44207,-2.2694,-0.2978,-19.573
11.038,19.484,6.7373,-3.9048,-4.2586,0.42858,0.42756,-2.3114,-0.3142,-18.389
11.078,19.179,6.6767,-4.1311,-4.0629,0.32789,0.3273,-2.3647,-0.3362,-17.234
11.118,19.048,6.8463,-3.0743,-2.8111,2.9944,2.994,-2.4352,-0.3681,-11.317
11.158,18.922,6.7417,-2.9747,-2.6963,3.0255,3.0294,-2.4499,-0.3681,-10.907
11.198,18.799,6.6429,-2.8708,-2.5879,3.0538,3.0626,-2.4647,-0.3681,-10.5
11.238,18.686,6.5506,-2.7623,-2.4868,3.0785,3.0937,-2.4794,-0.3681,-10.097
11.278,18.51,6.5894,-2.7896,-2.0167,3.0892,3.0752,-2.5156,-0.3791,-9.08
11.318,18.12,6.4484,-2.7762,-2.4068,3.3871,3.4887,-2.5841,-0.4086,-8.9922
11.358,17.882,6.6081,-2.6946,-1.4568,3.9766,3.8881,-2.646,-0.4322,-7.0874
11.398,17.789,6.5839,-2.2659,-2.3727,3.4564,3.879,-2.6664,-0.4337,-7.5648
11.438,17.664,6.4988,-3.9301,-1.8985,3.0673,3.4292,-2.6908,-0.43717,-9.9838
11.478,17.481,6.4307,-5.118,-1.5275,2.6781,2.9794,-2.7152,-0.44064,-12.121
11.518,17.261,6.3752,-5.8291,-1.26,2.2889,2.5295,-2.7396,-0.44411,-13.428
11.558,17.021,6.3285,-6.0632,-1.096,1.8997,2.0796,-2.764,-0.44758,-13.766
11.598,16.782,6.2862,-5.8204,-1.0354,1.5104,1.6296,-2.7884,-0.45105,-13.107
11.638,16.562,6.2442,-5.101,-1.0783,1.1214,1.1799,-2.8128,-0.45452,-11.471
11.678,16.38,6.1984,-3.9014,-1.2251,0.73129,0.72904,-2.8373,-0.458,-8.9284
11.718,16.302,6.1909,-3.5952,-1.3754,0.95764,0.98847,-2.8585,-0.4594,-8.3789
11.758,15.811,6.1228,-4.8923,-1.2268,-0.95794,-0.96762,-2.8959,-0.4693,-10.748
11.798,15.391,6.0752,-5.7856,-1.256,-2.3869,-2.4274,-2.9278,-0.4762,-12.432
11.838,15.157,6.0273,-5.9064,-1.1649,-2.3971,-2.4378,-2.9469,-0.4762,-12.642
******-------------------------------------------------------------------------------------------------------------------****** 
