******-------------------------------------------------------------------------------------------------------------------****** 
Duration of the scene is: 72.2935 seconds
Original Targets Numbers in the hole Scene: 8
Number of Targets in the hole Scene after preprocessing: 28
Number of static portions: 1
******-------------------------------------------------------------------------------------------------------------------****** 
TargetID: ID01
Target can not be processed due to lack of Data
******-------------------------------------------------------------------------------------------------------------------****** 
TargetID: ID09
Target can not be processed due to lack of Data
******-------------------------------------------------------------------------------------------------------------------****** 
TargetID: ID11
Target can not be processed due to lack of Data
******-------------------------------------------------------------------------------------------------------------------****** 
TargetID: ID12
Relevancy: 0
tj = Inf
Label: -1
Comment: Target is irrelevant as it is not crossing the estimated holding line
DATA:
64.612,191.33,-40.059,-0.44201,-5.5305,-0.038781,-0.35498,-1.6512,0.0456,121.67
64.652,191.31,-40.282,-0.44373,-5.662,-0.089521,-0.69251,-1.651,0.0449,126.49
64.692,191.29,-40.51,-0.43114,-5.6952,-0.10077,-0.67402,-1.6492,0.0449,127.2
64.732,191.28,-40.736,-0.41884,-5.7282,-0.11128,-0.6551,-1.6474,0.0449,127.92
64.772,191.22,-40.958,-0.4464,-5.6908,-0.093714,-0.49268,-1.6523,0.042,135.91
64.812,191.19,-41.189,-0.43557,-5.7162,-0.10057,-0.47768,-1.6505,0.042,136.49
64.852,191.11,-41.421,-0.49631,-5.6892,-0.085965,-0.37236,-1.6609,0.037,154.35
64.892,191.1,-41.647,-0.4876,-5.7093,-0.090504,-0.36025,-1.6594,0.037,154.87
64.932,191.07,-41.879,-0.47915,-5.7293,-0.094573,-0.34798,-1.658,0.037,155.39
64.972,190.98,-42.074,-0.55466,-5.598,-0.034129,-0.11662,-1.6709,0.031,181.46
65.012,191.06,-42.353,-0.5012,-5.5899,0.0048305,0.015382,-1.6604,0.0351,159.9
65.052,191.13,-42.609,-0.42319,-5.5351,0.061793,0.18435,-1.6501,0.0389,142.71
65.092,191.11,-42.833,-0.41249,-5.5249,0.063127,0.17686,-1.6485,0.0389,142.42
65.132,191.17,-43.082,-0.33042,-5.4176,0.14707,0.3897,-1.6396,0.0423,128.31
65.172,191.07,-43.287,-0.35075,-5.3254,0.18838,0.47294,-1.647,0.0387,137.91
65.212,191.06,-43.5,-0.3383,-5.2945,0.18951,0.45144,-1.6454,0.0387,137.09
65.252,191.04,-43.714,-0.32635,-5.2636,0.18984,0.42993,-1.6438,0.0387,136.27
65.292,190.75,-43.895,-0.45598,-5.1483,0.23197,0.50033,-1.6723,0.0268,192.85
65.332,190.73,-44.102,-0.44548,-5.113,0.23145,0.47603,-1.6712,0.0268,191.51
65.372,190.71,-44.309,-0.43515,-5.0778,0.22999,0.45213,-1.6701,0.0268,190.16
65.412,190.69,-44.512,-0.42523,-5.0428,0.22768,0.42862,-1.669,0.0268,188.83
65.452,190.84,-44.732,-0.30626,-4.9638,0.25457,0.46114,-1.6495,0.0341,145.84
65.492,190.83,-44.93,-0.29678,-4.922,0.24909,0.43312,-1.6482,0.0341,144.6
65.532,190.81,-45.128,-0.28714,-4.8804,0.24267,0.40562,-1.6468,0.0341,143.37
65.572,190.79,-45.326,-0.27896,-4.839,0.23526,0.37801,-1.6455,0.0341,142.14
65.612,190.53,-45.497,-0.6429,-4.8678,0.17116,0.26003,-1.6909,0.0156,314.75
65.652,190.51,-45.692,-0.6359,-4.8422,0.16662,0.24337,-1.6902,0.0156,313.06
65.692,190.48,-45.887,-0.62865,-4.8166,0.16148,0.22703,-1.6896,0.0156,311.38
65.732,190.46,-46.08,-0.62096,-4.7913,0.15602,0.21151,-1.6888,0.0156,309.7
65.772,190.43,-46.273,-0.61341,-4.7661,0.15022,0.19668,-1.6882,0.0156,308.04
******-------------------------------------------------------------------------------------------------------------------****** 
TargetID: ID13
Target can not be processed due to lack of Data
******-------------------------------------------------------------------------------------------------------------------****** 
TargetID: ID14
Target can not be processed due to lack of Data
******-------------------------------------------------------------------------------------------------------------------****** 
TargetID: ID15
Target can not be processed due to lack of Data
******-------------------------------------------------------------------------------------------------------------------****** 
TargetID: ID16
Target can not be processed due to lack of Data
******-------------------------------------------------------------------------------------------------------------------****** 
TargetID: ID17
Relevancy: 0
tj = Inf
Label: -1
Comment: Target is irrelevant as it is not crossing the estimated holding line
DATA:
35.163,138.92,-4.9626,NaN,NaN,NaN,NaN,2.4687,NaN,NaN
35.203,138.78,-4.8506,NaN,NaN,NaN,NaN,2.4688,NaN,NaN
35.243,NaN,NaN,NaN,NaN,NaN,NaN,2.5079,NaN,NaN
35.283,NaN,NaN,NaN,NaN,NaN,NaN,2.508,NaN,NaN
35.323,NaN,NaN,NaN,NaN,NaN,NaN,2.5338,NaN,NaN
35.363,NaN,NaN,NaN,NaN,NaN,NaN,2.5396,NaN,NaN
35.403,NaN,NaN,NaN,NaN,NaN,NaN,2.5397,NaN,NaN
35.443,NaN,NaN,NaN,NaN,NaN,NaN,2.5397,NaN,NaN
35.483,NaN,NaN,NaN,NaN,NaN,NaN,2.5274,NaN,NaN
35.523,NaN,NaN,NaN,NaN,NaN,NaN,2.5273,NaN,NaN
35.563,NaN,NaN,NaN,NaN,NaN,NaN,2.5158,NaN,NaN
35.603,138.27,-4.0701,-3.4465,2.0299,0,-0,2.6093,0,Inf
35.652,138.18,-4.0233,-3.3406,1.8169,0.22342,0.11392,2.6452,0.045,84.505
35.683,137.82,-3.448,-2.9172,1.8763,0.90849,0.41996,2.6169,0.0873,39.731
35.723,137.69,-3.3559,-3.1709,2.7021,0.81162,0.36751,2.6236,0.095121,43.798
35.763,137.56,-3.2337,-3.3833,3.3911,0.7148,0.31508,2.6303,0.10294,46.535
35.803,137.42,-3.0867,-3.5546,3.9432,0.61804,0.26269,2.637,0.11075,47.935
35.843,137.28,-2.9199,-3.685,4.36,0.52105,0.21018,2.6437,0.11858,48.141
35.883,137.13,-2.7396,-3.774,4.6394,0.42427,0.15777,2.6504,0.12639,47.316
35.923,136.98,-2.5504,-3.8219,4.7826,0.32727,0.10525,2.6571,0.13423,45.61
35.963,136.83,-2.3585,-3.8286,4.789,0.23042,0.052806,2.6638,0.14205,43.164
36.003,136.67,-2.1689,-3.7941,4.6587,0.13349,0.00032159,2.6705,0.14987,40.089
36.043,136.52,-1.9874,-3.7185,4.3919,0.036646,-0.052116,2.6772,0.15769,36.494
36.083,136.38,-1.8194,-3.6017,3.9886,-0.060214,-0.10456,2.6839,0.16551,32.47
36.123,136.23,-1.67,-3.4436,3.4483,-0.15714,-0.15705,2.6906,0.17334,28.115
36.163,136.1,-1.5452,-3.2446,2.7722,-0.25395,-0.20947,2.6973,0.18115,23.558
36.203,135.98,-1.4501,-3.0042,1.9587,-0.35087,-0.26195,2.704,0.18898,18.977
36.243,135.86,-1.3903,-2.7226,1.0089,-0.44775,-0.3144,2.7107,0.1968,14.754
36.283,135.8,-1.2882,-2.9412,1.0176,-0.68025,-0.51974,2.7017,0.1887,16.493
36.323,135.66,-1.2777,-2.6468,0.73674,-0.8109,-0.5577,2.717,0.1921,14.302
36.363,135.53,-1.2421,-3.0621,0.79971,-1.0367,-0.81163,2.7269,0.1929,16.406
36.403,135.41,-1.1945,-3.2066,1.4576,-1.1953,-0.92667,2.7323,0.19133,18.409
36.443,135.28,-1.1355,-3.2285,1.3686,-1.3539,-1.0417,2.7378,0.18977,18.478
36.483,135.15,-1.095,-3.1278,0.53222,-1.5126,-1.1568,2.7432,0.1882,16.859
36.523,135.1,-0.97306,-3.1464,0.58376,-1.5155,-1.1918,2.7251,0.1754,18.245
36.563,135.04,-0.87881,-3.1712,0.61853,-1.5249,-1.2264,2.7141,0.1664,19.417
36.603,134.99,-0.73266,-3.1873,0.691,-1.5155,-1.2528,2.6926,0.1526,21.372
36.657,134.9,-0.63834,-3.2393,0.72578,-1.5475,-1.3017,2.6857,0.1461,22.722
36.688,134.89,-0.48372,-3.2608,0.8185,-1.5608,-1.3633,2.6552,0.1283,26.204
36.723,134.83,-0.35306,-3.286,0.89295,-1.5518,-1.3796,2.6396,0.118,28.857
36.763,134.73,-0.092737,-3.4642,1.045,-1.739,-1.6185,2.6035,0.0982,36.847
36.803,134.66,0.14347,-3.5946,1.207,-1.8641,-1.7947,2.5713,0.0806,47.045
36.844,134.56,0.38714,-3.7944,1.3655,-2.1185,-2.1424,2.5384,0.0615,65.572
36.883,134.45,0.56485,-3.9379,1.5038,-2.2628,-2.3293,2.5217,0.0509,82.814
36.923,134.44,0.81462,-3.8634,1.7822,-2.0983,-2.1497,2.4783,0.0274,155.28
36.963,134.36,1.0032,-4.3534,2.3439,-2.308,-2.3979,2.46,0.018,274.68
37.003,134.3,1.1975,-3.8337,2.1604,-1.9243,-1.9269,2.4341,0.003,1466.8
37.043,134.25,1.3572,-3.7381,2.3434,-1.7204,-1.6778,2.412,-0.0104,-424.22
37.083,134.17,1.4743,-3.4867,2.5409,-1.1392,-1.0139,2.4008,-0.0171,-252.3
37.123,134.1,1.6574,-3.4194,2.6648,-1.0323,-0.91041,2.3803,-0.0281,-154.28
37.163,134.11,1.8706,-3.1066,2.8893,-0.50586,-0.41193,2.3436,-0.0477,-88.943
37.203,134.13,2.067,-2.8015,3.0698,-0.0048653,-0.0036443,2.3101,-0.0653,-63.644
37.243,134.11,2.1955,-2.5388,3.1922,0.47934,0.32851,2.2896,-0.0765,-53.316
37.283,134.08,2.3602,-2.4273,3.2271,0.53962,0.36596,2.2695,-0.0859,-47.009
37.323,134.17,2.5907,-2.114,3.3508,0.89785,0.56179,2.2249,-0.1077,-36.787
37.363,134.13,2.7193,-2.023,3.3453,0.92352,0.57285,2.211,-0.1135,-34.444
37.403,134.16,2.9135,-1.915,3.3422,0.82809,0.52179,2.1806,-0.1272,-30.283
37.443,134.13,3.0469,-1.7486,3.1436,0.71273,0.45457,2.1671,-0.1322,-27.21
37.483,134.11,3.1929,-1.7497,3.3277,0.8331,0.52074,2.1493,-0.1391,-27.028
37.523,134.14,3.3585,-1.6158,3.3371,0.8869,0.54343,2.1247,-0.1493,-24.834
******-------------------------------------------------------------------------------------------------------------------****** 
TargetID: ID18
Target can not be processed due to lack of Data
******-------------------------------------------------------------------------------------------------------------------****** 
TargetID: ID03
Target can not be processed due to lack of Data
******-------------------------------------------------------------------------------------------------------------------****** 
TargetID: ID19
Target can not be processed due to lack of Data
******-------------------------------------------------------------------------------------------------------------------****** 
TargetID: ID20
Target can not be processed due to lack of Data
******-------------------------------------------------------------------------------------------------------------------****** 
TargetID: ID21
Target can not be processed due to lack of Data
******-------------------------------------------------------------------------------------------------------------------****** 
TargetID: ID22
Target can not be processed due to lack of Data
******-------------------------------------------------------------------------------------------------------------------****** 
TargetID: ID23
Relevancy: 0
tj = Inf
Label: -1
Comment: Target is irrelevant as it is not crossing the estimated holding line
DATA:
32.002,150.69,0.19464,NaN,NaN,NaN,NaN,2.7566,NaN,NaN
32.042,150.55,0.25211,NaN,NaN,NaN,NaN,2.7566,NaN,NaN
32.082,150.29,0.92945,NaN,NaN,NaN,NaN,2.4173,NaN,NaN
32.122,150.12,1.0736,NaN,NaN,NaN,NaN,2.4173,NaN,NaN
32.162,149.97,1.2155,NaN,NaN,NaN,NaN,2.4172,NaN,NaN
32.202,150.34,1.5213,-4.358,4.2107,0,-0,2.3734,0,Inf
32.243,150.28,1.1849,-3.9096,2.9798,-0.0062894,-0.0054827,2.4903,0.0101,486.7
32.283,150.12,1.3038,-3.9112,2.9785,-0.0060789,-0.0052941,2.4907,0.0101,486.76
32.323,149.92,1.4669,-4.1353,3.1002,-0.2752,-0.23949,2.4983,0.09,57.426
32.363,149.75,1.589,-4.1564,3.0933,-0.2731,-0.23738,2.5018,0.09,57.568
32.403,149.59,1.7129,-4.1781,3.0858,-0.27086,-0.2352,2.5055,0.09,57.712
32.443,149.43,1.8353,-4.1995,3.0783,-0.26856,-0.23287,2.5091,0.09,57.854
32.483,149.26,1.9558,-4.2206,3.0712,-0.26642,-0.23059,2.5125,0.09,57.997
32.523,149.09,2.0784,-4.242,3.0636,-0.26405,-0.22813,2.5161,0.09,58.14
32.563,148.93,2.2001,-4.2634,3.0557,-0.26181,-0.22574,2.5197,0.09,58.282
32.611,148.76,2.3234,-4.2851,3.0475,-0.25946,-0.22326,2.5234,0.09,58.425
32.642,148.58,2.4444,-4.3064,3.0396,-0.25715,-0.22073,2.527,0.09,58.568
32.682,148.42,2.5654,-4.3278,3.0315,-0.25472,-0.21812,2.5306,0.09,58.71
32.722,148.24,2.6845,-4.3491,3.0234,-0.25234,-0.21546,2.5341,0.09,58.853
32.762,148.07,2.8055,-4.3706,3.0149,-0.24994,-0.21281,2.5377,0.09,58.996
32.802,147.9,2.9256,-4.392,3.0065,-0.24758,-0.21012,2.5413,0.09,59.138
32.843,147.73,3.0437,-4.4132,2.9981,-0.24515,-0.2073,2.5449,0.09,59.281
******-------------------------------------------------------------------------------------------------------------------****** 
TargetID: ID24
Target can not be processed due to lack of Data
******-------------------------------------------------------------------------------------------------------------------****** 
TargetID: ID05
Target can not be processed due to lack of Data
******-------------------------------------------------------------------------------------------------------------------****** 
TargetID: ID25
Target can not be processed due to lack of Data
******-------------------------------------------------------------------------------------------------------------------****** 
TargetID: ID26
Target can not be processed due to lack of Data
******-------------------------------------------------------------------------------------------------------------------****** 
TargetID: ID27
Target can not be processed due to lack of Data
******-------------------------------------------------------------------------------------------------------------------****** 
TargetID: ID28
Target can not be processed due to lack of Data
******-------------------------------------------------------------------------------------------------------------------****** 
TargetID: ID29
Target can not be processed due to lack of Data
******-------------------------------------------------------------------------------------------------------------------****** 
TargetID: ID30
Relevancy: 0
tj = Inf
Label: -1
Comment: Target is irrelevant as it is not crossing the estimated holding line
DATA:
33.563,141.51,-4.9725,NaN,NaN,NaN,NaN,-2.7193,NaN,NaN
33.614,141.1,-4.6009,NaN,NaN,NaN,NaN,2.5719,NaN,NaN
33.643,140.97,-4.2124,NaN,NaN,NaN,NaN,2.2258,NaN,NaN
33.683,141.49,-3.9437,-2.9996,7.6551,0.077173,0.055686,1.9444,-0.0002,-41109
33.723,141.32,-3.9574,-2.815,6.4509,0.04949,0.035329,1.9824,0.0706,99.693
33.763,141.24,-3.8538,-2.8048,5.7712,0.11482,0.081042,2.0236,0.1911,33.578
33.803,141.14,-3.8032,-2.8236,5.0946,0.19085,0.1331,2.0777,0.3345,17.413
33.843,141.04,-3.7404,-2.8986,4.5493,0.30564,0.21051,2.1397,0.4819,11.194
33.883,140.9,-3.6868,-2.9957,4.1052,0.34609,0.23543,2.2032,0.6058,8.3889
33.923,140.78,-3.9838,-2.7283,3.0184,0.37504,0.25133,2.3091,0.7876,5.1659
33.963,140.66,-4.1932,-2.5555,2.3011,0.3116,0.20609,2.4123,0.9428,3.6475
34.003,140.5,-4.1637,-2.7858,2.1352,-0.19128,-0.12665,2.4855,1.0225,3.4327
34.043,140.32,-4.1718,-2.9654,1.8756,-0.53661,-0.35354,2.5717,1.1155,3.1454
34.083,140.21,-4.3961,-2.7842,1.2603,-0.52428,-0.34136,2.7094,1.2866,2.3754
34.123,140.21,-4.3732,2.5842,-0.013271,-0.96558,-0.5462,2.7099,1.214,2.1286
34.163,140.39,-4.3892,5.7518,-0.67919,-1.4086,-0.75184,2.7105,1.1412,5.0753
34.203,140.65,-4.4194,6.6941,-0.73185,-1.8507,-0.95705,2.711,1.0685,6.3024
34.243,140.9,-4.4396,5.4181,-0.17263,-2.2931,-1.1624,2.7116,0.99573,5.4441
34.283,141.05,-4.4251,1.9255,0.99769,-2.7352,-1.3676,2.7121,0.92303,2.3495
34.323,141.02,-4.3516,-3.7859,2.78,-3.1774,-1.5729,2.7127,0.8503,5.5238
34.363,140.91,-4.3359,-1.8705,-1.3182,-2.6677,-1.3134,2.6825,0.77283,2.961
34.403,140.85,-4.4028,-1.7472,-1.3605,-2.1591,-1.0545,2.6524,0.69552,3.1839
34.443,140.75,-4.3903,-3.4204,2.6643,-1.6484,-0.79454,2.6221,0.6179,7.0167
34.483,140.11,-4.1846,-3.5847,2.7983,-1.9268,-0.95076,2.5932,0.5542,8.2057
34.523,139.8,-4.1004,-3.6708,2.9985,-2.1251,-1.032,2.5653,0.4973,9.5311
34.563,139.44,-4.0108,-3.5811,3.2611,-1.9554,-0.93136,2.4956,0.4006,12.09
34.618,139.38,-3.8368,-3.7177,3.3051,-1.9878,-0.94515,2.5079,0.3962,12.555
34.649,139.33,-3.6413,-3.8838,3.4551,-2.1472,-1.0135,2.5116,0.3829,13.576
34.683,139.25,-3.5951,-3.925,3.4618,-2.1426,-0.9976,2.5178,0.3733,14.02
34.723,139.15,-3.5332,-3.9503,3.3062,-1.9287,-0.89937,2.5389,0.3795,13.574
34.763,139.01,-3.4787,-3.997,3.18,-1.7822,-0.83052,2.5595,0.3846,13.28
34.803,138.8,-3.3741,-4.0759,3.1155,-1.7563,-0.82235,2.5728,0.3822,13.423
34.843,138.64,-3.2997,-4.1056,3.0456,-1.6671,-0.78171,2.5821,0.3764,13.581
34.883,138.62,-3.2877,-3.7803,2.8161,-1.0714,-0.50879,2.5599,0.3421,13.779
34.923,138.44,-3.2273,-3.7811,2.7207,-0.95798,-0.45645,2.5696,0.3386,13.757
34.963,138.31,-3.1628,-3.7149,2.5001,-0.62765,-0.30323,2.5858,0.3412,13.124
35.003,138.18,-3.1112,-3.7336,2.3629,-0.51094,-0.24775,2.6083,0.3491,12.657
35.043,138.1,-3.0687,-3.6876,2.2946,-0.37865,-0.18422,2.6093,0.3382,12.842
35.083,137.96,-3.0012,-3.801,2.3574,-0.58706,-0.28205,2.6223,0.3377,13.245
35.123,137.92,-2.9703,-3.7045,2.4455,-0.5253,-0.25173,2.5917,0.301,14.747
35.163,137.76,-2.8871,-3.7479,2.4074,-0.52642,-0.25249,2.6038,0.301,14.799
35.203,137.64,-2.8584,-3.8176,2.0611,-0.39492,-0.20968,2.6193,0.3065,14.155
35.243,137.49,-2.7822,-3.8527,2.0211,-0.39575,-0.2099,2.6316,0.3065,14.195
35.283,137.29,-2.619,-4.2337,2.0716,-0.84253,-0.47357,2.6364,0.2992,15.753
******-------------------------------------------------------------------------------------------------------------------****** 
TargetID: ID06
Target can not be processed due to lack of Data
******-------------------------------------------------------------------------------------------------------------------****** 
TargetID: ID07
Target can not be processed due to lack of Data
******-------------------------------------------------------------------------------------------------------------------****** 
TargetID: ID34
Target can not be processed due to lack of Data
******-------------------------------------------------------------------------------------------------------------------****** 
TargetID: ID08
Relevancy: 0
tj = Inf
Label: -1
Comment: Target is irrelevant as it is not crossing the estimated holding line
DATA:
28.801,140.01,-3.7681,NaN,NaN,NaN,NaN,-3.0266,NaN,NaN
28.841,139.46,-3.5374,NaN,NaN,NaN,NaN,2.619,NaN,NaN
28.881,140,-2.9092,-3.8299,9.1432,0,-0,1.9675,0,Inf
28.921,139.92,-3.0089,-3.3788,6.9807,0.025617,0.022693,2.0217,-0.0411,-188.7
28.961,139.57,-2.6083,-3.3971,7.5452,0.051655,0.045767,1.9937,-0.0876,-94.46
29.001,139.38,-2.3651,-3.2809,7.383,0.078875,0.069841,1.989,-0.1196,-67.551
29.041,139.2,-2.2318,-3.1724,6.8663,0.11268,0.099678,2.0039,-0.1076,-70.295
29.081,139.15,-2.5317,-2.705,5.0972,0.31317,0.27633,2.0602,-0.0831,-69.44
29.121,139.05,-2.3974,-2.7314,4.8933,0.29652,0.26147,2.0814,-0.0197,-284.47
29.161,138.96,-2.5119,-2.5042,4.0369,0.4961,0.43548,2.1296,0.0541,87.81
29.201,138.8,-2.361,-2.5881,3.9975,0.45277,0.39733,2.1486,0.0975,48.843
29.241,138.66,-2.3095,-2.5711,3.6976,0.55195,0.48259,2.1829,0.1553,29
29.281,138.56,-2.1617,-2.5768,3.6579,0.56372,0.49222,2.1892,0.1553,28.811
29.321,138.42,-2.0623,-2.6387,3.4705,0.62413,0.55541,2.2154,0.1914,22.778
29.361,138.42,-2.2086,-2.2684,2.7105,1.3103,1.1123,2.2848,0.2907,12.158
29.401,138.29,-2.1188,-2.3872,2.5242,1.2748,1.1598,2.3105,0.3141,11.061
29.441,138.23,-2.1688,-2.0687,2.1661,1.7927,1.4713,2.3653,0.3797,7.8884
29.481,138.16,-2.1422,-1.9978,1.969,1.9143,1.5482,2.4022,0.4125,6.8
29.521,138.1,-2.1732,-1.8748,1.6873,2.1497,1.6873,2.4612,0.4745,5.3156
29.561,137.98,-2.1291,-1.9081,1.5977,2.0447,1.6091,2.4954,0.4948,5.0296
29.601,137.87,-2.08,-1.9463,1.5205,1.9441,1.5361,2.5272,0.5098,4.8446
29.641,137.77,-2.0306,-2.0566,1.2202,1.7575,1.6764,2.5542,0.5179,4.6174
29.681,137.73,-2.0818,-1.7332,1.1722,2.2858,1.7142,2.6221,0.5768,3.6276
29.721,137.64,-2.0214,-1.7483,1.1366,2.1657,1.6364,2.6367,0.5663,3.6824
29.761,137.56,-1.9669,-1.7266,1.0903,2.1192,1.599,2.6508,0.5566,3.6688
29.801,137.43,-1.8332,-2.0386,1.0199,1.6965,1.6593,2.6227,0.4996,4.5626
29.841,137.31,-1.7052,-2.0821,1.1492,1.5345,1.4715,2.5917,0.4443,5.3527
29.881,137.23,-1.6587,-2.0477,1.076,1.5425,1.4869,2.6095,0.4443,5.2064
29.921,137.09,-1.4738,-2.0356,1.3233,1.4291,1.3577,2.5241,0.3403,7.1347
29.961,137.01,-1.4191,-2.0041,1.2572,1.4367,1.3716,2.5378,0.3403,6.952
30.001,136.93,-1.3684,-1.971,1.1925,1.4437,1.3852,2.5514,0.3403,6.7695
30.041,136.86,-1.3202,-1.9367,1.1288,1.4498,1.3986,2.565,0.3403,6.5872
30.081,136.78,-1.2742,-1.9012,1.0661,1.4549,1.412,2.5786,0.3403,6.4054
30.121,136.76,-1.2246,-1.5955,0.86635,1.6568,1.6741,2.556,0.3099,5.8585
30.161,136.53,-0.77122,-1.7283,1.7139,1.3135,1.2356,2.3223,0.1049,23.203
30.201,136.47,-0.67321,-1.4935,1.8102,1.3018,1.0487,2.2986,0.0818,28.689
30.241,136.33,-0.52381,-1.6698,1.8835,1.0189,0.93739,2.2688,0.0544,46.271
30.281,136.2,-0.39701,-1.7233,1.9949,0.87199,0.79248,2.2621,0.0465,56.692
30.321,136.12,-0.3104,-1.6821,2.0017,0.86526,0.75347,2.2696,0.0506,51.673
30.361,136.04,-0.25381,-1.689,1.8559,0.91319,0.83532,2.2846,0.0601,41.754
30.401,135.95,-0.17608,-1.6472,1.8662,0.90816,0.79064,2.2939,0.0648,38.414
30.441,135.88,-0.1173,-1.6568,1.7391,0.93257,0.85801,2.3045,0.0703,34.167
30.481,135.89,-0.13712,-1.2822,1.5391,1.379,1.074,2.3197,0.0805,24.884
30.521,135.82,-0.069375,-1.4377,1.3724,1.2016,1.1623,2.3264,0.0828,24.005
30.572,135.72,0.033366,-1.5169,1.4684,1.0267,0.96718,2.3329,0.0845,24.985
30.602,135.75,-0.051346,-0.94385,1.2008,1.7822,1.2202,2.3518,0.0955,15.993
30.641,135.67,0.022429,-1.224,0.99769,1.3413,1.4161,2.3593,0.0979,16.13
30.682,135.6,0.099822,-1.2653,1.0475,1.235,1.2624,2.3679,0.101,16.264
30.722,135.55,0.14437,-1.2249,0.98313,1.2277,1.2737,2.3751,0.1032,15.219
30.762,135.49,0.18892,-1.1825,0.92469,1.2167,1.2834,2.3792,0.1032,14.546
30.802,135.45,0.23148,-1.14,0.8658,1.2032,1.2939,2.3834,0.1032,13.871
30.842,135.39,0.27938,-0.93229,1.0772,1.4023,0.98275,2.3882,0.1037,13.738
30.881,135.34,0.31971,-0.88298,1.033,1.415,0.97023,2.3924,0.1037,13.104
30.922,137.12,-0.57373,-2.0542,-0.68245,-0.50102,1.7182,2.3876,0.0981,22.065
30.961,137,-0.42286,-1.8352,0.38812,0.23998,0.7529,2.3973,0.1025,18.3
31.002,136.89,-0.32146,-0.95334,1.7098,0.53883,0.22883,2.4007,0.1023,19.136
31.041,137.37,-0.56538,-1.8307,1.4496,0.084076,0.08287,2.4089,0.1045,22.346
31.082,137.29,-0.50593,-1.8338,1.4383,0.084306,0.083164,2.4131,0.1045,22.302
31.122,137.47,-0.6926,-2.1397,-0.78502,-0.4346,1.3819,2.4174,0.106,21.502
31.162,137.39,-0.72193,-1.7275,-0.67775,-0.47342,1.2437,2.4216,0.1063,17.457
31.202,137.33,-0.74641,-1.3691,-0.57207,-0.51134,1.1088,2.4258,0.10659,13.92
31.242,137.28,-0.76752,-1.0415,-0.46085,-0.55089,0.96803,2.4301,0.1069,10.654
31.282,137.25,-0.78346,-0.77223,-0.35338,-0.58879,0.83316,2.4342,0.10719,7.9224
31.322,137.22,-0.79561,-0.53727,-0.24006,-0.62841,0.69216,2.4385,0.1075,5.474
31.361,137.2,-0.80286,-0.35751,-0.13104,-0.66621,0.55766,2.4427,0.10779,3.5324
31.402,137.19,-0.80585,-0.21795,-0.018109,-0.70504,0.41946,2.4469,0.10809,2.0232
31.442,137.18,-0.80431,-0.12443,0.09527,-0.74371,0.28187,2.4511,0.10839,1.4458
31.482,137.18,-0.79805,-0.075712,0.21205,-0.7832,0.14132,2.4554,0.1087,2.0714
31.522,137.18,-0.78753,-0.073445,0.32507,-0.82111,0.0064045,2.4595,0.10899,3.0576
31.576,137.17,-0.76559,-0.14246,0.4833,-0.87369,-0.18072,2.4653,0.1094,4.6056
31.602,137.17,-0.75177,-0.20643,0.56099,-0.8993,-0.27185,2.4681,0.1096,5.4541
31.642,137.16,-0.72695,-0.34105,0.67933,-0.93805,-0.40975,2.4723,0.1099,6.9166
31.682,137.14,-0.69738,-0.52121,0.79861,-0.9768,-0.54765,2.4765,0.1102,8.6538
31.722,137.11,-0.66302,-0.74682,0.91879,-1.0155,-0.6855,2.4807,0.1105,10.715
31.762,137.08,-0.62386,-1.0177,1.0398,-1.0542,-0.82326,2.485,0.1108,13.132
31.802,137.03,-0.57978,-1.3346,1.162,-1.093,-0.96121,2.4892,0.1111,15.927
31.842,136.97,-0.53087,-1.6964,1.2849,-1.1317,-1.0989,2.4934,0.1114,19.103
31.882,136.93,-0.51731,-1.7383,1.285,-1.1826,-1.1565,2.505,0.1152,18.765
31.922,136.9,-0.49154,-0.28064,0.32362,-1.1971,-1.1724,2.507,0.1139,3.7608
31.962,136.87,-0.46575,-1.7545,1.2862,-1.2116,-1.1883,2.509,0.1126,19.32
32.002,136.75,-0.36349,-2.0654,1.511,-1.6271,-1.5905,2.51,0.1106,23.138
32.042,136.66,-0.29923,-2.2162,1.6036,-1.8052,-1.7626,2.5152,0.1109,24.666
32.082,136.69,-0.35432,-1.9046,1.3199,-1.2827,-1.2629,2.5355,0.1186,19.538
32.122,136.57,-0.26077,-2.205,1.5284,-1.6867,-1.656,2.5355,0.1162,23.089
32.162,136.38,-0.10565,-2.6688,1.9025,-2.3271,-2.2494,2.5223,0.1079,30.375
32.202,136.3,-0.050476,-2.7282,1.927,-2.3061,-2.2203,2.5266,0.1079,30.956
32.243,136.2,0.0057061,-2.7889,1.952,-2.2878,-2.1939,2.5309,0.1079,31.549
32.283,136.02,0.14147,-3.1625,2.2399,-2.7586,-2.6195,2.5253,0.1037,37.371
32.323,136.03,0.10921,-2.8128,1.9298,-2.0824,-1.9811,2.5403,0.1082,31.527
32.363,135.93,0.17442,-2.8952,1.9775,-2.1065,-1.9951,2.5423,0.1073,32.675
32.403,135.72,0.33968,-3.3788,2.3359,-2.7584,-2.595,2.5367,0.1031,39.842
32.443,135.62,0.40204,-3.4201,2.3376,-2.6817,-2.514,2.542,0.1036,39.987
32.483,135.54,0.43876,-3.3422,2.2519,-2.4215,-2.2617,2.5487,0.1047,38.491
32.523,135.38,0.61419,-3.6621,2.5793,-2.8749,-2.6586,2.528,0.0943,47.501
32.563,135.27,0.67666,-3.683,2.5567,-2.7473,-2.5318,2.5348,0.0956,46.898
32.611,135.18,0.7253,-3.5992,2.4807,-2.4733,-2.2684,2.5381,0.0954,45.82
32.642,135.1,0.77249,-3.5006,2.3989,-2.1944,-2.0014,2.5408,0.095,44.671
32.682,134.98,0.8529,-3.572,2.4278,-2.1929,-1.9926,2.5446,0.095,45.463
32.722,134.96,0.86855,-3.2551,2.217,-1.6118,-1.4501,2.5437,0.0932,42.257
32.762,134.99,0.84789,-2.7737,1.8954,-0.85389,-0.75486,2.5421,0.0912,36.837
32.802,134.89,0.91414,-2.8072,1.9034,-0.85625,-0.75448,2.5458,0.0912,37.189
32.843,135,0.8607,-2.0089,1.3923,0.13541,0.11324,2.5355,0.0858,28.488
32.883,134.85,0.94885,-2.205,1.4992,-0.05961,-0.05042,2.5445,0.088,30.3
32.923,134.84,0.96127,-1.929,1.3066,0.24692,0.20251,2.5462,0.0874,26.658
32.963,134.76,1.0108,-1.9241,1.2936,0.2482,0.20251,2.5497,0.0874,26.527
33.003,134.67,1.0611,-1.9191,1.2806,0.24943,0.20238,2.5532,0.0874,26.397
33.043,134.6,1.1403,-1.8984,1.2678,0.28074,0.2257,2.5528,0.0859,26.575
33.083,134.49,1.2047,-1.9259,1.2623,0.28279,0.2259,2.5614,0.0881,26.138
33.123,134.41,1.253,-1.9195,1.2485,0.28458,0.22563,2.5649,0.0881,25.991
33.163,134.33,1.3003,-1.9131,1.2347,0.2863,0.22525,2.5685,0.0881,25.845
33.203,134.25,1.3465,-1.9066,1.2212,0.28811,0.22475,2.5719,0.0881,25.7
33.243,134.17,1.3923,-1.9,1.2077,0.29005,0.22428,2.5754,0.0881,25.554
33.283,134.09,1.4397,-1.8934,1.194,0.292,0.2238,2.579,0.0881,25.407
33.323,134.01,1.4837,-1.8867,1.1807,0.2939,0.22317,2.5824,0.0881,25.263
33.363,133.45,1.844,-4.1561,0.96521,-0.99897,-1.6072,2.589,0.0882,48.375
33.403,133.32,1.9169,-4.1936,0.99508,-1.0207,-1.5895,2.5925,0.0882,48.866
33.443,133.2,1.991,-4.2316,1.0243,-1.0419,-1.5722,2.596,0.0882,49.362
33.483,133.07,2.0644,-4.27,1.0532,-1.0631,-1.5551,2.5995,0.0882,49.864
33.523,132.94,2.14,-4.3092,1.081,-1.0839,-1.5384,2.6031,0.0882,50.371
33.563,132.79,2.2167,-4.3488,1.109,-1.1045,-1.5218,2.6065,0.0882,50.884
33.614,132.8,2.196,-3.7567,1.1847,-0.76102,-0.895,2.612,0.0894,44.061
33.643,132.67,2.264,-3.7857,1.1959,-0.77077,-0.88804,2.6156,0.0894,44.408
33.683,132.55,2.332,-3.8147,1.207,-0.78069,-0.88105,2.6192,0.0894,44.755
33.723,132.42,2.4008,-3.8438,1.218,-0.79059,-0.87389,2.6227,0.0894,45.103
33.763,132.29,2.4703,-3.8732,1.2284,-0.80035,-0.86661,2.6264,0.0894,45.451
33.803,132.16,2.5395,-3.9027,1.2391,-0.81016,-0.85931,2.6299,0.0894,45.801
33.843,132.03,2.609,-3.9323,1.2491,-0.81983,-0.85216,2.6335,0.0894,46.152
33.883,131.89,2.6798,-3.9621,1.2592,-0.82954,-0.8447,2.6371,0.0894,46.503
33.923,131.75,2.7498,-3.9918,1.2695,-0.83929,-0.83699,2.6405,0.0894,46.855
33.963,131.61,2.8191,-4.0217,1.2793,-0.84906,-0.82916,2.6441,0.0894,47.206
34.003,131.47,2.8908,-4.0518,1.2887,-0.85887,-0.82123,2.6477,0.0894,47.56
******-------------------------------------------------------------------------------------------------------------------****** 
