******-------------------------------------------------------------------------------------------------------------------****** 
Duration of the scene is: 18.7227 seconds
Original Targets Numbers in the hole Scene: 2
Number of Targets in the hole Scene after preprocessing: 2
Number of static portions: 1
******-------------------------------------------------------------------------------------------------------------------****** 
TargetID: ID02
Relevancy: 1
tj = 11.7217
Label: 1
Comment: Target is relevant and Turning, since the velocity ratio is highly changing at the end
DATA:
3.9206,4.5732,66.195,NaN,NaN,NaN,NaN,-1.6439,NaN,NaN
3.9605,4.3476,65.895,NaN,NaN,NaN,NaN,-1.6907,NaN,NaN
4.0006,4.3083,65.574,NaN,NaN,NaN,NaN,-1.6907,NaN,NaN
4.0406,4.2258,65.227,NaN,NaN,NaN,NaN,-1.6982,NaN,NaN
4.0806,4.1829,64.904,NaN,NaN,NaN,NaN,-1.6982,NaN,NaN
4.1206,3.6451,64.614,NaN,NaN,NaN,NaN,-1.7924,NaN,NaN
4.1606,3.5729,64.292,NaN,NaN,NaN,NaN,-1.7924,NaN,NaN
4.2006,3.5009,63.97,NaN,NaN,NaN,NaN,-1.7924,NaN,NaN
4.2406,3.4277,63.648,NaN,NaN,NaN,NaN,-1.7924,NaN,NaN
4.2806,3.6251,63.271,NaN,NaN,NaN,NaN,-1.7462,NaN,NaN
4.3206,3.5702,62.944,NaN,NaN,NaN,NaN,-1.7462,NaN,NaN
4.3606,3.9885,62.519,NaN,NaN,NaN,NaN,-1.6727,NaN,NaN
4.4006,3.9553,62.188,NaN,NaN,NaN,NaN,-1.6727,NaN,NaN
4.4406,3.921,61.857,NaN,NaN,NaN,NaN,-1.6727,NaN,NaN
4.4806,3.884,61.527,NaN,NaN,NaN,NaN,-1.6726,NaN,NaN
4.5206,3.9138,61.21,NaN,NaN,NaN,NaN,-1.6645,NaN,NaN
4.5606,3.8842,60.88,NaN,NaN,NaN,NaN,-1.6645,NaN,NaN
4.6007,3.9979,60.522,NaN,NaN,NaN,NaN,-1.6461,NaN,NaN
4.6406,3.969,60.19,NaN,NaN,NaN,NaN,-1.6461,NaN,NaN
4.6807,3.9668,59.874,NaN,NaN,NaN,NaN,-1.6442,NaN,NaN
4.7207,3.9418,59.543,NaN,NaN,NaN,NaN,-1.6442,NaN,NaN
4.7607,3.9174,59.211,NaN,NaN,NaN,NaN,-1.6442,NaN,NaN
4.8007,3.8895,58.879,NaN,NaN,NaN,NaN,-1.6441,NaN,NaN
4.8407,3.9085,58.492,NaN,NaN,NaN,NaN,-1.6385,NaN,NaN
4.8807,3.8865,58.158,NaN,NaN,NaN,NaN,-1.6385,NaN,NaN
4.9207,3.92,57.778,NaN,NaN,NaN,NaN,-1.6324,NaN,NaN
4.9607,3.898,57.443,NaN,NaN,NaN,NaN,-1.6323,NaN,NaN
5.0007,3.8959,57.136,NaN,NaN,NaN,NaN,-1.6304,NaN,NaN
5.0408,3.8764,56.802,NaN,NaN,NaN,NaN,-1.6304,NaN,NaN
5.0807,3.8953,56.421,NaN,NaN,NaN,NaN,-1.6262,NaN,NaN
5.1207,3.8769,56.086,NaN,NaN,NaN,NaN,-1.6262,NaN,NaN
5.1607,3.9457,55.768,NaN,NaN,NaN,NaN,-1.618,NaN,NaN
5.2008,3.929,55.435,NaN,NaN,NaN,NaN,-1.618,NaN,NaN
5.2408,3.8942,55.115,NaN,NaN,NaN,NaN,-1.6195,NaN,NaN
5.2808,3.8779,54.784,NaN,NaN,NaN,NaN,-1.6195,NaN,NaN
5.3208,4.0829,54.465,NaN,NaN,NaN,NaN,-1.5993,NaN,NaN
5.3607,4.0736,54.136,NaN,NaN,NaN,NaN,-1.5994,NaN,NaN
5.4008,4.0656,53.806,NaN,NaN,NaN,NaN,-1.5994,NaN,NaN
5.4408,4.0553,53.477,NaN,NaN,NaN,NaN,-1.5994,NaN,NaN
5.4808,4.0461,53.148,NaN,NaN,NaN,NaN,-1.5994,NaN,NaN
5.5208,4.0373,52.818,NaN,NaN,NaN,NaN,-1.5994,NaN,NaN
5.5608,4.0983,52.534,NaN,NaN,NaN,NaN,-1.5928,NaN,NaN
5.6008,4.0927,52.208,NaN,NaN,NaN,NaN,-1.5928,NaN,NaN
5.6408,4.083,51.882,NaN,NaN,NaN,NaN,-1.5928,NaN,NaN
5.6808,4.5716,51.713,-0.17697,-8.099,-0.00029955,-0.00030024,-1.5927,0,Inf
5.7208,4.4491,51.39,-0.24861,-8.084,0.0020997,0.0021008,-1.6015,0.0007,11554
5.7608,4.436,51.068,-0.24791,-8.083,0.0020997,0.0021008,-1.6015,0.0007,11553
5.8008,4.6397,50.737,-0.10125,-8.046,0.010397,0.010403,-1.5834,0.0042,1915.9
5.8408,4.6252,50.429,-0.099734,-7.9993,0.028091,0.028107,-1.5832,0.0064,1250
5.8808,4.8214,50.097,0.042788,-7.9549,0.042288,0.042312,-1.5654,0.0122,652.05
5.9208,4.8251,49.779,0.046284,-7.9398,0.045588,0.045614,-1.565,0.0122,650.81
5.9608,4.9199,49.463,0.11653,-7.8939,0.083981,0.084011,-1.5559,0.0168,469.93
6.0008,4.9234,49.148,0.12162,-7.8753,0.09018,0.09021,-1.5552,0.0168,468.82
6.0409,4.9502,48.83,0.14377,-7.8639,0.14257,0.1426,-1.5522,0.0178,441.87
6.0808,5.0824,48.502,0.24943,-7.8674,0.17498,0.17499,-1.5387,0.0252,312.35
6.1209,5.0106,48.195,0.1823,-7.8537,0.2165,0.21656,-1.5471,0.0183,429.28
6.1609,5.0129,48.042,0.17829,-7.6694,0.23718,0.2374,-1.5481,0.0164,467.78
6.2009,4.8485,47.708,0.0035097,-7.7412,0.26057,0.26064,-1.5698,-0.0023,-3365.7
6.2409,4.824,47.335,-0.018554,-7.8407,0.25197,0.25205,-1.5727,-0.0042,-1866.8
6.2809,4.9817,46.977,0.17488,-7.9069,0.24918,0.24915,-1.5482,0.018,439.38
6.3209,5.0589,46.639,0.27587,-7.9242,0.26188,0.26183,-1.5355,0.0294,269.69
6.3609,5.257,46.277,0.55598,-7.9767,0.28893,0.2889,-1.5006,0.061,131.08
6.4009,5.8976,46.627,-0.3949,-7.785,0.18533,0.18506,-1.6192,-0.0767,-101.63
6.4409,5.9366,46.305,-0.35176,-7.7909,0.18253,0.18279,-1.6137,-0.07,-111.41
6.4809,5.938,45.986,-0.35034,-7.8202,0.18023,0.17998,-1.6134,-0.0674,-116.14
6.5209,5.9404,45.655,-0.34012,-7.8424,0.13846,0.13863,-1.6125,-0.0637,-123.23
6.5609,5.9658,45.342,-0.30236,-7.8185,0.11156,0.11149,-1.6081,-0.058,-134.9
6.6009,5.9942,45.006,-0.23288,-7.8309,0.096823,0.09692,-1.5993,-0.048,-163.22
6.641,6.023,44.699,-0.18091,-7.7928,0.098217,0.098314,-1.5928,-0.0407,-191.52
6.6809,6.0675,44.377,-0.094253,-7.7982,0.10287,0.1028,-1.5816,-0.0296,-263.47
6.7209,6.0751,44.065,-0.078999,-7.7601,0.12291,0.12305,-1.5794,-0.0266,-291.75
6.7609,6.0116,43.775,-0.21704,-7.7736,0.18276,0.18193,-1.5964,-0.0399,-194.9
6.801,6.0228,43.452,-0.17288,-7.7423,0.16531,0.16552,-1.591,-0.0339,-228.44
6.841,6.037,43.149,-0.14306,-7.7192,0.1467,0.14688,-1.5874,-0.03,-257.35
6.881,6.0724,42.835,-0.064755,-7.7131,0.13406,0.13421,-1.5774,-0.0209,-369.06
6.921,6.0447,42.536,-0.1257,-7.693,0.16794,0.16769,-1.585,-0.0262,-293.66
6.961,6.0173,42.239,-0.18639,-7.6494,0.16124,0.16102,-1.5931,-0.0316,-242.14
7.001,6.0264,41.929,-0.15633,-7.6361,0.1462,0.14637,-1.5893,-0.0279,-273.75
7.041,6.0521,41.625,-0.10465,-7.6175,0.13774,0.1379,-1.5827,-0.0222,-343.16
7.081,6.2251,41.296,0.24647,-7.7151,0.10418,0.10427,-1.5374,0.0114,677.1
7.121,6.3135,40.992,0.40488,-7.7135,0.11911,0.11922,-1.5167,0.0256,301.72
7.161,6.4043,40.683,0.55009,-7.7243,0.15224,0.15237,-1.4976,0.0381,203.25
7.201,6.3895,40.363,0.48855,-7.7206,0.17361,0.17377,-1.5052,0.0319,242.51
7.241,6.4114,40.053,0.49666,-7.7071,0.17877,0.17894,-1.5039,0.0319,242.1
7.281,6.4132,39.755,0.4634,-7.7086,0.18038,0.17998,-1.5082,0.0282,273.85
7.321,6.4599,39.446,0.52211,-7.7068,0.18741,0.18759,-1.5005,0.0323,239.15
7.3611,6.4437,39.145,0.4582,-7.6707,0.1886,0.18879,-1.5085,0.0264,291.08
7.4011,6.4497,38.831,0.43871,-7.7152,0.16127,0.16097,-1.5118,0.0238,324.69
7.4411,6.3985,38.512,0.33201,-7.6984,0.14187,0.14165,-1.5257,0.0147,524.19
7.481,6.4289,38.205,0.36097,-7.6911,0.13977,0.13956,-1.522,0.0166,463.83
7.5211,6.4406,37.901,0.36203,-7.6801,0.12459,0.1247,-1.522,0.0163,471.69
7.5611,6.5381,37.581,0.51051,-7.7234,0.10049,0.10057,-1.5034,0.0269,287.74
7.6011,6.6009,37.286,0.58558,-7.6985,0.088821,0.089016,-1.4949,0.0311,248.26
7.6411,6.5618,36.997,0.4806,-7.6876,0.098994,0.099073,-1.507,0.0235,327.77
7.6811,6.6108,36.689,0.53126,-7.6959,0.087582,0.087512,-1.5006,0.0265,291.1
7.7211,6.6427,36.382,0.55412,-7.6803,0.079262,0.079321,-1.4977,0.0275,280.01
7.7611,6.647,36.05,0.54112,-7.7369,0.082853,0.082914,-1.4998,0.0258,300.61
7.8011,6.7429,35.735,0.66132,-7.7698,0.080958,0.081016,-1.4848,0.0335,232.77
7.8411,6.784,35.417,0.69565,-7.7916,0.084547,0.084606,-1.4806,0.035,223.5
7.8811,6.7704,35.096,0.64801,-7.816,0.087083,0.087015,-1.4869,0.031,252.99
7.9211,6.7335,34.766,0.57095,-7.8368,0.084782,0.084722,-1.4969,0.0252,311.81
7.9611,6.7099,34.463,0.5075,-7.8216,0.077982,0.077936,-1.5049,0.0205,382.34
8.0011,6.6734,34.192,0.42502,-7.7113,0.058186,0.058168,-1.5149,0.0148,521.83
8.0412,6.6607,33.88,0.38723,-7.7074,0.051138,0.051175,-1.5199,0.012,643.09
8.0811,6.6703,33.583,0.38101,-7.6685,0.041189,0.041187,-1.5206,0.0114,673.51
8.1211,6.6945,33.268,0.40076,-7.6951,0.040059,0.040087,-1.5182,0.0123,626.47
8.1612,6.6896,32.971,0.37228,-7.6632,0.036365,0.036391,-1.5217,0.0103,744.88
8.2012,6.6933,32.64,0.36374,-7.7065,0.037164,0.03719,-1.5231,0.0095,812.12
8.2412,6.7286,32.307,0.4013,-7.7541,0.037564,0.03759,-1.5186,0.0117,663.63
8.2812,6.7359,32.001,0.39184,-7.7351,0.03579,0.035792,-1.5197,0.0109,710.55
8.3212,6.7065,31.674,0.33773,-7.7307,0.034069,0.034093,-1.5267,0.0074,1045.7
8.3612,6.733,31.348,0.36378,-7.7543,0.032791,0.032795,-1.5235,0.0089,872.22
8.4012,6.7612,31.041,0.38733,-7.7224,0.027379,0.027397,-1.5203,0.0102,758.05
8.4412,6.7797,30.739,0.38832,-7.6847,0.023683,0.023698,-1.52,0.0102,754.36
8.4812,6.7818,30.43,0.37831,-7.6694,0.022884,0.022899,-1.5212,0.0094,816.88
8.5212,6.8079,30.138,0.39325,-7.6156,0.01689,0.0169,-1.519,0.0103,740.36
8.5612,6.8087,29.823,0.37591,-7.6309,0.020886,0.0209,-1.5213,0.009,848.91
8.6012,6.824,29.534,0.37527,-7.5824,0.017489,0.017501,-1.5211,0.0089,852.99
8.6412,6.7717,29.254,0.28869,-7.5417,0.024893,0.024899,-1.5322,0.0036,2096.5
8.6812,6.7924,28.956,0.29952,-7.516,0.020586,0.0206,-1.5307,0.0042,1790.9
8.7212,6.7956,28.655,0.28787,-7.5256,0.021185,0.021199,-1.5323,0.0034,2215
8.7613,6.8175,28.357,0.29712,-7.5296,0.021585,0.021599,-1.5311,0.0039,1932.2
8.8013,6.7375,28.059,0.18422,-7.5237,0.02588,0.025898,-1.5459,-0.0029,-2595.2
8.8413,6.7727,27.773,0.21664,-7.501,0.022583,0.022599,-1.5416,-0.001,-7504.1
8.8813,6.7163,27.496,0.13372,-7.4791,0.024692,0.024699,-1.5526,-0.0059,-1267.8
8.9213,6.6741,27.223,0.069207,-7.4693,0.027792,0.027797,-1.5611,-0.0097,-770.06
8.9613,6.6938,26.914,0.086662,-7.5075,0.02518,0.025198,-1.5589,-0.0085,-883.3
9.0013,6.7339,26.605,0.12745,-7.5482,0.025281,0.025299,-1.5536,-0.006,-1258.2
9.0413,6.6356,26.289,-0.0529,-7.5461,0.018289,0.0183,-1.5776,-0.0175,-431.22
9.0813,6.6081,25.986,-0.086038,-7.5563,0.015695,0.015701,-1.582,-0.0191,-395.64
9.1213,6.5681,25.688,-0.13208,-7.5444,0.013493,0.013502,-1.5881,-0.0215,-350.95
9.1613,6.6107,25.352,-0.082024,-7.6205,0.013093,0.013101,-1.5814,-0.0181,-421.05
9.2013,6.5608,25.056,-0.13979,-7.6,0.012596,0.012602,-1.589,-0.0211,-360.25
9.2414,6.5533,24.76,-0.14686,-7.5621,0.015095,0.015102,-1.59,-0.0211,-358.46
9.2814,6.5535,24.432,-0.14447,-7.5908,0.015691,0.015701,-1.5896,-0.0205,-370.35
9.3213,6.6141,24.131,-0.074056,-7.5333,0.018888,0.018901,-1.5804,-0.016,-470.86
9.3613,6.5863,23.842,-0.10687,-7.4875,0.021985,0.022,-1.5848,-0.0177,-423.07
9.4014,6.6134,23.541,-0.073989,-7.4525,0.022684,0.0227,-1.5804,-0.0154,-483.95
9.4414,6.6295,23.256,-0.059839,-7.3933,0.023682,0.023699,-1.5786,-0.0143,-517.03
9.4814,6.63,22.972,-0.062892,-7.3464,0.024881,0.024899,-1.579,-0.0143,-513.76
9.5213,6.6107,22.685,-0.08698,-7.3142,0.029575,0.029597,-1.5823,-0.0155,-471.92
9.5614,6.6128,22.414,-0.086023,-7.2454,0.029991,0.029996,-1.5822,-0.0153,-473.59
9.6013,6.5912,23.21,-0.14982,-7.2476,0.029874,0.029878,-1.5904,-0.019,-381.53
9.6414,6.5851,22.905,-0.14002,-7.2963,0.024082,0.024087,-1.5892,-0.0178,-409.98
9.6814,6.5623,22.603,-0.16512,-7.311,0.023483,0.023489,-1.5926,-0.0189,-386.92
9.7214,6.5877,22.29,-0.078385,-7.3802,0.01679,0.016795,-1.5808,-0.0124,-595.21
9.7614,6.6033,21.999,-0.05859,-7.3404,0.018188,0.018194,-1.5781,-0.0111,-661.32
9.8014,6.5981,21.704,-0.055212,-7.2653,0.017989,0.017994,-1.5778,-0.0107,-679.02
9.8414,6.6236,21.389,-0.024277,-7.3018,0.01669,0.016695,-1.5735,-0.0086,-849.05
9.8814,6.616,21.105,-0.035309,-7.2633,0.019794,0.019792,-1.575,-0.009,-807.04
9.9214,6.6002,20.842,-0.060422,-7.2073,0.022793,0.022788,-1.5784,-0.0105,-686.43
9.9614,6.6005,20.551,-0.061276,-7.1913,0.021485,0.02149,-1.5785,-0.0103,-698.21
10.001,6.6085,20.274,-0.059403,-7.155,0.022583,0.022588,-1.5783,-0.0101,-708.44
10.041,6.6587,19.979,0.0011209,-7.163,0.019187,0.019192,-1.5699,-0.0061,-1174.3
10.081,6.6839,19.665,0.031622,-7.2374,0.019395,0.019393,-1.5657,-0.0041,-1765.2
10.121,6.7064,19.35,0.054582,-7.29,0.020484,0.020493,-1.5626,-0.0025,-2916.1
10.162,6.7084,19.033,0.055619,-7.3566,0.022182,0.022192,-1.5625,-0.0024,-3065.3
10.201,6.7146,18.735,0.060239,-7.3668,0.02368,0.023689,-1.5618,-0.002,-3683.5
10.241,6.7358,18.424,0.063218,-7.4022,0.025078,0.025088,-1.5614,-0.0018,-4112.5
10.281,6.7476,18.131,0.075743,-7.3734,0.024779,0.024788,-1.5597,-0.0009,-8193.1
10.321,6.7553,17.843,0.075046,-7.3556,0.024679,0.024688,-1.5597,-0.0009,-8173.4
10.361,6.7526,17.53,0.074276,-7.3832,0.025478,0.025488,-1.5598,-0.0009,-8203.9
10.401,6.7674,17.238,0.072232,-7.3667,0.025578,0.025587,-1.5601,-0.001,-7367.1
10.442,6.7784,16.933,0.087096,-7.3721,0.025279,0.025288,-1.5581,0.0001,73726
10.481,6.8131,16.621,0.11882,-7.4027,0.025178,0.025187,-1.5539,0.0022,3365.3
10.522,6.7995,16.332,0.097301,-7.3661,0.025178,0.025187,-1.5567,0.0008,9208.4
10.562,6.775,16.046,0.072183,-7.3324,0.025087,0.025091,-1.5601,-0.0009,-8147.5
10.602,6.7844,15.767,0.066879,-7.2676,0.026174,0.026188,-1.5607,-0.0012,-6056.6
10.641,6.7502,15.498,0.010042,-7.1975,0.027484,0.027489,-1.5684,-0.005,-1439.5
10.681,6.7658,15.207,0.023044,-7.1811,0.025373,0.025392,-1.5667,-0.004,-1795.3
10.722,6.7776,14.88,0.045709,-7.264,0.022886,0.022895,-1.5637,-0.0023,-3158.3
10.762,6.7643,14.588,0.023916,-7.2755,0.024873,0.024893,-1.5666,-0.0038,-1914.6
10.802,6.7526,14.328,-0.012359,-7.2055,0.026568,0.026593,-1.5715,-0.0063,-1143.7
10.842,6.7261,14.056,-0.05854,-7.1878,0.02808,0.028092,-1.5779,-0.0094,-764.68
10.882,6.7394,13.784,-0.02972,-7.0911,0.023171,0.023199,-1.5741,-0.0073,-971.4
10.922,6.7473,13.446,-0.015461,-7.2608,0.023171,0.0232,-1.5721,-0.0061,-1190.3
10.962,6.7247,13.138,-0.05564,-7.2726,0.022972,0.023,-1.5776,-0.0087,-835.95
11.002,6.6928,12.881,-0.12422,-7.3095,0.022273,0.022301,-1.587,-0.0137,-533.62
11.042,6.6798,12.573,-0.15297,-7.4201,0.016586,0.016604,-1.5909,-0.0155,-478.82
11.082,6.7034,12.232,-0.11668,-7.6091,0.013985,0.014005,-1.5857,-0.0125,-608.8
11.122,6.7285,11.883,-0.065932,-7.8345,0.01728,0.017307,-1.5787,-0.0086,-911.03
11.162,6.7209,11.554,-0.092561,-7.961,0.011787,0.011806,-1.5821,-0.0103,-772.96
11.202,6.6871,11.259,-0.16183,-7.9915,-0.0020981,-0.0021024,-1.5911,-0.0151,-529.35
11.242,6.6947,10.957,-0.16404,-8.051,-0.0039959,-0.0040051,-1.5913,-0.015,-536.84
11.282,6.6596,10.65,-0.22633,-8.1035,-0.019284,-0.019331,-1.5993,-0.0191,-424.43
11.322,6.5893,10.442,-0.33155,-7.6425,0.0016983,0.0017018,-1.6141,-0.0268,-285.44
11.362,6.5441,10.162,-0.43915,-7.6725,-0.021086,-0.021133,-1.6286,-0.0344,-223.4
11.402,6.4929,9.8678,-0.52062,-7.7676,-0.054587,-0.054736,-1.6393,-0.0399,-195.11
11.442,6.4232,9.6418,-0.6402,-7.5378,-0.042984,-0.043095,-1.6568,-0.0489,-154.7
11.482,6.3773,9.3663,-0.69261,-7.4791,-0.04048,-0.040591,-1.6644,-0.0521,-144.17
11.522,6.3347,9.0948,-0.7336,-7.4089,-0.033979,-0.03407,-1.6705,-0.0544,-136.86
11.562,6.3368,8.8029,-0.70904,-7.4107,-0.03028,-0.03036,-1.6671,-0.0512,-145.4
11.602,6.2827,8.5534,-0.77031,-7.262,-0.012886,-0.012921,-1.6769,-0.0556,-131.34
11.642,6.2284,8.2963,-0.83531,-7.1556,-0.0022977,-0.0023033,-1.6871,-0.0602,-119.67
11.682,6.1612,8.0696,-0.91089,-6.9496,0.031138,0.031218,-1.7001,-0.0663,-105.72
11.722,6.0905,7.8472,-0.99577,-6.7449,0.068911,0.069071,-1.715,-0.0733,-93.015
11.762,6.0084,7.6287,-1.0776,-6.544,0.11069,0.11094,-1.7301,-0.0803,-82.592
11.802,5.9158,7.3635,-1.1967,-6.5235,0.10383,0.10409,-1.7486,-0.0891,-74.438
11.842,5.8376,7.1336,-1.2635,-6.386,0.13563,0.13595,-1.7614,-0.0944,-68.96
11.882,5.7338,6.9001,-1.379,-6.2693,0.16095,0.16134,-1.7817,-0.1039,-61.783
11.922,5.5952,6.6681,-1.54,-6.153,0.18507,0.18555,-1.8097,-0.1177,-53.89
11.962,5.4642,6.3907,-1.6876,-6.2052,0.144,0.14444,-1.8317,-0.1278,-50.318
12.002,5.3646,6.1793,-1.7673,-6.0342,0.19849,0.1991,-1.8493,-0.135,-46.575
12.042,5.2166,5.9017,-1.9267,-6.104,0.13775,0.13825,-1.8724,-0.1455,-43.992
12.082,5.0558,5.6046,-2.1332,-6.2334,0.030132,0.030242,-1.8997,-0.1581,-41.672
12.122,4.9112,5.3636,-2.2719,-6.177,0.018761,0.01883,-1.9228,-0.1679,-39.199
12.162,4.7487,5.1141,-2.4492,-6.1703,-0.039147,-0.039285,-1.9496,-0.1799,-36.901
12.202,4.5672,4.9846,-2.6131,-5.8739,-0.022764,-0.022845,-1.9899,-0.1998,-32.177
12.242,4.3775,4.8927,-2.7407,-5.4496,0.096041,0.096413,-2.0346,-0.222,-27.477
12.282,4.2196,4.737,-2.8064,-5.1049,0.32545,0.32686,-2.0662,-0.2356,-24.726
12.322,4.0567,4.6753,-2.8222,-4.6195,0.57356,0.57649,-2.1065,-0.2544,-21.279
12.362,3.8812,4.4998,-2.9283,-4.4106,0.68567,0.68908,-2.1433,-0.2711,-19.529
12.402,3.7656,4.3973,-2.8723,-4.1052,0.89,0.89468,-2.1635,-0.2768,-18.101
12.442,3.6569,4.2794,-2.8348,-3.8738,1.0323,1.0378,-2.1822,-0.2816,-17.046
12.482,3.544,4.1225,-2.8324,-3.7838,1.0457,1.0508,-2.1935,-0.2816,-16.784
12.522,3.4816,4.0776,-2.6347,-3.3182,1.4806,1.4892,-2.2107,-0.2852,-14.856
12.562,3.3815,3.9419,-2.607,-3.2112,1.5001,1.5079,-2.2222,-0.2852,-14.503
12.602,3.5377,4.2517,-1.34,-0.3692,4.8945,5.1129,-2.2661,-0.3055,-4.5498
12.642,3.4871,4.2335,-1.1998,-0.53644,4.3898,4.5929,-2.2801,-0.30634,-4.2901
12.682,3.4414,4.209,-1.0866,-0.68561,3.8842,4.072,-2.2941,-0.30718,-4.1826
12.722,3.3997,4.1789,-1.0007,-0.8164,3.3788,3.5512,-2.3081,-0.30802,-4.1929
12.762,3.361,4.1439,-0.94216,-0.92878,2.8736,3.0307,-2.3222,-0.30885,-4.2835
12.802,3.324,4.1048,-0.9109,-1.0228,2.3682,2.5101,-2.3362,-0.30969,-4.4226
12.842,3.2877,4.0623,-0.90693,-1.0985,1.8633,1.9898,-2.3502,-0.31053,-4.5874
12.882,3.2511,4.0172,-0.93025,-1.1559,1.3578,1.4691,-2.3642,-0.31137,-4.7652
12.922,3.2129,3.9701,-0.98085,-1.1949,0.85246,0.9484,-2.3782,-0.31221,-4.9517
12.962,3.1722,3.9218,-1.0588,-1.2156,0.34708,0.42771,-2.3922,-0.31305,-5.1496
13.002,3.1278,3.873,-1.164,-1.218,-0.15828,-0.092961,-2.4063,-0.31388,-5.3673
13.042,3.0787,3.8246,-1.2964,-1.202,-0.66342,-0.6134,-2.4203,-0.31472,-5.6173
13.082,3.0238,3.7772,-1.4561,-1.1677,-1.1684,-1.1337,-2.4343,-0.31556,-5.9146
13.122,2.9618,3.7314,-1.6433,-1.1149,-1.6741,-1.6547,-2.4483,-0.3164,-6.2762
13.162,2.8911,3.6767,-1.729,-1.127,-1.6965,-1.6719,-2.4611,-0.3164,-6.5231
13.202,2.8226,3.6218,-1.8151,-1.1384,-1.7185,-1.6889,-2.4737,-0.3164,-6.7718
13.242,2.7092,3.543,-2.0948,-1.2168,-2.1628,-2.1132,-2.4933,-0.3198,-7.5752
13.282,2.6287,3.4802,-2.1991,-1.2343,-2.1897,-2.1327,-2.506,-0.3198,-7.8856
13.322,2.0679,3.0382,-3.6666,-1.9197,-4.3916,-4.2522,-2.5439,-0.3322,-12.459
13.362,1.9193,2.9387,-3.8659,-1.9699,-4.438,-4.2867,-2.5571,-0.3322,-13.061
13.402,1.7625,2.8363,-4.0672,-2.0156,-4.484,-4.3198,-2.5705,-0.3322,-13.664
13.442,1.6025,2.7323,-4.2704,-2.057,-4.5292,-4.3513,-2.5838,-0.3322,-14.269
******-------------------------------------------------------------------------------------------------------------------****** 
TargetID: ID04
Target can not be processed due to lack of Data
******-------------------------------------------------------------------------------------------------------------------****** 
