******-------------------------------------------------------------------------------------------------------------------****** 
Duration of the scene is: 9.2009 seconds
Original Targets Numbers in the hole Scene: 3
Number of Targets in the hole Scene after preprocessing: 4
Number of static portions: 2
******-------------------------------------------------------------------------------------------------------------------****** 
TargetID: ID01
Relevancy: 0
tj = Inf
Label: -1
Comment: Target is irrelevant as it is not crossing the estimated holding line
DATA:
3.7205,NaN,NaN,NaN,NaN,NaN,NaN,-2.5849,NaN,NaN
3.7603,NaN,NaN,NaN,NaN,NaN,NaN,-2.5573,NaN,NaN
3.8003,NaN,NaN,NaN,NaN,NaN,NaN,-2.497,NaN,NaN
3.8403,NaN,NaN,NaN,NaN,NaN,NaN,-2.5834,NaN,NaN
3.8803,NaN,NaN,NaN,NaN,NaN,NaN,-2.5448,NaN,NaN
3.9206,NaN,NaN,NaN,NaN,NaN,NaN,-2.6482,NaN,NaN
3.9598,NaN,NaN,NaN,NaN,NaN,NaN,-2.7114,NaN,NaN
4.0003,NaN,NaN,NaN,NaN,NaN,NaN,-2.7629,NaN,NaN
4.0404,NaN,NaN,NaN,NaN,NaN,NaN,-2.7377,NaN,NaN
4.0884,17.032,7.8984,-5.2892,-2.2724,-0,-0,-2.7358,0,Inf
4.1204,17.31,9.0661,-5.3869,-1.4863,0.19241,0.19209,-2.8756,-0.0059,-947.15
4.1606,17.234,9.1564,-5.2366,-0.86727,0.79389,0.77199,-2.961,-0.0888,-59.774
4.2004,16.995,9.1489,-6.6296,0.34561,0.33212,0.31324,-2.9525,-0.032155,-206.46
4.2404,16.715,9.1726,-7.2092,0.69454,-0.13246,-0.1483,-2.944,0.024835,291.63
4.2804,16.429,9.1929,-6.9653,0.17071,-0.59645,-0.60926,-2.9354,0.081753,85.225
4.3199,16.172,9.1753,-5.9189,-1.2002,-1.0542,-1.064,-2.927,0.1379,43.795
4.3604,15.96,9.135,-5.974,-1.1474,-1.069,-1.0781,-2.9375,0.0964,63.104
4.4006,15.729,9.0914,-5.9864,-1.1088,-1.0123,-1.0194,-2.9455,0.0641,94.979
4.4404,15.524,9.056,-5.9946,-1.0405,-0.94083,-0.94484,-2.9577,0.0275,221.24
4.4803,15.337,9.0134,-5.8969,-1.077,-0.7416,-0.74118,-2.9513,0.0347,172.75
4.5204,15.144,8.9674,-5.7939,-1.0922,-0.54814,-0.54458,-2.9481,0.0349,168.94
4.5603,14.964,8.9302,-5.5948,-1.0995,-0.23369,-0.23028,-2.9444,0.0354,161.07
4.6004,14.782,8.8732,-5.4451,-1.2068,-0.047874,-0.046776,-2.9228,0.0712,78.333
4.6405,14.636,8.8503,-5.157,-1.1508,0.34375,0.33167,-2.927,0.0559,94.524
4.6804,14.392,8.7877,-5.2415,-1.3438,0.17478,0.16767,-2.893,0.1143,47.34
4.7203,14.006,8.6938,-5.7443,-1.5287,-0.49405,-0.4726,-2.8761,0.1412,42.098
4.7597,13.799,8.5924,-5.5927,-1.7316,-0.35506,-0.33647,-2.8451,0.1813,32.292
4.8004,13.426,8.4781,-6.0011,-1.8886,-0.85413,-0.79995,-2.8295,0.1966,32
4.8404,13.189,8.3998,-6.0161,-1.947,-0.85382,-0.7887,-2.8217,0.1966,32.163
4.8805,13.068,8.3355,-5.6438,-1.9859,-0.43958,-0.39905,-2.7997,0.2147,27.867
4.9203,12.875,8.2565,-5.5197,-2.079,-0.32827,-0.29336,-2.7839,0.2252,26.191
4.9606,12.772,8.1818,-5.156,-2.0833,0.031504,0.027558,-2.7578,0.2461,22.596
5.0005,12.555,8.0826,-5.1425,-2.1803,0.008049,0.0069074,-2.7405,0.2561,21.81
5.0404,10.113,5.8639,-1.6656,-6.963,0.016236,0.013647,-1.8055,0.2755,25.987
5.0799,9.8591,5.7068,-2.6936,-6.3884,0.11134,0.091417,-1.9691,0.2552,27.167
5.1199,9.7921,5.6865,-3.5119,-5.6703,0.37793,0.30208,-2.1234,0.1722,38.733
5.1604,9.6029,5.6353,-3.944,-5.0838,0.79147,0.61576,-2.2275,0.0622,103.45
5.2004,8.3854,5.2341,-4.7849,-4.9265,0.9375,0.71032,-2.3396,0.0622,110.41
5.2405,8.4204,4.9103,-4.3425,-4.527,0.91942,0.67646,-2.3328,0.0652,96.212
5.2804,8.1409,4.8319,-5.0644,-3.9682,1.8626,1.3269,-2.4756,-0.1545,-41.643
5.3204,7.7871,4.8812,-5.9768,-4.0805,1.185,0.8159,-2.5426,-0.0924,-78.321
5.3606,7.5503,4.7632,-6.1217,-3.8071,1.2418,0.82442,-2.5857,-0.1757,-41.03
5.4004,7.2655,4.6294,-6.8085,-3.8033,-0.039684,-0.025357,-2.6321,-0.2557,-30.5
5.4409,6.2404,4.6796,-9.6363,-2.4044,0.0009644,0.00059136,-2.8971,-0.2557,-38.841
5.4805,6.1955,4.6163,-8.5848,-2.5784,-0.19553,-0.11506,-2.8494,-0.1679,-53.387
5.5205,6.436,4.7424,13.357,5.9927,-0.31337,-0.1736,-2.8312,-0.059758,-244.98
5.5604,6.6834,4.8637,-8.2403,-2.8253,-0.43124,-0.23215,-2.813,0.0484,179.98
5.6006,6.38,4.6856,-8.3344,-2.4753,-0.44684,-0.22961,-2.8509,-0.0108,-805.02
5.6404,6.1895,4.4882,-7.9442,-2.6025,-0.40417,-0.19806,-2.8236,0.0534,156.55
5.6805,5.9367,4.3576,-4.8739,-3.8402,-0.42756,-0.19813,-2.8018,0.087754,70.709
5.7204,5.782,4.1863,-3.0844,-4.6799,-0.45083,-0.1982,-2.7802,0.12194,45.965
5.7604,5.6735,3.9889,-2.5579,-5.129,-0.47414,-0.19827,-2.7585,0.15618,36.697
5.8004,5.5605,3.7813,-3.2988,-5.1856,-0.49746,-0.19835,-2.7368,0.19044,32.273
5.8406,5.3917,3.5785,-5.3191,-4.8474,-0.52088,-0.19842,-2.7149,0.22484,32.007
5.8805,5.1186,3.3983,-8.5902,-4.1197,-0.54413,-0.19849,-2.6933,0.259,36.784
5.9203,4.6545,3.4297,-8.4024,-3.4781,-0.56976,-0.19829,-2.7484,0.1773,51.291
******-------------------------------------------------------------------------------------------------------------------****** 
TargetID: ID02
Relevancy: 0
tj = Inf
Label: -1
Comment: Target is irrelevant as it is not crossing the estimated holding line
DATA:
2.9604,23.691,5.0818,-1.4148,6.9456,-0.2029,-0.20248,1.7787,1.1599,6.1111
3.0003,23.592,5.158,-3.0457,-0.69171,-0.15708,-0.15686,1.8176,1.157,2.6993
3.0402,23.486,5.2207,-1.8063,6.2579,-0.11136,-0.11136,1.8565,1.1542,5.6432
3.0797,23.355,5.3471,-4.1191,1.5733,-0.060793,-0.06082,1.9054,1.1575,3.8093
3.1203,23.211,5.4639,-2.3044,5.6979,-0.008973,-0.0090277,1.9556,1.1609,5.2944
3.1598,23.082,5.5738,-3.8017,1.2205,0.061516,0.062882,2.0016,1.1621,3.4358
3.2005,22.94,5.6735,-2.7031,5.1145,0.13426,0.1371,2.0491,1.1634,4.9724
3.2403,22.736,5.9672,-3.0133,5.1505,0.069522,0.069326,2.104,1.1673,5.112
3.2802,22.582,6.1536,-3.2455,4.9999,0.074873,0.074534,2.1508,1.1673,5.1066
3.3203,21.902,6.5309,-4.5669,4.3636,0.086193,0.087142,2.3745,1.2796,4.9362
3.3603,21.631,6.48,-4.9217,3.47,0.45373,0.47981,2.5013,1.3331,4.5172
3.4003,21.215,6.6126,-5.3288,2.4982,0.82464,0.91743,2.6531,1.396,4.2158
3.4404,21.002,6.9548,-5.5952,1.9311,1.0375,1.1804,2.7477,1.4221,4.1622
3.4802,20.736,6.8973,-5.3845,0.64852,1.7736,2.3631,2.8877,1.476,3.6744
3.5203,20.556,6.9274,-3.7212,0.8018,1.9068,2.7144,1.7213,1.4959,2.5447
3.5603,20.429,6.9569,-2.7112,0.61312,2.0398,3.0651,0.55656,1.5158,1.8338
3.6003,20.33,6.9719,-2.3516,0.08191,2.173,3.4163,-0.60991,1.5357,1.5322
3.6403,20.233,6.9589,-2.6429,-0.78946,2.3059,3.7668,-1.7738,1.5556,1.7731
3.6805,20.11,6.9038,-3.5912,-2.0101,2.4396,4.1193,-2.9446,1.5756,2.612
3.7205,20.068,6.8037,-3.1084,-2.1923,2.5074,4.0741,-2.8629,1.591,2.3908
3.7603,20.043,6.7503,-2.6291,-2.2817,2.614,4.0162,-2.7839,1.6032,2.1714
3.8003,20.025,6.6837,-2.1872,-2.2201,2.7832,3.8063,-2.7006,1.6189,1.9251
3.8403,19.99,6.6401,-1.8935,-2.0479,2.9157,3.5103,-2.626,1.6279,1.7133
3.8803,19.827,6.5641,-2.4616,-0.94819,3.2268,3.3367,-2.5622,1.6265,1.6218
3.9206,19.568,6.5008,-2.3906,-1.4334,2.475,2.5062,-2.5039,1.6215,1.719
3.9598,19.363,6.4161,-2.3419,-1.7979,1.93,1.9368,-2.4466,1.6165,1.8264
4.0003,19.362,6.3758,-1.9579,-1.9077,1.8516,1.8523,-2.3817,1.6175,1.69
4.0404,19.219,6.277,-1.8939,-2.087,1.5248,1.5256,-2.3209,1.6141,1.746
4.0884,18.986,6.1764,-2.0076,-2.4746,0.9782,0.98002,-2.2688,1.6052,1.9852
4.1204,18.95,6.0489,-1.7712,-2.5538,0.90199,0.90724,-2.2045,1.6052,1.9361
4.1606,18.922,5.9211,-1.5397,-2.6126,0.82162,0.83146,-2.1403,1.6052,1.8892
4.2004,18.894,5.7919,-1.3161,-2.6526,0.73738,0.75193,-2.0761,1.6052,1.8447
4.2404,18.873,5.6653,-1.1021,-2.6754,0.64957,0.66816,-2.0119,1.6052,1.8026
4.2804,18.875,5.539,-0.89985,-2.6832,0.55896,0.57984,-1.9478,1.6052,1.763
4.3199,18.883,5.4152,-0.71071,-2.6783,0.46613,0.48687,-1.8836,1.6052,1.7263
******-------------------------------------------------------------------------------------------------------------------****** 
TargetID: ID04
Target can not be processed due to lack of Data
******-------------------------------------------------------------------------------------------------------------------****** 
TargetID: ID06
Relevancy: 1
tj = 4.4803
Label: 0
Comment: Target is relevant and going straight, since the velocity ratio is almost not changing
DATA:
4.2404,14.317,8.6568,NaN,NaN,NaN,NaN,-2.0888,NaN,NaN
4.2804,14.175,8.3939,NaN,NaN,NaN,NaN,-2.0888,NaN,NaN
4.3199,14.03,8.1313,NaN,NaN,NaN,NaN,-2.0889,NaN,NaN
4.3604,NaN,NaN,NaN,NaN,NaN,NaN,-1.9268,NaN,NaN
4.4006,NaN,NaN,NaN,NaN,NaN,NaN,-2.4477,NaN,NaN
4.4404,NaN,NaN,NaN,NaN,NaN,NaN,-2.234,NaN,NaN
4.4803,13.549,7.5568,-3.8059,-6.5709,-0,-0,-2.0958,0,Inf
4.5204,13.177,7.2061,-3.8059,-6.5709,NaN,NaN,-1.7608,NaN,NaN
4.5603,12.807,6.8574,NaN,NaN,NaN,NaN,-1.4276,NaN,NaN
4.6004,13.003,6.7102,1.1714,-11.988,-0,-0,-1.4734,0,Inf
4.6405,12.887,6.323,0.95223,-11.852,0.03635,0.035242,-1.4906,-0.0613,-193.96
4.6804,12.672,5.9863,0.62692,-11.545,0.07116,0.068416,-1.5166,-0.1227,-94.231
4.7203,12.476,5.8177,0.12522,-10.869,0.08061,0.076746,-1.5593,-0.1537,-70.72
4.7597,12.219,5.7033,-0.46621,-9.9925,0.065271,0.061474,-1.6175,-0.1885,-53.068
4.8004,12.197,5.3061,-0.5428,-10.002,0.076821,0.071487,-1.6251,-0.1885,-53.137
4.8404,11.751,5.4491,-1.4238,-8.3923,0.043025,0.039502,-1.7389,-0.26,-32.739
4.8805,11.623,5.1727,-1.6099,-8.2012,0.050858,0.046023,-1.7647,-0.2763,-30.249
4.9203,11.551,4.8472,-1.7029,-8.1884,0.064004,0.056995,-1.7759,-0.2763,-30.27
4.9606,11.491,4.5233,-1.795,-8.1747,0.077482,0.067799,-1.787,-0.2763,-30.291
5.0005,11.417,4.2,-1.8871,-8.1601,0.091322,0.078392,-1.7982,-0.2763,-30.313
5.0404,11.339,3.8781,-1.9795,-8.1442,0.10556,0.088722,-1.8093,-0.2763,-30.334
5.0799,11.258,3.5569,-2.0717,-8.1274,0.12021,0.098746,-1.8205,-0.2763,-30.356
******-------------------------------------------------------------------------------------------------------------------****** 
