******-------------------------------------------------------------------------------------------------------------------****** 
Duration of the scene is: 28.7642 seconds
Original Targets Numbers in the hole Scene: 3
Number of Targets in the hole Scene after preprocessing: 3
Number of static portions: 1
******-------------------------------------------------------------------------------------------------------------------****** 
TargetID: ID02
Relevancy: 1
tj = 22.6433
Label: 0
Comment: Target is relevant and going straight, since the velocity ratio is almost not changing
DATA:
21.043,16.897,19.723,NaN,NaN,NaN,NaN,-1.617,NaN,NaN
21.083,17.721,19.104,NaN,NaN,NaN,NaN,-1.2333,NaN,NaN
21.123,17.025,19.069,NaN,NaN,NaN,NaN,-1.6723,NaN,NaN
21.163,16.953,18.788,NaN,NaN,NaN,NaN,-1.7012,NaN,NaN
21.203,17.416,18.373,NaN,NaN,NaN,NaN,-1.4305,NaN,NaN
21.243,17.077,18.184,NaN,NaN,NaN,NaN,-1.618,NaN,NaN
21.283,17.137,18.059,NaN,NaN,NaN,NaN,-1.6133,NaN,NaN
21.323,17.099,17.739,NaN,NaN,NaN,NaN,-1.6237,NaN,NaN
21.363,17.239,17.326,NaN,NaN,NaN,NaN,-1.5474,NaN,NaN
21.403,17.376,16.934,NaN,NaN,NaN,NaN,-1.499,NaN,NaN
21.443,17.354,16.636,NaN,NaN,NaN,NaN,-1.5136,NaN,NaN
21.483,17.39,16.318,NaN,NaN,NaN,NaN,-1.5076,NaN,NaN
21.523,17.97,16.115,0.5461,-7.4744,-0.006205,-0.0059939,-1.4979,0,Inf
21.563,18.024,15.8,0.61004,-7.5094,-0.00020399,-0.00019613,-1.4897,-0.0006,-12557
21.603,18.066,15.494,0.62348,-7.5188,0.01557,0.015025,-1.488,-0.0009,-8382.9
21.643,18.047,15.198,0.5307,-7.5018,0.04438,0.042799,-1.5001,-0.0055,-1367.4
21.683,18.228,14.837,0.85231,-7.6266,0.072301,0.069669,-1.4593,0.0011,6976.4
21.723,18.179,14.564,0.69687,-7.552,0.12068,0.11622,-1.4785,0.0006,12640
21.763,18.153,14.253,0.5778,-7.5413,0.17073,0.16431,-1.4939,-0.0066,-1146
21.803,18.208,13.939,0.6658,-7.5345,0.20086,0.19318,-1.4822,0.0062,1220
21.843,18.236,13.641,0.65705,-7.5182,0.24553,0.23591,-1.483,0.0068,1109.8
21.883,18.271,13.346,0.66383,-7.4995,0.28495,0.27364,-1.4818,0.0087,865.38
21.923,18.324,13.035,0.70681,-7.5371,0.33222,0.31872,-1.4765,0.0102,742.17
21.963,18.265,12.763,0.52524,-7.4478,0.36073,0.34607,-1.4995,-0.0101,-739.24
22.003,18.321,12.458,0.58921,-7.4628,0.37741,0.36261,-1.4929,-0.0033,-2268.5
22.043,18.339,12.165,0.5749,-7.4596,0.3952,0.37943,-1.4948,-0.0057,-1312.6
22.083,18.318,11.882,0.47101,-7.4197,0.40465,0.3874,-1.5064,-0.0185,-401.87
22.123,18.33,11.628,0.41677,-7.3126,0.39026,0.37416,-1.5148,-0.0272,-269.28
22.163,18.342,11.332,0.41214,-7.3104,0.37972,0.3627,-1.5136,-0.0243,-301.32
22.203,18.401,11.054,0.48519,-7.2876,0.35828,0.34292,-1.5052,-0.014,-521.69
22.243,18.462,10.735,0.56221,-7.335,0.3454,0.32953,-1.4934,0.0009,8173.9
22.283,18.494,10.439,0.57666,-7.328,0.33048,0.31515,-1.4915,0.0032,2297.1
22.323,18.499,10.152,0.53262,-7.3039,0.31268,0.29823,-1.498,-0.0046,-1592
22.363,18.584,9.8399,0.68663,-7.3698,0.29674,0.28238,-1.4772,0.0193,383.51
22.403,18.626,9.532,0.74046,-7.3934,0.28353,0.2696,-1.4703,0.0263,282.52
22.443,18.669,9.2255,0.78826,-7.4092,0.26564,0.25242,-1.4642,0.0322,231.4
22.483,18.719,8.9122,0.8432,-7.4558,0.25739,0.24438,-1.4576,0.0381,196.94
22.523,18.764,8.6083,0.87893,-7.4683,0.23957,0.22761,-1.4536,0.0407,184.76
22.563,18.767,8.3168,0.80695,-7.4287,0.20838,0.19773,-1.4621,0.0304,245.8
22.603,18.806,8.0098,0.83508,-7.4548,0.19579,0.18575,-1.4588,0.0327,229.4
22.643,18.785,7.7294,0.71659,-7.389,0.16494,0.15651,-1.4741,0.0159,466.9
22.683,18.831,7.4225,0.75504,-7.4055,0.14451,0.13693,-1.4688,0.0208,357.88
22.723,18.868,7.1324,0.78263,-7.3669,0.11367,0.10764,-1.4647,0.024,308.68
22.763,18.794,6.8564,0.55216,-7.2023,0.044994,0.042569,-1.4942,-0.0037,-1952.3
22.803,18.858,6.5229,0.66122,-7.2449,0.007504,0.0070906,-1.4798,0.011,661.37
22.843,18.87,6.231,0.62483,-7.1902,-0.011729,-0.011061,-1.4841,0.0071,1016.5
22.883,18.949,5.9325,0.75668,-7.2013,-0.02245,-0.021131,-1.4662,0.0238,304.24
22.923,18.941,5.6381,0.66763,-7.178,-0.013503,-0.012684,-1.4781,0.0123,586.09
22.963,18.994,5.3247,0.75641,-7.2319,-0.01527,-0.014315,-1.4666,0.0228,318.92
23.003,19.046,5.0133,0.80448,-7.2862,-0.0011358,-0.0010625,-1.4608,0.0276,265.6
23.043,19.139,4.6767,0.99016,-7.4187,0.028526,0.026641,-1.438,0.0475,157.57
23.083,19.193,4.3657,1.0278,-7.4499,0.032271,0.030092,-1.4338,0.0499,150.71
23.123,19.202,4.0576,0.96559,-7.4449,0.028162,0.026201,-1.4417,0.0419,179.17
23.163,19.297,3.7004,1.1441,-7.6126,0.075451,0.070043,-1.4214,0.0586,131.37
23.203,19.353,3.3872,1.1807,-7.6199,0.064115,0.059391,-1.4169,0.0608,126.82
23.243,19.397,3.082,1.1953,-7.5773,0.030012,0.027743,-1.4143,0.0614,124.93
23.283,19.465,2.7872,1.2567,-7.5093,-0.015173,-0.014003,-1.405,0.0671,113.47
23.323,19.548,2.5012,1.3367,-7.3884,-0.095791,-0.088263,-1.3921,0.0759,98.925
23.363,19.618,2.2252,1.3734,-7.2297,-0.19965,-0.18347,-1.3831,0.0811,90.74
23.403,19.231,1.8891,1.3519,-6.9952,-0.29653,-0.27322,-1.3807,0.0796,89.505
23.443,19.329,1.6282,1.4418,-6.8319,-0.40349,-0.3717,-1.364,0.0901,77.496
23.483,19.397,1.4244,1.4178,-6.5636,-0.54446,-0.49895,-1.3598,0.0892,75.28
23.523,19.455,1.1822,1.4036,-6.3717,-0.5771,-0.53175,-1.356,0.0887,73.556
23.563,19.511,0.98025,1.3788,-6.089,-0.68376,-0.63085,-1.3507,0.0893,69.912
23.603,19.557,0.8365,1.296,-5.6042,-0.88043,-0.81618,-1.3475,0.0882,65.216
23.643,19.592,0.77036,1.166,-4.8601,-1.185,-1.1132,-1.3424,0.0888,56.284
23.683,19.593,0.78532,0.96144,-3.8685,-1.521,-1.477,-1.3415,0.0857,46.513
23.723,19.549,1.1282,0.6954,-2.1228,-2.5921,-2.6391,-1.3332,0.0878,25.442
******-------------------------------------------------------------------------------------------------------------------****** 
TargetID: ID03
Relevancy: 1
tj = 5.0807
Label: 0
Comment: Target is relevant and going straight, since the velocity ratio is almost not changing
DATA:
0,37.697,-20.03,-7.4647,2.8198,-0.59342,-0.59189,2.7787,-0.0204,-391.15
0.039985,37.067,-19.921,-7.5248,2.7316,-0.59264,-0.59104,2.7917,-0.0124,-645.59
0.079981,36.726,-19.909,-7.605,2.6177,-0.61963,-0.61779,2.8084,-0.0027,-2978.9
0.12002,36.442,-19.802,-7.5909,2.6205,-0.57575,-0.57416,2.8076,-0.0031,-2590.5
0.15999,36.063,-19.816,-7.7294,2.4943,-0.66189,-0.656,2.8312,0.0103,788.53
0.20002,35.771,-19.727,-7.7239,2.4871,-0.67497,-0.67268,2.8282,0.0083,977.65
0.23999,35.396,-19.706,-7.8819,2.3928,-0.87708,-0.87316,2.8445,0.0173,476.13
0.28002,35.095,-19.624,-7.8755,2.3927,-0.83387,-0.83034,2.8444,0.0169,487.04
0.32002,34.708,-19.598,-8.0293,2.3626,-1.0313,-1.0177,2.858,0.0242,345.85
0.36003,34.401,-19.489,-8.0171,2.3709,-0.9019,-0.89779,2.8517,0.02,418.01
0.40002,34.057,-19.463,-8.2233,2.3637,-0.90416,-0.9083,2.8639,0.0265,322.88
0.44006,33.743,-19.343,-8.0892,2.3408,-0.90434,-0.90017,2.8576,0.0222,379.33
0.48006,33.371,-19.268,-8.2147,2.3264,-1.0099,-1.0049,2.8631,0.0248,344.26
0.52006,33.03,-19.179,-8.2605,2.3234,-0.97815,-0.9734,2.865,0.0253,339.17
0.56007,32.659,-19.111,-8.3359,2.3104,-0.89259,-0.88579,2.8712,0.0283,305.66
0.60008,32.344,-19.011,-8.3006,2.3037,-0.6684,-0.66617,2.8692,0.0265,325.07
0.64007,31.984,-18.97,-8.3632,2.2299,-0.6311,-0.62908,2.8795,0.0318,272.18
0.68008,31.664,-18.839,-8.3422,2.32,-0.60083,-0.59642,2.8718,0.0266,325.52
0.72012,31.289,-18.798,-8.4336,2.2676,-0.63001,-0.62519,2.8805,0.0309,282.63
0.76006,30.946,-18.758,-8.4708,2.1568,-0.5365,-0.53509,2.8909,0.0363,240.8
0.80009,30.581,-18.637,-8.5453,2.2202,-0.58604,-0.58188,2.8889,0.0343,257.4
0.8401,30.301,-18.519,-8.4206,2.2421,-0.32205,-0.32157,2.8805,0.0286,304.68
0.8801,29.926,-18.406,-8.5148,2.2626,-0.423,-0.42219,2.8808,0.0281,313.53
0.92017,29.639,-18.259,-8.4067,2.3509,-0.26026,-0.25995,2.8682,0.02,436.46
0.96012,29.264,-18.181,-8.475,2.3546,-0.34125,-0.34074,2.8697,0.0203,433.3
1.0001,28.913,-18.075,-8.5249,2.3691,-0.4348,-0.43398,2.8694,0.0196,451.43
1.0401,28.527,-18.061,-8.6036,2.2618,-0.40571,-0.40497,2.8835,0.0274,324.67
1.0801,28.222,-17.987,-8.6043,2.2562,-0.33378,-0.33427,2.886,0.0283,314.32
1.1202,27.85,-17.933,-8.6253,2.2223,-0.43726,-0.4349,2.8906,0.0302,294.93
1.1602,27.502,-17.884,-8.7687,2.1726,-0.53952,-0.54076,2.9002,0.0353,255.92
1.2002,27.123,-17.802,-8.7562,2.1192,-0.54496,-0.5437,2.9026,0.0359,250.95
1.2402,26.816,-17.723,-8.7166,2.1168,-0.44076,-0.43832,2.9047,0.0362,247.79
1.2802,26.411,-17.648,-8.8452,2.0811,-0.57703,-0.57573,2.9088,0.0378,240.39
1.3202,26.085,-17.544,-8.832,2.0825,-0.49491,-0.49398,2.9085,0.0368,246.58
1.3602,25.744,-17.421,-8.8456,2.1749,-0.57804,-0.57384,2.9023,0.032,284.66
1.4002,25.421,-17.36,-8.9124,2.142,-0.53217,-0.53317,2.9074,0.0344,266.46
1.4402,25.056,-17.272,-8.8647,2.1377,-0.58238,-0.57809,2.9068,0.0331,275.49
1.4802,24.71,-17.149,-8.9056,2.1393,-0.60634,-0.6051,2.9039,0.0305,300.29
1.5202,24.32,-17.092,-8.9945,2.1062,-0.70313,-0.70146,2.9093,0.0331,279.09
1.5602,23.988,-17.033,-9.0758,2.1164,-0.61186,-0.61302,2.9146,0.0356,261.78
1.6002,23.555,-17.025,-9.1436,1.9727,-0.77162,-0.76972,2.9266,0.042,222.71
1.6402,23.233,-16.896,-9.1191,2.0996,-0.79786,-0.78971,2.9181,0.0357,262.12
1.6802,22.814,-16.852,-9.2545,1.9998,-0.8718,-0.86968,2.9257,0.0395,239.7
1.7203,22.493,-16.741,-9.35,2.1229,-0.86928,-0.87117,2.9214,0.0358,267.82
1.7603,22.089,-16.684,-9.3145,1.9981,-0.87352,-0.87155,2.9272,0.0385,247.44
1.8002,21.756,-16.567,-9.2603,2.0432,-0.65724,-0.65623,2.9219,0.0343,276.47
1.8402,21.383,-16.44,-9.1839,2.2341,-0.46575,-0.46286,2.9048,0.0218,433.57
1.8803,21.058,-16.316,-9.1695,2.2666,-0.4628,-0.45986,2.9012,0.0191,494.53
1.9203,20.663,-16.262,-9.2622,2.2329,-0.57142,-0.56698,2.9074,0.0225,423.45
1.9603,20.315,-16.14,-9.2623,2.2228,-0.48542,-0.48511,2.9039,0.0199,478.66
2.0003,19.937,-16.02,-9.2848,2.2525,-0.43914,-0.4389,2.9017,0.0181,527.85
2.0403,19.595,-15.887,-9.258,2.2981,-0.34795,-0.34783,2.8967,0.0145,657.86
2.0803,19.191,-15.819,-9.3263,2.3049,-0.4297,-0.42714,2.9012,0.017,565.11
2.1203,20.06,-15.973,-9.2068,2.3817,-0.20209,-0.20053,2.8927,0.0111,856.74
2.1603,19.676,-15.949,-9.2787,2.2607,-0.13038,-0.12973,2.9053,0.019,502.64
2.2003,19.383,-15.844,-9.1879,2.2228,0.1139,0.11442,2.9017,0.0163,579.94
2.2403,19.036,-15.735,-9.108,2.4613,-0.083265,-0.082978,2.8795,-0.0002,-47173
2.2803,18.832,-15.638,-9.1204,2.5542,-0.25305,-0.25024,2.8747,-0.0032,-2959.8
2.3203,18.454,-15.518,-9.2115,2.6218,-0.48745,-0.47736,2.8759,-0.0021,-4560.7
2.3603,18.129,-15.391,-9.1614,2.6335,-0.37532,-0.36916,2.8708,-0.0053,-1798.6
2.4003,17.832,-15.252,-9.0499,2.722,-0.29502,-0.29103,2.8569,-0.0149,-634.26
2.4404,17.519,-15.137,-9.0472,2.7778,-0.3834,-0.37769,2.8534,-0.0168,-563.34
2.4803,17.184,-15.003,-9.0142,2.886,-0.55101,-0.53699,2.8458,-0.0217,-436.17
2.5203,16.849,-14.888,-9.0078,2.8874,-0.4935,-0.48211,2.8441,-0.0222,-426.09
2.5603,16.515,-14.753,-9.1255,3.0129,-0.68361,-0.66873,2.8399,-0.0245,-392.25
2.6004,16.172,-14.619,-8.9979,3.088,-0.68982,-0.66745,2.8289,-0.032,-297.28
2.6404,15.829,-14.501,-9.0416,3.1011,-0.62218,-0.60657,2.8273,-0.0322,-296.85
2.6804,15.481,-14.392,-9.0032,3.082,-0.58043,-0.56434,2.827,-0.0315,-302.1
2.7204,15.125,-14.276,-9.0267,3.0968,-0.57806,-0.5621,2.8263,-0.031,-307.84
2.7604,14.767,-14.164,-9.0563,3.1158,-0.61441,-0.59646,2.8263,-0.03,-319.24
2.8004,14.392,-14.048,-9.1527,3.1421,-0.76542,-0.73836,2.8305,-0.0257,-376.54
2.8404,14.04,-13.94,-9.172,3.1091,-0.65471,-0.63467,2.8317,-0.0239,-405.21
2.8804,13.672,-13.836,-9.2326,3.0256,-0.5925,-0.57625,2.8402,-0.0164,-592.42
2.9204,13.307,-13.729,-9.2593,2.9734,-0.4799,-0.46917,2.8433,-0.0133,-731.2
2.9604,12.958,-13.61,-9.2186,2.968,-0.34054,-0.33501,2.8391,-0.0162,-597.81
3.0004,12.603,-13.508,-9.2264,2.917,-0.26245,-0.25913,2.8423,-0.013,-744.35
3.0404,12.238,-13.396,-9.2501,2.9241,-0.29963,-0.29534,2.8433,-0.0118,-822.14
3.0805,11.883,-13.279,-9.2334,2.9578,-0.2715,-0.26792,2.8388,-0.0151,-642.09
3.1204,11.536,-13.171,-9.1971,2.8779,-0.037843,-0.037771,2.8394,-0.0141,-683.46
3.1604,11.173,-13.063,-9.2112,2.8772,-0.058501,-0.058329,2.8404,-0.0128,-753.92
3.2004,10.811,-12.95,-9.2098,2.8749,-0.044158,-0.044059,2.8402,-0.0126,-765.72
3.2405,10.462,-12.839,-9.1665,2.8241,0.15288,0.1541,2.8384,-0.0137,-700.12
3.2805,10.102,-12.723,-9.1676,2.8859,-0.0035009,-0.0034997,2.8367,-0.0147,-653.82
3.3205,9.7142,-12.616,-9.2209,2.866,-0.075066,-0.074785,2.8423,-0.0095,-1016.4
3.3605,9.3989,-12.509,-9.1345,2.802,0.096714,0.097198,2.8412,-0.01,-955.46
3.4005,8.9909,-12.403,-9.2706,2.8669,-0.22932,-0.22676,2.8479,-0.0043,-2256.7
3.4405,8.6224,-12.348,-9.207,2.8801,-0.10281,-0.10227,2.8413,-0.0096,-1004.9
3.4805,8.2333,-12.234,-9.2631,2.9308,-0.23387,-0.23115,2.8415,-0.0092,-1056
3.5205,7.8784,-12.126,-9.2507,2.9017,-0.17812,-0.17653,2.8425,-0.008,-1211.9
3.5605,7.5129,-12.02,-9.257,2.8901,-0.15631,-0.15508,2.8433,-0.0073,-1328.5
3.6005,7.1811,-11.904,-9.1629,2.8912,0.0074982,0.0075017,2.8357,-0.0134,-717.03
3.6405,6.876,-11.79,-9.1034,2.8013,0.063277,0.06349,2.8413,-0.0078,-1221.1
3.6805,6.5459,-11.697,-9.0398,2.7558,0.1386,0.13964,2.8417,-0.0074,-1277.1
3.7205,6.2618,-11.594,-8.9169,2.7284,0.1844,0.18631,2.8391,-0.0093,-1002.7
3.7605,5.9127,-11.493,-8.8792,2.7476,0.18993,0.19197,2.8357,-0.012,-774.55
3.8005,5.6008,-11.375,-8.8578,2.8326,-0.083924,-0.083534,2.8346,-0.0124,-749.97
3.8405,5.199,-11.282,-8.9512,2.9334,-0.38836,-0.38042,2.8361,-0.0112,-841.03
3.8805,4.8678,-11.164,-8.951,3.0279,-0.61432,-0.5949,2.8328,-0.0136,-694.8
3.9206,4.4617,-11.051,-9.0776,3.0871,-0.83589,-0.80162,2.8366,-0.01,-958.81
3.9605,4.1812,-10.948,-8.9587,3.0906,-0.73596,-0.70851,2.83,-0.0156,-607.49
4.0006,3.8318,-10.828,-8.9773,3.1627,-0.89818,-0.858,2.8277,-0.0171,-556.62
4.0405,3.5131,-10.728,-8.9161,3.0755,-0.62511,-0.60489,2.8272,-0.0171,-551.56
4.0806,3.1413,-10.625,-8.9737,3.0557,-0.62591,-0.60593,2.8309,-0.0134,-707.44
4.1206,2.8505,-10.505,-8.8507,3.0427,-0.46186,-0.45047,2.8239,-0.019,-492.59
4.1606,2.4959,-10.393,-8.8543,3.0189,-0.36742,-0.36016,2.8237,-0.0186,-502.95
4.2006,2.1437,-10.287,-8.8565,2.9896,-0.28795,-0.28346,2.8245,-0.0175,-534.14
4.2406,1.7968,-10.182,-8.8474,2.9683,-0.22862,-0.22577,2.8246,-0.0169,-552.19
4.2806,1.4642,-10.063,-8.7643,2.9294,0.0099965,0.010003,2.8187,-0.0216,-427.82
4.3206,1.1002,-9.9471,-8.7916,2.9527,-0.05018,-0.050038,2.8191,-0.0207,-448.03
4.3606,0.74721,-9.8423,-8.7837,2.9405,-0.0037999,-0.0037998,2.8187,-0.0206,-449.65
4.4006,0.41364,-9.7433,-8.7472,2.8935,0.097687,0.09824,2.8191,-0.0197,-467.68
4.4406,0.095274,-9.6463,-8.6783,2.8263,0.25795,0.26193,2.8186,-0.0195,-468.05
4.4807,-0.089175,-9.5671,-8.3676,2.6066,0.77852,0.8205,2.8121,-0.0246,-356.27
4.5206,-0.31851,-9.4776,-8.1562,2.4776,1.0498,1.1341,2.8067,-0.0288,-295.98
4.5606,-0.67042,-9.3606,-8.1768,2.5657,0.84553,0.89829,2.8061,-0.0285,-300.7
4.6006,-1.0479,-9.2426,-8.2794,2.7229,0.4142,0.4258,2.8093,-0.0247,-352.86
4.6407,-1.4646,-9.1198,-8.4388,2.8757,0.021085,0.021112,2.8125,-0.0216,-412.75
4.6807,-1.8301,-9.0192,-8.4647,2.8875,0.071119,0.070902,2.8151,-0.0187,-478.27
4.7207,-2.1713,-8.8868,-8.3663,2.984,0.28854,0.2849,2.8085,-0.0241,-368.57
4.7607,-2.5461,-8.767,-8.4451,2.9715,0.19637,0.1947,2.8096,-0.0222,-403.27
4.8007,-2.9745,-8.6233,-8.6836,2.9424,-0.19115,-0.1927,2.8089,-0.0222,-413
4.8407,-3.4733,-8.4632,-9.1182,2.8964,-0.85595,-0.88561,2.8089,-0.0217,-440.88
4.8807,-3.8137,-8.351,-9.1026,2.9059,-0.82099,-0.84833,2.8085,-0.0215,-444.43
4.9207,-4.085,-8.257,-8.8497,2.9666,-0.38292,-0.38902,2.8065,-0.0227,-411.18
4.9607,-4.3237,-8.1992,-8.4132,3.0766,0.59904,0.5839,2.8102,-0.0183,-489.51
5.0007,-4.6264,-8.1175,-8.317,3.0529,0.69537,0.67475,2.8124,-0.0159,-557.21
5.0407,-4.9489,-8.0124,-8.2323,3.0719,0.84546,0.81477,2.8123,-0.0155,-566.89
5.0807,-5.2413,-7.9132,-8.1276,3.0784,0.96945,0.92872,2.8119,-0.0148,-587.23
5.1207,-5.5852,-7.7872,-8.186,3.0452,0.72974,0.7064,2.8098,-0.0161,-542.49
5.1608,-5.9198,-7.6602,-8.5254,3.2901,0.56537,0.54304,2.8074,-0.017475,-522.92
5.2008,-6.2664,-7.5248,-8.7874,3.4639,0.40102,0.37969,2.805,-0.018851,-501.07
5.2407,-6.6216,-7.3841,-8.9718,3.5666,0.23682,0.21649,2.8026,-0.020225,-477.38
5.2807,-6.9829,-7.2405,-9.0791,3.5984,0.072505,0.053186,2.8003,-0.0216,-452.15
5.3208,-7.3472,-7.097,-9.1089,3.5591,-0.091929,-0.11024,2.7979,-0.022976,-425.65
5.3608,-7.711,-6.9566,-9.0613,3.4487,-0.25631,-0.27361,2.7955,-0.024351,-398.15
5.4008,-8.0713,-6.822,-8.9362,3.2673,-0.42064,-0.43694,2.7931,-0.025726,-369.85
5.4408,-8.4247,-6.6962,-8.734,3.015,-0.58483,-0.60012,2.7907,-0.0271,-340.95
5.4808,-8.7651,-6.5848,-8.6132,3.0922,-0.1796,-0.18103,2.7912,-0.0255,-358.88
5.5208,-9.1196,-6.4581,-8.5751,3.1439,-0.0072973,-0.0073003,2.7899,-0.0259,-352.63
5.5608,-9.4504,-6.339,-8.5306,3.1612,0.074842,0.074595,2.7891,-0.0259,-351.25
5.6008,-9.7489,-6.2243,-8.3641,3.2187,0.39545,0.38843,2.7872,-0.0271,-330.7
5.6408,-10.077,-6.1009,-8.3176,3.2337,0.45772,0.44825,2.7859,-0.0273,-326.89
5.6808,-10.391,-5.9881,-8.2381,3.2445,0.56645,0.55181,2.7853,-0.0269,-329.14
5.7208,-10.705,-5.8677,-7.6639,2.8884,0.50478,0.49282,2.7838,-0.0276,-296.75
5.7608,-11.018,-5.7479,-8.171,3.2108,0.44308,0.43381,2.7823,-0.0283,-310.22
5.8008,-11.348,-5.6327,-8.1903,3.1726,0.33166,0.32644,2.7834,-0.0256,-343.1
******-------------------------------------------------------------------------------------------------------------------****** 
TargetID: ID04
Target can not be processed due to lack of Data
******-------------------------------------------------------------------------------------------------------------------****** 
