******-------------------------------------------------------------------------------------------------------------------****** 
Duration of the scene is: 16.0333 seconds
Original Targets Numbers in the hole Scene: 3
Number of Targets in the hole Scene after preprocessing: 5
Number of static portions: 1
******-------------------------------------------------------------------------------------------------------------------****** 
TargetID: ID01
Relevancy: 1
tj = 9.5631
Label: 0
Comment: Target is relevant and going straight, since the velocity ratio is almost not changing
DATA:
6.6773,14.194,-42.749,NaN,NaN,NaN,NaN,1.8308,NaN,NaN
6.7237,13.956,-42.396,NaN,NaN,NaN,NaN,1.8892,NaN,NaN
6.7551,14.054,-41.803,NaN,NaN,NaN,NaN,1.7724,NaN,NaN
6.8018,13.987,-41.303,NaN,NaN,NaN,NaN,1.7567,NaN,NaN
6.8331,13.868,-40.803,NaN,NaN,NaN,NaN,1.7679,NaN,NaN
6.8797,13.952,-40.259,NaN,NaN,NaN,NaN,1.7127,NaN,NaN
6.9266,14.066,-39.67,NaN,NaN,NaN,NaN,1.6568,NaN,NaN
6.9577,13.964,-39.188,NaN,NaN,NaN,NaN,1.6712,NaN,NaN
7.0044,14.101,-38.606,NaN,NaN,NaN,NaN,1.627,NaN,NaN
7.036,14.634,-38.18,-0.57801,13.005,-0,0,1.6152,0,Inf
7.0825,14.429,-37.713,-1.1346,12.848,0.014276,0.014325,1.6589,0.0079,1632.7
7.1139,14.351,-37.198,-1.2422,12.854,0.026767,0.026832,1.6671,0.0176,733.75
7.161,14.305,-36.718,-1.3074,12.839,0.013891,0.013909,1.6723,0.0221,583.95
7.2072,14.361,-36.165,-1.1425,12.906,0.015903,0.015897,1.6591,0.0183,708.02
7.2385,14.365,-35.654,-1.099,12.931,0.050765,0.050636,1.6555,0.0215,603.63
7.2853,14.355,-35.112,-1.0814,12.952,0.064572,0.064223,1.6541,0.0223,582.83
7.3168,14.202,-34.632,-1.2683,12.876,0.071302,0.070698,1.6689,0.0307,421.46
7.3633,14.195,-34.098,-1.2201,12.896,0.079493,0.078505,1.6651,0.027,479.75
7.3948,14.094,-33.612,-1.3144,12.848,0.08522,0.083775,1.6727,0.0316,408.7
7.4413,14.027,-33.126,-1.3704,12.818,0.087065,0.085115,1.6774,0.0345,373.66
7.4726,13.921,-32.64,-1.4854,12.765,0.090168,0.087617,1.6866,0.0428,300.25
7.5195,14.532,-33.896,-1.7786,12.643,0.094132,0.090949,1.7093,0.0718,177.82
7.5661,14.765,-33.365,-2.0185,12.53,0.09912,0.095067,1.7292,0.0949,133.74
7.5979,14.658,-32.885,-2.1316,12.489,0.091153,0.086611,1.7386,0.1024,123.73
7.6442,14.571,-32.37,-2.3938,12.373,0.10415,0.097978,1.7605,0.1359,92.731
7.6755,14.46,-31.884,-2.4576,12.331,0.11339,0.10549,1.7659,0.135,93.136
7.7221,14.355,-31.398,-2.4868,12.313,0.12405,0.11392,1.7683,0.1291,97.299
7.7535,14.246,-30.913,-2.4167,12.32,0.11788,0.10688,1.7628,0.1113,112.81
7.8001,14.177,-30.567,-2.5838,12.246,0.13008,0.11637,1.7768,0.1266,98.859
7.8468,13.898,-30.118,-2.5878,12.206,0.15797,0.13933,1.7773,0.1185,105.29
7.8783,13.8,-29.641,-2.5503,12.187,0.16971,0.1474,1.7745,0.1079,115.39
7.9248,13.704,-29.146,-2.5186,12.197,0.17573,0.15003,1.7717,0.0982,126.82
7.9564,13.589,-28.554,-2.2893,12.274,0.14867,0.12474,1.7531,0.0672,185.8
8.003,13.5,-28.065,-2.2516,12.267,0.15292,0.12605,1.7501,0.0593,210.33
8.0343,13.386,-27.514,-2.2625,12.25,0.15484,0.12525,1.7513,0.057,218.55
8.0809,13.345,-27.001,-2.1416,12.288,0.1486,0.11788,1.7413,0.0428,291.42
8.1124,13.02,-25.042,-2.0545,12.282,0.16483,0.12789,1.736,0.0339,367.33
8.1592,12.931,-24.548,-2.0642,12.282,0.15361,0.11675,1.7369,0.0331,376.25
8.2056,12.84,-24.126,-2.1215,12.244,0.16382,0.12198,1.7418,0.0368,337.66
8.2373,12.762,-23.627,-2.1134,12.249,0.17,0.12387,1.7411,0.0341,364.53
8.2837,12.817,-23.04,-1.8598,12.382,0.11118,0.079309,1.7195,0.0103,1215.6
8.3151,12.723,-22.555,-1.9097,12.367,0.12001,0.083738,1.7236,0.014,893.86
8.3621,12.667,-22.014,-1.8514,12.401,0.096095,0.065692,1.7187,0.0084,1492.6
8.3931,12.605,-21.508,-1.7518,12.462,0.058034,0.038871,1.7103,-0.0005,-25169
8.4397,12.566,-21.298,-1.7078,12.495,0.041369,0.027167,1.7064,-0.0043,-2932.7
8.4868,12.679,-21.897,-1.5784,12.492,0.077954,0.050304,1.6955,-0.0151,-833.89
8.5179,12.771,-21.371,-1.2921,12.624,0.031077,0.019656,1.6724,-0.036,-352.49
8.5646,12.748,-20.853,-1.1951,12.65,0.030159,0.018722,1.6646,-0.0418,-303.98
8.5967,12.701,-20.323,-1.0926,12.707,0.0078501,0.0047827,1.6565,-0.048,-265.71
8.6428,12.687,-19.776,-1.018,12.737,-0.0033986,-0.0020317,1.6506,-0.0514,-248.6
8.674,12.642,-19.262,-1.0164,12.718,0.0051223,0.0030075,1.6505,-0.0496,-257.23
8.7207,12.607,-18.736,-0.97534,12.758,-0.023042,-0.013264,1.6474,-0.0503,-254.37
8.7673,12.573,-18.224,-0.92121,12.782,-0.032879,-0.018565,1.6431,-0.0523,-245.03
8.7986,12.586,-17.683,-0.81865,12.827,-0.041078,-0.022737,1.635,-0.0575,-223.53
8.8453,12.536,-17.178,-0.95388,12.775,-0.036801,-0.01995,1.6458,-0.0459,-279.09
8.8767,12.482,-16.654,-0.95501,12.784,-0.053228,-0.028219,1.646,-0.0439,-292.01
8.9233,12.452,-16.031,-0.8843,12.828,-0.071457,-0.037003,1.6404,-0.0471,-272.99
8.9547,12.42,-15.508,-0.85727,12.842,-0.07914,-0.039995,1.6383,-0.0472,-272.69
9.0013,12.367,-14.948,-0.85372,12.863,-0.097061,-0.047793,1.6381,-0.0457,-282.09
9.0327,12.391,-14.411,-0.7443,12.907,-0.099973,-0.047951,1.6295,-0.0512,-252.51
9.0796,12.341,-13.893,-0.78441,12.907,-0.11291,-0.052686,1.6327,-0.0467,-276.9
9.1261,12.346,-13.352,-0.70182,12.957,-0.12699,-0.057619,1.6262,-0.0503,-257.96
9.1575,12.311,-12.834,-0.70116,12.957,-0.12488,-0.055062,1.6262,-0.0488,-265.9
9.2042,12.2,-12.349,-0.92177,12.851,-0.10296,-0.044113,1.6435,-0.0332,-388.08
9.2355,12.167,-11.847,-0.94054,12.831,-0.082799,-0.034421,1.6449,-0.0311,-413.69
9.2821,12.126,-11.329,-0.91615,12.838,-0.08213,-0.03307,1.6429,-0.0317,-406.03
9.3138,12.073,-10.817,-0.97049,12.842,-0.10849,-0.042192,1.6474,-0.0269,-478.76
9.3602,12.014,-10.298,-0.97786,12.837,-0.10343,-0.038806,1.6479,-0.0257,-500.95
9.4069,11.965,-9.7996,-0.98717,12.832,-0.10563,-0.038153,1.6487,-0.0243,-529.61
9.4389,11.919,-9.2813,-0.98404,12.864,-0.13927,-0.048257,1.6486,-0.0235,-549
9.4849,11.889,-8.7583,-0.94362,12.895,-0.15575,-0.051646,1.6455,-0.0252,-513.06
9.5163,11.848,-8.2456,-0.96247,12.877,-0.13687,-0.043388,1.6469,-0.0235,-549.5
9.5631,11.821,-7.678,-0.91674,12.959,-0.1994,-0.060077,1.6435,-0.0253,-513.5
9.5943,11.767,-7.1832,-0.96069,12.907,-0.16224,-0.046517,1.6468,-0.0219,-591
9.6409,11.754,-6.5761,-1.0035,13.117,-0.35251,-0.097661,1.6436,-0.0231,-569.51
9.6727,11.656,-6.137,-1.0736,12.983,-0.23158,-0.060431,1.6509,-0.0168,-775.44
9.7193,11.599,-5.6449,-1.0798,12.953,-0.19813,-0.048694,1.6519,-0.0158,-822.65
9.7659,11.563,-5.2124,-1.0788,12.959,-0.20017,-0.046242,1.6516,-0.0156,-833.6
9.7975,11.517,-4.6868,-1.0855,12.994,-0.23002,-0.049809,1.6516,-0.0152,-857.84
9.8438,11.539,-4.0799,-1.0489,13.205,-0.41097,-0.083655,1.6457,-0.019,-697.17
9.8754,11.485,-3.5606,-1.077,13.214,-0.42449,-0.080274,1.6476,-0.0167,-793.86
9.9219,11.392,-3.0464,-1.1897,13.122,-0.34121,-0.056712,1.6649,-0.0003,-43919
9.9532,11.333,-2.6675,-2.5234,11.11,-0.30222,-0.049519,1.6901,-0.001357,-8396
9.9998,11.185,-2.2145,-3.6885,8.3944,-0.2442,-0.038813,1.7276,-0.00293,-3129.4
10.047,11.004,-1.8794,-3.8723,6.0054,-0.18602,-0.028079,1.7651,-0.0045072,-1585.4
10.078,10.889,-1.7141,-3.4445,4.5931,-0.14707,-0.020893,1.7903,-0.0055631,-1032
10.125,10.758,-1.5434,-1.9794,2.76,-0.088792,-0.010141,1.8279,-0.0071429,-475.49
10.156,10.719,-1.4736,-0.44679,1.7209,-0.049799,-0.0029473,1.8531,-0.0082,-216.82
10.203,10.727,-1.9769,-0.55511,1.7826,-0.030073,-0.0017042,1.888,0.0085,219.66
******-------------------------------------------------------------------------------------------------------------------****** 
TargetID: ID06
Relevancy: 0
tj = Inf
Label: -1
Comment: Target is irrelevant as it is not crossing the estimated holding line
DATA:
10.327,10.091,1.5462,-9.2629,24.606,-0.066729,-0.0017269,1.9307,-0.0668,-393.59
10.359,10.8,1.7006,-1.0044,12.799,-0.055727,-0.00065342,1.6485,-0.0294,-436.69
10.405,10.763,2.2193,-0.98951,12.803,-0.056296,0.00016685,1.6473,-0.0294,-436.76
10.437,10.843,2.7425,-0.77929,12.53,0.070821,-0.0013635,1.6337,-0.0132,-951.05
10.483,10.817,3.269,-0.79137,12.629,-0.073094,0.0023575,1.6325,-0.0274,-461.82
10.515,10.87,3.7693,-0.51159,12.635,-0.27703,0.012347,1.6081,-0.1051,-120.32
10.561,10.857,4.2828,-0.45975,12.647,-0.28303,0.016766,1.6039,-0.1051,-120.42
10.593,10.855,4.7891,-0.40772,12.659,-0.28882,0.021353,1.5997,-0.1051,-120.51
10.64,10.851,5.2995,-0.35446,12.671,-0.29439,0.026132,1.5954,-0.1051,-120.61
10.686,10.908,5.7722,0.00040905,12.601,-0.18872,0.019784,1.5686,-0.167,-75.456
10.718,10.916,6.3952,-0.13611,12.749,-0.2431,0.028984,1.5787,-0.1312,-97.175
10.764,10.856,6.9117,-0.25022,12.637,0.14367,-0.019939,1.5922,-0.0908,-139.2
10.796,10.762,7.4388,-0.34563,12.764,-0.36221,0.053686,1.5938,-0.0965,-132.31
10.842,10.631,7.9691,-0.53297,12.766,-0.36413,0.059655,1.6084,-0.0768,-166.37
10.874,10.68,8.4721,-0.32205,12.796,-0.34923,0.062418,1.5921,-0.1021,-125.36
10.92,10.723,8.9665,-0.15634,12.776,-0.30055,0.058521,1.5796,-0.1175,-108.74
10.967,10.728,9.4888,-0.11754,12.805,-0.32473,0.068176,1.5763,-0.1131,-113.22
10.998,10.788,9.9577,0.12573,12.583,0.23243,-0.054052,1.5635,-0.128,-98.309
11.045,10.851,10.459,0.25327,12.586,0.19595,-0.048608,1.553,-0.1333,-94.438
11.077,10.804,11.02,0.12524,12.749,-0.16815,0.043671,1.5591,-0.1166,-109.35
11.123,10.78,11.535,0.10881,12.744,-0.14026,0.038782,1.5607,-0.1086,-117.35
11.155,10.753,12.053,0.089696,12.782,-0.17894,0.052277,1.5618,-0.1027,-124.46
11.201,10.73,12.576,0.080411,12.768,-0.12749,0.039447,1.5631,-0.0957,-133.42
11.233,10.668,13.104,-0.0081188,12.772,-0.08773,0.028656,1.5704,-0.0841,-151.87
******-------------------------------------------------------------------------------------------------------------------****** 
TargetID: ID07
Target can not be processed due to lack of Data
******-------------------------------------------------------------------------------------------------------------------****** 
TargetID: ID08
Target can not be processed due to lack of Data
******-------------------------------------------------------------------------------------------------------------------****** 
TargetID: ID03
Target can not be processed due to lack of Data
******-------------------------------------------------------------------------------------------------------------------****** 
