******-------------------------------------------------------------------------------------------------------------------****** 
Duration of the scene is: 13.682 seconds
Original Targets Numbers in the hole Scene: 1
Number of Targets in the hole Scene after preprocessing: 1
Number of static portions: 1
******-------------------------------------------------------------------------------------------------------------------****** 
TargetID: ID01
Relevancy: 1
tj = 9.0813
Label: 0
Comment: Target is relevant and going straight, since target is crossing Ego X-axis in EFC
DATA:
2.7204,5.835,41.382,NaN,NaN,NaN,NaN,-1.7737,NaN,NaN
2.7604,5.2759,41.383,NaN,NaN,NaN,NaN,-2.0452,NaN,NaN
2.8004,4.8585,41.347,NaN,NaN,NaN,NaN,-2.2894,NaN,NaN
2.8404,4.1045,41.313,NaN,NaN,NaN,NaN,-2.6215,NaN,NaN
2.8804,3.9768,41.148,NaN,NaN,NaN,NaN,-2.5684,NaN,NaN
2.9204,4.0481,40.974,NaN,NaN,NaN,NaN,-2.4325,NaN,NaN
2.9605,3.4757,40.929,NaN,NaN,NaN,NaN,-2.6141,NaN,NaN
3.0004,3.9196,40.72,NaN,NaN,NaN,NaN,-2.3092,NaN,NaN
3.0405,4.2795,40.515,NaN,NaN,NaN,NaN,-1.9994,NaN,NaN
3.0804,4.8537,40.308,NaN,NaN,NaN,NaN,-1.5487,NaN,NaN
3.1205,4.6118,40.177,NaN,NaN,NaN,NaN,-1.7105,NaN,NaN
3.1605,4.5924,40.031,NaN,NaN,NaN,NaN,-1.7105,NaN,NaN
3.2005,4.5388,39.898,NaN,NaN,NaN,NaN,-1.7309,NaN,NaN
3.2405,4.5157,39.751,NaN,NaN,NaN,NaN,-1.731,NaN,NaN
3.2805,4.5524,39.565,NaN,NaN,NaN,NaN,-1.6957,NaN,NaN
3.3205,4.6394,39.355,NaN,NaN,NaN,NaN,-1.6397,NaN,NaN
3.3605,4.628,39.201,NaN,NaN,NaN,NaN,-1.6397,NaN,NaN
3.4005,4.6174,39.047,NaN,NaN,NaN,NaN,-1.6397,NaN,NaN
3.4405,4.9754,38.79,NaN,NaN,NaN,NaN,-1.4939,NaN,NaN
3.4805,4.9218,38.641,NaN,NaN,NaN,NaN,-1.5208,NaN,NaN
3.5205,4.9856,38.455,NaN,NaN,NaN,NaN,-1.5036,NaN,NaN
3.5605,5.0972,38.252,NaN,NaN,NaN,NaN,-1.4734,NaN,NaN
3.6005,5.2201,38.036,NaN,NaN,NaN,NaN,-1.4428,NaN,NaN
3.6405,5.3171,37.846,NaN,NaN,NaN,NaN,-1.4243,NaN,NaN
3.6805,5.3148,37.657,NaN,NaN,NaN,NaN,-1.4343,NaN,NaN
3.7205,5.2171,37.506,NaN,NaN,NaN,NaN,-1.4694,NaN,NaN
3.7606,5.2368,37.332,NaN,NaN,NaN,NaN,-1.4695,NaN,NaN
3.8006,5.2537,37.159,NaN,NaN,NaN,NaN,-1.4694,NaN,NaN
3.8405,5.2487,36.951,NaN,NaN,NaN,NaN,-1.4798,NaN,NaN
3.8806,5.234,36.774,NaN,NaN,NaN,NaN,-1.4906,NaN,NaN
3.9206,5.2737,36.551,NaN,NaN,NaN,NaN,-1.4873,NaN,NaN
3.9606,5.253,36.361,NaN,NaN,NaN,NaN,-1.4971,NaN,NaN
4.0006,5.7851,36.258,0.36654,-4.6443,-0.0046995,-0.0046999,-1.4921,0,Inf
4.0406,5.937,36.01,0.50985,-4.7377,-0.0017002,-0.0016997,-1.4636,-0.0011,-4331.8
4.0806,5.9605,35.778,0.50713,-4.8202,0.022699,0.022696,-1.4658,-0.0035,-1384.8
4.1206,6.0149,35.551,0.53381,-4.9228,0.065592,0.065573,-1.4624,-0.0076,-651.53
4.1606,6.1094,35.336,0.61466,-4.9967,0.089425,0.089354,-1.4479,-0.0086,-585.39
4.2006,6.1771,35.114,0.66489,-5.0772,0.12201,0.12191,-1.4399,-0.0097,-527.9
4.2406,6.1154,34.908,0.56996,-5.1537,0.17148,0.17124,-1.4598,-0.0138,-375.73
4.2806,6.1174,34.696,0.54646,-5.1993,0.17015,0.17003,-1.4652,-0.015,-348.53
4.3206,6.1391,34.487,0.5473,-5.2373,0.17395,0.17383,-1.4658,-0.015,-351.05
4.3606,6.209,34.261,0.60775,-5.3203,0.1938,0.19351,-1.4561,-0.013,-411.91
4.4006,6.29,34.023,0.67526,-5.4135,0.22593,0.22563,-1.4456,-0.0107,-509.86
4.4406,6.3672,33.79,0.72853,-5.4794,0.25274,0.25237,-1.4375,-0.0082,-674.09
4.4807,6.4356,33.562,0.78038,-5.5376,0.28062,0.28002,-1.4295,-0.005,-1118.5
4.5206,6.5747,33.332,0.92135,-5.5757,0.31799,0.31722,-1.4056,0.0059,957.85
4.5607,6.622,33.108,0.94272,-5.6227,0.34785,0.34693,-1.4031,0.007,814.46
4.6007,6.6871,32.877,0.97362,-5.6821,0.3777,0.37664,-1.3995,0.0086,670.34
4.6407,6.7406,32.647,1.0013,-5.715,0.3909,0.39115,-1.3973,0.0096,604.38
4.6807,6.7709,32.418,0.98116,-5.7615,0.40112,0.40047,-1.4004,0.0075,779.26
4.7207,6.8371,32.184,1.0512,-5.8162,0.41932,0.42058,-1.3937,0.0114,518.46
4.7607,6.8623,31.955,1.0066,-5.8485,0.41568,0.41594,-1.4003,0.007,847.79
4.8007,6.9397,31.726,1.075,-5.865,0.41308,0.4142,-1.3912,0.0131,455.17
4.8407,6.9616,31.497,1.0406,-5.8793,0.40177,0.40106,-1.394,0.011,542.79
4.8807,7.0057,31.263,1.0348,-5.8871,0.38339,0.38273,-1.3952,0.01,597.73
4.9207,7.0474,31.033,1.041,-5.8819,0.3617,0.36111,-1.3942,0.0107,558.25
4.9607,7.0669,30.809,1.0231,-5.8567,0.33174,0.33244,-1.3992,0.007,849.35
5.0007,7.0034,30.589,0.84086,-5.8195,0.29163,0.29126,-1.4261,-0.0124,-474.19
5.0407,6.9461,30.375,0.69387,-5.7852,0.24755,0.24728,-1.4504,-0.0296,-196.85
5.0807,6.9451,30.147,0.63677,-5.7584,0.19637,0.1962,-1.4598,-0.0357,-162.28
5.1207,7.042,29.989,0.73841,-5.6487,0.14596,0.14598,-1.4414,-0.0221,-257.77
5.1608,7.0526,29.76,0.71279,-5.6565,0.1362,0.13608,-1.4449,-0.0239,-238.55
5.2008,6.9024,29.539,0.42381,-5.6508,0.1342,0.13409,-1.4954,-0.0592,-95.72
5.2408,6.8986,29.317,0.37619,-5.652,0.098806,0.098736,-1.5039,-0.0636,-89.065
5.2808,6.7367,29.114,0.10829,-5.5887,0.0676,0.067574,-1.5512,-0.0952,-58.716
5.3208,6.7633,28.886,0.10976,-5.5869,0.025303,0.025294,-1.5511,-0.0925,-60.411
5.3608,6.8047,28.645,0.15102,-5.6017,0.00080021,0.0008002,-1.5438,-0.0848,-66.082
5.4008,6.7973,28.425,0.10507,-5.5801,-0.0055007,-0.0054991,-1.552,-0.0882,-63.277
5.4408,6.7976,28.203,0.088542,-5.5656,-0.0073007,-0.007299,-1.5549,-0.0877,-63.47
5.4808,6.8267,27.969,0.094469,-5.5917,-0.0056005,-0.0055994,-1.5539,-0.0846,-66.105
5.5208,6.7929,27.737,0.02692,-5.5832,0.00099977,0.00099973,-1.566,-0.0903,-61.83
5.5608,6.6892,27.532,-0.14627,-5.5517,0.0051006,0.005099,-1.5971,-0.1086,-51.139
5.6008,6.622,27.308,-0.26107,-5.5383,-0.0042006,-0.0041995,-1.6179,-0.1193,-46.475
5.6408,6.6,27.091,-0.29681,-5.5124,-0.014104,-0.014098,-1.6246,-0.1206,-45.774
5.6808,6.5932,26.86,-0.32489,-5.5065,-0.019604,-0.019598,-1.6298,-0.1207,-45.701
5.7208,6.5745,26.648,-0.35097,-5.4589,-0.015203,-0.015198,-1.6351,-0.121,-45.208
5.7609,6.5882,26.429,-0.34344,-5.4498,-0.014901,-0.014899,-1.6337,-0.1172,-46.593
5.8008,6.6313,26.198,-0.28177,-5.4542,-0.012601,-0.0126,-1.6225,-0.1073,-50.899
5.8409,6.6058,25.976,-0.33352,-5.4666,-0.0061004,-0.0060997,-1.6318,-0.1103,-49.654
5.8809,6.8472,25.72,0.0058523,-5.4863,0.043508,0.043495,-1.5697,-0.0701,-78.264
5.9209,6.8967,25.484,0.043856,-5.5028,0.079318,0.079292,-1.5628,-0.0642,-85.717
5.9609,6.9179,25.261,0.059276,-5.4992,0.09461,0.094552,-1.5596,-0.0607,-90.602
6.0009,6.9817,25.037,0.14272,-5.4708,0.097992,0.098032,-1.5451,-0.0507,-107.94
6.0409,6.9961,24.82,0.12857,-5.4647,0.085522,0.08546,-1.5469,-0.0506,-108.03
6.0809,7.0817,24.583,0.22847,-5.4808,0.086594,0.086624,-1.5295,-0.0394,-139.23
6.1209,7.1291,24.354,0.27291,-5.5214,0.094411,0.094351,-1.521,-0.0337,-164.04
6.1609,7.1428,24.117,0.26685,-5.5812,0.1019,0.10183,-1.5226,-0.0338,-165.31
6.2009,7.1826,23.884,0.29649,-5.6267,0.10299,0.10299,-1.5182,-0.0306,-184.13
6.2409,7.2123,23.659,0.31438,-5.6392,0.099692,0.099689,-1.5151,-0.0283,-199.57
6.2809,7.22,23.436,0.2948,-5.6337,0.091506,0.091445,-1.5181,-0.0293,-192.54
6.3209,7.2813,23.208,0.35253,-5.6181,0.078296,0.078318,-1.5085,-0.0234,-240.56
6.361,7.3371,22.974,0.41073,-5.6194,0.069818,0.069772,-1.4975,-0.0169,-333.4
6.401,7.3937,22.746,0.45438,-5.6223,0.066997,0.067014,-1.4904,-0.0129,-437.26
6.4409,7.3917,22.525,0.41385,-5.6388,0.070807,0.070763,-1.4972,-0.0162,-349.01
6.481,7.4089,22.294,0.40889,-5.676,0.073407,0.073361,-1.4986,-0.0167,-340.76
6.521,7.4396,22.059,0.42204,-5.7106,0.074213,0.074177,-1.497,-0.0155,-369.43
6.5609,7.4341,21.832,0.38483,-5.7096,0.06672,0.066653,-1.5032,-0.0183,-312.71
6.601,7.4136,21.616,0.32934,-5.6732,0.054417,0.054365,-1.5126,-0.0228,-249.24
6.641,7.4051,21.399,0.29547,-5.6345,0.040513,0.04049,-1.5186,-0.0254,-222.14
6.681,7.3817,21.186,0.23845,-5.5901,0.030211,0.030188,-1.5282,-0.0298,-187.76
6.721,7.3932,20.962,0.2218,-5.5828,0.023809,0.023788,-1.531,-0.0306,-182.59
6.761,7.4058,20.734,0.2199,-5.5793,0.018807,0.018794,-1.5315,-0.0302,-184.89
6.801,7.4451,20.517,0.24232,-5.5853,0.018209,0.018192,-1.5275,-0.0278,-201.1
6.841,7.4615,20.287,0.23901,-5.6095,0.030817,0.030778,-1.5281,-0.0275,-204.17
6.881,7.451,20.075,0.21334,-5.5924,0.026114,0.026087,-1.5328,-0.0293,-191
6.921,7.4145,19.864,0.14838,-5.5673,0.014607,0.014592,-1.5441,-0.0343,-162.37
6.961,7.4091,19.65,0.11688,-5.5301,0.012207,0.012193,-1.5497,-0.0362,-152.8
7.001,7.465,19.43,0.16637,-5.5093,0.0097065,0.0096937,-1.5406,-0.0312,-176.66
7.041,7.4776,19.205,0.17451,-5.514,0.0034024,0.0033984,-1.5391,-0.03,-183.89
7.081,7.5234,18.972,0.20649,-5.537,0.0093053,0.0092946,-1.5336,-0.0269,-205.98
7.1211,7.5294,18.743,0.1909,-5.5649,0.016611,0.016589,-1.5365,-0.0277,-201.02
7.1611,7.5872,18.503,0.24575,-5.6001,0.020613,0.020588,-1.527,-0.0228,-245.85
7.2011,7.5984,18.277,0.23647,-5.6143,0.024718,0.024683,-1.5288,-0.0232,-242.21
7.2411,7.5916,18.055,0.21552,-5.6126,0.025319,0.025277,-1.5323,-0.0244,-230.19
7.2811,7.6088,17.855,0.20993,-5.5596,0.020816,0.020785,-1.5331,-0.0244,-228.01
7.3211,7.5971,17.642,0.18484,-5.535,0.018616,0.018583,-1.5373,-0.0258,-214.66
7.3611,7.608,17.42,0.17446,-5.5252,0.016413,0.016388,-1.5393,-0.0262,-210.99
7.4011,7.5991,17.199,0.1541,-5.5273,0.016212,0.016186,-1.5429,-0.0274,-201.8
7.4411,7.6032,16.978,0.14017,-5.53,0.015412,0.015387,-1.5454,-0.028,-197.56
7.4811,7.6147,16.755,0.14717,-5.5309,0.014111,0.014089,-1.5442,-0.027,-204.92
7.5211,7.6003,16.539,0.11373,-5.5132,0.012812,0.012789,-1.5502,-0.0291,-189.5
7.5611,7.6085,16.318,0.1055,-5.5032,0.017717,0.017684,-1.5517,-0.0292,-188.5
7.6012,7.6245,16.091,0.11474,-5.5078,0.0088075,0.0087923,-1.55,-0.028,-196.75
7.6411,7.6429,15.87,0.11839,-5.4914,0.0078077,0.0077925,-1.5493,-0.0272,-201.94
7.6811,7.6739,15.641,0.13628,-5.5001,0.0078077,0.0077925,-1.5461,-0.0253,-217.46
7.7211,7.6559,15.417,0.11143,-5.5241,0.010911,0.010889,-1.5507,-0.0268,-206.17
7.7611,7.6466,15.211,0.082956,-5.5003,0.011211,0.011189,-1.5558,-0.0286,-192.34
7.8011,7.649,14.987,0.072136,-5.5119,0.0071073,0.0070926,-1.5577,-0.0288,-191.4
7.8412,7.6516,14.777,0.065284,-5.4687,0.0074077,0.0073914,-1.5589,-0.0288,-189.9
7.8811,7.6407,14.573,0.037122,-5.4302,0.0088096,0.0087903,-1.5639,-0.0305,-178.04
7.9212,7.6318,14.362,0.018502,-5.4143,0.0098114,0.0097881,-1.5674,-0.0314,-172.43
7.9612,7.6235,14.147,0.00011465,-5.4158,0.010614,0.010585,-1.5707,-0.0323,-167.67
8.0012,7.6263,13.931,-0.0067884,-5.4093,0.011115,0.011085,-1.572,-0.0323,-167.47
8.0412,7.6328,13.706,-0.0097899,-5.4392,0.0052065,0.0051934,-1.5726,-0.032,-169.98
8.0812,7.6341,13.49,-0.01177,-5.4381,0.0079106,0.0078899,-1.573,-0.0316,-172.09
8.1212,7.6464,13.267,-0.0081947,-5.4548,0.0045061,0.0044945,-1.5723,-0.0308,-177.11
8.1612,7.6401,13.051,-0.022877,-5.4517,0.0083107,0.008289,-1.575,-0.0313,-174.18
8.2012,7.6652,12.824,-0.0014062,-5.4675,0.010713,0.010687,-1.571,-0.0292,-187.24
8.2412,7.671,12.606,-0.0078112,-5.4682,0.010913,0.010886,-1.5722,-0.0292,-187.27
8.2812,7.677,12.389,-0.0062318,-5.4568,0.012415,0.012384,-1.5719,-0.0285,-191.47
8.3212,7.6442,12.195,-0.047492,-5.439,0.012216,0.012185,-1.5796,-0.0313,-173.78
8.3612,7.6802,11.965,-0.013977,-5.4603,0.012216,0.012184,-1.5733,-0.0281,-194.32
8.4012,7.7133,11.746,0.0059299,-5.4781,0.0088126,0.0087874,-1.5697,-0.0262,-209.09
8.4412,7.7328,11.512,0.020228,-5.5078,0.011416,0.011384,-1.5671,-0.0246,-223.9
8.4812,7.713,11.3,-0.0040593,-5.4954,0.011716,0.011683,-1.5715,-0.026,-211.36
8.5213,7.717,11.081,-0.011434,-5.5017,0.0080124,0.0079882,-1.5728,-0.0261,-210.79
8.5613,7.7386,10.847,0.0036856,-5.5175,0.010516,0.010484,-1.5701,-0.0245,-225.2
8.6012,7.7749,10.621,0.035783,-5.5254,0.0080114,0.0079882,-1.5643,-0.0216,-255.81
8.6413,7.7796,10.396,0.036095,-5.5365,0.011216,0.011184,-1.5642,-0.0212,-261.16
8.6813,7.7961,10.17,0.041374,-5.5522,0.0087129,0.0086861,-1.5633,-0.0204,-272.18
8.7213,7.8506,9.925,0.092308,-5.5902,0.013621,0.013579,-1.5542,-0.0162,-345.12
8.7613,7.854,9.7017,0.08738,-5.6022,0.011217,0.011181,-1.5551,-0.0163,-343.74
8.8013,7.8602,9.4855,0.08123,-5.5813,0.0080134,0.0079862,-1.5562,-0.0165,-338.3
8.8413,7.8679,9.2557,0.08113,-5.5978,0.0067113,0.0066886,-1.5563,-0.0162,-345.58
8.8813,7.877,9.0368,0.076358,-5.5743,0.0048085,0.0047913,-1.5571,-0.0163,-342.01
8.9213,7.8747,8.8083,0.062505,-5.5677,0.003206,0.0031939,-1.5596,-0.017,-327.53
8.9614,7.8941,8.5843,0.076005,-5.5415,0.0011016,0.001098,-1.5571,-0.0157,-353
9.0013,7.9025,8.3558,0.07766,-5.5393,0.0010018,0.00099878,-1.5568,-0.0152,-364.47
9.0413,7.9293,8.1269,0.091388,-5.5635,0.0020036,0.0019966,-1.5544,-0.0139,-400.31
9.0813,7.9302,7.9094,0.084555,-5.5658,0.0037059,0.0036933,-1.5556,-0.0142,-392
9.1213,7.9525,7.6753,0.10531,-5.5802,0.010518,0.010482,-1.5519,-0.0123,-453.75
9.1613,7.9637,7.4563,0.10267,-5.5708,0.009116,0.0090833,-1.5523,-0.0123,-452.99
9.2013,7.9894,7.2282,0.11817,-5.576,0.007314,0.0072863,-1.5496,-0.0108,-516.41
9.2414,8.0117,7.0103,0.13244,-5.5423,0.0035073,0.0034928,-1.5469,-0.0094,-589.77
9.2814,8.0297,6.7922,0.14492,-5.5111,-0.00020056,-0.00019956,-1.5445,-0.0082,-672.32
9.3214,8.0493,6.57,0.15071,-5.5169,9.977e-05,0.00010027,-1.5435,-0.0076,-726.18
9.3614,8.0441,6.3521,0.13144,-5.5269,0.002305,0.0022954,-1.547,-0.009,-614.27
9.4014,8.0195,6.138,0.091316,-5.5363,0.0039075,0.0038919,-1.5543,-0.0123,-450.16
9.4414,8.0375,5.9299,0.10622,-5.5504,0.0052106,0.0051895,-1.5517,-0.0109,-509.3
9.4814,8.03,5.7098,0.090021,-5.5611,0.0052106,0.0051895,-1.5546,-0.0121,-459.65
9.5214,8.0251,5.4907,0.074438,-5.5486,0.0037089,0.0036913,-1.5574,-0.0132,-420.38
9.5614,8.0224,5.2631,0.058868,-5.5491,0.0026063,0.0025933,-1.5602,-0.0142,-390.81
9.6014,8.0423,5.0431,0.071018,-5.5317,0.0011026,0.0010971,-1.558,-0.0129,-428.85
9.6414,8.0489,4.8243,0.067523,-5.5235,0.00070148,0.00069795,-1.5586,-0.0129,-428.21
9.6814,8.0516,4.611,0.060093,-5.5145,0.00080225,0.00079824,-1.5599,-0.0133,-414.65
9.7214,8.0447,4.38,0.048808,-5.545,0.00090205,0.00089751,-1.562,-0.0141,-393.28
9.7614,8.0527,4.1585,0.045546,-5.5468,0.0010028,0.0009968,-1.5626,-0.0141,-393.41
9.8015,8.1226,3.9164,0.12028,-5.6296,0.0043127,0.0042871,-1.5494,-0.0074,-760.93
9.8414,8.1315,3.6912,0.11809,-5.6255,0.0015048,0.0014952,-1.5498,-0.0074,-760.37
9.8814,8.3786,3.854,0.10037,-5.569,-0.0047148,-0.0046862,-1.5528,-0.0086,-647.66
9.9214,8.3587,3.669,0.063903,-5.3856,-0.014748,-0.014658,-1.5592,-0.0116,-464.31
9.9615,8.299,3.4604,-0.026399,-5.3133,-0.0093298,-0.0092731,-1.5759,-0.0196,-271.09
10.001,8.2816,3.2505,-0.049071,-5.2669,-0.012642,-0.012562,-1.5803,-0.0214,-246.13
10.041,8.2728,3.0099,-0.071795,-5.3607,-0.01746,-0.017348,-1.5845,-0.0229,-234.11
10.081,8.2598,2.7835,-0.083457,-5.3985,-0.029405,-0.029218,-1.5867,-0.0236,-228.78
10.121,8.2608,2.5491,-0.091145,-5.4701,-0.029291,-0.029115,-1.5879,-0.0236,-231.82
10.161,8.2347,2.3478,-0.122,-5.3517,-0.023775,-0.023629,-1.594,-0.0263,-203.54
10.202,8.2164,2.1402,-0.15132,-5.2551,-0.019966,-0.019837,-1.5999,-0.0289,-181.91
10.241,8.2916,1.9756,-0.054022,-5.2061,-0.042131,-0.041881,-1.5819,-0.0186,-279.91
10.281,8.2523,1.7363,-0.10912,-5.0937,-0.031204,-0.031003,-1.5928,-0.0241,-211.41
10.322,8.2582,1.5335,-0.11302,-5.0509,-0.031407,-0.031199,-1.5938,-0.0241,-209.63
10.362,8.2478,1.3322,-0.11682,-5.008,-0.031511,-0.031297,-1.5947,-0.0241,-207.86
10.402,8.2456,1.132,-0.12051,-4.9652,-0.031715,-0.031493,-1.5957,-0.0241,-206.08
10.442,8.2474,0.93465,-0.12396,-4.9223,-0.032122,-0.031885,-1.5966,-0.0241,-204.31
10.482,8.2422,0.73893,-0.12749,-4.8794,-0.03243,-0.032178,-1.5976,-0.0241,-202.54
10.522,8.2357,0.54397,-0.13094,-4.8367,-0.032633,-0.032375,-1.5985,-0.0241,-200.77
10.562,8.2346,0.35195,-0.13427,-4.7938,-0.032938,-0.032671,-1.5995,-0.0241,-198.99
10.602,8.2266,0.16041,-0.13791,-4.751,-0.03304,-0.032768,-1.6005,-0.0241,-197.22
10.642,8.227,-0.028197,-0.14086,-4.7081,-0.033241,-0.032968,-1.6014,-0.0241,-195.45
10.682,8.2261,-0.21627,-0.14443,-4.6653,-0.033549,-0.033261,-1.6025,-0.0241,-193.67
10.722,8.2138,-0.4017,-0.14704,-4.6224,-0.033951,-0.03366,-1.6034,-0.0241,-191.9
10.762,8.2066,-0.58641,-0.15028,-4.5795,-0.034258,-0.033952,-1.6044,-0.0241,-190.12
******-------------------------------------------------------------------------------------------------------------------****** 
