******-------------------------------------------------------------------------------------------------------------------****** 
Duration of the scene is: 17.9251 seconds
Original Targets Numbers in the hole Scene: 5
Number of Targets in the hole Scene after preprocessing: 10
Number of static portions: 1
******-------------------------------------------------------------------------------------------------------------------****** 
TargetID: ID01
Relevancy: 1
tj = 1.8807
Label: 0
Comment: Target is relevant and going straight, since target is crossing Ego X-axis in EFC
DATA:
0.80028,8.2489,23.068,NaN,NaN,NaN,NaN,-1.8638,NaN,NaN
0.84029,9.062,22.232,NaN,NaN,NaN,NaN,-1.319,NaN,NaN
0.88031,8.7402,21.719,NaN,NaN,NaN,NaN,-1.525,NaN,NaN
0.92032,8.7674,21.138,NaN,NaN,NaN,NaN,-1.525,NaN,NaN
0.96033,NaN,NaN,NaN,NaN,NaN,NaN,-1.5173,NaN,NaN
1.0003,9.4725,20.095,1.0698,-14.634,-0,-0,-1.4978,0,Inf
1.0406,10.152,19.929,1.2435,-14.71,0.024098,0.024098,-1.4864,-0.0013,-11356
1.0804,10.202,19.341,1.243,-14.711,0.025398,0.025399,-1.4864,-0.0013,-11357
1.1204,10.302,18.748,1.4359,-14.787,0.07718,0.077182,-1.4738,-0.0002,-74284
1.1605,10.177,19.18,1.0514,-14.651,0.065387,0.065365,-1.4987,-0.0099,-1483.7
1.2004,10.203,18.599,1.0634,-14.686,0.083479,0.083443,-1.4979,-0.0056,-2629.3
1.2404,10.26,18.002,1.0518,-14.656,0.079181,0.079149,-1.4986,-0.0077,-1908.3
1.2804,10.325,17.394,1.1389,-14.678,0.091874,0.091831,-1.4927,0.0021,7010.8
1.3205,10.286,16.807,0.99915,-14.623,0.078083,0.078051,-1.502,-0.0132,-1110.4
1.3605,10.325,16.211,1.0837,-14.683,0.092177,0.09213,-1.4964,-0.0015,-9815
1.4005,10.369,15.623,1.0815,-14.685,0.10287,0.10281,-1.4965,-0.0015,-9816.2
1.4405,10.49,14.998,1.4389,-14.818,0.12346,0.12337,-1.4731,0.0404,368.51
1.4805,10.485,14.432,1.1402,-14.678,0.084281,0.084241,-1.4926,0.0021,7010.4
1.5205,10.542,13.841,1.174,-14.691,0.076185,0.076152,-1.4905,0.0059,2498
1.5607,10.582,13.25,1.2579,-14.72,0.073486,0.073455,-1.485,0.0184,802.91
1.6006,10.601,12.666,1.2243,-14.705,0.059991,0.05997,-1.4873,0.0141,1046.5
1.6407,10.61,11.696,0.98193,-14.564,0.032198,0.032194,-1.5033,-0.0141,-1035.2
1.6806,10.664,11.1,0.97767,-14.565,0.028098,0.028096,-1.5036,-0.0145,-1006.8
1.7206,10.707,10.498,1.065,-14.618,0.032498,0.032494,-1.4979,-0.0038,-3857.1
1.7606,10.755,9.5184,1.0403,-14.59,0.029998,0.029997,-1.4995,-0.0054,-2708.7
1.8006,10.831,8.9036,1.1983,-14.688,0.034297,0.034295,-1.4893,0.0104,1417
1.8406,10.808,8.3993,0.9425,-14.459,0.0018997,0.0019001,-1.5057,-0.0143,-1013.3
1.8807,10.88,7.7614,1.1282,-14.622,0.021399,0.021398,-1.4937,0.0045,3258.9
1.9208,10.93,7.0491,1.1198,-14.613,0.021299,0.021299,-1.4943,0.0039,3757.8
1.9607,10.953,6.4717,1.1032,-14.581,0.018799,0.018799,-1.4952,0.0029,5042.4
2.0007,10.99,5.8895,1.0896,-14.555,0.016999,0.016999,-1.496,0.0021,6950.4
2.0408,11.047,5.2842,1.1592,-14.604,0.0136,0.013599,-1.4916,0.0086,1703.5
2.0807,11.048,4.7641,1.0236,-14.424,-0.0084005,-0.0084004,-1.5,-0.0021,-6886
2.1207,11.077,4.1854,0.98626,-14.398,-0.0108,-0.0108,-1.5024,-0.0052,-2775.3
2.1607,11.098,3.6349,0.96654,-14.32,-0.017201,-0.017201,-1.5035,-0.0049,-2929.2
2.2008,11.115,3.1089,0.94582,-14.193,-0.026001,-0.026002,-1.5043,-0.0042,-3386.8
2.2408,11.153,2.5549,0.95989,-14.165,-0.029003,-0.029003,-1.5032,-0.0019,-7472.3
2.2808,11.187,1.9881,0.94293,-14.135,-0.029902,-0.029903,-1.5043,-0.0029,-4884.9
2.3208,11.222,1.4057,0.92807,-14.143,-0.026202,-0.0262,-1.5053,-0.004,-3543.5
2.3608,11.242,0.83978,0.92807,-14.143,NaN,NaN,-1.4934,NaN,NaN
2.4008,11.263,0.27388,0.92807,-14.143,NaN,NaN,-1.4815,NaN,NaN
2.441,11.284,-0.295,0.92807,-14.143,NaN,NaN,-1.4695,NaN,NaN
2.4809,11.304,-0.85816,0.92807,-14.143,NaN,NaN,-1.4576,NaN,NaN
2.5209,11.325,-1.4242,0.92807,-14.143,NaN,NaN,-1.4457,NaN,NaN
2.5609,11.346,-1.99,0.92807,-14.143,NaN,NaN,-1.4338,NaN,NaN
2.601,11.366,-2.5567,0.92807,-14.143,NaN,NaN,-1.4218,NaN,NaN
2.6409,11.387,-3.1216,0.92807,-14.143,NaN,NaN,-1.4099,NaN,NaN
2.6809,11.408,-3.6876,0.92807,-14.143,NaN,NaN,-1.398,NaN,NaN
2.7209,11.428,-4.2536,0.92807,-14.143,NaN,NaN,-1.3861,NaN,NaN
2.7609,11.449,-4.8194,0.92807,-14.143,NaN,NaN,-1.3742,NaN,NaN
2.801,11.47,-5.3854,0.92807,-14.143,NaN,NaN,-1.3622,NaN,NaN
2.841,11.491,-5.9523,0.92807,-14.143,NaN,NaN,-1.3503,NaN,NaN
2.881,11.511,-6.5171,0.92807,-14.143,NaN,NaN,-1.3384,NaN,NaN
2.921,11.532,-7.0832,0.92807,-14.143,NaN,NaN,-1.3265,NaN,NaN
2.961,11.553,-7.649,0.92807,-14.143,NaN,NaN,-1.3146,NaN,NaN
3.001,11.573,-8.2149,0.92807,-14.143,NaN,NaN,-1.3026,NaN,NaN
3.041,11.594,-8.7809,0.92807,-14.143,NaN,NaN,-1.2907,NaN,NaN
3.0811,11.615,-9.3469,0.92807,-14.143,NaN,NaN,-1.2788,NaN,NaN
3.1211,11.635,-9.9128,0.92807,-14.143,NaN,NaN,-1.2669,NaN,NaN
3.1611,11.656,-10.479,0.92807,-14.143,NaN,NaN,-1.255,NaN,NaN
3.2011,11.677,-11.045,0.92807,-14.143,NaN,NaN,-1.243,NaN,NaN
3.2411,11.697,-11.611,0.92807,-14.143,NaN,NaN,-1.2311,NaN,NaN
3.2811,11.718,-12.176,0.92807,-14.143,NaN,NaN,-1.2192,NaN,NaN
3.3211,11.739,-12.742,0.92807,-14.143,NaN,NaN,-1.2073,NaN,NaN
3.3612,11.759,-13.308,0.92807,-14.143,NaN,NaN,-1.1953,NaN,NaN
3.4012,11.78,-13.874,0.92807,-14.143,NaN,NaN,-1.1834,NaN,NaN
3.4412,11.801,-14.44,0.92807,-14.143,NaN,NaN,-1.1715,NaN,NaN
3.4812,11.821,-15.006,0.92807,-14.143,NaN,NaN,-1.1596,NaN,NaN
3.5212,11.842,-15.572,0.92807,-14.143,NaN,NaN,-1.1477,NaN,NaN
3.5612,11.863,-16.138,0.92807,-14.143,NaN,NaN,-1.1357,NaN,NaN
3.6013,11.883,-16.704,0.92807,-14.143,NaN,NaN,-1.1238,NaN,NaN
3.6413,11.904,-17.27,0.92807,-14.143,NaN,NaN,-1.1119,NaN,NaN
3.6813,11.925,-17.836,0.92807,-14.143,NaN,NaN,-1.1,NaN,NaN
3.7213,11.946,-18.401,0.92807,-14.143,NaN,NaN,-1.0881,NaN,NaN
3.7613,11.966,-18.968,0.92807,-14.143,NaN,NaN,-1.0761,NaN,NaN
3.8013,11.987,-19.534,NaN,NaN,NaN,NaN,-1.0642,NaN,NaN
******-------------------------------------------------------------------------------------------------------------------****** 
TargetID: ID06
Target can not be processed due to lack of Data
******-------------------------------------------------------------------------------------------------------------------****** 
TargetID: ID07
Relevancy: 0
tj = Inf
Label: -1
Comment: Target is irrelevant as it is not crossing the estimated holding line
DATA:
3.2411,12.258,-8.1288,3.9019,-9.9872,0.84055,0.84357,-1.1983,0.4639,23.114
3.2811,12.358,-8.6366,3.9822,-10.23,0.87443,0.88937,-1.2076,0.4129,26.588
3.3211,12.421,-9.2032,3.9623,-10.936,1.2242,1.2496,-1.233,0.355,32.766
3.3612,12.504,-9.7722,3.8511,-11.408,1.3433,1.3711,-1.2551,0.2859,42.113
3.4012,12.501,-10.413,3.4396,-12.153,1.3335,1.3571,-1.3036,0.1766,71.517
3.4412,12.506,-11.048,3.2099,-12.596,1.2506,1.2696,-1.3288,0.1372,94.743
3.4812,12.784,-11.426,3.2975,-11.999,0.70901,0.71082,-1.3026,0.137,90.832
3.5212,12.987,-11.752,3.7615,-11.635,0.67703,0.67354,-1.2534,0.2066,59.187
3.5612,13.276,-12.128,4.2762,-11.2,0.52821,0.52919,-1.2061,0.2739,43.77
3.6013,11.999,-13.998,1.4786,-13.644,0.16789,0.16814,-1.4637,0.1139,120.49
3.6413,12.191,-14.577,1.8427,-13.296,0.20421,0.20462,-1.4341,0.0903,148.65
3.6813,12.177,-16.204,0.54533,-14.141,0.046593,0.04662,-1.5327,-0.0114,-1241.4
3.7213,12.235,-16.756,0.49046,-14.185,0.014699,0.014702,-1.5364,-0.0301,-471.55
3.7613,12.252,-17.324,0.47303,-14.22,0.0057997,0.0057998,-1.5376,-0.0301,-472.69
3.8013,12.074,-17.898,0.11071,-14.335,-0.059691,-0.059669,-1.5626,-0.0612,-234.23
3.8413,12.255,-18.437,0.36418,-14.167,-0.069588,-0.069555,-1.5445,-0.0579,-244.77
3.8813,12.424,-18.747,0.99337,-13.793,-0.05601,-0.056001,-1.4989,-0.0144,-960.33
3.9214,12.55,-19.062,1.4449,-13.535,-0.051009,-0.051001,-1.4644,0.0223,610.41
3.9614,12.445,-19.687,1.0834,-13.763,-0.042302,-0.042281,-1.4918,-0.0156,-884.97
4.0014,12.462,-20.268,0.99932,-13.851,-0.042101,-0.042082,-1.4984,-0.0244,-569.13
4.0415,12.405,-20.857,0.762,-13.997,-0.049994,-0.049975,-1.5159,-0.0506,-277.02
******-------------------------------------------------------------------------------------------------------------------****** 
TargetID: ID08
Relevancy: 1
tj = 13.2035
Label: 0
Comment: Target is relevant and going straight, since target is crossing Ego X-axis in EFC
DATA:
10.884,18.367,-43.829,NaN,NaN,NaN,NaN,1.7398,NaN,NaN
10.923,20.679,-42.502,NaN,NaN,NaN,NaN,0.9855,NaN,NaN
10.963,21.231,-41.67,NaN,NaN,NaN,NaN,0.9855,NaN,NaN
11.004,21.775,-40.84,NaN,NaN,NaN,NaN,0.9854,NaN,NaN
11.043,NaN,NaN,NaN,NaN,NaN,NaN,1.4052,NaN,NaN
11.084,20.526,-40.081,2.8116,17.674,-0,-0,1.413,0,Inf
11.123,20.513,-39.368,2.3423,17.585,0.049306,0.049494,1.4384,0.0238,745.41
11.163,20.652,-38.637,2.4483,17.739,0.086444,0.086758,1.4336,0.0502,356.71
11.203,20.835,-40.383,-1.2475,15.865,-0.019265,-0.019333,1.6495,0.1055,150.85
11.244,20.851,-39.687,-0.5308,16.602,-0.05529,-0.055496,1.6032,0.1257,132.14
11.283,20.887,-38.986,-0.49372,16.78,-0.046492,-0.046698,1.6006,0.1307,128.44
11.324,20.652,-38.36,-1.2813,16.635,-0.12682,-0.12731,1.6488,0.1881,88.698
11.363,20.629,-37.686,-1.3467,16.687,-0.10863,-0.10912,1.6523,0.1849,90.541
11.404,20.55,-36.896,-1.3227,16.726,-0.048547,-0.048883,1.6493,0.1754,95.659
11.443,20.502,-36.246,-1.2168,16.782,-0.010561,-0.010639,1.6433,0.1558,108
11.483,20.461,-35.501,-1.3109,16.761,0.011154,0.011245,1.6489,0.1684,99.836
11.523,20.28,-34.929,-1.6561,16.594,0.028672,0.028931,1.67,0.1938,86.052
11.563,19.971,-34.438,-2.2215,16.352,0.044509,0.044918,1.7054,0.2336,70.642
11.603,19.88,-33.741,-2.4679,16.179,0.086909,0.087578,1.723,0.258,63.435
11.643,19.74,-33.097,-2.7205,16.101,0.091086,0.091941,1.7373,0.2652,61.574
11.683,19.63,-32.455,-2.8899,16.057,0.098963,0.099869,1.7479,0.2652,61.52
11.723,19.495,-31.815,-3.0592,16.011,0.10682,0.10781,1.7585,0.2652,61.465
11.763,19.365,-31.177,-3.2272,15.963,0.11458,0.11566,1.7691,0.2652,61.412
11.804,19.207,-30.597,-3.4439,15.616,0.2644,0.26746,1.7851,0.2813,56.849
11.843,19.219,-29.89,-3.2371,15.749,0.19893,0.20004,1.7756,0.2516,63.904
11.883,19.105,-29.278,-3.2082,15.652,0.25737,0.26063,1.7703,0.2329,68.6
11.923,18.953,-28.603,-3.283,15.623,0.27374,0.27698,1.7751,0.227,70.327
11.964,18.741,-28.042,-3.5573,15.47,0.29141,0.295,1.7937,0.238,66.696
12.003,18.657,-27.386,-3.5303,15.482,0.27188,0.27503,1.7921,0.2245,70.731
12.043,18.457,-26.796,-3.7619,15.369,0.27741,0.28053,1.8078,0.2319,68.231
12.083,18.322,-25.956,-3.1703,15.599,0.21332,0.21543,1.7693,0.1756,90.647
12.123,18.262,-25.222,-2.966,15.678,0.1962,0.19792,1.756,0.1517,105.18
12.163,18.231,-24.548,-2.8084,15.758,0.16193,0.16316,1.7457,0.1335,119.9
12.203,18.176,-23.892,-2.716,15.793,0.14457,0.1455,1.7398,0.1213,132.11
12.243,18.125,-23.221,-2.4105,15.905,0.11854,0.11911,1.7202,0.0946,170.05
12.283,18.036,-22.516,-2.3873,15.908,0.11271,0.11314,1.7188,0.0889,180.95
12.323,17.997,-21.853,-2.2876,15.941,0.10303,0.10341,1.7125,0.0784,205.42
12.363,17.757,-21.255,-2.1805,15.964,0.096144,0.096499,1.7057,0.068,236.94
12.403,17.838,-20.574,-2.2331,15.939,0.092634,0.092996,1.7092,0.0689,233.59
12.443,17.752,-19.921,-2.2228,15.938,0.085541,0.085883,1.7087,0.0657,244.94
12.483,17.698,-19.256,-2.1727,15.923,0.094312,0.094719,1.7056,0.0596,269.65
12.523,17.609,-18.626,-2.1391,15.922,0.090122,0.090506,1.7036,0.0552,291.03
12.563,17.548,-17.948,-2.0698,15.931,0.089633,0.089994,1.6993,0.0483,332.62
12.603,17.507,-17.334,-2.0085,15.983,0.071381,0.071637,1.6952,0.0429,375.51
12.643,17.518,-16.634,-1.8618,16.091,0.049135,0.049274,1.6856,0.0327,495.35
12.683,17.384,-15.982,-1.8378,16.073,0.056241,0.056371,1.6842,0.03,539.26
12.723,17.293,-15.345,-1.9747,16.033,0.050952,0.051057,1.6929,0.0374,431.93
12.763,17.246,-14.674,-1.8171,16.155,0.025285,0.025318,1.6826,0.0266,611.17
12.803,17.144,-13.971,-1.7614,16.221,0.016994,0.017008,1.6788,0.0223,731.69
12.843,17.091,-13.309,-1.7539,16.227,0.018895,0.018907,1.6783,0.021,777.21
12.883,17.14,-12.61,-1.5516,16.232,0.049887,0.049925,1.6657,0.0054,3019.6
12.923,17.092,-11.952,-1.5575,16.251,0.040399,0.040409,1.666,0.0064,2550.8
12.963,17.046,-11.292,-1.5469,16.28,0.030212,0.030193,1.6653,0.0061,2680.9
13.003,17.004,-10.62,-1.4729,16.326,0.026218,0.026184,1.6606,0.0011,14902
13.043,16.943,-9.977,-1.4724,16.317,0.026414,0.02639,1.6606,0.001,16384
13.083,16.887,-9.3281,-1.4787,16.299,0.028791,0.028812,1.6611,0.0012,13638
13.123,16.811,-8.6921,-1.511,16.252,0.033163,0.033242,1.6632,0.0032,5100.8
13.163,16.81,-8.0274,-1.4948,16.29,0.025257,0.025346,1.6621,0.0023,7112.5
13.203,16.752,-7.3753,-1.5034,16.305,0.020065,0.020138,1.6626,0.0029,5646.4
13.244,16.691,-6.716,-1.5085,16.316,0.017275,0.017327,1.6628,0.0032,5120.6
13.284,16.636,-6.0467,-1.4824,16.346,0.014884,0.014916,1.6611,0.0013,12625
13.324,16.59,-5.3847,-1.4664,16.37,0.011791,0.011809,1.66,0.0002,82178
13.364,16.565,-4.6865,-1.4301,16.444,0.0045967,0.0046036,1.6575,-0.0024,-6877.7
13.404,16.538,-3.9863,-1.3631,16.584,-0.010189,-0.01021,1.6529,-0.0067,-2483.6
13.444,16.49,-3.2825,-1.3088,16.729,-0.024457,-0.02454,1.649,-0.01,-1678
13.484,16.423,-2.5972,-1.3275,16.849,-0.044791,-0.045028,1.6491,-0.0084,-2012.1
13.524,16.359,-1.9276,-1.3503,16.838,-0.04118,-0.041437,1.6505,-0.0067,-2521.3
13.564,16.276,-1.2947,-1.3954,16.777,-0.036984,-0.03723,1.6535,-0.0031,-5430.6
13.604,16.213,-0.66788,-1.4133,16.722,-0.028809,-0.029,1.6549,-0.0016,-10489
13.644,16.16,0.0017713,-1.4145,16.738,-0.028609,-0.028799,1.6549,-0.0016,-10499
13.684,16.032,0.46402,-1.4771,16.289,0.01585,0.015947,1.6614,0.0052,3145.4
13.724,15.965,1.2158,-1.5157,16.528,-0.017945,-0.018058,1.6621,0.0061,2720.9
13.764,15.905,1.9325,-1.5453,16.655,-0.032706,-0.032904,1.6631,0.0072,2323.2
13.804,15.843,2.5985,-1.5524,16.67,-0.03271,-0.0329,1.6634,0.0072,2325.4
13.844,15.789,3.2659,-1.5589,16.686,-0.032706,-0.032904,1.6637,0.0072,2327.5
13.884,15.722,3.9348,-1.5668,16.701,-0.032487,-0.032722,1.6641,0.0072,2329.7
13.924,15.656,4.6023,-1.5729,16.716,-0.032159,-0.03245,1.6644,0.0072,2331.9
13.964,15.603,5.2754,-1.578,16.732,-0.031313,-0.031681,1.6651,0.0071,2367
14.004,15.63,5.7739,-1.4937,16.375,0.011404,0.011594,1.6618,0.0046,3574.5
14.044,15.58,6.3457,-1.4551,16.149,0.039349,0.040229,1.661,0.0043,3770.8
14.084,15.481,7.003,-1.4903,16.192,0.027389,0.028196,1.6628,0.0058,2803.5
14.124,15.436,7.6657,-1.4802,16.33,0.00098131,0.0010183,1.6612,0.0033,4968.7
14.164,15.419,8.332,-1.4872,16.478,-0.023145,-0.024248,1.6606,0.0012,13787
14.204,15.351,8.9921,-1.4907,16.469,-0.018455,-0.019533,1.6609,0.0013,12720
14.244,15.28,9.6549,-1.5134,16.487,-0.017952,-0.019229,1.6622,0.0023,7198.5
14.284,15.242,10.301,-1.4725,16.408,-0.0041184,-0.0044742,1.6603,0.0002,82369
14.324,15.167,10.937,-1.4833,16.331,0.0026582,0.0029354,1.6614,0.0007,23426
14.364,15.163,11.633,-1.4052,16.43,-0.0030073,-0.0033825,1.6561,-0.0031,-5319.3
14.404,15.108,12.287,-1.4074,16.412,-0.0013012,-0.0014924,1.6563,-0.0031,-5313.7
14.444,15.05,12.938,-1.3962,16.399,-0.00045917,-0.0005379,1.6557,-0.0036,-4571.8
14.484,15.002,13.584,-1.3722,16.367,-0.00063403,-0.00075946,1.6544,-0.0045,-3650
14.524,14.926,14.191,-1.3958,16.258,-0.0046482,-0.0056985,1.6564,-0.003,-5439.2
14.564,14.85,14.789,-1.3914,16.194,-0.0090731,-0.011397,1.6564,-0.0037,-4392.8
14.604,14.802,15.441,-1.389,16.186,-0.011966,-0.015418,1.6563,-0.0036,-4512.7
14.644,14.738,16.042,-1.3781,16.11,-0.021404,-0.028323,1.656,-0.0037,-4370
14.684,14.695,16.682,-1.3603,16.099,-0.026205,-0.035682,1.6549,-0.0042,-3846.8
14.724,14.667,17.336,-1.3393,16.132,-0.023065,-0.032367,1.6534,-0.005,-3237.5
14.764,14.62,17.982,-1.3314,16.131,-0.023863,-0.034571,1.653,-0.0051,-3173.7
14.804,14.586,18.624,-1.2988,16.137,-0.022372,-0.033532,1.6509,-0.0067,-2416.3
14.844,14.486,19.282,-1.3711,16.132,-0.024036,-0.037346,1.6554,-0.0027,-5996.4
14.884,14.434,19.975,-1.3506,16.25,0.01035,0.016711,1.6538,-0.0063,-2588.3
14.924,14.439,20.612,-1.2772,16.162,-0.024502,-0.041214,1.6495,-0.0087,-1863.5
14.964,14.326,21.282,-1.3496,16.162,-0.024908,-0.04376,1.6539,-0.0055,-2948.8
15.004,14.267,21.94,-1.3642,16.156,-0.026815,-0.049335,1.6548,-0.0047,-3449.7
15.044,14.235,22.563,-1.3203,16.134,-0.032127,-0.062048,1.6522,-0.0066,-2452.7
15.084,14.168,23.191,-1.3321,16.111,-0.036532,-0.074244,1.653,-0.0058,-2787.3
15.124,14.051,23.851,-1.4926,16.087,-0.045983,-0.098579,1.6629,0.0071,2275.6
15.164,13.994,24.498,-1.4779,16.108,-0.03111,-0.070526,1.662,0.0055,2941
15.204,13.918,25.149,-1.5085,16.106,-0.028189,-0.067777,1.6639,0.0068,2378.8
15.244,13.873,25.792,-1.4946,16.106,-0.025123,-0.064285,1.6631,0.006,2695.8
15.284,13.796,26.437,-1.5189,16.095,-0.026347,-0.071987,1.6646,0.0069,2343
15.324,13.765,27.084,-1.4845,16.087,-0.029109,-0.085264,1.6626,0.005,3231.1
15.364,13.693,27.741,-1.5093,16.089,-0.025909,-0.0817,1.6641,0.0059,2739
15.404,13.661,28.393,-1.4854,16.085,-0.027327,-0.093244,1.6626,0.0044,3671.1
15.444,13.554,29.029,-1.5372,16.052,-0.033873,-0.12578,1.6659,0.0067,2406.8
15.484,13.487,29.679,-1.5522,16.047,-0.031861,-0.12966,1.6669,0.0071,2270.7
15.524,13.407,30.33,-1.5715,16.048,-0.028534,-0.1284,1.6681,0.0076,2121.6
15.564,13.288,30.991,-1.6378,16.053,-0.024122,-0.12138,1.6722,0.0099,1629.9
******-------------------------------------------------------------------------------------------------------------------****** 
TargetID: ID02
Relevancy: 1
tj = 3.6013
Label: 0
Comment: Target is relevant and going straight, since target is crossing Ego X-axis in EFC
DATA:
1.2404,7.8852,39.405,NaN,NaN,NaN,NaN,-1.7259,NaN,NaN
1.2804,7.6675,39.435,NaN,NaN,NaN,NaN,-1.838,NaN,NaN
1.3205,7.0578,39.081,NaN,NaN,NaN,NaN,-2.0616,NaN,NaN
1.3605,7.0083,38.436,NaN,NaN,NaN,NaN,-1.965,NaN,NaN
1.4005,7.7851,37.704,NaN,NaN,NaN,NaN,-1.5985,NaN,NaN
1.4405,7.2388,37.221,NaN,NaN,NaN,NaN,-1.7759,NaN,NaN
1.4805,7.2867,36.625,NaN,NaN,NaN,NaN,-1.7275,NaN,NaN
1.5205,7.432,36.015,NaN,NaN,NaN,NaN,-1.6644,NaN,NaN
1.5607,8.1971,35.497,-0.2216,-13.804,-0,-0,-1.5868,0,Inf
1.6006,8.188,34.945,-0.2215,-13.804,-0,-0,-1.5868,0,Inf
1.6407,8.2661,34.35,0.030871,-13.856,0.0316,0.0316,-1.5686,0.0011,12597
1.6806,8.7185,33.747,1.2428,-13.958,0.050399,0.050402,-1.482,0.0126,1112.2
1.7206,8.6655,33.199,0.91338,-13.965,0.098097,0.0981,-1.5055,-0.0041,-3413.3
1.7606,8.6995,32.642,0.91047,-13.957,0.1019,0.1019,-1.5057,-0.0021,-6660.5
1.8006,8.6364,32.091,0.67503,-13.917,0.1003,0.10029,-1.5223,-0.009,-1548.2
1.8406,8.4135,31.581,0.10208,-13.748,0.097797,0.097795,-1.5633,-0.0309,-444.94
1.8807,8.4204,31.015,0.094273,-13.755,0.085298,0.085296,-1.5639,-0.0295,-466.3
1.9208,8.4237,30.465,0.078009,-13.743,0.094098,0.094095,-1.5651,-0.0295,-465.87
1.9607,8.4251,29.916,0.062247,-13.73,0.1028,0.10279,-1.5662,-0.0295,-465.44
2.0007,8.4104,29.36,-0.0072668,-13.723,0.091498,0.091496,-1.5713,-0.0347,-395.46
2.0408,8.4039,28.812,-0.043039,-13.713,0.087702,0.087696,-1.5739,-0.0371,-369.62
2.0807,8.4017,28.264,-0.063297,-13.701,0.095702,0.095695,-1.5754,-0.0371,-369.31
2.1207,8.203,27.807,-0.57603,-13.51,0.1069,0.10691,-1.6135,-0.0911,-148.43
2.1607,8.1778,27.267,-0.62377,-13.487,0.1155,0.11551,-1.6171,-0.0911,-148.2
2.2008,7.8378,26.868,-1.4541,-13.16,0.1561,0.15611,-1.6809,-0.1779,-74.427
2.2408,7.7788,26.342,-1.5446,-13.118,0.1668,0.16681,-1.6881,-0.1779,-74.248
2.2808,8.5974,25.587,0.74202,-13.619,0.0234,0.023399,-1.5163,0.0567,240.55
2.3208,8.9641,24.961,1.6338,-13.711,0.028101,0.0281,-1.4522,0.1331,103.74
2.3608,9.2122,24.341,1.9871,-13.795,0.049101,0.049099,-1.4277,0.1491,93.476
2.4008,9.3754,23.748,2.0809,-13.857,0.067102,0.067097,-1.4217,0.1412,99.237
2.441,9.5601,23.154,2.2363,-13.933,0.095704,0.095695,-1.4116,0.1393,101.3
2.4809,9.4825,22.608,1.8466,-13.887,0.065599,0.065597,-1.4386,0.1015,138.02
2.5209,9.9821,22.124,1.6097,-13.832,0.048492,0.048498,-1.4549,0.075,185.67
2.5609,10.078,21.552,1.6809,-13.895,0.067983,0.068001,-1.4504,0.074,189.14
2.601,10.126,20.967,1.6312,-13.934,0.07528,0.075294,-1.4542,0.0662,211.92
2.6409,10.216,20.381,1.6963,-13.995,0.088873,0.088892,-1.4501,0.0677,208.24
2.6809,10.108,20.454,1.399,-13.915,0.064288,0.064281,-1.4703,0.0414,337.81
2.7209,10.155,19.874,1.3801,-13.94,0.064987,0.06498,-1.4719,0.039,359.17
2.7609,10.206,19.287,1.3675,-13.971,0.066187,0.06618,-1.473,0.0377,372.35
2.801,10.41,18.768,0.99888,-13.85,0.040493,0.040492,-1.4986,0.0068,2042
2.841,10.405,18.213,0.87569,-13.821,0.030796,0.030796,-1.5074,-0.0021,-6594.5
2.881,10.368,17.68,0.73277,-13.757,0.024697,0.024697,-1.5175,-0.012,-1148
2.921,10.16,17.131,0.67004,-13.719,0.020299,0.020298,-1.5219,-0.0153,-897.71
2.961,9.9309,16.663,-0.20644,-13.11,0.027797,0.027797,-1.5864,-0.081,-161.88
3.001,9.9662,16.12,-0.11924,-13.152,0.020998,0.020998,-1.5798,-0.0684,-192.28
3.041,9.9995,15.571,-0.036298,-13.164,0.014499,0.014499,-1.5735,-0.0574,-229.34
3.0811,10.05,15.007,0.093776,-13.198,0.0057997,0.0057998,-1.5637,-0.0429,-307.66
3.1211,10.069,14.44,0.11968,-13.212,0.0039995,0.0040001,-1.5617,-0.0392,-337.05
3.1611,10.083,13.878,0.1283,-13.208,0.0039,0.0038997,-1.5611,-0.0368,-358.94
3.2011,10.181,13.314,0.40875,-13.259,-0.015701,-0.015702,-1.54,-0.0104,-1275.5
3.2411,10.288,12.709,0.62241,-13.37,-0.025502,-0.025503,-1.5244,0.0068,1968.3
3.2811,10.326,12.157,0.64914,-13.375,-0.024202,-0.024202,-1.5224,0.0084,1594.1
3.3211,10.34,11.633,0.64485,-13.335,-0.024302,-0.024303,-1.5226,0.0075,1780.1
3.3612,10.383,11.071,0.66867,-13.337,-0.023102,-0.023102,-1.5208,0.0089,1500.4
3.4012,10.422,10.506,0.69266,-13.359,-0.019702,-0.019702,-1.5191,0.0099,1351.2
3.4412,10.47,9.9443,0.76373,-13.397,-0.019002,-0.019001,-1.5139,0.0147,912.81
3.4812,10.52,9.3701,0.80074,-13.431,-0.015801,-0.015801,-1.5113,0.0165,815.42
3.5212,10.587,8.7872,0.8914,-13.502,-0.0114,-0.011401,-1.5049,0.0221,612.3
3.5612,10.633,8.2194,0.92481,-13.531,-0.0077998,-0.0078004,-1.5026,0.0233,582.07
3.6013,10.726,7.606,1.1302,-13.694,0.0041002,0.0040997,-1.4884,0.0364,377.48
3.6413,10.77,7.0569,1.116,-13.689,0.0052996,0.0052994,-1.4894,0.0338,406.36
3.6813,10.841,6.4555,1.1561,-13.797,0.017599,0.017598,-1.4871,0.0337,410.83
3.7213,10.885,5.9015,1.1683,-13.803,0.018499,0.018499,-1.4863,0.0332,417.24
3.7613,10.941,5.3697,1.2303,-13.867,0.025198,0.025198,-1.4822,0.0363,383.51
3.8013,10.952,5.0189,1.1768,-13.797,0.015799,0.015799,-1.4856,0.0312,443.83
3.8413,10.941,5.1704,1.1931,-13.807,0.017099,0.017097,-1.4845,0.0312,444.17
3.8813,10.981,4.7445,1.2156,-13.845,0.020899,0.020895,-1.483,0.0312,445.45
3.9214,11.034,4.1525,1.2687,-13.944,0.032697,0.032688,-1.4798,0.0332,421.73
3.9614,11.075,3.6185,1.3045,-14.015,0.040596,0.040582,-1.4776,0.034,413.99
4.0014,11.131,2.9751,1.3129,-14.011,0.038896,0.038885,-1.477,0.0334,421.33
4.0415,10.935,3.0773,0.798,-14.972,0.018799,0.018803,-1.5177,0.012,1249.4
4.0814,10.992,2.1769,1.2721,-15.421,0.017299,0.017302,-1.4886,0.0746,207.42
4.1214,11.063,1.3985,1.5886,-15.533,0.0021996,0.0021995,-1.4689,0.1494,104.51
4.1614,11.099,0.73682,1.7089,-15.485,-0.0087005,-0.0086998,-1.4608,0.1822,85.505
4.2015,11.159,0.13657,1.3205,-14.522,-0.0077595,-0.0077589,-1.4642,0.16235,89.818
4.2414,11.205,-0.42807,1.0064,-13.763,-0.0068204,-0.0068198,-1.4675,0.14254,96.81
4.2815,11.241,-0.96701,0.76564,-13.204,-0.0058802,-0.0058797,-1.4709,0.12271,107.79
4.3215,11.268,-1.4875,0.59856,-12.848,-0.0049403,-0.0049398,-1.4743,0.10288,125.01
4.3615,11.289,-1.998,0.50506,-12.693,-0.0039998,-0.0039994,-1.4777,0.083044,152.97
4.4016,11.309,-2.5073,0.48532,-12.74,-0.0030577,-0.0030574,-1.481,0.063171,201.83
4.4415,11.329,-3.0201,0.53913,-12.989,-0.00212,-0.0021197,-1.4844,0.04339,299.61
4.4815,11.353,-3.5481,0.66662,-13.44,-0.0011799,-0.0011797,-1.4878,0.023561,571.12
4.5215,11.384,-4.0983,0.86776,-14.092,-0.00023994,-0.00023974,-1.4911,0.0037325,3782.7
4.5616,11.424,-4.6786,1.1426,-14.947,0.00070024,0.0007004,-1.4945,-0.0161,-931.07
4.6016,11.449,-5.2876,1.103,-14.963,0.0034995,0.0034997,-1.4972,-0.0198,-757.77
4.6416,11.465,-5.8852,1.04,-14.878,-0.010501,-0.010499,-1.5009,-0.0285,-523.29
4.6816,11.461,-6.4877,0.90936,-14.852,-0.020202,-0.020196,-1.5095,-0.0443,-335.88
4.7216,11.485,-7.0628,0.82145,-14.793,-0.028202,-0.028193,-1.5151,-0.0532,-278.5
4.7617,11.503,-7.6341,0.75024,-14.673,-0.035805,-0.035788,-1.5194,-0.0599,-245.28
4.8016,11.541,-8.164,0.74659,-14.478,-0.048508,-0.048478,-1.5188,-0.058,-249.96
4.8419,11.557,-8.7557,0.7525,-14.553,-0.036305,-0.036288,-1.5188,-0.0517,-281.87
4.8818,11.582,-9.3353,0.7364,-14.562,-0.031003,-0.030991,-1.52,-0.0493,-295.75
4.9217,11.615,-9.891,0.70146,-14.497,-0.034604,-0.034589,-1.5221,-0.0509,-285.14
4.9617,11.654,-10.489,0.73086,-14.532,-0.026503,-0.026493,-1.5203,-0.044,-330.69
5.0019,11.588,-11.144,0.55412,-14.591,-0.019901,-0.019897,-1.5327,-0.0559,-261.21
5.0418,11.627,-11.736,0.57017,-14.611,-0.0148,-0.014798,-1.5317,-0.0506,-288.98
5.0817,11.591,-12.36,0.49282,-14.76,-0.0021996,-0.0021995,-1.5374,-0.0502,-294.19
5.1217,11.66,-12.904,0.56097,-14.691,-0.0041002,-0.0040997,-1.5326,-0.0426,-345.12
5.1618,11.726,-13.465,0.6071,-14.648,-0.0046002,-0.0046001,-1.5293,-0.0362,-404.98
5.2018,11.789,-14.024,0.65187,-14.595,-0.0070997,-0.007099,-1.5261,-0.0314,-465.28
5.2419,11.831,-14.593,0.67834,-14.544,-0.0096001,-0.0095991,-1.5241,-0.0267,-545.31
5.2818,11.836,-15.191,0.6155,-14.564,-0.0084007,-0.0083994,-1.5285,-0.0309,-471.74
5.3218,11.946,-15.751,0.70344,-14.518,-0.0080999,-0.0080988,-1.5223,-0.0201,-723.12
5.362,11.961,-16.359,0.64463,-14.532,-0.0088002,-0.0087992,-1.5264,-0.0237,-613.75
5.4018,11.975,-16.945,0.61053,-14.519,-0.0103,-0.010299,-1.5287,-0.0252,-576.66
5.4418,12.06,-17.505,0.69011,-14.499,-0.0088997,-0.0088997,-1.5232,-0.0186,-780.42
5.482,12.095,-18.101,0.66915,-14.499,-0.0099996,-0.0099989,-1.5246,-0.0194,-748.16
5.5219,12.204,-18.539,0.92435,-14.341,-0.016601,-0.0166,-1.5064,-0.0002,-71852
5.5619,12.241,-19.112,0.92365,-14.332,-0.016801,-0.0168,-1.5064,-0.0002,-71807
5.6019,12.341,-19.659,1.0131,-14.276,-0.020202,-0.020196,-1.4998,0.0063,2271.7
5.6419,12.409,-20.223,1.1011,-14.313,-0.0064003,-0.0063998,-1.4939,0.0139,1032.7
5.6819,12.45,-20.776,1.134,-14.307,-0.0039995,-0.0040001,-1.4917,0.0164,875.12
5.7221,12.5,-21.336,1.174,-14.319,0.0036001,0.0036003,-1.489,0.0189,760.16
5.762,12.508,-21.916,1.1475,-14.382,0.015701,0.015703,-1.4913,0.0165,874.41
5.802,12.556,-22.489,1.166,-14.369,0.0121,0.012101,-1.4899,0.0175,823.79
******-------------------------------------------------------------------------------------------------------------------****** 
TargetID: ID10
Target can not be processed due to lack of Data
******-------------------------------------------------------------------------------------------------------------------****** 
TargetID: ID12
Relevancy: 0
tj = Inf
Label: -1
Comment: Target is irrelevant as it is not crossing the estimated holding line
DATA:
13.244,18.975,-62.313,NaN,NaN,NaN,NaN,1.5086,NaN,NaN
13.284,19.01,-61.797,NaN,NaN,NaN,NaN,1.5087,NaN,NaN
13.324,19.855,-61.206,NaN,NaN,NaN,NaN,1.2025,NaN,NaN
13.364,20.068,-60.666,NaN,NaN,NaN,NaN,1.2025,NaN,NaN
13.404,19.836,-60.201,NaN,NaN,NaN,NaN,1.3436,NaN,NaN
13.444,19.958,-59.673,NaN,NaN,NaN,NaN,1.3436,NaN,NaN
13.484,19.756,-59.239,NaN,NaN,NaN,NaN,1.4315,NaN,NaN
13.524,19.827,-58.723,NaN,NaN,NaN,NaN,1.4315,NaN,NaN
13.564,19.011,-58.332,NaN,NaN,NaN,NaN,1.6538,NaN,NaN
13.604,18.969,-57.833,NaN,NaN,NaN,NaN,1.6537,NaN,NaN
13.644,19.151,-57.315,NaN,NaN,NaN,NaN,1.6048,NaN,NaN
13.684,19.129,-56.811,NaN,NaN,NaN,NaN,1.6047,NaN,NaN
13.724,19.115,-56.305,NaN,NaN,NaN,NaN,1.6048,NaN,NaN
13.764,19.095,-55.801,NaN,NaN,NaN,NaN,1.6047,NaN,NaN
13.804,18.605,-55.384,NaN,NaN,NaN,NaN,1.6844,NaN,NaN
13.844,18.557,-54.886,NaN,NaN,NaN,NaN,1.6845,NaN,NaN
13.884,19.339,-54.446,-0.79045,12.498,-0,-0,1.634,0,Inf
13.924,19.304,-53.947,-0.7903,12.498,-0,-0,1.6339,0,Inf
13.964,19.377,-53.438,-0.61614,12.515,0.0040754,0.0041244,1.62,-0.0004,-31326
14.004,19.367,-52.935,-0.61744,12.515,0.0048589,0.00494,1.6201,-0.0004,-31326
14.044,19.266,-52.432,-0.74839,12.507,0.020466,0.020931,1.6305,0.001,12530
14.084,19.246,-51.931,-0.74897,12.507,0.022662,0.023334,1.6306,0.001,12530
14.124,19.016,-51.457,-1.0753,12.462,0.018643,0.01935,1.6569,0.0099,1263.4
14.164,18.66,-51.006,-1.5686,12.406,-0.0037108,-0.0038873,1.6966,0.0273,458.04
14.204,18.382,-50.53,-1.9328,12.363,-0.031762,-0.033612,1.7259,0.0417,300.08
14.244,18.314,-50.035,-1.9555,12.366,-0.030015,-0.032149,1.7276,0.0417,300.23
14.284,18.252,-49.539,-1.9667,12.368,-0.046929,-0.050986,1.7285,0.0412,303.97
14.324,18.354,-49.004,-1.6677,12.42,-0.045091,-0.04979,1.7043,0.0155,808.47
14.364,18.556,-48.478,-1.19,12.443,-0.032138,-0.036145,1.6661,-0.0225,-555.55
14.404,18.667,-47.965,-0.88236,12.45,-0.018308,-0.021,1.6416,-0.0478,-261.11
14.444,18.748,-47.457,-0.59524,12.45,-0.0062438,-0.0073137,1.6186,-0.0716,-174.08
14.484,18.798,-46.951,-0.41326,12.449,0.0041689,0.004994,1.604,-0.0858,-145.17
14.524,18.772,-46.451,-0.4097,12.446,0.012873,0.01578,1.6037,-0.0822,-151.5
14.564,18.714,-45.941,-0.48911,12.439,0.016736,0.021022,1.6101,-0.0726,-171.47
14.604,18.743,-45.425,-0.39839,12.443,0.016128,0.02078,1.6028,-0.0796,-156.39
14.644,18.619,-44.929,-0.63372,12.414,0.015178,0.020083,1.6218,-0.0536,-231.9
14.684,18.557,-44.432,-0.72515,12.397,0.0097114,0.013222,1.6292,-0.0426,-291.51
14.724,18.511,-43.931,-0.78857,12.383,0.0021342,0.0029944,1.6344,-0.0351,-353.51
14.764,18.518,-43.429,-0.69209,12.378,-0.0077933,-0.011289,1.6267,-0.0427,-290.33
14.804,18.511,-42.93,-0.64745,12.367,-0.016013,-0.023998,1.6231,-0.0453,-273.38
14.844,18.533,-42.429,-0.52704,12.358,-0.025029,-0.038885,1.6134,-0.0544,-227.38
14.884,18.569,-41.919,-0.39282,12.357,-0.031869,-0.051458,1.6026,-0.0653,-189.33
14.924,18.59,-41.425,-0.28565,12.338,-0.0404,-0.06795,1.594,-0.0717,-172.13
14.964,18.572,-40.927,-0.28182,12.324,-0.044706,-0.078534,1.5937,-0.0698,-176.61
15.004,18.597,-40.425,-0.19993,12.317,-0.048359,-0.088962,1.5871,-0.0742,-166.02
15.044,18.621,-39.926,-0.090543,12.31,-0.051763,-0.099962,1.5782,-0.0805,-152.93
15.084,18.747,-39.421,0.24058,12.311,-0.055197,-0.11217,1.5513,-0.1038,-118.62
15.124,18.957,-38.907,0.73059,12.309,-0.053211,-0.11406,1.5115,-0.138,-89.352
15.164,19.012,-38.41,0.84425,12.306,-0.04521,-0.10248,1.5023,-0.1413,-87.294
15.204,19.043,-37.916,0.87994,12.292,-0.044158,-0.10616,1.4994,-0.1388,-88.788
15.244,18.933,-37.438,0.63867,12.257,-0.057353,-0.14673,1.5187,-0.1167,-105.17
15.284,18.759,-36.967,0.27671,12.196,-0.074816,-0.20438,1.5482,-0.087,-140.22
15.324,18.57,-36.498,-0.093681,12.123,-0.088601,-0.2595,1.5786,-0.0581,-208.67
15.364,18.508,-36.011,-0.19652,12.098,-0.086659,-0.27324,1.5871,-0.0492,-245.93
15.404,18.453,-35.525,-0.27734,12.073,-0.084564,-0.28852,1.5938,-0.0423,-285.49
15.444,18.476,-35.053,-0.16341,12.059,-0.081391,-0.3022,1.5843,-0.0477,-252.83
15.484,18.513,-34.559,-0.07155,12.057,-0.075437,-0.30694,1.5768,-0.0524,-230.1
15.524,18.49,-34.076,-0.090069,12.043,-0.069621,-0.31324,1.5783,-0.0497,-242.32
15.564,18.495,-33.592,-0.055561,12.026,-0.064868,-0.32638,1.5755,-0.0503,-239.09
15.604,18.571,-33.1,0.094293,12.019,-0.060193,-0.34365,1.563,-0.0584,-205.81
15.644,18.519,-32.624,0.021718,11.999,-0.052423,-0.34593,1.569,-0.0521,-230.32
15.684,18.416,-32.147,-0.14505,11.975,-0.044022,-0.34367,1.5829,-0.0403,-297.17
15.724,18.292,-31.674,-0.34007,11.943,-0.036014,-0.34404,1.5993,-0.027,-442.51
15.764,18.168,-31.199,-0.5299,11.917,-0.027301,-0.33547,1.6153,-0.0149,-800.57
15.804,18.083,-30.729,-0.61699,11.9,-0.019051,-0.32641,1.6226,-0.0092,-1295.2
15.844,18.016,-30.249,-0.69529,11.883,-0.011381,-0.32139,1.6292,-0.0043,-2768.2
15.884,17.975,-29.775,-0.71092,11.873,-0.0039949,-0.31704,1.6306,-0.0032,-3716.8
15.924,18.001,-29.289,-0.62767,11.871,0.0032555,-0.32228,1.6236,-0.0079,-1504.7
15.964,18.04,-28.813,-0.51546,11.864,0.011187,-0.34092,1.6142,-0.014,-848.26
16.004,18.061,-28.332,-0.45463,11.855,0.019714,-0.35357,1.6091,-0.0171,-693.78
16.044,18.14,-27.846,-0.30345,11.841,0.030321,-0.38545,1.5964,-0.025,-473.78
16.084,18.201,-27.367,-0.18341,11.834,0.040568,-0.3983,1.5863,-0.031,-381.78
16.124,18.253,-26.886,-0.081666,11.823,0.050684,-0.40498,1.5777,-0.0357,-331.19
16.164,18.18,-26.408,-0.18315,11.805,0.060249,-0.40438,1.5863,-0.0294,-401.6
16.205,18.086,-25.94,-0.29863,11.791,0.068967,-0.39725,1.5961,-0.0226,-521.89
******-------------------------------------------------------------------------------------------------------------------****** 
TargetID: ID14
Target can not be processed due to lack of Data
******-------------------------------------------------------------------------------------------------------------------****** 
TargetID: ID05
Target can not be processed due to lack of Data
******-------------------------------------------------------------------------------------------------------------------****** 
