******-------------------------------------------------------------------------------------------------------------------****** 
Duration of the scene is: 42.3323 seconds
Original Targets Numbers in the hole Scene: 4
Number of Targets in the hole Scene after preprocessing: 9
Number of static portions: 1
******-------------------------------------------------------------------------------------------------------------------****** 
TargetID: ID01
Target can not be processed due to lack of Data
******-------------------------------------------------------------------------------------------------------------------****** 
TargetID: ID06
Relevancy: 1
tj = 22.4065
Label: 0
Comment: Target is relevant and going straight, since target is crossing Ego X-axis in EFC
DATA:
21.206,6.3763,-19.385,NaN,NaN,NaN,NaN,1.8262,NaN,NaN
21.246,6.1827,-19.065,NaN,NaN,NaN,NaN,1.8998,NaN,NaN
21.286,6.7787,-18.533,NaN,NaN,NaN,NaN,1.4691,NaN,NaN
21.326,6.63,-18.111,NaN,NaN,NaN,NaN,1.5556,NaN,NaN
21.366,6.6355,-17.722,NaN,NaN,NaN,NaN,1.5556,NaN,NaN
21.407,6.5539,-17.236,NaN,NaN,NaN,NaN,1.5823,NaN,NaN
21.446,6.5494,-16.846,NaN,NaN,NaN,NaN,1.5823,NaN,NaN
21.486,6.6221,-16.705,-1.5082,9.3603,0,0,1.7305,0,Inf
21.526,6.9401,-16.183,-0.32729,9.6076,0.0080004,0.0079996,1.6048,-0.0124,-775.26
21.566,7.7869,-15.844,-0.47375,9.551,0.073243,0.073304,1.6203,0.0522,183.2
21.606,7.6735,-15.554,-0.86811,9.4818,0.077831,0.077886,1.6622,0.1482,64.248
21.646,7.6992,-15.14,-0.57511,9.4394,0.11635,0.11651,1.6315,0.0067,1411.5
21.686,7.6903,-14.776,-0.39688,9.3976,0.13969,0.13987,1.6132,-0.0722,-130.28
21.726,7.7294,-14.389,-0.06398,9.5212,0.10849,0.10861,1.5774,-0.1654,-57.566
21.766,7.8128,-14.011,0.39964,9.576,0.084838,0.08491,1.529,-0.284,-33.748
21.806,7.7989,-13.622,0.35777,9.5331,0.084637,0.08471,1.5332,-0.2433,-39.21
21.846,7.8052,-13.233,0.29598,9.5755,0.079044,0.079108,1.5398,-0.1901,-50.395
21.886,7.8406,-12.817,0.43858,9.6624,0.081644,0.081709,1.5254,-0.199,-48.605
21.926,7.86,-12.43,0.51571,9.6646,0.090133,0.090211,1.5174,-0.199,-48.635
21.966,7.8844,-12.028,0.58704,9.7053,0.09263,0.092713,1.5103,-0.1945,-49.99
22.006,7.9791,-11.613,0.86115,9.834,0.1177,0.1178,1.4836,-0.2237,-44.129
22.046,8.0654,-11.18,1.1053,9.9436,0.14366,0.14383,1.46,-0.2459,-40.687
22.086,8.042,-10.801,0.97533,9.8636,0.10911,0.1092,1.4723,-0.2107,-47.042
22.126,8.1033,-10.398,1.131,9.9046,0.11631,0.11642,1.457,-0.2214,-45.027
22.166,8.2081,-10.443,1.755,10.107,0.21737,0.21781,1.3979,-0.2996,-34.241
22.207,8.1194,-10.07,1.2183,9.9203,0.10383,0.10395,1.4481,-0.2101,-47.572
22.246,8.2265,-9.6304,1.4561,10.059,0.14588,0.1461,1.4264,-0.2258,-45.014
22.287,8.2889,-9.2283,1.5518,10.076,0.15487,0.15511,1.4173,-0.2258,-45.151
22.327,8.2688,-8.8507,1.3868,9.9823,0.11072,0.11081,1.4328,-0.194,-51.949
22.367,8.3577,-8.4087,1.5054,10.126,0.14937,0.14952,1.4232,-0.1922,-53.265
22.407,8.4197,-7.9743,1.5411,10.19,0.15887,0.15911,1.42,-0.1858,-55.465
22.447,8.4857,-7.5657,1.6218,10.213,0.16666,0.16692,1.4126,-0.1858,-55.657
22.487,8.4902,-7.1664,1.4541,10.157,0.13141,0.13158,1.428,-0.1577,-65.064
22.527,8.5516,-6.76,1.5228,10.178,0.1373,0.13749,1.4217,-0.1577,-65.26
22.567,8.5456,-6.3695,1.3289,10.108,0.10574,0.10585,1.4396,-0.1285,-79.336
22.607,8.6015,-5.9649,1.3846,10.127,0.11003,0.11016,1.4344,-0.1285,-79.546
22.647,8.6501,-5.532,1.4209,10.175,0.11532,0.11541,1.432,-0.1262,-81.412
22.687,8.6832,-5.1262,1.4087,10.158,0.10614,0.10625,1.4325,-0.1213,-84.541
22.727,8.3914,-4.9534,1.1931,10.068,0.07807,0.078104,1.4528,-0.0938,-108.09
22.767,8.427,-4.5369,1.164,10.075,0.071479,0.071533,1.4553,-0.0876,-115.77
22.807,8.195,-4.2472,1.1646,10.102,0.07199,0.072039,1.4554,-0.0839,-121.2
22.847,8.2797,-3.4937,1.2124,10.175,0.083484,0.083535,1.4518,-0.0843,-121.56
22.887,8.2891,-3.0995,1.2292,10.213,0.085485,0.085537,1.4505,-0.0825,-124.69
22.927,8.2313,-2.6712,1.2358,10.252,0.08789,0.087939,1.4503,-0.0792,-130.38
22.967,8.3147,-2.184,1.4821,10.58,0.16498,0.16512,1.4308,-0.0963,-110.94
23.007,8.3396,-1.7684,1.4544,10.531,0.14306,0.14301,1.4343,-0.0891,-119.32
23.047,8.3843,-1.3471,1.4673,10.512,0.13246,0.13243,1.4328,-0.088,-120.62
23.087,8.4376,-0.92844,1.1923,10.359,0.12517,0.12513,1.4342,-0.08481,-122.95
23.127,8.4803,-0.51774,0.95277,10.224,0.11791,0.11788,1.4356,-0.081636,-125.78
23.167,8.5142,-0.11056,0.74646,10.104,0.11063,0.1106,1.437,-0.078451,-129.15
23.207,8.5405,0.29247,0.57424,10.002,0.10334,0.10332,1.4384,-0.075263,-133.11
23.247,8.5606,0.69068,0.43662,9.917,0.096076,0.09605,1.4398,-0.072084,-137.71
23.287,8.5759,1.0856,0.33313,9.8488,0.088813,0.088789,1.4412,-0.068906,-143.01
23.327,8.5878,1.4792,0.26352,9.7973,0.081528,0.081506,1.4426,-0.06572,-149.13
23.367,8.5974,1.8692,0.22823,9.7629,0.074278,0.074259,1.444,-0.062549,-156.13
23.407,8.6064,2.2598,0.22691,9.7453,0.066999,0.066981,1.4454,-0.059364,-164.21
23.447,8.6161,2.6494,0.25968,9.7446,0.059732,0.059718,1.4468,-0.056186,-173.5
23.487,8.6277,3.0409,0.32688,9.7608,0.052435,0.052422,1.4482,-0.052994,-184.29
23.527,8.6427,3.432,0.42801,9.794,0.045163,0.045152,1.4496,-0.049813,-196.8
23.567,8.6624,3.8252,0.56341,9.844,0.037884,0.037875,1.451,-0.046629,-211.46
23.607,8.6882,4.2199,0.73261,9.9109,0.030619,0.030613,1.4524,-0.043451,-228.72
23.647,8.7215,4.6178,0.93596,9.9947,0.023351,0.023347,1.4538,-0.040272,-249.27
23.687,8.7634,5.0185,1.1728,10.095,0.0161,0.016098,1.4552,-0.0371,-273.93
23.727,8.8004,5.4153,1.1709,10.071,0.012599,0.0126,1.4551,-0.0361,-280.85
23.767,8.8389,5.8435,1.175,10.125,0.018799,0.018798,1.4554,-0.0347,-293.75
23.807,8.8674,6.202,1.1591,10.024,0.0058998,0.0059002,1.4557,-0.0336,-300.32
23.847,8.8903,6.597,1.1404,9.9992,0.0029004,0.0028996,1.4573,-0.0316,-318.48
23.887,8.9101,6.9802,1.1198,9.9534,-0.0019996,-0.0020004,1.4588,-0.0306,-327.33
23.927,8.9272,7.3373,1.0963,9.8595,-0.012501,-0.012501,1.46,-0.0288,-344.45
23.967,8.9426,7.6852,1.0722,9.753,-0.023501,-0.023504,1.4611,-0.0274,-358.09
24.007,8.9582,8.0542,1.0498,9.6912,-0.028801,-0.028805,1.4627,-0.0256,-380.78
24.047,8.9861,8.4203,1.0446,9.6307,-0.033802,-0.033807,1.4625,-0.0258,-375.47
24.087,9.0058,8.7997,1.0318,9.5976,-0.035203,-0.035208,1.4635,-0.0251,-384.58
24.127,9.0313,9.1576,1.0216,9.5287,-0.041004,-0.041011,1.4637,-0.0243,-394.37
24.167,9.0519,9.5179,1.002,9.4673,-0.045304,-0.045314,1.465,-0.0227,-419.39
******-------------------------------------------------------------------------------------------------------------------****** 
TargetID: ID08
Relevancy: 1
tj = 30.4889
Label: 0
Comment: Target is relevant and going straight, since target is crossing Ego X-axis in EFC
DATA:
28.088,5.0356,31.071,NaN,NaN,NaN,NaN,-1.7603,NaN,NaN
28.128,5.7481,30.65,NaN,NaN,NaN,NaN,-1.4964,NaN,NaN
28.168,5.9101,30.227,NaN,NaN,NaN,NaN,-1.4572,NaN,NaN
28.208,5.8217,29.862,NaN,NaN,NaN,NaN,-1.4975,NaN,NaN
28.248,5.349,29.498,NaN,NaN,NaN,NaN,-1.641,NaN,NaN
28.288,5.8028,29.247,-0.7516,-9.7082,0,0,-1.6481,0,Inf
28.328,5.8474,28.786,-0.56872,-9.7836,-0.0080004,-0.0079996,-1.6289,-0.001,-9800.1
28.368,6.1458,28.353,0.2197,-9.8806,0.0296,0.0296,-1.5486,0.003,3294.3
28.408,6.0657,27.939,-0.027923,-9.914,0.081997,0.081993,-1.5735,-0.0051,-1943.9
28.448,5.8328,27.562,-0.56845,-9.858,0.069998,0.069996,-1.6283,-0.0197,-501.24
28.488,5.7029,27.163,-0.8184,-9.8421,0.034299,0.034299,-1.6537,-0.0287,-344.11
28.528,5.7065,26.753,-0.7459,-9.8907,0.0107,0.0107,-1.6461,-0.0227,-436.95
28.568,5.7114,26.351,-0.6762,-9.9189,0.0064997,0.0065003,-1.6389,-0.0159,-625.28
28.608,5.685,25.948,-0.6866,-9.9504,0.0031004,0.0030996,-1.6397,-0.0166,-600.85
28.648,5.6428,25.545,-0.73112,-9.9559,0.0027005,0.0026995,-1.6441,-0.0199,-501.64
28.688,5.9029,25.126,0.033235,-10.032,0.0335,0.033501,-1.5675,0.0785,127.8
28.728,5.8017,24.725,-0.25141,-10.035,0.032599,0.032599,-1.5958,0.0355,282.76
28.768,5.8385,24.306,-0.11271,-10.077,0.041701,0.041698,-1.5819,0.0534,188.72
28.808,5.8168,23.902,-0.15331,-10.096,0.0425,0.042499,-1.5859,0.0441,228.96
28.848,5.4905,23.542,-1.0827,-9.9417,0.0202,0.0202,-1.6793,-0.0872,-114.68
28.888,5.612,23.106,-0.63331,-10.061,0.0112,0.0112,-1.6337,-0.0187,-539.08
28.928,5.661,22.692,-0.4219,-10.107,0.0156,0.0156,-1.6125,0.0112,903.2
28.968,5.8893,22.248,0.30121,-10.203,0.047302,0.0473,-1.5413,0.1072,95.222
29.008,5.8308,21.843,0.11209,-10.214,0.041299,0.041298,-1.5598,0.0761,134.23
29.048,5.9319,21.408,0.40531,-10.282,0.059802,0.059796,-1.5313,0.1089,94.487
29.088,6.1051,20.979,0.90223,-10.338,0.097106,0.09709,-1.4836,0.1623,63.938
29.128,6.142,20.559,0.94403,-10.373,0.1025,0.10249,-1.4799,0.1579,65.967
29.169,6.1542,20.145,0.91315,-10.406,0.102,0.10199,-1.4832,0.1447,72.191
29.209,5.9718,19.759,0.39909,-10.342,0.058798,0.0588,-1.5322,0.0814,127.14
29.249,6.1288,20.708,0.096135,-10.292,0.041495,0.041476,-1.5609,0.0438,234.99
29.289,6.1403,20.308,0.15062,-10.297,0.039505,0.039478,-1.5556,0.0465,221.47
29.329,6.1625,19.875,0.20255,-10.352,0.0392,0.039179,-1.5507,0.0507,204.21
29.368,6.1324,19.46,0.086409,-10.358,0.030597,0.030587,-1.562,0.0365,283.78
29.409,6.1364,19.043,0.097087,-10.378,0.0287,0.028689,-1.5611,0.0363,285.91
29.449,6.0965,18.657,-0.025363,-10.354,0.022102,0.022093,-1.573,0.0211,490.73
29.489,6.0657,18.246,-0.13294,-10.352,0.016399,0.016396,-1.5834,0.0089,1163.3
29.529,6.0283,17.84,-0.22612,-10.35,0.0090002,0.0089988,-1.5925,-0.0009,-11503
29.569,6.1064,17.619,-0.4028,-10.33,0.00069986,0.00070014,-1.6098,-0.0191,-541.23
29.609,6.1245,17.199,-0.29735,-10.376,0.0022995,0.0022995,-1.5994,-0.0095,-1092.6
29.649,6.1278,16.78,-0.24618,-10.412,0.0032004,0.0031996,-1.5944,-0.0045,-2314.4
29.689,6.1177,16.363,-0.24847,-10.43,0.0038002,0.0037998,-1.5946,-0.0045,-2318.5
29.729,6.096,16.007,-0.30826,-10.44,0.0009998,0.0010002,-1.6003,-0.0096,-1088
29.769,6.1372,15.553,-0.18067,-10.52,0.0036003,0.0035997,-1.5879,0.0026,4046.7
29.809,6.0721,15.157,-0.32768,-10.493,-0.0040002,-0.0039998,-1.6021,-0.0106,-990.35
29.849,6.0153,14.756,-0.45079,-10.473,-0.0077994,-0.0078006,-1.6139,-0.0203,-516.39
29.889,6.0166,14.111,-0.39098,-10.504,-0.0053999,-0.0054001,-1.6081,-0.0147,-715.04
29.929,5.9865,13.673,-0.44884,-10.526,-0.0087003,-0.0087007,-1.6135,-0.0174,-605.51
29.969,5.9678,13.252,-0.45687,-10.544,-0.0085003,-0.0085007,-1.6142,-0.0174,-606.54
30.009,6.0397,12.792,-0.23925,-10.639,-0.0018996,-0.0019004,-1.5933,0.0013,8185.7
30.049,6.0787,12.403,-0.28712,-10.639,-0.0035003,-0.0034997,-1.5978,-0.0027,-3941.8
30.089,6.0574,11.979,-0.31254,-10.649,-0.0049,-0.0049,-1.6002,-0.0044,-2421.3
30.129,5.9735,11.573,-0.49134,-10.594,-0.0095001,-0.0095009,-1.6173,-0.0175,-606.04
30.169,6.0209,11.114,-0.33666,-10.674,-0.0054999,-0.0055001,-1.6024,-0.0042,-2542.6
30.209,6.2268,10.682,-0.2152,-10.705,0,0,-1.5909,0.0057,1878.5
30.249,6.2151,10.25,-0.22394,-10.725,0.00029994,0.00030006,-1.5917,0.005,2145.5
30.289,6.1885,9.834,-0.26227,-10.703,0.0004999,0.0005001,-1.5953,0.002,5353
30.329,6.1647,9.4068,-0.29903,-10.707,0.00019996,0.00020004,-1.5987,-0.0006,-17852
30.369,6.135,8.9839,-0.3446,-10.701,0,0,-1.603,-0.0039,-2745.4
30.409,6.0575,8.582,-0.49957,-10.613,0.0004999,0.0005001,-1.6178,-0.0147,-722.79
30.449,6.0284,8.1602,-0.52852,-10.61,0.00089982,0.00090018,-1.6206,-0.0163,-651.71
30.489,5.9439,7.7568,-0.69397,-10.543,0.0028004,0.0027996,-1.6365,-0.0272,-388.44
30.529,6.1015,7.3396,-0.81666,-10.481,0.0066997,0.0066993,-1.6485,-0.0346,-303.84
30.569,6.0487,6.9373,-0.95277,-10.418,0.0109,0.010899,-1.6619,-0.0431,-242.73
30.609,6.0282,6.518,-1.0464,-10.412,0.0037003,0.0036997,-1.6709,-0.048,-218.01
30.649,5.9379,6.1134,-1.1294,-10.377,0.0056999,0.0057001,-1.6791,-0.0517,-201.91
30.689,5.9097,5.6839,-1.1624,-10.401,0.00079984,0.00080016,-1.6821,-0.0513,-204.01
30.729,5.8566,5.2422,-1.1141,-10.467,-0.0053999,-0.0054001,-1.6769,-0.0444,-237.07
30.769,5.7829,4.8163,-1.1999,-10.474,-0.011301,-0.011301,-1.685,-0.049,-215.16
30.809,5.7139,4.4194,-1.3002,-10.482,-0.023402,-0.023406,-1.6945,-0.0547,-193.1
30.849,5.6847,3.9863,-1.2669,-10.571,-0.033705,-0.033712,-1.6905,-0.048,-221.81
30.889,5.6721,3.6274,-1.207,-10.669,-0.040607,-0.040617,-1.684,-0.0392,-273.91
30.929,5.6467,3.1722,-1.1318,-10.756,-0.042507,-0.04252,-1.6762,-0.0292,-370.4
30.969,5.6817,2.6796,-1.0679,-10.9,-0.053413,-0.05343,-1.6691,-0.0201,-544.89
31.009,5.6458,2.2149,-1.0446,-10.983,-0.065412,-0.065351,-1.6648,-0.0142,-776.93
31.049,5.2128,2.3878,0.21115,-14.703,0.0108,0.010801,-1.5565,-0.0046,-3196.5
31.089,5.1803,1.7518,-0.11182,-11.62,-0.0021996,-0.0022004,-1.5804,0.0132,880.32
31.129,5.0875,1.2051,-0.4316,-11.254,0.013599,0.013602,-1.6093,-0.0076,-1481.8
31.169,4.9787,0.86798,-0.66983,-10.924,0.057291,0.057341,-1.6328,-0.0675,-162.14
31.209,4.9484,0.4272,-0.67705,-10.968,0.054987,0.054963,-1.6317,-0.0549,-200.16
31.249,4.9651,0.034292,-0.50142,-10.97,0.067685,0.067764,-1.6174,0.0049,2241.1
31.289,4.9961,-0.45747,-0.34868,-10.965,0.060787,0.060851,-1.6034,0.0489,224.35
31.329,4.8743,-1.1217,-0.4506,-11.379,0.017598,0.017597,-1.6101,0.0256,444.85
31.369,4.7354,-1.4642,-0.73893,-11.102,0.044495,0.044525,-1.6379,-0.0548,-203.03
31.409,4.7428,-1.8765,-0.63672,-11.013,0.049393,0.049432,-1.6292,-0.0291,-379.07
31.449,4.7432,-2.3757,-0.71622,-10.852,0.083468,0.083409,-1.6355,-0.0371,-293.14
31.489,4.7199,-2.8073,-0.68848,-10.789,0.08628,0.086402,-1.6358,-0.0346,-312.45
31.529,4.6925,-3.2387,-0.69303,-10.7,0.092975,0.093121,-1.6368,-0.0343,-312.62
31.569,4.6701,-3.6609,-0.68242,-10.589,0.10017,0.10034,-1.6367,-0.0315,-336.85
31.609,4.6464,-4.063,-0.64892,-10.423,0.10937,0.10958,-1.6347,-0.0256,-407.93
31.649,4.6856,-3.9631,-0.32782,-8.4309,0.21047,0.21176,-1.6149,0.0079,1068
31.689,4.8013,-2.8437,-0.18656,-9.988,0.081966,0.08188,-1.588,0.0068,1469.1
31.729,4.7214,-5.0774,-0.81699,-11.408,0.3628,0.36471,-1.647,0.0034,3364
31.769,4.8092,-5.4306,-0.21242,-10.535,0.10306,0.10327,-1.5926,0.1273,82.777
31.809,4.8148,-5.8408,0.26494,-10.663,-0.12418,-0.12384,-1.5439,0.377,28.293
31.849,4.8554,-6.2915,0.43604,-10.365,-0.21528,-0.21414,-1.5249,0.4236,24.491
31.889,4.851,-6.7304,0.41732,-10.251,-0.21047,-0.20936,-1.5262,0.3551,28.893
31.929,4.8166,-7.1757,0.25137,-10.067,-0.14473,-0.1442,-1.5431,0.2495,40.362
31.969,4.9201,-7.5893,0.38501,-10.018,-0.19338,-0.19236,-1.5287,0.278,36.064
32.009,5.0184,-7.9865,0.69908,-9.9442,-0.29175,-0.28922,-1.4948,0.3512,28.385
32.049,4.9608,-8.4543,0.4861,-10.012,-0.18196,-0.18104,-1.5187,0.2479,40.434
32.089,4.9238,-8.8885,0.36268,-10.012,-0.12692,-0.12648,-1.5321,0.1844,54.329
32.129,4.8972,-9.3338,0.22721,-10.014,-0.078442,-0.078282,-1.5466,0.1289,77.708
32.169,4.9609,-9.7604,0.32706,-10.021,-0.096268,-0.096019,-1.5363,0.1355,73.996
32.209,4.9068,-10.23,0.27656,-10.245,-0.057601,-0.057538,-1.5428,0.1167,87.818
32.249,4.9329,-10.656,0.3342,-10.262,-0.058423,-0.058337,-1.5372,0.1169,87.834
32.289,4.9395,-11.089,0.34931,-10.301,-0.050918,-0.050852,-1.536,0.11,93.702
32.329,4.9443,-11.522,0.36049,-10.346,-0.042012,-0.041967,-1.5352,0.1033,100.22
32.369,4.9417,-11.958,0.35834,-10.418,-0.031607,-0.031582,-1.5358,0.0943,110.54
32.409,4.8619,-12.453,0.14408,-10.537,-0.020303,-0.020293,-1.5568,0.0562,187.5
32.449,4.8097,-12.899,0.14959,-10.645,-0.0102,-0.010198,-1.5566,0.0607,175.39
32.489,4.849,-13.335,0.20614,-10.665,-0.0077005,-0.0076985,-1.5513,0.0632,168.78
32.529,4.813,-13.798,0.097772,-10.734,-0.0036003,-0.0035997,-1.5616,0.0439,244.52
32.57,4.814,-14.253,0.081783,-10.722,-0.0064007,-0.0063993,-1.5631,0.0405,264.76
32.609,4.7841,-14.713,0.012545,-10.768,-0.0060998,-0.0060992,-1.5695,0.0298,361.33
32.65,4.8523,-15.144,0.14695,-10.752,-0.0043001,-0.0042999,-1.5571,0.0443,242.72
32.69,4.7971,-15.599,0.034493,-10.808,-0.0041002,-0.0040998,-1.5675,0.0284,380.57
32.729,4.7753,-16.047,0.017889,-10.852,-0.0052999,-0.0052991,-1.5691,0.0266,407.97
32.77,4.7348,-16.5,-0.042116,-10.915,-0.0048,-0.0048,-1.5746,0.0193,565.56
32.81,4.7323,-16.965,-0.042964,-10.97,-0.0056999,-0.0056991,-1.5746,0.0193,568.37
32.85,4.7335,-17.415,-0.037797,-10.989,-0.0058998,-0.0058992,-1.5741,0.0192,572.32
32.889,4.8094,-17.827,0.11309,-10.944,-0.0017996,-0.0018004,-1.5604,0.0339,322.85
32.93,4.8809,-18.241,0.25082,-10.902,0.00069986,0.00070014,-1.5478,0.0465,234.52
32.97,4.8623,-18.693,0.23183,-10.952,0.0018996,0.0019004,-1.5497,0.0435,251.84
33.01,4.7975,-19.159,0.1189,-11.005,0,0,-1.56,0.0307,358.49
33.05,4.8186,-19.592,0.15124,-11.001,0.00079984,0.00080016,-1.5571,0.032,343.8
33.09,4.827,-20.041,0.16259,-11.019,0.0010998,0.0011002,-1.5561,0.0318,346.54
33.13,4.7277,-20.525,-0.022702,-11.094,-0.0030004,-0.0029996,-1.5728,0.0138,803.93
33.17,4.6585,-20.988,-0.13673,-11.115,-0.0055999,-0.0055991,-1.583,0.0033,3368.5
33.21,4.671,-21.435,-0.11611,-11.134,-0.0054999,-0.0054991,-1.5811,0.0046,2420.6
33.25,4.6974,-21.844,-0.0064036,-11.047,-0.0017996,-0.0018004,-1.5713,0.0135,818.3
******-------------------------------------------------------------------------------------------------------------------****** 
TargetID: ID02
Relevancy: 1
tj = 9.8029
Label: 0
Comment: Target is relevant and going straight, since target is crossing Ego X-axis in EFC
DATA:
5.0015,5.0524,55.342,NaN,NaN,NaN,NaN,-1.6399,NaN,NaN
5.0416,5.0268,54.951,NaN,NaN,NaN,NaN,-1.6399,NaN,NaN
5.0817,5.5364,54.635,NaN,NaN,NaN,NaN,-1.3985,NaN,NaN
5.1215,5.6067,54.237,NaN,NaN,NaN,NaN,-1.3985,NaN,NaN
5.1617,5.2137,53.801,NaN,NaN,NaN,NaN,-1.5887,NaN,NaN
5.2016,5.2033,53.406,NaN,NaN,NaN,NaN,-1.5886,NaN,NaN
5.2416,5.7187,52.95,NaN,NaN,NaN,NaN,-1.4189,NaN,NaN
5.2818,5.7779,52.548,NaN,NaN,NaN,NaN,-1.4189,NaN,NaN
5.3217,5.0656,52.164,NaN,NaN,NaN,NaN,-1.6389,NaN,NaN
5.3616,5.0401,51.765,NaN,NaN,NaN,NaN,-1.6389,NaN,NaN
5.4016,5.7595,51.3,NaN,NaN,NaN,NaN,-1.4568,NaN,NaN
5.4416,5.8069,50.895,NaN,NaN,NaN,NaN,-1.4568,NaN,NaN
5.4818,5.1331,50.507,NaN,NaN,NaN,NaN,-1.6146,NaN,NaN
5.5216,5.4814,50.066,NaN,NaN,NaN,NaN,-1.5402,NaN,NaN
5.5619,5.9938,49.753,0.3083,-10.191,0,0,-1.5406,0,Inf
5.6016,6.0064,49.346,0.3082,-10.191,0,0,-1.5406,0,Inf
5.6418,5.8423,48.951,-0.011467,-10.218,0.0135,0.0135,-1.5719,-0.0059,-1731.8
5.6817,5.4325,48.569,-0.7543,-10.164,-0.034901,-0.034901,-1.6449,-0.0144,-707.78
5.7217,5.4024,48.162,-0.76142,-10.18,-0.0329,-0.032901,-1.6455,-0.0144,-708.9
5.7617,5.4264,47.73,-0.64465,-10.295,-0.097105,-0.097107,-1.6334,-0.0075,-1375.4
5.8018,5.3983,47.318,-0.64896,-10.321,-0.096405,-0.096407,-1.6337,-0.0075,-1378.9
5.8417,5.3691,46.905,-0.65307,-10.347,-0.095604,-0.095607,-1.6339,-0.0075,-1382.4
5.8818,5.3413,46.491,-0.65748,-10.374,-0.094804,-0.094807,-1.6342,-0.0075,-1385.9
5.9217,5.4362,46.062,-0.46301,-10.396,-0.052199,-0.052202,-1.6154,0.0041,2538.2
5.962,4.8963,45.68,-1.394,-10.362,-0.1052,-0.10521,-1.7046,-0.0611,-171.12
6.0018,5.1245,45.225,-0.94227,-10.434,-0.081398,-0.081405,-1.6609,-0.0269,-389.45
6.0418,5.0372,44.817,-1.0442,-10.439,-0.082103,-0.082104,-1.6706,-0.0355,-295.52
6.0818,5.2611,44.38,-0.55308,-10.464,-0.045199,-0.045202,-1.6236,0.0093,1126.7
6.1219,5.3217,43.952,-0.37509,-10.479,-0.0221,-0.0221,-1.6066,0.027,388.36
6.1618,5.4363,43.52,-0.075439,-10.492,0.0041002,0.0040998,-1.578,0.0576,182.15
6.2019,5.7006,43.097,0.55543,-10.48,0.042201,0.042201,-1.5179,0.1232,85.184
6.2418,5.5824,42.678,0.25948,-10.508,0.042999,0.042999,-1.5461,0.0852,123.37
6.2819,5.5943,42.257,0.29564,-10.524,0.046699,0.046698,-1.5427,0.0852,123.57
6.3218,5.6275,41.837,0.39214,-10.529,0.056399,0.056403,-1.5336,0.092,114.52
6.362,5.344,41.436,-0.2141,-10.486,0.039999,0.04,-1.5912,0.024,437.02
6.4019,5.3322,41.009,-0.2255,-10.5,0.032899,0.032899,-1.5922,0.0221,475.22
6.442,5.2022,40.6,-0.4927,-10.473,0.0222,0.0222,-1.6178,-0.0073,-1436.2
6.4819,5.1823,40.181,-0.49609,-10.482,0.0239,0.0239,-1.6181,-0.0073,-1437.5
6.522,5.0351,39.753,-0.83516,-10.45,0.0077005,0.0076995,-1.6505,-0.0403,-260.13
6.562,5.1793,39.32,-0.47579,-10.494,0.0013997,0.0014003,-1.6161,-0.0033,-3183.2
6.602,5.2146,38.9,-0.35282,-10.501,0.0019996,0.0020004,-1.6044,0.0085,1236.1
6.642,5.3919,38.467,0.086711,-10.524,0.0093001,0.0092999,-1.5625,0.0499,210.92
6.682,5.392,38.045,0.10553,-10.527,0.0135,0.0135,-1.5608,0.0499,210.97
6.7219,5.455,37.621,0.26062,-10.534,0.0187,0.0187,-1.546,0.0622,169.42
6.7621,5.4642,37.2,0.28761,-10.54,0.0197,0.0197,-1.5435,0.0622,169.52
6.802,5.4769,36.778,0.3138,-10.546,0.0208,0.020799,-1.541,0.0622,169.63
6.8421,5.4923,36.355,0.33969,-10.552,0.021801,0.021799,-1.5386,0.0622,169.73
6.882,5.507,35.934,0.39367,-10.567,0.021601,0.0216,-1.5359,0.062328,169.65
6.9221,5.5237,35.51,0.43933,-10.579,0.0214,0.0214,-1.5333,0.062457,169.52
6.9621,5.542,35.087,0.47626,-10.588,0.0212,0.0212,-1.5306,0.062586,169.34
7.0021,5.5617,34.663,0.50465,-10.594,0.021,0.021,-1.528,0.062714,169.12
7.0421,5.5823,34.239,0.52445,-10.598,0.0208,0.0208,-1.5253,0.062843,168.85
7.0822,5.6036,33.815,0.53567,-10.599,0.0206,0.0206,-1.5227,0.062972,168.53
7.1221,5.625,33.392,0.5383,-10.598,0.0204,0.0204,-1.52,0.0631,168.17
7.1622,5.647,32.968,0.56559,-10.603,0.0211,0.021099,-1.5175,0.0631,168.28
7.2021,6.3342,32.479,1.6731,-10.631,0.066504,0.066495,-1.4146,0.1357,79.303
7.2422,6.3784,32.049,1.6883,-10.642,0.069696,0.069705,-1.4135,0.1328,81.136
7.2822,6.5527,31.606,1.902,-10.669,0.086406,0.086392,-1.3943,0.1421,76.265
7.3222,6.4898,31.194,1.751,-10.652,0.070696,0.070705,-1.4079,0.129,83.68
7.3622,7.1089,31.613,1.5448,-10.635,0.055976,0.055967,-1.4261,0.112,95.955
7.4022,7.0829,31.209,1.4477,-10.604,0.046484,0.046477,-1.4347,0.1026,104.32
7.4422,7.0443,30.789,1.2969,-10.576,0.03599,0.035987,-1.4485,0.0902,118.13
7.4824,6.9203,30.391,1.0502,-10.514,0.022896,0.022895,-1.4711,0.0725,145.75
7.5222,7.015,29.981,1.1732,-10.53,0.025895,0.025893,-1.4596,0.0773,137.06
7.5624,7.0629,29.56,1.2065,-10.53,0.026595,0.026592,-1.4565,0.0773,137.11
7.6022,7.1344,29.107,1.2615,-10.578,0.033901,0.03389,-1.4518,0.0788,135.19
7.6423,7.1927,28.676,1.3032,-10.598,0.037989,0.037986,-1.4481,0.0791,134.99
7.6822,7.1505,28.274,1.1772,-10.564,0.030793,0.03079,-1.4596,0.0691,153.83
7.7223,7.35,27.811,1.4583,-10.641,0.046484,0.046477,-1.4342,0.0844,127.25
7.7623,7.3925,27.414,1.4771,-10.639,0.050381,0.050373,-1.4324,0.0821,130.83
7.8024,7.2145,27.013,1.0876,-10.559,0.029093,0.029092,-1.4679,0.0572,185.58
7.8425,7.2591,26.589,1.113,-10.572,0.030593,0.030591,-1.4657,0.0571,186.18
7.8823,7.3053,26.166,1.1378,-10.577,0.031393,0.03139,-1.4634,0.0571,186.3
7.9224,7.1308,27.148,0.96021,-10.555,0.026496,0.026483,-1.4795,0.0455,232.93
7.9625,7.0763,26.759,0.78174,-10.519,0.021301,0.021289,-1.4962,0.0337,313
8.0024,7.0871,26.33,0.74099,-10.519,0.018897,0.018892,-1.5001,0.0307,343.47
8.0425,7.0157,25.946,0.49217,-10.479,0.013998,0.013996,-1.5236,0.0152,690.14
8.0823,6.8102,25.57,0.074898,-10.356,0.0071996,0.0071984,-1.5634,-0.0095,-1090.1
8.1225,6.7623,25.166,-0.019933,-10.348,0.0047001,0.0046999,-1.5726,-0.0152,-680.8
8.1624,6.5722,24.569,-0.0061884,-10.363,0.0034003,0.0033997,-1.5713,-0.0141,-734.96
8.2025,6.5292,24.089,-0.073047,-10.358,0.0017996,0.0018004,-1.5778,-0.0178,-581.93
8.2424,6.5847,23.653,0.086693,-10.413,0.0031004,0.0030996,-1.5624,-0.008,-1301.6
8.2827,6.6024,23.258,0.01593,-10.409,0.0023995,0.0023995,-1.5692,-0.0117,-889.64
8.3225,6.582,22.843,-0.023551,-10.402,0.0017996,0.0018004,-1.573,-0.0136,-764.89
8.3625,6.3483,22.474,-0.39048,-10.305,-0.0016997,-0.0017003,-1.6087,-0.034,-303.3
8.4025,6.3895,22.072,-0.46781,-10.282,-0.0020996,-0.0021004,-1.6163,-0.0378,-272.29
8.4426,6.4074,21.63,-0.4393,-10.315,-0.0025995,-0.0026005,-1.6134,-0.0348,-296.69
8.4826,6.4185,21.22,-0.40905,-10.328,-0.0024005,-0.0024005,-1.6104,-0.0321,-321.98
8.5226,6.3311,20.829,-0.53689,-10.309,-0.0032004,-0.0032006,-1.6229,-0.0385,-268.12
8.5626,6.2672,20.47,-0.70916,-10.302,-0.0084003,-0.0084007,-1.6397,-0.0474,-217.86
8.6026,6.2419,20.053,-0.72491,-10.301,-0.0074005,-0.0074005,-1.6412,-0.047,-219.71
8.6426,6.1307,19.636,-0.73668,-10.288,-0.0055999,-0.0056001,-1.6424,-0.0467,-220.86
8.6826,6.0702,19.233,-0.76798,-10.263,-0.0040002,-0.0039998,-1.6456,-0.0479,-214.86
8.7225,6.0172,18.849,-0.81066,-10.251,-0.0030004,-0.0030006,-1.6498,-0.049,-209.85
8.7626,5.9643,18.466,-0.83864,-10.229,0.00019996,0.00020004,-1.6526,-0.0494,-207.76
8.8026,5.8361,18.081,-0.83883,-10.219,0.0029004,0.0028996,-1.6526,-0.048,-213.6
8.8427,5.7941,17.689,-0.91098,-10.201,0.0037003,0.0036997,-1.6598,-0.051,-200.81
8.8826,5.7617,17.3,-0.91743,-10.196,0.0055999,0.0055991,-1.6604,-0.0496,-206.39
8.9227,5.7729,16.885,-0.86996,-10.188,0.0092002,0.0091988,-1.6558,-0.0459,-222.77
8.9626,5.7332,16.501,-0.85082,-10.171,0.012799,0.012798,-1.654,-0.0433,-235.71
9.003,5.7215,16.089,-0.82053,-10.16,0.014899,0.014896,-1.6511,-0.0403,-252.92
9.0427,5.7039,15.693,-0.80599,-10.152,0.016599,0.016595,-1.6497,-0.0381,-267.28
9.0827,5.7055,15.299,-0.76989,-10.147,0.017398,0.017394,-1.6462,-0.0344,-295.81
9.1227,5.6642,14.887,-0.79527,-10.134,0.018397,0.018394,-1.6488,-0.0351,-289.61
9.1628,5.6692,14.485,-0.7075,-10.126,0.019297,0.019293,-1.6402,-0.0284,-357.42
9.2028,5.6808,14.073,-0.6892,-10.105,0.021697,0.021691,-1.6385,-0.027,-375.12
9.2428,5.8238,13.671,-0.68831,-10.086,0.022296,0.02229,-1.6385,-0.0264,-382.95
9.2828,5.8441,13.268,-0.58788,-10.075,0.022196,0.02219,-1.6286,-0.0188,-536.8
9.3228,5.8342,12.866,-0.56931,-10.079,0.020697,0.020692,-1.6268,-0.0168,-600.88
9.3628,5.836,12.464,-0.53781,-10.075,0.019997,0.019992,-1.6237,-0.0141,-715.56
9.4028,5.8892,12.06,-0.38607,-10.072,0.016898,0.016894,-1.6087,-0.003,-3359.8
9.4428,5.9279,11.648,-0.28714,-10.072,0.013698,0.013696,-1.599,0.0041,2457.7
9.4829,5.8465,11.249,-0.21685,-10.064,0.011299,0.011297,-1.5921,0.009,1118.5
9.5227,5.8367,10.838,-0.21838,-10.076,0.010499,0.010498,-1.5922,0.0086,1171.9
9.5629,5.8098,10.429,-0.2376,-10.087,0.010199,0.010198,-1.5941,0.0072,1401.3
9.6029,5.8166,10.009,-0.22318,-10.102,0.0095991,0.0095979,-1.5927,0.008,1263
9.643,5.7945,9.6023,-0.26619,-10.104,0.0096991,0.0096979,-1.5969,0.0049,2062.7
9.6829,5.8129,9.1938,-0.21239,-10.117,0.0081994,0.0081986,-1.5916,0.0089,1137
9.7229,5.8829,8.7289,-0.14026,-10.187,0.0061998,0.0061992,-1.5844,0.0146,697.8
9.7628,5.8767,8.319,-0.13585,-10.187,0.0060998,0.0060992,-1.584,0.0146,697.83
9.8029,5.9423,7.8985,-0.11508,-10.189,0.0061998,0.0061992,-1.5819,0.0162,628.97
9.8429,5.9401,7.4868,-0.1152,-10.188,0.0062997,0.0062993,-1.582,0.0159,640.82
9.8829,5.9682,7.0225,0.013255,-10.266,0.0042002,0.0041998,-1.5694,0.0266,385.95
9.9229,5.9927,6.592,0.049798,-10.263,0.0040002,0.0039998,-1.5659,0.029,353.9
9.963,5.9864,6.1701,0.026134,-10.252,0.0043001,0.0042999,-1.5681,0.0261,392.79
10.003,6.0677,5.7531,-0.017843,-10.222,0.0051,0.005099,-1.5724,0.0214,477.66
10.043,6.0703,5.316,-0.0037033,-10.239,0.0045001,0.0044999,-1.5711,0.0219,467.51
10.083,6.0698,4.9011,0.0079629,-10.254,0.0042002,0.0041998,-1.5699,0.022,466.1
10.123,6.0643,4.4941,-0.0028802,-10.249,0.0044001,0.0043999,-1.571,0.0198,517.62
10.163,6.0766,4.0472,0.014754,-10.308,0.0038002,0.0037998,-1.5693,0.0211,488.55
10.203,6.0868,3.6183,0.015812,-10.316,0.0031004,0.0030996,-1.5692,0.0205,503.21
10.243,6.0927,3.19,0.043599,-10.362,0.0026995,0.0026995,-1.5665,0.0226,458.51
10.283,6.0737,2.7711,0.024829,-10.402,0.0033003,0.0033007,-1.5685,0.0185,562.25
10.323,6.0679,2.3643,0.02149,-10.362,0.0031004,0.0031006,-1.5688,0.0179,578.89
10.363,6.0355,2.0222,-0.0099336,-10.112,0.0038002,0.0038008,-1.5719,0.0153,660.93
10.403,6.0006,1.6243,-0.062849,-10.101,0.0054999,0.0055011,-1.5771,0.0081,1247.1
10.443,5.9595,1.2435,-0.11943,-10.042,0.0077994,0.0078016,-1.5829,0.0007,14347
10.483,5.9171,0.84672,-0.17256,-10.06,0.0076995,0.0077015,-1.5881,-0.0064,-1572.1
10.523,5.9007,0.44759,-0.18439,-10.074,0.0066997,0.0067013,-1.5892,-0.0081,-1243.9
10.563,5.8943,0.037578,-0.18531,-10.088,0.0062997,0.0062993,-1.589,-0.0073,-1382.2
10.603,5.8871,-0.36507,-0.18539,-10.089,0.0061998,0.0061992,-1.589,-0.007,-1441.5
10.643,5.7941,-0.61443,-0.26871,-9.9274,0.0052,0.005201,-1.598,-0.0192,-517.24
10.683,5.7643,-0.97224,-0.29986,-9.8556,0.0070996,0.0071014,-1.6014,-0.0227,-434.37
10.723,5.7352,-1.3327,-0.33009,-9.7458,0.012498,0.012503,-1.6049,-0.0258,-377.96
10.763,5.7221,-1.7259,-0.34211,-9.7325,0.013298,0.013304,-1.6062,-0.0262,-371.7
10.803,5.7205,-2.1577,-0.34655,-9.8187,0.0088992,0.0089018,-1.6063,-0.0255,-385.29
10.843,5.745,-2.1606,-0.21533,-9.0316,0.032292,0.032328,-1.5955,-0.0133,-679.26
10.883,5.7352,-2.5283,-0.22187,-8.9959,0.03279,0.03283,-1.5964,-0.0139,-647.38
10.923,5.8216,-1.9125,-0.72964,-10.485,0.075458,0.075399,-1.6388,-0.0144,-729.9
10.963,5.5712,-2.7084,-0.95263,-8.9988,0.12073,0.12114,-1.6793,0.0008,11311
11.003,5.5733,-3.2546,-0.78629,-8.0451,0.10882,0.10925,-1.6717,0.0859,94.103
11.043,5.6478,-3.6859,3.2576,-12.1,0.066022,0.066249,-1.6357,0.23755,52.749
11.083,5.7338,-4.1091,-0.21348,-7.6231,0.023193,0.023221,-1.5997,0.3893,19.589
11.123,5.8392,-5.502,0.22873,-10.165,-0.014102,-0.014096,-1.548,0.4867,20.892
11.163,5.7896,-6.0559,0.099901,-9.8267,-0.0063007,-0.0062993,-1.5605,0.4729,20.781
11.203,5.7821,-6.4727,0.15964,-9.9339,-0.010001,-0.009998,-1.5545,0.4439,22.381
11.243,5.8569,-6.9129,0.43965,-9.957,-0.03281,-0.032773,-1.5259,0.4964,20.078
11.283,5.7259,-7.3062,0.17161,-10.028,-0.018803,-0.018792,-1.5532,0.3232,31.032
11.323,5.8002,-7.7018,0.37956,-9.8661,-0.048523,-0.048441,-1.5311,0.3512,28.113
11.363,5.8149,-8.0968,0.45361,-9.9132,-0.050526,-0.050436,-1.5238,0.3281,30.246
11.403,5.8845,-8.4814,0.7788,-9.8313,-0.074864,-0.07465,-1.4898,0.4045,24.381
11.443,6.0263,-8.8177,1.0166,-9.6614,-0.14789,-0.14698,-1.462,0.4188,23.197
11.483,6.0897,-9.2339,1.1512,-9.6329,-0.15714,-0.15608,-1.4476,0.418,23.209
11.523,5.8786,-9.6957,0.59272,-9.7478,-0.09059,-0.090282,-1.5077,0.2184,44.715
11.563,5.8704,-10.101,0.56508,-9.7644,-0.077764,-0.077541,-1.511,0.1899,51.505
11.603,5.8033,-10.515,0.40498,-9.8017,-0.052127,-0.05203,-1.5282,0.1327,73.926
11.644,5.8235,-10.922,0.44808,-9.824,-0.049224,-0.049138,-1.524,0.1305,75.358
11.683,5.7287,-11.371,0.21422,-9.9178,-0.023805,-0.023787,-1.5486,0.0708,140.12
11.724,5.744,-11.777,0.24435,-9.9409,-0.022804,-0.022788,-1.5457,0.0703,141.45
11.763,5.9024,-12.156,0.47509,-9.9197,-0.030309,-0.030277,-1.5222,0.0984,100.93
11.803,5.9195,-12.558,0.48167,-9.9169,-0.029609,-0.029578,-1.5215,0.0925,107.34
11.844,5.8939,-12.978,0.43737,-9.9684,-0.020904,-0.020889,-1.5264,0.08,124.73
11.884,5.8802,-13.393,0.40651,-10.01,-0.014902,-0.014895,-1.5299,0.0696,143.94
11.924,5.8182,-13.824,0.29053,-10.076,-0.0085003,-0.0084987,-1.5418,0.0495,203.63
11.964,5.7923,-14.246,0.23148,-10.127,-0.0052999,-0.0052991,-1.5478,0.0378,267.97
12.004,5.7194,-14.66,0.10857,-10.156,-0.005,-0.004999,-1.56,0.0207,490.66
12.044,5.6348,-15.088,-0.047821,-10.192,-0.0058998,-0.0058992,-1.5754,-0.0003,-33974
12.084,5.5006,-15.523,-0.29668,-10.256,-0.0095001,-0.0094979,-1.5995,-0.0312,-328.84
12.124,5.3824,-15.962,-0.50654,-10.294,-0.014201,-0.014196,-1.6197,-0.0545,-189.1
12.164,5.3805,-16.406,-0.50903,-10.393,-0.021803,-0.02179,-1.6193,-0.0519,-200.49
12.204,5.3264,-16.833,-0.59675,-10.435,-0.027404,-0.027385,-1.6274,-0.0598,-174.78
12.244,5.2997,-17.25,-0.6228,-10.45,-0.028704,-0.028685,-1.6298,-0.0598,-175.06
12.284,5.2464,-17.685,-0.69598,-10.505,-0.035706,-0.035677,-1.6363,-0.0642,-163.98
12.324,5.3676,-18.18,-0.5233,-10.557,-0.029194,-0.029185,-1.6198,-0.0449,-235.4
12.364,5.2837,-18.614,-0.66645,-10.598,-0.036707,-0.036675,-1.6329,-0.0578,-183.73
12.404,5.2589,-19.038,-0.6925,-10.617,-0.037107,-0.037075,-1.6352,-0.0584,-182.18
12.444,5.2562,-19.458,-0.68107,-10.628,-0.035006,-0.034978,-1.6341,-0.0556,-191.54
12.484,5.2266,-19.884,-0.70609,-10.646,-0.036206,-0.036176,-1.6363,-0.0556,-191.9
12.524,5.1964,-20.309,-0.73092,-10.665,-0.037507,-0.037476,-1.6385,-0.0556,-192.27
******-------------------------------------------------------------------------------------------------------------------****** 
TargetID: ID09
Relevancy: 0
tj = Inf
Label: -1
Comment: Target is irrelevant as it is not crossing the estimated holding line
DATA:
22.847,7.0113,76.98,NaN,NaN,NaN,NaN,-1.638,NaN,NaN
22.887,6.9902,76.678,NaN,NaN,NaN,NaN,-1.638,NaN,NaN
22.927,6.9693,76.377,NaN,NaN,NaN,NaN,-1.638,NaN,NaN
22.967,6.9493,76.075,NaN,NaN,NaN,NaN,-1.638,NaN,NaN
23.007,6.9286,75.773,NaN,NaN,NaN,NaN,-1.638,NaN,NaN
23.047,6.9083,75.471,NaN,NaN,NaN,NaN,-1.638,NaN,NaN
23.087,6.8861,75.169,NaN,NaN,NaN,NaN,-1.6379,NaN,NaN
23.127,6.8666,74.867,NaN,NaN,NaN,NaN,-1.638,NaN,NaN
23.167,6.8489,74.565,NaN,NaN,NaN,NaN,-1.638,NaN,NaN
23.207,6.8281,74.263,NaN,NaN,NaN,NaN,-1.638,NaN,NaN
23.247,5.5546,74.098,NaN,NaN,NaN,NaN,-1.9432,NaN,NaN
23.287,5.4375,73.801,NaN,NaN,NaN,NaN,-1.9432,NaN,NaN
23.327,4.987,73.425,NaN,NaN,NaN,NaN,-1.9981,NaN,NaN
23.367,4.8486,73.127,NaN,NaN,NaN,NaN,-1.9981,NaN,NaN
23.407,4.7142,72.827,NaN,NaN,NaN,NaN,-1.9981,NaN,NaN
23.447,4.5827,72.528,NaN,NaN,NaN,NaN,-1.9982,NaN,NaN
23.487,4.4474,72.229,NaN,NaN,NaN,NaN,-1.9982,NaN,NaN
23.527,4.3105,71.93,NaN,NaN,NaN,NaN,-1.9982,NaN,NaN
23.567,4.1009,71.535,NaN,NaN,NaN,NaN,-1.9947,NaN,NaN
23.607,3.964,71.231,NaN,NaN,NaN,NaN,-1.9947,NaN,NaN
23.647,3.8247,70.926,NaN,NaN,NaN,NaN,-1.9947,NaN,NaN
23.687,3.69,70.621,NaN,NaN,NaN,NaN,-1.9947,NaN,NaN
23.727,3.7711,70.236,NaN,NaN,NaN,NaN,-1.9527,NaN,NaN
23.767,3.6479,69.927,NaN,NaN,NaN,NaN,-1.9527,NaN,NaN
23.807,3.5931,69.59,NaN,NaN,NaN,NaN,-1.9387,NaN,NaN
23.847,3.4739,69.279,NaN,NaN,NaN,NaN,-1.9387,NaN,NaN
23.887,3.3524,68.968,NaN,NaN,NaN,NaN,-1.9387,NaN,NaN
23.927,3.2314,68.656,NaN,NaN,NaN,NaN,-1.9387,NaN,NaN
23.967,3.1082,68.345,NaN,NaN,NaN,NaN,-1.9387,NaN,NaN
24.007,2.986,68.034,NaN,NaN,NaN,NaN,-1.9386,NaN,NaN
24.047,4.7306,67.731,-1.512,-7.9086,0,0,-1.7597,0,Inf
24.087,4.6743,67.415,-1.5125,-7.9085,0,0,-1.7598,0,Inf
24.127,5.0599,67.038,-1.0443,-8.0185,-0.059098,-0.059104,-1.7004,0.0197,410.47
24.167,5.0211,66.717,-1.0401,-8.0337,-0.062099,-0.062104,-1.6996,0.0197,411.2
24.207,5.1293,66.359,-0.90725,-8.11,-0.048799,-0.048803,-1.6823,0.0269,303.37
24.247,5.0945,66.034,-0.901,-8.1326,-0.052798,-0.052804,-1.6812,0.0269,304.18
24.287,5.0593,65.708,-0.89466,-8.1553,-0.056899,-0.056904,-1.6801,0.0269,304.99
24.327,5.0259,65.381,-0.88841,-8.1778,-0.060798,-0.060804,-1.6791,0.0269,305.8
24.367,4.9934,65.053,-0.88227,-8.2005,-0.064698,-0.064705,-1.6781,0.0269,306.61
24.407,4.9585,64.724,-0.87573,-8.2231,-0.068598,-0.068606,-1.677,0.0269,307.42
24.447,4.9221,64.395,-0.86899,-8.2458,-0.072298,-0.072306,-1.6759,0.0269,308.23
24.487,4.8895,64.065,-0.86255,-8.2684,-0.075998,-0.076007,-1.6748,0.0269,309.04
24.527,4.8566,63.733,-0.85601,-8.291,-0.079597,-0.079608,-1.6738,0.0269,309.85
24.567,4.8236,63.401,-0.84937,-8.3135,-0.083096,-0.083109,-1.6727,0.0269,310.66
24.607,4.7875,63.068,-0.84233,-8.3362,-0.086497,-0.086509,-1.6716,0.0269,311.48
24.647,4.7537,62.734,-0.8354,-8.3588,-0.089796,-0.08981,-1.6705,0.0269,312.28
24.687,4.7188,62.4,-0.82837,-8.3815,-0.092996,-0.093011,-1.6694,0.0269,313.1
24.727,4.835,62.025,-0.82837,-8.3815,NaN,NaN,-1.6667,NaN,NaN
24.767,4.9521,61.648,-0.82837,-8.3815,NaN,NaN,-1.664,NaN,NaN
24.807,5.0688,61.271,-0.82837,-8.3815,NaN,NaN,-1.6613,NaN,NaN
24.847,5.1859,60.894,-0.82837,-8.3815,NaN,NaN,-1.6585,NaN,NaN
24.887,5.3024,60.518,-0.82837,-8.3815,NaN,NaN,-1.6558,NaN,NaN
24.927,5.4194,60.141,-0.82837,-8.3815,NaN,NaN,-1.6531,NaN,NaN
24.967,5.5361,59.765,-0.82837,-8.3815,NaN,NaN,-1.6504,NaN,NaN
25.007,5.6533,59.387,-0.82837,-8.3815,NaN,NaN,-1.6477,NaN,NaN
25.047,5.7698,59.012,-0.82837,-8.3815,NaN,NaN,-1.645,NaN,NaN
25.087,5.8868,58.635,-0.82837,-8.3815,NaN,NaN,-1.6422,NaN,NaN
25.127,6.0036,58.258,-0.82837,-8.3815,NaN,NaN,-1.6395,NaN,NaN
25.167,6.1204,57.882,NaN,NaN,NaN,NaN,-1.6368,NaN,NaN
25.207,6.0999,57.54,NaN,NaN,NaN,NaN,-1.6369,NaN,NaN
25.247,4.8539,57.34,NaN,NaN,NaN,NaN,-2.2119,NaN,NaN
25.287,4.6111,57.015,NaN,NaN,NaN,NaN,-2.2118,NaN,NaN
25.327,4.4523,56.636,NaN,NaN,NaN,NaN,-2.1598,NaN,NaN
25.367,4.2314,56.309,NaN,NaN,NaN,NaN,-2.1598,NaN,NaN
25.407,4.0122,55.981,NaN,NaN,NaN,NaN,-2.1598,NaN,NaN
25.447,3.7926,55.653,NaN,NaN,NaN,NaN,-2.1598,NaN,NaN
25.488,5.0973,55.207,NaN,NaN,NaN,NaN,-1.7321,NaN,NaN
25.527,5.0437,54.867,NaN,NaN,NaN,NaN,-1.7322,NaN,NaN
25.568,4.9132,54.512,NaN,NaN,NaN,NaN,-1.7501,NaN,NaN
25.607,4.8501,54.171,NaN,NaN,NaN,NaN,-1.75,NaN,NaN
25.648,4.7589,53.804,NaN,NaN,NaN,NaN,-1.7546,NaN,NaN
25.687,4.6949,53.461,NaN,NaN,NaN,NaN,-1.7546,NaN,NaN
25.728,5.0685,53.079,NaN,NaN,NaN,NaN,-1.6583,NaN,NaN
25.768,5.0357,52.733,NaN,NaN,NaN,NaN,-1.6583,NaN,NaN
25.808,5.1181,52.353,NaN,NaN,NaN,NaN,-1.6367,NaN,NaN
25.848,5.4919,52.08,-0.7775,-8.7467,0,0,-1.6595,0,Inf
25.888,5.4604,51.73,-0.7775,-8.7467,0,0,-1.6595,0,Inf
25.928,5.4279,51.38,-0.7773,-8.7467,0,0,-1.6594,0,Inf
25.968,5.6654,50.995,-0.35273,-8.8814,-0.0243,-0.024301,-1.6105,0.01,888.84
26.008,5.3781,50.631,-0.81242,-8.925,-0.0186,-0.018601,-1.6616,-0.0056,-1600.3
26.048,5.1697,50.282,-1.0896,-8.9255,-0.064502,-0.0645,-1.6923,-0.0162,-555.05
26.088,5.1255,49.924,-1.0981,-8.9477,-0.065402,-0.0654,-1.6929,-0.0162,-556.47
26.128,5.3797,49.535,-0.59897,-9.0257,-0.077696,-0.077701,-1.6371,0.0262,345.25
26.168,5.4012,49.161,-0.51742,-9.0584,-0.054599,-0.054603,-1.6279,0.0339,267.65
26.208,5.4939,48.795,-0.28303,-9.0829,-0.0254,-0.025401,-1.602,0.0584,155.6
26.248,5.6063,48.415,-0.027003,-9.1217,0.0094001,0.0093999,-1.5737,0.086,106.07
26.288,5.6487,48.044,0.083301,-9.1518,0.036901,0.0369,-1.5617,0.0954,95.935
26.328,5.4431,47.694,-0.31927,-9.1466,0.0261,0.026099,-1.6057,0.0396,231.11
26.368,5.4256,47.326,-0.318,-9.1639,0.0224,0.0224,-1.6055,0.0384,238.79
26.408,5.6682,46.966,0.30564,-9.186,0.056302,0.056304,-1.5376,0.1188,77.366
26.448,5.6577,46.599,0.27751,-9.2101,0.068002,0.068,-1.5407,0.1081,85.238
26.488,5.6961,46.225,0.37846,-9.2347,0.081596,0.081591,-1.5297,0.1168,79.13
26.528,5.628,45.859,0.22604,-9.2425,0.076997,0.076992,-1.5463,0.0924,100.06
26.568,5.7519,45.475,0.52473,-9.2849,0.097606,0.097589,-1.5142,0.1259,73.866
26.608,5.8777,45.098,0.83153,-9.3109,0.12401,0.12398,-1.4816,0.1575,59.352
26.648,6.0436,44.71,1.1855,-9.3393,0.15862,0.15857,-1.4443,0.1923,48.956
26.688,5.9785,44.343,1.0118,-9.3506,0.14108,0.14113,-1.4632,0.1636,57.489
26.728,5.977,43.965,0.97074,-9.3662,0.13649,0.13647,-1.4674,0.1538,61.225
26.768,5.6761,43.615,0.27973,-9.3112,0.086296,0.086291,-1.5407,0.0726,128.31
26.808,5.6882,43.242,0.30718,-9.327,0.090895,0.09089,-1.5378,0.0726,128.54
26.848,5.7026,42.869,0.33453,-9.3428,0.095395,0.095389,-1.5349,0.0726,128.77
26.888,5.716,42.495,0.36247,-9.3585,0.099794,0.099788,-1.532,0.0726,129
26.928,5.7048,42.112,0.36247,-9.3585,NaN,NaN,-1.538,NaN,NaN
26.968,5.6936,41.729,0.36247,-9.3585,NaN,NaN,-1.544,NaN,NaN
27.008,5.6823,41.346,0.36247,-9.3585,NaN,NaN,-1.55,NaN,NaN
27.048,5.6711,40.964,0.36247,-9.3585,NaN,NaN,-1.5559,NaN,NaN
27.088,5.6599,40.58,0.36247,-9.3585,NaN,NaN,-1.5619,NaN,NaN
27.128,5.6487,40.197,0.36247,-9.3585,NaN,NaN,-1.5679,NaN,NaN
27.168,5.6375,39.815,0.36247,-9.3585,NaN,NaN,-1.5739,NaN,NaN
27.208,5.6263,39.433,0.36247,-9.3585,NaN,NaN,-1.5799,NaN,NaN
27.248,5.6151,39.05,0.36247,-9.3585,NaN,NaN,-1.5859,NaN,NaN
27.288,5.6038,38.666,0.36247,-9.3585,NaN,NaN,-1.5919,NaN,NaN
27.328,5.5927,38.284,0.36247,-9.3585,NaN,NaN,-1.5978,NaN,NaN
27.368,5.5814,37.902,0.36247,-9.3585,NaN,NaN,-1.6038,NaN,NaN
27.408,5.5702,37.518,0.36247,-9.3585,NaN,NaN,-1.6098,NaN,NaN
27.448,5.559,37.137,0.36247,-9.3585,NaN,NaN,-1.6158,NaN,NaN
27.488,5.5478,36.753,0.36247,-9.3585,NaN,NaN,-1.6218,NaN,NaN
27.528,5.5366,36.372,0.36247,-9.3585,NaN,NaN,-1.6277,NaN,NaN
27.568,5.5254,35.987,0.36247,-9.3585,NaN,NaN,-1.6337,NaN,NaN
27.608,5.5142,35.606,0.36247,-9.3585,NaN,NaN,-1.6397,NaN,NaN
27.648,5.5029,35.222,0.36247,-9.3585,NaN,NaN,-1.6457,NaN,NaN
27.688,5.4918,34.841,0.36247,-9.3585,NaN,NaN,-1.6517,NaN,NaN
27.728,5.4805,34.458,0.36247,-9.3585,NaN,NaN,-1.6577,NaN,NaN
27.768,5.4693,34.074,0.36247,-9.3585,NaN,NaN,-1.6637,NaN,NaN
27.808,5.4581,33.692,0.36247,-9.3585,NaN,NaN,-1.6696,NaN,NaN
27.848,5.4469,33.309,0.36247,-9.3585,NaN,NaN,-1.6756,NaN,NaN
27.888,5.4357,32.926,NaN,NaN,NaN,NaN,-1.6816,NaN,NaN
27.928,5.3924,32.541,NaN,NaN,NaN,NaN,-1.6816,NaN,NaN
27.968,5.4764,32.202,NaN,NaN,NaN,NaN,-1.6196,NaN,NaN
28.008,5.4577,31.814,NaN,NaN,NaN,NaN,-1.6196,NaN,NaN
******-------------------------------------------------------------------------------------------------------------------****** 
TargetID: ID10
Target can not be processed due to lack of Data
******-------------------------------------------------------------------------------------------------------------------****** 
TargetID: ID11
Target can not be processed due to lack of Data
******-------------------------------------------------------------------------------------------------------------------****** 
TargetID: ID12
Relevancy: 1
tj = 34.4099
Label: 0
Comment: Target is relevant and going straight, since the velocity ratio is almost not changing
DATA:
33.01,7.3771,-17.899,-1.2545,6.2422,0,0,1.7691,0,Inf
33.05,7.3772,-17.524,-1.1011,6.2974,0.064691,0.064712,1.7437,-0.0195,-327.84
33.09,7.326,-17.276,-1.1197,6.3001,0.10349,0.10346,1.747,-0.0105,-609.41
33.13,7.281,-17.024,-1.1158,6.2949,0.11149,0.11146,1.7466,-0.0105,-608.86
33.17,7.2927,-16.715,-1.0277,6.3452,0.16724,0.16738,1.7309,-0.0155,-414.7
33.21,7.3283,-16.388,-0.91429,6.4335,0.18653,0.1867,1.7115,-0.0175,-371.32
33.25,7.3352,-16.146,-0.46768,6.3159,0.25648,0.25659,1.644,-0.1959,-32.329
33.29,7.1427,-16.013,-0.95337,6.1157,0.32688,0.32661,1.7264,-0.0405,-152.83
33.33,7.2145,-15.657,-0.75211,6.3415,0.25308,0.25338,1.6882,-0.0621,-102.83
33.37,7.1486,-15.423,-0.90378,6.3079,0.26612,0.26596,1.7138,-0.0015,-4248.2
33.41,7.112,-15.171,-0.90152,6.2986,0.28511,0.28493,1.7138,-0.0015,-4241.9
33.45,7.0752,-14.92,-0.89915,6.2894,0.3039,0.30369,1.7136,-0.0015,-4235.6
33.49,7.039,-14.668,-0.89709,6.2801,0.32258,0.32235,1.7136,-0.0015,-4229.2
33.53,6.9977,-14.413,-1.1129,6.4718,0.31051,0.31045,1.7196,0.011459,573.06
33.57,6.9545,-14.155,-0.98019,6.2799,0.29836,0.29848,1.7256,0.0245,259.42
33.61,6.9153,-13.904,-0.98536,6.272,0.31494,0.31507,1.7266,0.0245,259.14
33.65,7.143,-13.545,9.1542,10.34,0.2888,0.28884,1.6179,-0.11484,-120.26
33.69,7.3964,-13.178,0.41671,6.7722,0.26283,0.26277,1.5099,-0.2533,-26.786
33.73,7.3069,-12.967,-0.29059,6.5115,0.079107,0.079117,1.6152,-0.0784,-83.137
33.77,7.2956,-12.707,-0.26986,6.5071,0.083308,0.083318,1.612,-0.0784,-83.07
33.81,7.2852,-12.447,-0.24922,6.5026,0.087508,0.08752,1.6089,-0.0784,-83.003
33.85,7.3025,-12.145,-0.22372,6.5574,0.08509,0.085118,1.6047,-0.0718,-91.382
33.89,7.3271,-11.844,-0.18649,6.6123,0.082108,0.082116,1.5988,-0.0688,-96.147
33.93,7.3206,-11.579,-0.16856,6.613,0.086609,0.086618,1.5961,-0.0688,-96.151
33.97,7.4212,-11.219,-0.12448,6.6055,0.057396,0.057407,1.5895,-0.0584,-113.13
34.01,7.105,-10.984,-0.50756,6.3792,0.084361,0.084325,1.65,0.0279,229.37
34.05,7.325,-10.469,-0.11442,6.7747,0.039211,0.039204,1.5876,-0.0234,-289.56
34.09,7.3594,-10.165,-0.019188,6.7964,0.039511,0.039504,1.5735,-0.0372,-182.7
34.13,7.38,-9.8722,0.033424,6.8349,0.0396,0.039603,1.5658,-0.0426,-160.45
34.17,7.3817,-9.5987,0.044993,6.8332,0.0417,0.041703,1.5641,-0.0426,-160.41
34.21,7.4224,-9.2689,0.14675,6.9242,0.041811,0.041803,1.5495,-0.0543,-127.55
34.25,7.429,-8.9918,0.16162,6.9266,0.044112,0.044104,1.5474,-0.0543,-127.6
34.29,7.5047,-8.6424,0.36615,7.0623,0.049514,0.049504,1.5189,-0.0798,-88.619
34.33,7.4832,-8.394,0.23867,7.0424,0.043411,0.043403,1.5368,-0.0571,-123.4
34.37,7.5127,-8.0923,0.30674,7.0926,0.0494,0.049405,1.5275,-0.0639,-111.1
34.41,7.7681,-7.6188,1.0048,7.5332,0.15079,0.15072,1.438,-0.1455,-52.233
34.45,7.913,-7.3027,1.1497,7.5992,0.17307,0.17326,1.4204,-0.1558,-49.33
34.49,7.9605,-6.9978,1.2031,7.6298,0.18017,0.18036,1.4142,-0.1558,-49.577
34.53,8.3181,-7.232,1.5045,7.7538,0.24038,0.24113,1.3772,-0.1843,-42.856
34.57,8.3743,-6.9105,1.5297,7.8069,0.24867,0.24945,1.3754,-0.1787,-44.518
34.61,8.3692,-6.6416,1.3507,7.7233,0.19497,0.1955,1.3961,-0.1532,-51.179
34.65,8.2074,-6.3106,1.3352,7.7287,0.18447,0.18486,1.3982,-0.1452,-54.017
34.69,8.2488,-5.9791,1.2897,7.8239,0.19674,0.19719,1.4058,-0.1303,-60.855
34.73,8.2992,-5.6375,1.2755,7.9338,0.21472,0.21524,1.4097,-0.1194,-67.3
34.77,8.3501,-5.31,1.3073,7.9844,0.21871,0.21924,1.4068,-0.1177,-68.74
34.81,8.3528,-5.2716,1.3111,7.9968,0.20905,0.20964,1.4059,-0.1147,-70.65
34.85,8.3859,-4.9456,1.263,8.0188,0.19696,0.19749,1.4123,-0.1038,-78.204
34.89,8.4639,-4.4081,1.2796,8.0634,0.19685,0.19731,1.4117,-0.1004,-81.317
34.93,8.3705,-4.0711,1.2717,8.104,0.19101,0.19139,1.4134,-0.0952,-86.168
34.97,8.3819,-3.7548,1.2179,8.1272,0.17493,0.17525,1.4204,-0.0847,-97.024
35.01,8.4286,-3.4201,1.2294,8.2102,0.18123,0.18157,1.4204,-0.0812,-102.24
35.05,8.4757,-3.0618,1.2586,8.308,0.19273,0.1931,1.4187,-0.0795,-105.7
35.09,8.5246,-2.6973,1.2698,8.3846,0.19762,0.19801,1.4187,-0.0763,-111.14
35.13,8.5754,-2.3416,1.2947,8.4908,0.20932,0.20974,1.4176,-0.0744,-115.44
35.17,8.6262,-1.9441,1.3815,8.6739,0.24481,0.24534,1.4108,-0.0779,-112.75
35.21,8.7,-1.5612,1.4946,8.8318,0.27582,0.27564,1.4054,-0.0799,-112.11
******-------------------------------------------------------------------------------------------------------------------****** 
TargetID: ID14
Target can not be processed due to lack of Data
******-------------------------------------------------------------------------------------------------------------------****** 
