******-------------------------------------------------------------------------------------------------------------------****** 
Duration of the scene is: 9.7223 seconds
Original Targets Numbers in the hole Scene: 5
Number of Targets in the hole Scene after preprocessing: 9
Number of static portions: 1
******-------------------------------------------------------------------------------------------------------------------****** 
TargetID: ID01
Relevancy: 1
tj = 7.7216
Label: 0
Comment: Target is relevant and going straight, since the velocity ratio is almost not changing
DATA:
0,11.279,70.022,NaN,NaN,NaN,NaN,-1.4762,NaN,NaN
0.040002,11.298,69.655,NaN,NaN,NaN,NaN,-1.4771,NaN,NaN
0.080094,11.38,69.295,NaN,NaN,NaN,NaN,-1.4715,NaN,NaN
0.12003,12.082,69.063,1.0255,-8.6237,-0.0073996,-0.0074002,-1.4524,0,Inf
0.16011,12.181,68.706,1.0826,-8.6259,-0.0122,-0.0122,-1.446,0.0014,6209.7
0.20007,12.301,68.356,1.1522,-8.626,0.015999,0.016,-1.438,0.0022,3955.7
0.24007,12.429,67.997,1.2315,-8.6103,0.0132,0.0132,-1.4287,0.0071,1225.1
0.2801,12.543,67.63,1.2972,-8.6196,0.085796,0.085784,-1.4213,0.009,968.51
0.32022,12.557,67.297,1.2685,-8.5763,0.10599,0.10597,-1.4238,0.0121,716.49
0.36011,12.69,66.936,1.3416,-8.5877,0.19935,0.19948,-1.4162,0.0118,736.6
0.40014,12.706,66.604,1.3049,-8.5536,0.21717,0.21709,-1.419,0.0124,697.79
0.44016,12.758,66.262,1.3069,-8.5406,0.23727,0.23717,-1.4185,0.0124,696.78
0.48021,12.701,65.94,1.2184,-8.5059,0.26991,0.27015,-1.429,0.009,954.75
0.52017,12.485,65.601,0.94566,-8.5232,0.39101,0.39077,-1.4596,-0.0061,-1405.8
0.56024,12.466,65.269,0.89278,-8.4936,0.32071,0.32079,-1.4661,-0.009,-948.94
0.60019,12.445,64.914,0.82344,-8.5581,0.39341,0.39318,-1.4742,-0.0153,-561.94
0.6402,12.391,64.596,0.72465,-8.5062,0.32022,0.31999,-1.4852,-0.0215,-397.07
0.68022,12.453,64.252,0.76002,-8.5228,0.36937,0.36976,-1.4825,-0.0198,-432.15
0.72028,12.506,63.905,0.76597,-8.5361,0.31079,0.31051,-1.4807,-0.018,-476.13
0.76033,12.534,63.565,0.75964,-8.5353,0.33301,0.33269,-1.4814,-0.018,-476.06
0.80026,12.519,63.23,0.69855,-8.5294,0.29924,0.29912,-1.4885,-0.0225,-380.35
0.84027,12.618,62.874,0.76983,-8.5732,0.41437,0.41387,-1.4805,-0.0165,-521.68
0.88031,12.648,62.519,0.75533,-8.5835,0.37411,0.37391,-1.4823,-0.0177,-486.82
0.9203,12.69,62.165,0.7545,-8.6083,0.48236,0.48203,-1.4825,-0.0176,-490.98
0.96032,12.728,61.814,0.74996,-8.6049,0.41709,0.41685,-1.4831,-0.0179,-482.54
1.0003,12.757,61.47,0.74383,-8.6076,0.43748,0.43721,-1.4838,-0.0179,-482.66
1.0403,12.786,61.126,0.73771,-8.6104,0.45767,0.45738,-1.4845,-0.0179,-482.79
1.0804,12.799,60.783,0.70542,-8.6188,0.62156,0.62103,-1.488,-0.0202,-428.1
1.1204,12.614,60.495,0.37322,-8.4777,0.45936,0.45909,-1.526,-0.0501,-169.38
1.1604,12.571,60.179,0.29233,-8.4354,0.45974,0.46,-1.537,-0.0572,-147.56
1.2004,12.481,59.851,0.1192,-8.4161,0.25076,0.25069,-1.5562,-0.0698,-120.59
1.2404,12.607,59.487,0.27015,-8.4526,0.25535,0.2553,-1.5388,-0.0544,-155.46
1.2804,12.61,59.151,0.23628,-8.4259,0.14578,0.1458,-1.5428,-0.056,-150.52
1.3204,12.619,58.814,0.21728,-8.417,0.15358,0.1536,-1.545,-0.056,-150.35
1.3605,12.465,58.591,-0.0058741,-8.2474,0.094206,0.094217,-1.5717,-0.0738,-111.75
1.4005,12.363,58.277,-0.17513,-8.2481,0.17198,0.17205,-1.5923,-0.0871,-94.719
1.4405,12.327,57.941,-0.23518,-8.2875,0.0121,0.0121,-1.5991,-0.089,-93.156
1.4806,12.318,57.604,-0.26899,-8.3069,0.076297,0.0763,-1.6032,-0.0894,-92.967
1.5206,12.383,57.272,-0.18212,-8.3248,-0.022299,-0.022299,-1.5926,-0.0794,-104.87
1.5606,12.42,56.93,-0.14091,-8.3324,0.096906,0.0969,-1.5877,-0.0736,-113.23
1.6005,12.388,56.591,-0.2049,-8.3509,0.048598,0.048596,-1.5952,-0.0767,-108.91
1.6405,12.378,56.257,-0.23043,-8.3549,0.050798,0.050796,-1.5983,-0.0767,-108.97
1.6806,12.369,55.923,-0.25626,-8.3588,0.052998,0.052995,-1.6013,-0.0767,-109.03
1.7206,12.507,55.559,-0.065311,-8.3773,0.23314,0.2331,-1.5786,-0.0594,-141.04
1.7606,12.254,55.299,-0.42479,-8.2687,0.17262,0.17265,-1.6224,-0.0866,-95.608
1.8006,12.501,54.947,-0.087474,-8.2743,0.20343,0.20347,-1.5817,-0.0582,-142.18
1.8406,12.514,54.599,-0.087733,-8.3283,0.15098,0.15096,-1.5811,-0.0562,-148.2
1.8807,12.555,54.249,-0.048341,-8.358,0.24526,0.24519,-1.5761,-0.0518,-161.35
1.9207,12.637,53.894,0.054808,-8.4079,0.19163,0.1916,-1.5643,-0.043,-195.54
1.9607,12.636,53.56,0.033427,-8.4125,0.28676,0.28655,-1.5663,-0.0433,-194.29
2.0007,12.57,53.239,-0.070389,-8.3955,0.21827,0.2183,-1.5792,-0.05,-167.92
2.0407,12.742,52.868,0.15092,-8.4335,0.27236,0.27217,-1.5524,-0.0325,-259.53
2.0807,12.385,52.669,-0.31701,-8.2494,0.22274,0.22278,-1.6096,-0.066,-125.08
2.1207,12.373,52.339,-0.33893,-8.2484,0.22924,0.22929,-1.6123,-0.066,-125.08
2.1607,12.349,51.979,-0.37604,-8.3305,0.059998,0.059994,-1.6158,-0.0663,-125.78
2.2007,12.357,51.62,-0.36374,-8.3624,0.0374,0.037397,-1.6142,-0.0637,-131.4
2.2407,12.341,51.288,-0.3831,-8.3622,0.0046002,0.0045999,-1.6166,-0.0636,-131.62
2.2808,12.404,50.939,-0.29732,-8.3478,0.075204,0.075199,-1.6064,-0.056,-149.16
2.3208,12.477,50.58,-0.20522,-8.3761,0.089605,0.089587,-1.5951,-0.0482,-173.83
2.3609,12.652,50.19,0.017063,-8.4404,0.13039,0.13037,-1.5686,-0.0321,-262.94
2.4008,12.597,49.877,-0.062239,-8.4126,0.12661,0.12663,-1.5784,-0.0369,-227.99
2.4408,12.79,49.483,0.17247,-8.4714,0.18283,0.18274,-1.5501,-0.02,-423.66
2.4809,12.742,49.143,0.091915,-8.4756,0.20783,0.20772,-1.5596,-0.0248,-341.78
2.5208,12.727,48.797,0.06153,-8.477,0.19927,0.19923,-1.5632,-0.0262,-323.56
2.5609,12.669,48.478,-0.015679,-8.4489,0.16412,0.16415,-1.5729,-0.0311,-271.67
2.6009,12.672,48.136,-0.028392,-8.4352,0.14858,0.14856,-1.5739,-0.0308,-273.87
2.6408,12.669,47.79,-0.054033,-8.4413,0.17258,0.17255,-1.5769,-0.0317,-266.29
2.681,12.902,47.391,0.23032,-8.5158,0.1578,0.15775,-1.5435,-0.0122,-698.27
2.7209,12.867,47.061,0.16898,-8.494,0.13739,0.1374,-1.5509,-0.0161,-527.68
2.761,12.877,46.721,0.16358,-8.4907,0.14199,0.142,-1.5515,-0.0161,-527.47
2.8009,12.984,46.367,0.27237,-8.5008,0.1083,0.10831,-1.539,-0.0086,-988.97
2.8409,13.113,45.99,0.43051,-8.5655,0.15458,0.15464,-1.5209,0.0016,5360.2
2.881,13.112,45.649,0.39094,-8.5648,0.18488,0.18483,-1.5249,-0.0007,-12248
2.921,13.134,45.301,0.39355,-8.5588,0.18118,0.1812,-1.5248,-0.0005,-17136
2.961,13.115,44.959,0.35579,-8.5445,0.16986,0.16997,-1.5295,-0.003,-2850.6
3.001,13.106,44.62,0.31619,-8.5258,0.1515,0.15147,-1.5335,-0.005,-1706.3
3.041,13.187,44.264,0.38649,-8.5163,0.12897,0.12904,-1.5257,-0.0005,-17050
3.081,13.201,43.913,0.38181,-8.5181,0.12458,0.12458,-1.5258,-0.0005,-17053
3.1211,13.178,43.594,0.32974,-8.4791,0.11888,0.11894,-1.5321,-0.0042,-2020.4
3.1611,13.211,43.242,0.34511,-8.4876,0.13777,0.13778,-1.5299,-0.0027,-3146.2
3.201,13.222,42.909,0.33572,-8.4651,0.11628,0.11631,-1.5312,-0.0033,-2567.2
3.2411,13.265,42.563,0.37392,-8.4719,0.10097,0.10104,-1.5269,-0.0008,-10600
3.2811,13.988,42.305,0.38631,-8.512,0.095682,0.095693,-1.5252,0.0006,14201
3.3211,13.874,43.69,0.20683,-8.4743,0.085399,0.08532,-1.5441,-0.0123,-689.17
3.3611,13.853,43.353,0.085612,-8.4435,0.072616,0.072584,-1.5587,-0.0227,-371.98
3.4011,14.044,43.025,-0.059361,-8.4182,0.053334,0.053351,-1.5764,-0.0329,-255.88
3.4411,14.071,42.69,-0.04625,-8.4102,0.03846,0.03848,-1.5753,-0.0318,-264.48
3.4812,14.103,42.351,-0.025156,-8.4214,0.035062,0.035088,-1.5728,-0.0301,-279.78
3.5204,14.08,42.024,-0.077444,-8.4215,0.053162,0.053162,-1.5786,-0.0325,-259.13
3.5612,14.114,41.67,-0.054002,-8.4485,0.047132,0.047238,-1.5772,-0.0311,-271.66
3.6012,14.163,41.316,-0.0012293,-8.4472,0.042636,0.04269,-1.5698,-0.0257,-328.68
3.6412,14.158,40.982,-0.097157,-8.4065,0.046727,0.046785,-1.5811,-0.0345,-243.68
3.6812,14.106,40.673,-0.18182,-8.3525,0.045321,0.045396,-1.5913,-0.0394,-212.04
3.7203,14.077,40.339,-0.23726,-8.3673,0.040827,0.040907,-1.5981,-0.0423,-197.89
3.7613,14.025,40.039,-0.32983,-8.3179,0.051436,0.051494,-1.6091,-0.0478,-174.15
3.8003,13.996,39.729,-0.38976,-8.3002,0.044812,0.04491,-1.6165,-0.0512,-162.29
3.8412,13.997,39.392,-0.37664,-8.28,0.043113,0.043214,-1.6151,-0.0488,-169.85
3.8813,14.035,39.027,-0.22814,-8.3481,0.03503,0.035121,-1.5972,-0.0317,-263.44
3.9213,14.013,38.731,-0.27217,-8.3086,0.05655,0.056607,-1.602,-0.0338,-245.95
3.9603,13.992,38.395,-0.30543,-8.2936,0.06398,0.06411,-1.6059,-0.0351,-236.45
4.0013,14,38.063,-0.29684,-8.2733,0.047576,0.047733,-1.6054,-0.0339,-244.21
4.0404,14.024,37.72,-0.26828,-8.2792,0.03342,0.033535,-1.6023,-0.0309,-268.08
4.0806,14.006,37.395,-0.2863,-8.2681,0.035824,0.035942,-1.6044,-0.0316,-261.81
4.1214,14.015,37.057,-0.28066,-8.2824,0.035324,0.035442,-1.6037,-0.0302,-274.41
4.1614,14.006,36.724,-0.31645,-8.2929,0.038014,0.038147,-1.6079,-0.0323,-256.93
4.2004,14.038,36.371,-0.25191,-8.3218,0.030018,0.030147,-1.6003,-0.0262,-317.77
4.2414,14.06,36.039,-0.21742,-8.3065,0.032506,0.032651,-1.5961,-0.0227,-366.05
4.2805,14.123,35.698,-0.09403,-8.3052,0.067266,0.067547,-1.5803,-0.0111,-748.26
4.3214,14.167,35.343,-0.038319,-8.3503,0.063576,0.063855,-1.5737,-0.0063,-1325.5
4.3605,14.232,34.989,0.08087,-8.3749,0.091921,0.092321,-1.5586,0.0042,1994.1
4.4014,14.252,34.641,0.097255,-8.3749,0.10861,0.10908,-1.5562,0.006,1395.9
4.4414,14.272,34.292,0.13305,-8.4097,0.098247,0.098743,-1.5523,0.0084,1001.3
4.4815,14.314,33.937,0.15893,-8.4205,0.088668,0.089198,-1.5495,0.0084,1002.6
4.5206,14.338,33.595,0.20082,-8.4192,0.091504,0.092136,-1.5444,0.0115,732.31
4.5616,14.34,33.259,0.2173,-8.4312,0.093614,0.094409,-1.5424,0.0123,685.69
4.6006,14.346,32.916,0.21423,-8.4364,0.091338,0.092302,-1.5429,0.0117,721.29
4.6406,14.346,32.585,0.23173,-8.4364,0.088239,0.089423,-1.5409,0.0125,675.17
4.6817,14.389,32.24,0.28915,-8.4576,0.072184,0.073387,-1.5346,0.0163,519.17
4.7216,14.387,31.911,0.31153,-8.4602,0.061374,0.062657,-1.5323,0.0171,495.08
4.7606,14.33,31.584,0.18628,-8.4268,0.076305,0.078234,-1.5466,0.0065,1296.7
4.8007,14.259,31.414,-0.039207,-7.3266,0.12109,0.12469,-1.5718,-0.0123,-595.66
4.8407,14.245,31.062,0.017872,-7.5614,0.063513,0.065858,-1.5663,-0.0073,-1035.8
4.8816,14.268,30.724,0.10177,-7.7737,0.023652,0.024708,-1.5569,-0.0007,-11106
4.9207,14.303,30.373,0.17892,-7.9693,0.0099315,0.010456,-1.548,0.005,1594.3
4.9607,14.228,30.07,0.041857,-8.1194,0.038658,0.041039,-1.5645,-0.008,-1014.9
5.0007,14.252,29.728,0.11302,-8.2323,0.02333,0.025016,-1.5564,-0.0026,-3166.6
5.0417,14.291,29.389,0.20574,-8.354,0.043306,0.046938,-1.545,0.0043,1943.4
5.0807,14.251,29.063,0.133,-8.4211,0.052189,0.057217,-1.5536,-0.0021,-4010.5
5.1217,14.245,28.723,0.15344,-8.4714,0.028348,0.031533,-1.5519,-0.001,-8472.8
5.1607,14.231,28.382,0.17256,-8.4954,0.037204,0.041993,-1.5495,0.0007,12139
5.2018,14.246,28.041,0.22692,-8.5346,0.023873,0.027383,-1.5436,0.0043,1985.5
5.2408,14.31,27.692,0.34525,-8.5526,0.045712,0.053305,-1.5292,0.0141,607.06
5.2808,14.333,27.35,0.40505,-8.5679,0.039782,0.047229,-1.5225,0.0181,473.89
5.3208,14.332,27.012,0.41061,-8.5496,0.058403,0.070662,-1.5212,0.0183,467.73
5.3609,14.322,26.672,0.39834,-8.539,0.067117,0.082856,-1.5223,0.0169,505.82
5.4008,14.27,26.349,0.086045,-8.392,0.053786,0.067875,-1.5591,-0.019,-441.71
5.4409,14.288,26.054,0.19613,-8.4223,0.036155,0.046716,-1.5465,-0.0082,-1027.4
5.4809,14.264,25.737,0.17853,-8.3958,0.048391,0.064048,-1.5482,-0.0093,-902.98
5.5209,14.255,25.41,0.25602,-8.4217,0.02779,0.037812,-1.5396,-0.0005,-16851
5.562,14.21,25.088,0.21958,-8.4156,0.03163,0.044277,-1.5438,-0.0029,-2902.9
5.6009,14.213,24.899,0.4218,-8.4631,0.01659,0.023936,-1.5205,0.0215,394.12
5.6409,14.216,24.432,0.42369,-8.4754,0.011744,0.01749,-1.5205,0.0201,422.19
5.681,14.232,24.094,0.45758,-8.4975,0.0038503,0.0059299,-1.5169,0.0217,392.16
5.721,14.235,23.75,0.47818,-8.5192,-0.00082655,-0.0013181,-1.5147,0.0226,377.55
5.7621,14.223,23.408,0.45135,-8.5327,-0.0073894,-0.012226,-1.5182,0.0182,469.48
5.801,14.227,23.08,0.47431,-8.5272,-0.0045506,-0.0078246,-1.5154,0.0208,410.6
5.841,14.227,22.76,0.47682,-8.4917,0.011448,0.020491,-1.5144,0.0207,410.87
5.881,14.243,22.402,0.49741,-8.5252,0.0076763,0.014336,-1.5123,0.0211,404.73
5.921,14.278,22.051,0.53314,-8.525,0.016566,0.032338,-1.5078,0.0231,369.77
5.961,14.279,21.708,0.52626,-8.5514,0.012301,0.02515,-1.509,0.0214,400.35
6.001,14.236,21.435,0.47021,-8.4467,0.025492,0.054715,-1.5144,0.0164,515.84
6.042,14.279,21.084,0.71667,-8.549,-0.011799,-0.026643,-1.4875,0.0478,179.48
6.0811,14.312,20.725,0.70933,-8.5809,-0.015716,-0.037433,-1.4888,0.0431,199.77
6.1211,14.336,20.381,0.74981,-8.5932,-0.017751,-0.044701,-1.4843,0.0462,186.71
6.1611,14.373,20.032,0.77436,-8.5869,-0.0052575,-0.01404,-1.481,0.0468,184.22
6.202,13.936,19.647,0.63946,-8.5691,0.0003756,0.0010671,-1.4963,0.026,330.5
6.2412,13.963,19.318,0.65278,-8.5459,0.0023034,0.0069833,-1.4945,0.026,329.64
6.2811,13.986,18.978,0.66087,-8.5484,0.0036184,0.011759,-1.4935,0.0259,331.04
6.3211,14.002,18.632,0.64662,-8.5753,-0.011652,-0.040801,-1.4959,0.0215,399.99
6.3611,14.006,18.291,0.62997,-8.5871,-0.023396,-0.088776,-1.4983,0.0169,509.48
6.4012,14.029,17.968,0.63118,-8.5913,-0.029647,-0.1228,-1.4985,0.016,538.4
6.4412,14.03,17.626,0.60897,-8.6031,-0.038915,-0.17744,-1.5015,0.0116,743.5
6.4822,14.046,17.279,0.6368,-8.6408,-0.045641,-0.23168,-1.4988,0.0148,585.42
6.5212,14.072,16.923,0.70261,-8.6664,-0.036854,-0.21114,-1.4913,0.0242,359.29
6.5613,14.095,16.599,0.70766,-8.6228,-0.018746,-0.1232,-1.4897,0.0246,351.7
6.6012,14.117,16.244,0.7126,-8.6612,-0.023894,-0.18447,-1.4897,0.0228,381.16
6.6412,14.097,15.921,0.49551,-8.5569,-0.0033762,-0.031641,-1.5131,-0.0103,-832.16
6.6813,14.098,15.567,0.3968,-8.5948,-0.011901,-0.14235,-1.5251,-0.0267,-322.24
6.7213,14.098,15.227,0.36263,-8.578,-0.0042278,-0.070019,-1.5287,-0.0294,-292.03
6.7613,14.14,14.86,0.57492,-8.7225,-0.01427,-0.38741,-1.506,0.0042,2081.3
6.8013,14.162,14.51,0.6765,-8.7515,-0.0053184,-0.40248,-1.4946,0.0206,426.1
6.8413,14.192,14.148,0.88076,-8.9212,0.0090347,-0.84663,-1.4741,0.0494,181.47
6.8814,14.21,13.784,0.89099,-8.9694,0.032014,-0.92202,-1.4732,0.0483,186.62
6.9214,14.21,13.471,0.71158,-8.7648,0.011361,-0.19299,-1.4899,0.022,399.71
6.9614,14.218,13.136,0.66399,-8.6914,-0.0082645,0.099217,-1.4946,0.0143,609.56
7.0014,14.235,12.794,0.58439,-8.6836,-0.01833,0.16985,-1.5038,-0.0009,-9670.2
7.0414,14.242,12.447,0.50968,-8.7214,0.0056816,-0.042758,-1.5123,-0.0146,-598.37
7.0814,14.265,12.104,0.50616,-8.7239,0.0068286,-0.043163,-1.5127,-0.0146,-598.53
7.1214,14.288,11.759,0.50164,-8.7265,0.008024,-0.043676,-1.5132,-0.0146,-598.69
7.1614,14.311,11.412,0.49684,-8.7292,0.0092827,-0.044294,-1.5138,-0.0146,-598.86
7.2014,14.337,11.069,0.49104,-8.7319,0.010638,-0.045151,-1.5144,-0.0146,-599.02
7.2415,14.357,10.715,0.48456,-8.7346,0.012108,-0.046243,-1.5151,-0.0146,-599.18
7.2815,14.381,10.369,0.47824,-8.7373,0.013633,-0.047292,-1.5158,-0.0146,-599.34
7.3215,14.37,10.309,0.4745,-7.3569,-1.3164,4.0775,-1.5504,-0.0622,-118.52
7.3615,14.385,9.943,0.42779,-7.2218,-1.7473,4.8875,-1.5778,-0.0975,-74.199
7.4015,14.44,9.7188,0.69737,-6.7688,-2.8911,7.0775,-1.5989,-0.1329,-51.201
7.4415,14.422,9.3844,0.71816,-6.6499,-3.1854,7.0293,-1.6178,-0.1475,-45.346
7.4816,14.424,9.1359,0.8108,-6.4504,-3.4462,6.8993,-1.6241,-0.1475,-44.076
7.5216,14.426,8.8971,0.91471,-6.2553,-3.7134,6.7311,-1.6304,-0.1475,-42.86
7.5616,14.426,8.6667,1.0306,-6.0654,-3.99,6.52,-1.6368,-0.1475,-41.711
7.6016,14.423,8.445,1.1599,-5.8809,-4.2777,6.2613,-1.643,-0.1475,-40.639
7.6416,14.423,8.2374,1.3022,-5.703,-4.5785,5.9492,-1.6494,-0.1475,-39.66
7.6817,14.42,8.0389,1.4601,-5.5322,-4.8965,5.5755,-1.6558,-0.1475,-38.791
7.7216,14.433,7.7835,1.4601,-5.5322,NaN,NaN,-1.5647,NaN,NaN
7.7616,14.446,7.5274,1.4601,-5.5322,NaN,NaN,-1.4734,NaN,NaN
7.8016,14.459,7.2718,1.4601,-5.5322,NaN,NaN,-1.3823,NaN,NaN
7.8417,14.472,7.0159,1.4601,-5.5322,NaN,NaN,-1.2911,NaN,NaN
7.8817,14.485,6.76,1.4601,-5.5322,NaN,NaN,-1.1999,NaN,NaN
7.9217,14.497,6.5038,1.4601,-5.5322,NaN,NaN,-1.1085,NaN,NaN
7.9617,14.51,6.2484,1.4601,-5.5322,NaN,NaN,-1.0174,NaN,NaN
8.0017,14.523,5.9925,1.4601,-5.5322,NaN,NaN,-0.92622,NaN,NaN
8.0418,14.536,5.7363,1.4601,-5.5322,NaN,NaN,-0.83488,NaN,NaN
8.0818,14.549,5.4806,1.4601,-5.5322,NaN,NaN,-0.74372,NaN,NaN
8.1217,14.562,5.2249,1.4601,-5.5322,NaN,NaN,-0.65258,NaN,NaN
8.1618,14.575,4.9688,1.4601,-5.5322,NaN,NaN,-0.56126,NaN,NaN
8.2018,14.588,4.7132,1.4601,-5.5322,NaN,NaN,-0.47016,NaN,NaN
8.2418,14.601,4.4572,1.4601,-5.5322,NaN,NaN,-0.3789,NaN,NaN
8.2818,14.613,4.2015,1.4601,-5.5322,NaN,NaN,-0.28772,NaN,NaN
8.3219,14.626,3.9453,1.4601,-5.5322,NaN,NaN,-0.19638,NaN,NaN
8.3618,14.639,3.6898,NaN,NaN,NaN,NaN,-0.1053,NaN,NaN
8.4019,14.968,3.6527,NaN,NaN,NaN,NaN,-0.1059,NaN,NaN
8.4419,15.297,3.6254,NaN,NaN,NaN,NaN,-0.1064,NaN,NaN
8.4819,15.901,3.0695,7.8056,-1.716,0.031211,-0.029765,-0.2161,0,Inf
******-------------------------------------------------------------------------------------------------------------------****** 
TargetID: ID02
Target can not be processed due to lack of Data
******-------------------------------------------------------------------------------------------------------------------****** 
TargetID: ID06
Target can not be processed due to lack of Data
******-------------------------------------------------------------------------------------------------------------------****** 
TargetID: ID08
Relevancy: 0
tj = Inf
Label: -1
Comment: Target is irrelevant as it is not crossing the estimated holding line
DATA:
6.8013,-2.957,47.479,NaN,NaN,NaN,NaN,-1.6754,NaN,NaN
6.8413,-2.9823,47.23,NaN,NaN,NaN,NaN,-1.6751,NaN,NaN
6.8814,-3.0087,46.974,NaN,NaN,NaN,NaN,-1.675,NaN,NaN
6.9214,-3.0359,46.801,NaN,NaN,NaN,NaN,-1.6849,NaN,NaN
6.9614,-3.0593,46.55,NaN,NaN,NaN,NaN,-1.6847,NaN,NaN
7.0014,NaN,NaN,NaN,NaN,NaN,NaN,-1.637,NaN,NaN
7.0414,NaN,NaN,NaN,NaN,NaN,NaN,-1.579,NaN,NaN
7.0814,NaN,NaN,NaN,NaN,NaN,NaN,-1.5259,NaN,NaN
7.1214,NaN,NaN,NaN,NaN,NaN,NaN,-1.5544,NaN,NaN
7.1614,NaN,NaN,NaN,NaN,NaN,NaN,-1.5905,NaN,NaN
7.2014,-2.5221,47.464,-1.1501,-5.9145,-0.0017513,0.0074325,-1.763,0,Inf
7.2415,-2.3703,47.273,-0.85563,-5.9844,0.084931,-0.32371,-1.7128,0.0201,300.76
7.2815,-2.3331,47.229,-1.6536,-6.093,0.15701,-0.54988,-1.8211,-0.0429,-147.17
7.3215,-2.355,47.02,0.25986,-4.621,0.14896,-0.48725,-1.8057,-0.0070009,-661.1
7.3615,-2.3364,46.839,0.36273,-4.6452,0.1409,-0.42457,-1.7902,0.028928,161.07
7.4015,-2.35,46.628,-1.3432,-6.1641,0.13286,-0.36199,-1.7748,0.0648,97.357
7.4415,-2.3453,46.426,-1.2625,-6.1108,0.061185,-0.15409,-1.7745,0.0577,108.14
7.4816,-2.3427,46.138,-1.2363,-6.8472,1.263,-2.9196,-1.7494,0.1326,52.473
7.5216,-2.2905,45.747,-1.0669,-7.7482,2.5982,-5.5937,-1.7076,0.2096,37.315
7.5616,-2.2832,45.332,-0.071242,-8.2618,3.0002,-5.5913,-1.6905,0.2222,37.183
7.6016,-2.3162,45.044,-0.94574,-8.2716,2.9864,-5.7409,-1.6846,0.2178,38.225
7.6416,-2.2733,44.627,-1.8125,-9.055,5.0482,-10.624,-1.6296,0.3291,28.06
7.6817,-2.3153,44.232,-1.7417,-9.9658,5.6224,-10.547,-1.6191,0.3266,30.976
7.7216,-2.4083,43.825,-2.8755,-10.35,5.5486,-10.116,-0.62104,0.2473,43.44
7.7616,-2.5425,43.404,-3.7901,-10.665,5.4747,-9.6852,0.37908,0.16783,67.441
7.8016,-2.7086,42.973,-4.4821,-10.909,5.4009,-9.2547,1.3778,0.08847,133.31
7.8417,-2.8981,42.533,-4.9533,-11.082,5.327,-8.8238,2.3776,0.0090332,1343.8
7.8817,-3.102,42.087,-5.2029,-11.184,5.2531,-8.393,3.3769,-0.07037,-175.29
7.9217,-3.3118,41.638,-5.2309,-11.216,5.1791,-7.9616,4.3778,-0.1499,-82.558
7.9617,-3.4461,41.147,-5.4312,-11.523,5.3618,-7.9527,4.3707,-0.1505,-84.646
8.0017,-3.6477,40.622,-6.1925,-11.62,5.2556,-7.5812,4.3158,-0.217,-60.678
8.0418,-3.8785,40.521,-5.7006,-11.745,4.7237,-6.4761,4.3496,-0.1707,-76.481
8.0818,-4.0173,40.033,-5.7119,-11.461,4.3645,-5.9734,4.3363,-0.1809,-70.787
8.1217,-4.1478,39.541,-5.8443,-11.602,4.2581,-5.6322,4.327,-0.1858,-69.92
8.1618,-4.1129,39.235,-4.8317,-11.608,3.043,-3.6941,4.3763,-0.1201,-104.69
8.2018,-4.2914,38.691,-3.5863,-12.428,3.4705,-3.4149,4.372,-0.1201,-107.7
8.2418,-4.4324,38.282,-3.7942,-12.006,2.2844,-2.2702,4.3648,-0.1271,-99.067
8.2818,-4.5877,37.844,-3.9044,-12.074,2.2852,-2.221,4.3589,-0.1271,-99.839
8.3219,-4.5229,37.48,-4.4256,-11.551,2.3572,-2.603,4.3915,-0.0854,-144.84
8.3618,-4.4498,37.265,5.3412,-2.0646,0.60237,-0.74788,4.4669,-0.00060399,-9480.9
8.4019,-4.3152,37.085,-1.3737,-9.7906,-1.1567,1.1118,4.5424,0.0844,117.14
******-------------------------------------------------------------------------------------------------------------------****** 
TargetID: ID04
Target can not be processed due to lack of Data
******-------------------------------------------------------------------------------------------------------------------****** 
TargetID: ID11
Target can not be processed due to lack of Data
******-------------------------------------------------------------------------------------------------------------------****** 
TargetID: ID12
Target can not be processed due to lack of Data
******-------------------------------------------------------------------------------------------------------------------****** 
TargetID: ID05
Target can not be processed due to lack of Data
******-------------------------------------------------------------------------------------------------------------------****** 
