******-------------------------------------------------------------------------------------------------------------------****** 
Duration of the scene is: 9.9224 seconds
Original Targets Numbers in the hole Scene: 15
Number of Targets in the hole Scene after preprocessing: 42
Number of static portions: 1
******-------------------------------------------------------------------------------------------------------------------****** 
TargetID: ID01
Relevancy: 1
tj = 6.2011
Label: 0
Comment: Target is relevant and going straight, since target is crossing Ego X-axis in EFC
DATA:
1.2004,19.405,30.257,NaN,NaN,NaN,NaN,-2.0784,NaN,NaN
1.2394,19.398,30.052,NaN,NaN,NaN,NaN,-1.9165,NaN,NaN
1.2795,19.066,30.054,NaN,NaN,NaN,NaN,-2.422,NaN,NaN
1.3195,18.625,30.101,NaN,NaN,NaN,NaN,-2.7798,NaN,NaN
1.3595,19.15,29.596,NaN,NaN,NaN,NaN,-1.8773,NaN,NaN
1.3995,18.985,29.464,NaN,NaN,NaN,NaN,-2.0034,NaN,NaN
1.4396,18.994,29.263,NaN,NaN,NaN,NaN,-1.9219,NaN,NaN
1.4804,19.124,29.004,NaN,NaN,NaN,NaN,-1.7611,NaN,NaN
1.5196,18.765,28.972,NaN,NaN,NaN,NaN,-2.0179,NaN,NaN
1.5596,18.602,28.816,NaN,NaN,NaN,NaN,-2.0733,NaN,NaN
1.5997,18.462,28.66,NaN,NaN,NaN,NaN,-2.1055,NaN,NaN
1.6395,18.41,28.489,NaN,NaN,NaN,NaN,-2.0792,NaN,NaN
1.6796,18.176,28.439,NaN,NaN,NaN,NaN,-2.175,NaN,NaN
1.7196,17.96,28.365,NaN,NaN,NaN,NaN,-2.2415,NaN,NaN
1.7597,18.022,28.092,NaN,NaN,NaN,NaN,-2.1335,NaN,NaN
1.7996,17.983,27.899,NaN,NaN,NaN,NaN,-2.0993,NaN,NaN
1.8406,17.871,27.746,NaN,NaN,NaN,NaN,-2.1063,NaN,NaN
1.8796,17.757,27.582,NaN,NaN,NaN,NaN,-2.1114,NaN,NaN
1.9197,18.125,27.558,-2.6595,-4.0492,0,0,-2.1519,0,Inf
1.9597,18.019,27.387,-2.691,-4.132,-0.2099,-0.20912,-2.1483,0.0016,3081.8
2.0007,17.918,27.191,-2.7088,-4.2003,-0.32823,-0.32702,-2.144,0.0027,1851.1
2.0397,17.82,27.007,-2.7245,-4.2677,-0.43344,-0.43175,-2.139,0.0038,1332.4
2.0808,17.62,26.903,-2.8602,-4.1024,-0.18617,-0.18543,-2.1796,-0.0047,-1064
2.1197,17.499,26.749,-2.8894,-4.0831,-0.17076,-0.17005,-2.1868,-0.0074,-675.95
2.1608,17.519,26.492,-2.6578,-4.2855,-0.24902,-0.24801,-2.1263,0.0181,278.61
2.1997,17.447,26.289,-2.6499,-4.3719,-0.33218,-0.33074,-2.1153,0.0191,267.66
2.2398,17.312,26.125,-2.694,-4.3555,-0.28676,-0.28549,-2.1251,0.0155,330.41
2.2798,17.194,25.946,-2.7451,-4.4006,-0.35457,-0.35297,-2.1281,0.0125,414.93
2.3198,17.012,25.811,-2.8907,-4.3345,-0.35622,-0.35464,-2.1593,-0.0129,-403.87
2.3598,16.984,25.578,-2.6759,-4.4621,-0.27531,-0.27413,-2.1113,0.0421,123.59
2.4009,16.95,25.346,-2.4954,-4.5722,-0.21906,-0.21817,-2.0707,0.0882,59.058
2.4398,16.81,25.188,-2.5119,-4.5586,-0.17304,-0.17233,-2.0742,0.0917,56.76
2.4799,16.293,26.035,-2.7686,-4.3633,-0.11783,-0.11741,-2.1372,0.0019,2719.8
2.5199,16.189,25.867,-2.7821,-4.3204,-0.054118,-0.053893,-2.1434,-0.007,-734.09
2.5599,16.086,25.687,-2.8079,-4.3105,-0.061834,-0.061578,-2.1487,-0.018,-285.8
2.5999,15.949,25.56,-2.9724,-4.214,-0.096195,-0.095821,-2.1858,-0.067,-76.968
2.6399,15.877,25.342,-3.0098,-4.2529,-0.16672,-0.16596,-2.1878,-0.0816,-63.85
2.6799,15.748,25.178,-3.0926,-4.2181,-0.20717,-0.20631,-2.2047,-0.1025,-51.028
2.7199,15.66,24.982,-3.1014,-4.2409,-0.20622,-0.20527,-2.2034,-0.1002,-52.435
2.7599,15.448,24.838,-3.3093,-4.0566,-0.17138,-0.17064,-2.2558,-0.1608,-32.557
2.8,15.283,24.697,-3.4075,-4.0064,-0.21687,-0.21596,-2.2763,-0.1764,-29.816
2.84,15.179,24.515,-3.4155,-4.0071,-0.19102,-0.1902,-2.2772,-0.1714,-30.719
2.881,15.008,24.38,-3.5066,-3.9366,-0.19561,-0.19479,-2.2989,-0.1883,-27.997
2.92,14.814,24.247,-3.639,-3.8473,-0.21505,-0.21415,-2.3286,-0.2119,-24.991
2.9611,14.637,24.11,-3.7381,-3.7729,-0.22046,-0.21954,-2.3516,-0.2281,-23.284
3.0001,14.374,24.005,-3.9906,-3.6427,-0.35896,-0.35746,-2.4012,-0.2681,-20.154
3.04,14.213,23.886,-3.9667,-3.6549,-0.29652,-0.29529,-2.3966,-0.2489,-21.671
3.0801,14.098,23.723,-3.9253,-3.6655,-0.24802,-0.24698,-2.3901,-0.2331,-23.04
3.1211,13.961,23.563,-3.9269,-3.6802,-0.25884,-0.25776,-2.3883,-0.2215,-24.297
3.1601,13.784,23.433,-3.9961,-3.6338,-0.27448,-0.27333,-2.4032,-0.2274,-23.752
3.2001,13.568,23.311,-4.1493,-3.5616,-0.35397,-0.35248,-2.4313,-0.2448,-22.337
3.2401,13.396,23.157,-4.2184,-3.5563,-0.40539,-0.40369,-2.4399,-0.2426,-22.743
3.2801,13.223,23.021,-4.2639,-3.5396,-0.42775,-0.42595,-2.4474,-0.2401,-23.081
3.3201,13.117,22.86,-4.1992,-3.5957,-0.41053,-0.40873,-2.4324,-0.2169,-25.488
3.3602,12.977,22.698,-4.1989,-3.6254,-0.42001,-0.41825,-2.4283,-0.2049,-27.074
3.4002,13.393,23.105,-4.3193,-3.6,-0.49531,-0.49335,-2.4438,-0.2104,-26.724
3.4402,13.216,22.957,-4.3722,-3.6049,-0.55866,-0.55629,-2.4486,-0.2063,-27.468
3.4802,13.028,22.807,-4.4682,-3.5998,-0.63182,-0.62912,-2.4591,-0.2071,-27.706
3.5202,12.873,22.672,-4.4312,-3.6422,-0.63458,-0.63188,-2.4497,-0.1926,-29.781
3.5602,12.589,22.61,-4.7244,-3.5705,-0.80052,-0.79799,-2.4944,-0.2217,-26.711
3.6002,12.395,22.474,-4.7887,-3.5528,-0.80599,-0.80355,-2.5033,-0.2217,-26.896
3.6402,12.062,22.489,-5.0332,-3.4713,-0.93987,-0.93874,-2.5486,-0.2504,-24.418
3.6802,11.854,22.36,-5.1048,-3.4494,-0.94575,-0.94493,-2.5586,-0.2504,-24.604
3.7203,11.642,22.233,-5.1762,-3.4265,-0.95152,-0.95103,-2.5686,-0.2504,-24.79
3.7603,11.401,22.093,-5.3909,-3.3729,-1.4168,-1.404,-2.5665,-0.2387,-26.641
3.8003,11.2,21.958,-5.4899,-3.4304,-1.4459,-1.4378,-2.5671,-0.2324,-27.855
3.8403,11.005,21.82,-5.5259,-3.4754,-1.4828,-1.4746,-2.5642,-0.2241,-29.13
3.8803,10.752,21.707,-5.7402,-3.4322,-1.5077,-1.505,-2.5855,-0.2328,-28.728
3.9203,10.523,21.575,-5.8207,-3.4043,-1.4764,-1.4738,-2.5951,-0.2332,-28.915
3.9604,10.364,21.421,-5.7111,-3.4737,-1.3476,-1.3448,-2.5801,-0.2182,-30.635
4.0003,10.177,21.266,-5.6664,-3.5075,-1.3631,-1.3556,-2.5727,-0.2072,-32.163
4.0403,9.9656,21.112,-5.7263,-3.5468,-1.4247,-1.4168,-2.5721,-0.2009,-33.528
4.0804,9.7393,20.967,-5.8227,-3.5692,-1.524,-1.5154,-2.5759,-0.1978,-34.528
4.1204,9.5254,20.826,-5.8981,-3.5969,-1.4458,-1.4428,-2.579,-0.1954,-35.355
4.1604,9.3178,20.68,-5.9031,-3.6023,-1.3626,-1.3595,-2.5795,-0.1916,-36.093
4.2004,9.1077,20.534,-5.9147,-3.6009,-1.2863,-1.2833,-2.5813,-0.1886,-36.716
4.2404,8.8828,20.393,-5.9752,-3.5919,-1.2809,-1.2779,-2.5868,-0.1877,-37.143
4.2805,8.6449,20.253,-6.0614,-3.5886,-1.3253,-1.3224,-2.593,-0.1869,-37.689
4.3205,8.3859,20.115,-6.1805,-3.5682,-1.3764,-1.3735,-2.6032,-0.1882,-37.92
4.3605,8.2024,19.939,-6.1209,-3.6481,-1.3503,-1.3472,-2.5903,-0.1764,-40.394
4.4005,7.9821,19.786,-6.1928,-3.6865,-1.4625,-1.4594,-2.59,-0.1721,-41.877
4.4405,8.1603,19.425,-5.2142,-4.1028,-0.9333,-0.92986,-2.4696,-0.1014,-65.432
4.4805,8.0421,19.2,-5.0795,-4.2095,-0.94488,-0.94124,-2.4453,-0.0851,-77.521
4.5205,7.8921,18.971,-5.1101,-4.3192,-1.1545,-1.1501,-2.4354,-0.077,-86.895
4.5606,7.6756,18.805,-5.2517,-4.3407,-1.2548,-1.25,-2.4456,-0.0812,-83.909
4.6006,7.5598,18.58,-5.1287,-4.4679,-1.292,-1.2869,-2.421,-0.0648,-104.97
4.6406,7.3467,18.401,-5.2162,-4.5603,-1.4628,-1.457,-2.419,-0.0613,-113.03
4.6806,7.2618,18.17,-5.0111,-4.6658,-1.3357,-1.3302,-2.3898,-0.043,-159.23
4.7206,7.0602,17.987,-5.0626,-4.7009,-1.3134,-1.308,-2.3912,-0.0428,-161.42
4.7606,6.9316,17.749,-4.961,-4.8331,-1.3407,-1.3351,-2.3686,-0.0278,-249.14
4.8006,6.872,17.5,-4.7267,-4.9276,-1.161,-1.1562,-2.3366,-0.0077,-886.77
4.8406,6.777,17.266,-4.5003,-4.9931,-0.95084,-0.94699,-2.3068,0.0112,600.17
4.8807,6.6694,17.028,-4.3248,-5.0676,-0.82941,-0.82619,-2.2805,0.0276,241.38
4.9207,6.5218,16.794,-4.2635,-5.1589,-0.83955,-0.83642,-2.2653,0.0369,181.37
4.9607,6.3331,16.601,-4.0913,-5.2624,-0.77833,-0.7757,-2.2364,0.0552,120.76
5.0007,6.2384,16.342,-4.0208,-5.38,-0.85121,-0.84865,-2.2185,0.0651,103.17
5.0408,6.1568,16.089,-3.9222,-5.4664,-0.83168,-0.82944,-2.1997,0.0756,88.994
5.0807,5.743,15.157,-3.7984,-5.5328,-0.7274,-0.72536,-2.176,0.0896,74.902
5.1207,5.656,14.903,-3.6722,-5.5836,-0.61827,-0.6166,-2.1559,0.1007,66.365
5.1607,5.5404,14.626,-3.5518,-5.65,-0.5455,-0.54409,-2.1352,0.1122,59.48
5.2008,5.4063,14.388,-3.5136,-5.7028,-0.51524,-0.51392,-2.1261,0.1154,58.044
5.2408,5.3296,14.129,-3.4153,-5.7657,-0.47805,-0.47689,-2.1087,0.1241,53.999
5.2808,5.2357,13.874,-3.2988,-5.8414,-0.40306,-0.40153,-2.0877,0.1355,49.509
5.3208,5.1336,13.626,-3.1679,-5.8407,-0.2765,-0.27573,-2.0699,0.1445,45.983
5.3608,5.0092,13.403,-3.116,-5.8304,-0.17533,-0.17476,-2.063,0.1457,45.373
5.4008,4.956,13.133,-2.9763,-5.8778,-0.13676,-0.13631,-2.0407,0.1573,41.884
5.4408,4.8782,12.877,-2.8699,-5.9073,-0.089483,-0.089148,-2.0238,0.165,39.804
5.4809,4.8462,12.6,-2.7042,-5.9456,-0.038185,-0.038021,-1.998,0.1788,36.531
5.5209,4.7975,12.324,-2.5663,-5.9942,-0.023452,-0.02335,-1.9756,0.1896,34.39
5.5609,4.7424,12.058,-2.4435,-6.0208,0.0055132,0.0054867,-1.9563,0.1981,32.801
5.6009,4.745,11.856,-2.2588,-6.1267,-0.025467,-0.025342,-1.9243,0.2151,30.357
5.6409,4.7022,11.587,-2.1407,-6.2163,-0.0745,-0.074157,-1.9034,0.2238,29.377
5.681,4.6415,11.325,-2.0382,-6.2644,-0.0719,-0.071556,-1.8863,0.2296,28.692
5.7209,4.5893,11.061,-1.9275,-6.3027,-0.059168,-0.058872,-1.8684,0.236,27.927
5.761,4.5395,10.793,-1.8228,-6.3356,-0.048918,-0.048697,-1.8516,0.2412,27.332
5.801,4.4574,10.533,-1.7325,-6.3468,-0.018149,-0.018053,-1.8376,0.2447,26.886
5.841,4.4269,10.269,-1.6245,-6.3653,-0.0028081,-0.0027915,-1.8207,0.25,26.277
5.8811,4.3691,10.025,-1.5236,-6.3322,0.045953,0.045633,-1.8062,0.2539,25.651
5.921,4.2906,9.7717,-1.4571,-6.3422,0.046365,0.046021,-1.7959,0.2541,25.61
5.961,4.2247,9.5249,-1.3818,-6.3314,0.060034,0.059542,-1.7847,0.2552,25.394
6.001,4.1811,9.2628,-1.2961,-6.3434,0.056325,0.055854,-1.7714,0.2575,25.144
6.041,4.1083,9.0422,-1.3038,-6.356,0.023793,0.023604,-1.7727,0.2486,26.099
6.0811,4.1278,8.7558,-1.1611,-6.3697,0.043487,0.0431,-1.7503,0.2578,25.115
6.1211,4.1092,8.4813,-1.0101,-6.3362,0.075889,0.075074,-1.7275,0.268,23.941
6.1611,4.0848,8.221,-0.91888,-6.3258,0.074406,0.073558,-1.7136,0.2704,23.64
6.2011,4.0568,7.9632,-0.84751,-6.3206,0.067686,0.066884,-1.7028,0.2704,23.584
6.2411,4.0396,7.7035,-0.74871,-6.2877,0.071243,0.070325,-1.6879,0.2737,23.135
6.2811,4.0345,7.4445,-0.6536,-6.2525,0.070577,0.069591,-1.6735,0.2764,22.744
6.3211,4.0331,7.1815,-0.5464,-6.2211,0.064662,0.063712,-1.657,0.2805,22.264
6.3612,4.0401,6.9163,-0.43197,-6.1857,0.055425,0.054557,-1.6393,0.2854,21.727
6.4012,4.0519,6.6443,-0.32008,-6.1897,0.037903,0.037288,-1.6216,0.2899,21.38
6.4412,4.0542,6.3968,-0.24534,-6.1597,0.028037,0.027559,-1.61,0.2899,21.264
6.4812,4.0694,6.1419,-0.15947,-6.1205,0.018162,0.017834,-1.5964,0.2913,21.018
6.5212,4.0735,5.898,-0.085861,-6.0864,0.007672,0.0075274,-1.5847,0.2913,20.896
6.5612,4.0702,5.6551,-0.01369,-6.0514,-0.0028275,-0.0027719,-1.5731,0.2913,20.774
6.6013,4.1866,5.3779,0.28047,-5.9534,-0.064381,-0.063028,-1.5254,0.3164,18.837
6.6412,4.1995,5.1419,0.35636,-5.9057,-0.079738,-0.077997,-1.5127,0.3164,18.699
6.6813,4.213,4.9072,0.43056,-5.8571,-0.095023,-0.092873,-1.5001,0.3164,18.561
6.7213,4.2281,4.6755,0.50391,-5.8075,-0.11021,-0.10768,-1.4874,0.3164,18.424
6.7613,4.2451,4.4451,0.5764,-5.7572,-0.12521,-0.12232,-1.4747,0.3164,18.287
6.8014,4.2709,4.2176,0.64761,-5.7059,-0.14001,-0.13679,-1.462,0.3164,18.15
6.8413,4.2913,3.9918,0.71717,-5.654,-0.15473,-0.15119,-1.4494,0.3164,18.013
6.8814,4.3159,3.7684,0.78601,-5.6012,-0.16933,-0.16555,-1.4367,0.3164,17.876
6.9213,4.3452,3.5474,0.85368,-5.5476,-0.18384,-0.17985,-1.424,0.3164,17.74
6.9613,4.3786,3.3288,0.92039,-5.4933,-0.19848,-0.19427,-1.4114,0.3164,17.604
7.0014,4.8571,3.0212,1.5568,-5.7896,-0.11987,-0.11593,-1.3044,0.379,15.819
7.0414,5.1757,2.7706,1.8979,-5.6914,-0.17632,-0.16968,-1.2433,0.4073,14.73
7.0814,5.2185,2.4887,1.9891,-5.7472,-0.054712,-0.053136,-1.2357,0.4023,15.117
7.1214,5.4954,2.2493,2.2742,-5.683,-0.075501,-0.073217,-1.1876,0.4211,14.536
7.1614,5.4341,2.1582,2.1865,-5.5388,-0.056651,-0.055016,-1.1928,0.408,14.595
7.2015,5.5535,1.9721,2.177,-5.4203,-0.010633,-0.010368,-1.1884,0.4003,14.592
7.2414,5.6994,1.6303,2.177,-5.4203,NaN,NaN,-1.1802,NaN,NaN
7.2815,5.8458,1.2873,2.177,-5.4203,NaN,NaN,-1.172,NaN,NaN
7.3215,5.9916,0.94579,2.177,-5.4203,NaN,NaN,-1.1637,NaN,NaN
7.3616,6.138,0.60298,2.177,-5.4203,NaN,NaN,-1.1555,NaN,NaN
7.4015,6.284,0.26097,2.177,-5.4203,NaN,NaN,-1.1473,NaN,NaN
7.4415,6.4299,-0.080848,2.177,-5.4203,NaN,NaN,-1.1391,NaN,NaN
7.4816,6.5762,-0.4236,2.177,-5.4203,NaN,NaN,-1.1309,NaN,NaN
7.5216,6.7222,-0.76559,2.177,-5.4203,NaN,NaN,-1.1226,NaN,NaN
7.5616,6.8683,-1.1078,2.177,-5.4203,NaN,NaN,-1.1144,NaN,NaN
7.6016,7.0145,-1.4504,2.177,-5.4203,NaN,NaN,-1.1062,NaN,NaN
7.6416,7.1603,-1.792,2.177,-5.4203,NaN,NaN,-1.098,NaN,NaN
7.6816,7.3067,-2.1348,2.177,-5.4203,NaN,NaN,-1.0897,NaN,NaN
7.7217,7.4528,-2.4771,2.177,-5.4203,NaN,NaN,-1.0815,NaN,NaN
7.7617,7.5989,-2.8193,NaN,NaN,NaN,NaN,-1.0733,NaN,NaN
7.8017,7.8166,-3.1313,NaN,NaN,NaN,NaN,-1.0668,NaN,NaN
7.8416,8.424,-3.239,3.7011,-6.1238,0,0,-1.0272,0,Inf
7.8818,8.5674,-2.5898,3.6855,-6.0641,-0.016096,-0.015711,-1.0251,-0.0086,-825.14
7.9217,8.7147,-2.8314,3.6835,-6.0639,-0.016399,-0.016007,-1.0253,-0.0086,-825
7.9617,8.9275,-3.2156,3.6171,-6.3167,0.036626,0.035737,-1.0507,0.005,1455.8
8.0017,9.0733,-3.4658,3.6221,-6.3182,0.033289,0.03248,-1.0503,0.005,1456.6
8.0417,9.2197,-3.7149,3.6275,-6.3194,0.02985,0.029124,-1.0497,0.005,1457.3
8.0817,9.3668,-3.9631,3.6337,-6.3201,0.026411,0.025768,-1.049,0.005,1458
8.1218,9.0962,-4.6407,3.6337,-6.3201,NaN,NaN,-1.1319,NaN,NaN
8.1618,8.8265,-5.3162,NaN,NaN,NaN,NaN,-1.2145,NaN,NaN
8.2018,8.8567,-5.4284,NaN,NaN,NaN,NaN,-1.1904,NaN,NaN
8.2418,9.0001,-5.7314,NaN,NaN,NaN,NaN,-1.1904,NaN,NaN
8.2819,9.121,-6.0344,NaN,NaN,NaN,NaN,-1.1904,NaN,NaN
8.3219,9.2589,-6.3383,NaN,NaN,NaN,NaN,-1.1905,NaN,NaN
8.3618,9.3793,-6.6406,NaN,NaN,NaN,NaN,-1.1905,NaN,NaN
8.4019,9.4965,-6.9442,NaN,NaN,NaN,NaN,-1.1905,NaN,NaN
******-------------------------------------------------------------------------------------------------------------------****** 
TargetID: ID16
Target can not be processed due to lack of Data
******-------------------------------------------------------------------------------------------------------------------****** 
TargetID: ID17
Target can not be processed due to lack of Data
******-------------------------------------------------------------------------------------------------------------------****** 
TargetID: ID19
Target can not be processed due to lack of Data
******-------------------------------------------------------------------------------------------------------------------****** 
TargetID: ID20
Target can not be processed due to lack of Data
******-------------------------------------------------------------------------------------------------------------------****** 
TargetID: ID21
Target can not be processed due to lack of Data
******-------------------------------------------------------------------------------------------------------------------****** 
TargetID: ID22
Relevancy: 0
tj = Inf
Label: -1
Comment: Target is irrelevant as it is not crossing the estimated holding line
DATA:
0.36018,4.2296,4.5294,NaN,NaN,NaN,NaN,-1.2126,NaN,NaN
0.40031,4.8004,4.3002,2.9602,-8.2226,0,0,-1.2252,0,Inf
0.44012,4.5255,3.9205,2.9602,-8.2226,NaN,NaN,-1.2476,NaN,NaN
0.48013,4.2492,3.5389,NaN,NaN,NaN,NaN,-1.2701,NaN,NaN
0.52015,4.8886,3.4245,2.3074,-7.8178,0,0,-1.2838,0,Inf
0.56023,5.0629,3.7792,2.0153,-7.6853,0.050192,0.049958,-1.3137,-0.0668,-118.94
0.59934,5.4066,3.568,1.6043,-7.5537,0.096878,0.096445,-1.3603,-0.2037,-37.91
0.6404,5.4177,3.3032,1.054,-7.4925,0.12854,0.128,-1.4294,-0.47,-16.099
0.68026,4.9559,2.6549,1.054,-7.4925,NaN,NaN,-1.3692,NaN,NaN
0.72024,4.4925,2.0044,NaN,NaN,NaN,NaN,-1.3088,NaN,NaN
0.75929,4.9779,1.8345,1.8998,-7.5621,0,0,-1.3247,0,Inf
0.79941,5.0403,1.59,1.8998,-7.5621,NaN,NaN,-1.3275,NaN,NaN
0.83939,5.1025,1.3462,1.8998,-7.5621,NaN,NaN,-1.3304,NaN,NaN
0.88047,5.1663,1.0958,1.8998,-7.5621,NaN,NaN,-1.3333,NaN,NaN
0.91945,5.2269,0.85814,1.8998,-7.5621,NaN,NaN,-1.336,NaN,NaN
0.95938,5.289,0.6147,1.8998,-7.5621,NaN,NaN,-1.3389,NaN,NaN
0.99936,5.3512,0.37094,1.8998,-7.5621,NaN,NaN,-1.3417,NaN,NaN
1.0404,5.4149,0.12107,1.8998,-7.5621,NaN,NaN,-1.3446,NaN,NaN
1.0794,5.4757,-0.11714,1.8998,-7.5621,NaN,NaN,-1.3474,NaN,NaN
1.1204,5.5394,-0.36717,1.8998,-7.5621,NaN,NaN,-1.3503,NaN,NaN
1.1594,5.6,-0.60474,1.8998,-7.5621,NaN,NaN,-1.353,NaN,NaN
1.2004,5.6638,-0.85481,1.8998,-7.5621,NaN,NaN,-1.3559,NaN,NaN
1.2394,5.7244,-1.0926,1.8998,-7.5621,NaN,NaN,-1.3587,NaN,NaN
1.2795,5.7867,-1.3368,1.8998,-7.5621,NaN,NaN,-1.3615,NaN,NaN
1.3195,5.8488,-1.5804,1.8998,-7.5621,NaN,NaN,-1.3644,NaN,NaN
1.3595,5.9111,-1.8248,1.8998,-7.5621,NaN,NaN,-1.3672,NaN,NaN
1.3995,5.9733,-2.0684,1.8998,-7.5621,NaN,NaN,-1.37,NaN,NaN
1.4396,6.0355,-2.3126,1.8998,-7.5621,NaN,NaN,-1.3729,NaN,NaN
1.4804,6.099,-2.5616,1.8998,-7.5621,NaN,NaN,-1.3758,NaN,NaN
1.5196,6.16,-2.8005,1.8998,-7.5621,NaN,NaN,-1.3785,NaN,NaN
1.5596,6.2221,-3.0443,1.8998,-7.5621,NaN,NaN,-1.3814,NaN,NaN
1.5997,6.2845,-3.2888,NaN,NaN,NaN,NaN,-1.3842,NaN,NaN
1.6395,7.3084,-4.1855,2.0754,-9.291,0,0,-1.351,0,Inf
1.6796,7.4027,-4.5986,2.2929,-10.222,0.032462,0.032337,-1.3501,0.0537,195.08
1.7196,7.4207,-3.3302,3.1137,-9.2685,0.033667,0.033507,-1.246,0.1433,68.231
1.7597,7.6502,-3.705,3.2043,-9.217,0.0083163,0.0082821,-1.236,0.1229,79.399
1.7996,7.7831,-4.0715,3.2511,-9.2025,0.0054103,0.0053886,-1.2311,0.1229,79.414
1.8406,7.9175,-4.4378,3.2977,-9.1879,0.0026052,0.0025952,-1.2261,0.1229,79.428
1.8796,8.0542,-4.8032,3.3444,-9.1729,-0.00030079,-0.00029937,-1.2212,0.1229,79.443
1.9197,8.1924,-5.1687,3.3906,-9.1578,-0.0031058,-0.0030948,-1.2163,0.1229,79.457
******-------------------------------------------------------------------------------------------------------------------****** 
TargetID: ID23
Target can not be processed due to lack of Data
******-------------------------------------------------------------------------------------------------------------------****** 
TargetID: ID24
Relevancy: 1
tj = 3.7203
Label: 0
Comment: Target is relevant and going straight, since target is crossing Ego X-axis in EFC
DATA:
1.0794,11.42,21.087,NaN,NaN,NaN,NaN,-2.0101,NaN,NaN
1.1204,10.636,21.332,NaN,NaN,NaN,NaN,-2.9473,NaN,NaN
1.1594,11.117,20.916,NaN,NaN,NaN,NaN,-2.1434,NaN,NaN
1.2004,10.049,21.253,NaN,NaN,NaN,NaN,-2.9634,NaN,NaN
1.2394,10.456,20.813,NaN,NaN,NaN,NaN,-2.5104,NaN,NaN
1.2795,10.468,20.537,NaN,NaN,NaN,NaN,-2.332,NaN,NaN
1.3195,10.356,20.366,NaN,NaN,NaN,NaN,-2.3028,NaN,NaN
1.3595,10.193,20.193,NaN,NaN,NaN,NaN,-2.3098,NaN,NaN
1.3995,9.8353,20.146,NaN,NaN,NaN,NaN,-2.4495,NaN,NaN
1.4396,9.762,19.91,NaN,NaN,NaN,NaN,-2.3797,NaN,NaN
1.4804,10.098,19.85,-4.1781,-3.7084,0,0,-2.4157,0,Inf
1.5196,9.8299,19.727,-4.418,-3.6341,-0.046888,-0.046711,-2.4533,0.0113,506.25
1.5596,9.6516,19.575,-4.3989,-3.7444,-0.39645,-0.39495,-2.4364,0.0643,89.841
1.5997,9.511,19.392,-4.3464,-3.8891,-0.67487,-0.67232,-2.4118,0.1049,55.599
1.6395,9.35,19.226,-4.3388,-3.9922,-0.82375,-0.82063,-2.3979,0.1291,45.67
1.6796,9.1856,19.054,-4.3295,-4.0972,-0.92425,-0.92075,-2.3838,0.1507,39.554
1.7196,9.1068,18.849,-4.174,-4.2625,-0.95821,-0.95458,-2.3457,0.1826,32.672
1.7597,9.0426,18.602,-3.9674,-4.4568,-0.95301,-0.94941,-2.2984,0.2249,26.531
1.7996,8.924,18.404,-3.8745,-4.5701,-0.90568,-0.90227,-2.2737,0.2472,24.237
1.8406,8.7719,18.209,-3.92,-4.6721,-1.021,-1.0172,-2.2692,0.2251,27.094
1.8796,8.6312,18.009,-3.8964,-4.7717,-1.0194,-1.0156,-2.2559,0.2273,27.103
1.9197,8.5118,17.789,-3.8607,-4.8935,-1.0483,-1.0444,-2.2392,0.2286,27.266
1.9597,8.3687,17.581,-3.7879,-4.9924,-0.96224,-0.95867,-2.2203,0.2492,25.148
2.0007,8.2681,17.34,-3.6586,-5.1382,-0.91225,-0.9089,-2.1901,0.2782,22.673
2.0397,8.1515,17.112,-3.5913,-5.2491,-0.87987,-0.87649,-2.1714,0.2865,22.199
2.0808,7.9688,16.913,-3.7061,-5.2944,-0.93529,-0.93167,-2.1821,0.2484,26.017
2.1197,7.8184,16.703,-3.691,-5.3581,-0.87485,-0.8713,-2.1746,0.2477,26.267
2.1608,7.5944,16.528,-3.8212,-5.3541,-0.86741,-0.86373,-2.1911,0.213,30.882
2.1997,7.4343,16.314,-3.7993,-5.4276,-0.83228,-0.82865,-2.182,0.2163,30.63
2.2398,7.3575,16.053,-3.5939,-5.583,-0.74354,-0.74039,-2.1432,0.258,25.735
2.2798,7.3293,15.778,-3.2369,-5.7453,-0.55833,-0.55599,-2.0844,0.3269,20.172
2.3198,7.0733,15.601,-3.5649,-5.7206,-0.71247,-0.7093,-2.1286,0.2469,27.3
2.3598,7.0272,15.334,-3.2924,-5.8398,-0.55202,-0.54962,-2.0837,0.2937,22.826
2.4009,6.9362,15.073,-3.1671,-5.9372,-0.50206,-0.49999,-2.0604,0.3077,21.869
2.4398,6.6616,14.907,-3.4359,-5.9048,-0.59157,-0.58918,-2.0982,0.2467,27.692
2.4799,6.4876,14.682,-3.4579,-5.9555,-0.59173,-0.58922,-2.0973,0.2372,29.033
2.5199,6.3513,14.444,-3.3868,-6.0144,-0.53258,-0.5304,-2.0837,0.2433,28.37
2.5599,6.2425,14.185,-3.2756,-6.1156,-0.50446,-0.50244,-2.063,0.2561,27.089
2.5999,6.1192,13.938,-3.1647,-6.174,-0.41814,-0.41637,-2.0448,0.2663,26.053
2.6399,5.9783,13.69,-3.1703,-6.2421,-0.45305,-0.45124,-2.0412,0.258,27.136
2.6799,5.8589,13.441,-3.0888,-6.2971,-0.39586,-0.39415,-2.0268,0.2629,26.679
2.7199,5.6928,15.151,-2.963,-6.3792,-0.39895,-0.39889,-2.0127,0.2663,26.413
2.7599,5.5744,14.894,-2.9256,-6.4511,-0.40875,-0.4088,-2.0039,0.2644,26.791
2.8,5.4687,14.619,-2.8046,-6.5289,-0.36614,-0.3662,-1.9834,0.275,25.839
2.84,5.3735,14.342,-2.7394,-6.6267,-0.39635,-0.39667,-1.9704,0.2767,25.915
2.881,5.302,14.043,-2.5607,-6.7031,-0.3194,-0.31956,-1.9422,0.2937,24.432
2.92,5.1712,13.818,-2.5962,-6.6948,-0.28517,-0.28514,-1.9465,0.2786,25.774
2.9611,5.0639,13.548,-2.5327,-6.7522,-0.27244,-0.27242,-1.9352,0.279,25.848
3.0001,4.9722,13.273,-2.4312,-6.8158,-0.25079,-0.25077,-1.9187,0.2843,25.453
3.04,4.8915,12.997,-2.352,-6.8862,-0.22971,-0.22918,-1.9049,0.2868,25.372
3.0801,4.891,12.708,-1.9474,-7.116,-0.21716,-0.21628,-1.843,0.3336,22.115
3.1211,4.8624,12.408,-1.7073,-7.1541,-0.15573,-0.15541,-1.809,0.353,20.836
3.1601,4.7867,12.134,-1.6611,-7.1577,-0.13538,-0.1353,-1.8023,0.3464,21.212
3.2001,4.7581,11.828,-1.4812,-7.2384,-0.11379,-0.11352,-1.7756,0.3579,20.644
3.2401,4.6935,11.554,-1.4128,-7.2283,-0.084426,-0.084286,-1.7661,0.354,20.805
3.2801,4.6547,11.257,-1.3101,-7.2795,-0.077285,-0.077066,-1.751,0.3547,20.853
3.3201,4.6464,10.931,-1.1113,-7.371,-0.071969,-0.071769,-1.7224,0.3669,20.317
3.3602,4.5687,10.658,-1.035,-7.3471,-0.044174,-0.044057,-1.712,0.3639,20.389
3.4002,4.5902,10.326,-0.84577,-7.4433,-0.046303,-0.046157,-1.6853,0.3741,20.024
3.4402,4.5725,10.013,-0.74899,-7.5187,-0.05342,-0.053261,-1.6716,0.3723,20.295
3.4802,4.5747,9.6898,-0.60775,-7.5837,-0.046001,-0.04586,-1.6521,0.376,20.234
3.5202,4.5431,9.404,-0.54199,-7.5708,-0.033556,-0.033461,-1.6433,0.3708,20.47
3.5602,4.5577,9.0798,-0.38691,-7.6321,-0.024151,-0.024065,-1.6222,0.3761,20.319
3.6002,4.5889,8.744,-0.20226,-7.6869,-0.010222,-0.010181,-1.5974,0.3844,20.004
3.6402,4.5788,8.4461,-0.13624,-7.6891,-0.0047097,-0.0046907,-1.5887,0.3788,20.302
3.6802,4.6043,8.1316,0.029505,-7.7283,0.0065125,0.0064849,-1.5668,0.3845,20.1
3.7203,4.6126,7.7943,0.082123,-7.8384,0.017737,0.017654,-1.5598,0.3765,20.82
3.7603,4.5927,7.5103,0.09811,-7.8076,0.017537,0.017453,-1.5577,0.3659,21.34
3.8003,4.6351,7.2043,0.27735,-7.7761,0.025643,0.025524,-1.5343,0.3737,20.822
3.8403,4.6876,6.9027,0.47704,-7.7245,0.02354,0.02343,-1.5083,0.3836,20.175
3.8803,4.7403,6.5823,0.65944,-7.7641,0.034653,0.034483,-1.4849,0.3901,19.974
3.9203,4.8251,6.2702,0.96625,-7.7491,0.03105,0.030896,-1.4457,0.4103,19.033
3.9604,4.9237,5.9528,1.2686,-7.7338,0.023841,0.023726,-1.4074,0.4288,18.277
4.0003,4.9744,5.6427,1.3181,-7.7396,0.040562,0.040344,-1.4007,0.4199,18.697
4.0403,4.9597,5.36,1.5356,-7.7573,0.05438,0.054052,-1.3734,0.4286,18.45
4.0804,5.0809,3.6245,1.827,-7.8112,0.087396,0.087002,-1.3401,0.4419,18.153
4.1204,5.0554,3.236,2.0897,-7.882,0.13784,0.13714,-1.3103,0.4518,18.048
4.1604,5.1679,2.9023,2.3149,-7.9506,0.19214,0.19105,-1.2856,0.4573,18.108
4.2004,5.2674,2.5813,2.4626,-7.9376,0.20474,0.20353,-1.2679,0.4568,18.194
4.2404,5.3609,2.2662,2.5818,-7.8902,0.19496,0.1938,-1.2526,0.4544,18.27
4.2805,5.4694,1.9513,2.8328,-7.8326,0.20527,0.204,-1.2344,0.4544,18.33
4.3205,5.5873,1.6388,3.0498,-7.7827,0.21559,0.21419,-1.2162,0.4544,18.396
4.3605,5.7129,1.3286,3.2327,-7.7407,0.22588,0.22436,-1.198,0.4544,18.461
4.4005,5.8455,1.0194,3.3821,-7.7063,0.23619,0.23456,-1.1798,0.4544,18.521
4.4405,5.9832,0.71178,3.4976,-7.6797,0.24649,0.24474,-1.1617,0.4544,18.571
4.4805,6.125,0.40468,3.5794,-7.6608,0.25681,0.25493,-1.1435,0.4544,18.609
4.5205,6.2692,0.0986,3.6274,-7.6496,0.2671,0.26511,-1.1253,0.4544,18.631
4.5606,6.423,-0.2044,3.7757,-7.6037,0.27712,0.27498,-1.1071,0.4544,18.683
4.6006,6.5827,-0.50564,3.9235,-7.555,0.28694,0.28464,-1.0889,0.4544,18.735
4.6406,6.7481,-0.80515,4.0704,-7.5037,0.29666,0.29421,-1.0708,0.4544,18.786
4.6806,6.9195,-1.1021,4.2168,-7.4493,0.30639,0.30377,-1.0526,0.4544,18.838
4.7206,7.0968,-1.3966,4.3627,-7.3922,0.31591,0.31313,-1.0344,0.4544,18.89
4.7606,7.2799,-1.6888,4.5079,-7.3322,0.32545,0.32249,-1.0163,0.4544,18.942
******-------------------------------------------------------------------------------------------------------------------****** 
TargetID: ID28
Relevancy: 0
tj = Inf
Label: -1
Comment: Target is irrelevant as it is not crossing the estimated holding line
DATA:
7.9217,14.878,21.72,NaN,NaN,NaN,NaN,-2.7545,NaN,NaN
7.9617,14.697,21.654,NaN,NaN,NaN,NaN,-2.739,NaN,NaN
8.0017,14.851,21.777,-4.9161,-1.6361,0,0,-2.8203,0,Inf
8.0417,15.588,22.634,-3.5078,-2.3495,-0.21482,-0.20964,-2.5478,0.06,70.366
8.0817,15.432,22.507,-3.6779,-2.3901,-0.7382,-0.71955,-2.5536,0.0847,51.786
8.1218,15.043,22.767,-3.953,-2.507,-1.0474,-1.0259,-2.5764,0.1104,42.399
8.1618,14.899,22.594,-4.0498,-2.5225,-1.2444,-1.2159,-2.5657,0.1157,41.237
8.2018,14.702,22.509,-4.1271,-2.5344,-1.1884,-1.1597,-2.5729,0.1059,45.733
8.2418,15.052,22.916,-4.1268,-2.5881,-1.1165,-1.0877,-2.5573,0.1295,37.615
8.2819,15.066,22.788,-3.7832,-2.7667,-0.67994,-0.65976,-2.4987,0.237,19.776
8.3219,14.688,22.365,-3.498,-2.9338,-0.47364,-0.45806,-2.4401,0.3265,13.983
8.3618,14.555,22.238,-3.4749,-2.9975,-0.47306,-0.45632,-2.427,0.3265,14.055
8.4019,14.41,22.107,-3.4585,-3.0446,-0.44501,-0.4279,-2.4177,0.3231,14.261
8.4419,14.258,21.955,-3.5965,-3.1111,-0.71939,-0.68911,-2.4249,0.2757,17.248
8.4819,14.093,21.839,-3.6689,-3.0922,-0.66906,-0.63806,-2.4374,0.2436,19.697
8.5219,13.862,21.836,-3.9034,-3.0117,-0.75591,-0.71785,-2.4844,0.1576,31.283
8.5619,13.698,21.727,-4.0164,-2.9634,-0.84151,-0.79358,-2.4971,0.1265,39.457
8.602,13.525,21.624,-4.2766,-2.8709,-0.96882,-0.909,-2.5377,0.0587,87.749
8.6419,13.527,21.42,-3.5846,-3.2937,-0.46096,-0.42865,-2.3982,0.2711,17.957
8.6819,13.332,21.313,-3.4309,-3.3189,-0.15969,-0.14726,-2.3728,0.3034,15.733
8.722,13.303,21.266,-3.1087,-3.3784,0.18855,0.17222,-2.3128,0.3762,12.204
8.762,13.493,20.884,-2.7478,-3.4291,0.38534,0.3485,-2.2384,0.457,9.6153
8.802,13.408,20.706,-2.716,-3.471,0.32566,0.29109,-2.2274,0.4467,9.8663
8.8421,13.04,20.26,-2.5587,-3.4839,0.38162,0.33714,-2.1961,0.4636,9.3239
8.882,12.959,20.106,-2.5493,-3.5402,0.26627,0.23197,-2.189,0.4464,9.7728
8.9221,12.828,19.978,-2.5129,-3.5771,0.31842,0.27237,-2.1832,0.4344,10.063
8.962,12.738,19.806,-2.495,-3.5711,0.24422,0.20638,-2.1746,0.4235,10.287
9.0021,12.836,19.551,-2.6536,-3.496,0.2807,0.23241,-2.214,0.3584,12.246
9.0421,12.619,19.444,-2.7635,-3.4622,0.17644,0.14385,-2.2411,0.3121,14.194
9.0821,12.522,19.275,-2.687,-3.492,0.23309,0.18623,-2.2316,0.3101,14.209
9.1221,12.387,19.577,-2.675,-3.4909,0.17658,0.13847,-2.2197,0.3093,14.219
9.1622,12.326,19.381,-2.5878,-3.5825,0.15942,0.12217,-2.2012,0.3157,13.999
9.2021,12.224,19.199,-2.5633,-3.6004,0.14396,0.10788,-2.1941,0.3102,14.248
9.2422,12.063,19.171,-2.8425,-3.415,0.18553,0.13568,-2.2649,0.2284,19.454
9.2821,11.967,19.096,-2.5833,-3.4624,0.24508,0.17528,-2.2034,0.28,15.428
9.3221,11.913,18.908,-2.4864,-3.4766,0.25024,0.17439,-2.1821,0.2894,14.769
9.3622,11.766,18.749,-2.5631,-3.5877,0.062012,0.04198,-2.1889,0.2724,16.187
9.4022,11.674,18.638,-2.7051,-3.52,0.072076,0.047311,-2.2236,0.2312,19.201
9.4422,11.481,18.49,-2.8099,-3.6239,-0.13558,-0.08641,-2.2346,0.2135,21.479
9.4822,11.322,18.332,-2.8587,-3.6523,-0.1658,-0.10235,-2.2401,0.2018,22.983
9.5223,11.184,18.188,-2.8395,-3.6253,-0.084599,-0.050534,-2.238,0.1967,23.411
9.5622,11.048,18.035,-2.8565,-3.6519,-0.10233,-0.059,-2.238,0.1904,24.351
9.6023,11.652,18.82,-2.916,-3.6097,-0.088192,-0.049181,-2.2552,0.17,27.296
9.6422,11.618,18.728,-2.5268,-3.5367,0.18655,0.099634,-2.1767,0.226,19.233
9.6823,11.524,18.673,-2.1638,-3.594,0.19159,0.097973,-2.0939,0.2834,14.803
9.7223,11.369,18.52,-2.2076,-3.5935,0.17314,0.084976,-2.1048,0.2659,15.861
9.7623,11.259,18.417,-2.0573,-3.6024,0.15399,0.072287,-2.0732,0.2816,14.732
9.8024,11.133,18.252,-2.083,-3.6172,0.12968,0.058316,-2.0795,0.2683,15.558
9.8423,11.034,18.172,-1.8516,-3.6476,0.081707,0.035148,-2.0308,0.2958,13.829
9.8824,10.927,17.991,-2.0822,-3.5284,0.14737,0.060421,-2.0876,0.2465,16.62
9.9224,10.805,17.949,-1.7795,-3.5873,0.055151,0.021672,-2.0243,0.2838,14.11
******-------------------------------------------------------------------------------------------------------------------****** 
TargetID: ID05
Target can not be processed due to lack of Data
******-------------------------------------------------------------------------------------------------------------------****** 
TargetID: ID29
Target can not be processed due to lack of Data
******-------------------------------------------------------------------------------------------------------------------****** 
TargetID: ID30
Target can not be processed due to lack of Data
******-------------------------------------------------------------------------------------------------------------------****** 
TargetID: ID32
Target can not be processed due to lack of Data
******-------------------------------------------------------------------------------------------------------------------****** 
TargetID: ID06
Target can not be processed due to lack of Data
******-------------------------------------------------------------------------------------------------------------------****** 
TargetID: ID35
Target can not be processed due to lack of Data
******-------------------------------------------------------------------------------------------------------------------****** 
TargetID: ID36
Target can not be processed due to lack of Data
******-------------------------------------------------------------------------------------------------------------------****** 
TargetID: ID39
Target can not be processed due to lack of Data
******-------------------------------------------------------------------------------------------------------------------****** 
TargetID: ID40
Target can not be processed due to lack of Data
******-------------------------------------------------------------------------------------------------------------------****** 
TargetID: ID42
Target can not be processed due to lack of Data
******-------------------------------------------------------------------------------------------------------------------****** 
TargetID: ID43
Relevancy: 0
tj = Inf
Label: -1
Comment: Target is irrelevant as it is not crossing the estimated holding line
DATA:
7.5616,18.3,22.766,NaN,NaN,NaN,NaN,-2.2073,NaN,NaN
7.6016,17.815,22.758,NaN,NaN,NaN,NaN,-2.9276,NaN,NaN
7.6416,18.625,22.007,NaN,NaN,NaN,NaN,-1.2027,NaN,NaN
7.6816,18.919,21.628,NaN,NaN,NaN,NaN,-1.1107,NaN,NaN
7.7217,19.051,21.362,NaN,NaN,NaN,NaN,-1.1107,NaN,NaN
7.7617,NaN,NaN,NaN,NaN,NaN,NaN,-2.3703,NaN,NaN
7.8017,NaN,NaN,NaN,NaN,NaN,NaN,-2.2386,NaN,NaN
7.8416,NaN,NaN,NaN,NaN,NaN,NaN,-2.3223,NaN,NaN
7.8818,NaN,NaN,NaN,NaN,NaN,NaN,-2.3794,NaN,NaN
7.9217,NaN,NaN,NaN,NaN,NaN,NaN,-2.388,NaN,NaN
7.9617,17.699,21.632,-3.3041,-2.3767,0,0,-2.518,0,Inf
8.0017,18.826,21.172,-1.7968,-3.1177,0.091311,0.089184,-2.0924,0.0516,69.736
8.0417,18.69,21.079,-1.8119,-3.0736,0.24062,0.23553,-2.1034,0.0524,68.091
8.0817,18.421,20.868,-2.3146,-3.1568,-0.31998,-0.31165,-2.2035,0.0071,551.32
8.1218,18.282,20.76,-2.3232,-3.1448,-0.23157,-0.22554,-2.2085,0.0139,281.28
8.1618,18.093,20.7,-2.3532,-2.9722,0.060378,0.058816,-2.2408,0.0029,1307.2
8.2018,17.898,20.577,-2.5821,-3.0727,-0.43069,-0.41865,-2.2696,-0.0533,-75.301
8.2418,18.646,21.142,-2.0233,-3.5611,-0.40286,-0.38972,-2.0993,0.222,18.449
8.2819,18.57,20.998,-2.0081,-3.6085,-0.39649,-0.38276,-2.0905,0.222,18.602
8.3219,18.415,20.912,-2.0807,-3.4594,-0.24436,-0.23578,-2.1192,0.2015,20.034
8.3618,18.306,20.926,-2.18,-3.982,-0.83782,-0.80218,-2.0925,0.207,21.931
8.4019,18.126,20.874,-2.1658,-3.7692,-0.52702,-0.50434,-2.1059,0.2271,19.142
8.4419,17.901,20.959,-1.8977,-3.898,-0.38184,-0.36415,-2.0366,0.385,11.261
8.4819,17.858,20.902,-1.5558,-4.1332,-0.33588,-0.31878,-1.9443,0.5097,8.6645
8.5219,17.749,20.807,-1.5479,-4.0503,-0.23629,-0.22343,-1.9457,0.5016,8.6443
8.5619,17.636,20.707,-1.5477,-3.9437,-0.13555,-0.12758,-1.9506,0.4858,8.7207
8.602,17.661,20.501,-1.4714,-3.9659,-0.089904,-0.083835,-1.9219,0.4959,8.5299
8.6419,17.624,20.334,-1.396,-4.007,-0.080165,-0.074195,-1.9022,0.4959,8.5566
8.6819,17.546,20.151,-1.4112,-4.0617,-0.10426,-0.095549,-1.9003,0.4668,9.2115
8.722,17.509,19.982,-1.3387,-4.1044,-0.090999,-0.082644,-1.8817,0.4668,9.2486
8.762,17.404,19.834,-1.3019,-3.9986,-0.0090252,-0.0081519,-1.8851,0.4473,9.4014
8.802,17.006,19.68,-1.7449,-3.7076,0.01645,0.014705,-2.0114,0.2739,14.961
8.8421,16.945,19.526,-1.7044,-3.7277,0.019405,0.01713,-2.0005,0.2739,14.965
8.882,17.1,19.355,-1.5147,-3.7909,0.024528,0.021375,-1.9521,0.3083,13.241
8.9221,17.077,19.193,-1.476,-3.8598,-0.01192,-0.010212,-1.9354,0.3096,13.348
8.962,16.806,19.1,-1.602,-3.6652,0.059073,0.050019,-1.9857,0.2464,16.234
9.0021,16.58,19.031,-1.6856,-3.4829,0.12826,0.1071,-2.0276,0.1941,19.935
9.0421,16.298,18.87,-1.282,-3.7209,0.078108,0.063766,-1.8989,0.3332,11.811
9.0821,16.258,18.716,-1.2286,-3.7273,0.071995,0.057647,-1.8857,0.3332,11.778
9.1221,16.224,18.563,-1.1751,-3.7332,0.065685,0.051538,-1.8724,0.3332,11.746
9.1622,16.193,18.408,-1.1215,-3.7385,0.059064,0.04536,-1.8592,0.3332,11.714
9.2021,16.153,18.257,-1.0676,-3.7434,0.052119,0.03913,-1.8458,0.3332,11.683
9.2422,16.134,18.101,-1.0142,-3.7475,0.044951,0.032947,-1.8326,0.3332,11.652
9.2821,16.108,17.947,-0.96069,-3.751,0.037435,0.026748,-1.8194,0.3332,11.621
9.3221,16.055,17.761,-1.5297,-5.1111,0.027612,0.019404,-1.8169,0.3228,16.528
9.3622,16,17.57,-1.0033,-4.0526,0.017792,0.012062,-1.8144,0.3124,13.364
9.4022,15.973,17.403,-0.953,-4.08,0.033756,0.022277,-1.8019,0.3124,13.412
******-------------------------------------------------------------------------------------------------------------------****** 
TargetID: ID08
Relevancy: 1
tj = 0.16012
Label: 0
Comment: Target is relevant and going straight, since target is crossing Ego X-axis in EFC
DATA:
0,4.207,9.1839,-1.8865,-6.3518,0.25385,0.25254,-1.8554,0.2406,27.54
0.040072,4.0879,8.6304,-1.7053,-6.3942,0.19541,0.19435,-1.8281,0.2463,26.868
0.080028,3.994,8.388,-1.695,-6.4044,0.15865,0.15779,-1.8269,0.2393,27.684
0.12002,3.9307,8.121,-1.6302,-6.422,0.13614,0.13535,-1.8171,0.2393,27.688
0.16012,3.8752,7.8594,-1.5604,-6.4174,0.13237,0.13152,-1.807,0.2397,27.553
0.20009,3.8123,7.5976,-1.5037,-6.4292,0.11522,0.11449,-1.7985,0.2387,27.661
0.24009,3.7659,7.326,-1.3661,-6.3991,0.13596,0.13493,-1.7786,0.2469,26.502
0.28013,3.7342,7.0453,-1.2474,-6.417,0.11991,0.11901,-1.7605,0.2531,25.828
0.32014,3.6967,6.7764,-1.1214,-6.3777,0.13088,0.12982,-1.7422,0.2594,24.963
0.36018,3.6545,6.5214,-1.0494,-6.3583,0.12314,0.12217,-1.7318,0.2594,24.843
0.40031,3.6113,6.2672,-0.97786,-6.338,0.1154,0.11453,-1.7214,0.2594,24.722
0.44012,3.5728,6.0134,-0.90734,-6.3168,0.10758,0.10676,-1.7111,0.2594,24.601
0.48013,3.538,5.7609,-0.83699,-6.2948,0.099757,0.098989,-1.7008,0.2594,24.48
0.52015,3.5116,5.5097,-0.76665,-6.2721,0.091824,0.091132,-1.6904,0.2594,24.359
0.56023,3.4837,5.2589,-0.69751,-6.2485,0.084091,0.083473,-1.68,0.2594,24.238
0.59934,3.4588,5.0096,-0.62831,-6.2242,0.076251,0.075721,-1.6696,0.2594,24.117
0.6404,3.4371,4.7613,-0.55988,-6.1991,0.068413,0.067965,-1.6592,0.2594,23.995
0.68026,3.419,4.5133,-0.49246,-6.1731,0.060589,0.060196,-1.6489,0.2594,23.873
0.72024,3.4034,4.2671,-0.42489,-6.1464,0.052658,0.052331,-1.6385,0.2594,23.751
0.75929,3.3909,4.0217,-0.35808,-6.1189,0.044729,0.044464,-1.6281,0.2594,23.629
0.79941,3.3813,3.7773,-0.29207,-6.0907,0.036901,0.036694,-1.6177,0.2594,23.507
0.83939,3.3744,3.5344,-0.22653,-6.0617,0.029075,0.028923,-1.6074,0.2594,23.385
0.88047,3.9838,2.3734,0.47447,-6.1977,-0.044352,-0.044009,-1.492,0.3259,19.073
0.91945,4.017,2.1275,0.55094,-6.1715,-0.051292,-0.050857,-1.479,0.3259,19.012
0.95938,4.5454,1.8784,1.1565,-6.2405,-0.045479,-0.045096,-1.385,0.3772,16.826
0.99936,4.4556,1.9572,1.3343,-6.13,-0.045368,-0.045011,-1.3543,0.3845,16.316
1.0404,4.6532,1.7717,1.5295,-6.0291,-0.045578,-0.045206,-1.3201,0.3944,15.771
1.0794,4.8302,1.5727,1.7217,-5.9779,-0.014939,-0.01486,-1.2896,0.4021,15.471
1.1204,4.6808,1.4109,1.8457,-5.9269,0.013118,0.013084,-1.2695,0.4032,15.396
1.1594,4.8289,1.1849,2.0301,-5.9393,0.074318,0.074541,-1.245,0.4075,15.403
1.2004,4.9145,0.95245,2.1463,-5.4053,0.11741,0.12015,-1.2264,0.40796,14.256
1.2394,5.0004,0.7506,2.2579,-4.9563,0.15838,0.1635,-1.2086,0.4084,13.336
1.2795,5.0932,0.56026,2.3736,-4.5546,0.20048,0.20805,-1.1904,0.40886,12.562
1.3195,5.1904,0.38527,2.4902,-4.2141,0.24246,0.25247,-1.1722,0.40931,11.959
1.3595,5.2926,0.22216,2.6082,-3.9328,0.28458,0.29704,-1.154,0.40976,11.517
1.3995,5.3991,0.069639,2.7269,-3.7127,0.32655,0.34146,-1.1358,0.41021,11.229
1.4396,5.5108,-0.075688,2.847,-3.5521,0.36864,0.386,-1.1176,0.41067,11.085
1.4804,5.6296,-0.21848,2.9706,-3.4506,0.41155,0.43141,-1.0991,0.41113,11.075
1.5196,5.7483,-0.35275,3.0903,-3.4122,0.45272,0.47497,-1.0812,0.41157,11.185
1.5596,5.8744,-0.48941,3.2136,-3.4325,0.49473,0.51943,-1.0631,0.41202,11.412
1.5997,6.0057,-0.6285,3.3383,-3.5133,0.53687,0.56402,-1.0448,0.41248,11.749
1.6395,6.1413,-0.77116,3.4633,-3.6536,0.57875,0.60835,-1.0267,0.41293,12.191
1.6796,6.2827,-0.92149,3.5902,-3.8549,0.62088,0.65292,-1.0085,0.41338,12.743
1.7196,6.4287,-1.0805,3.7177,-4.1157,0.66285,0.69735,-0.99031,0.41383,13.402
1.7597,6.5803,-1.2517,3.8467,-4.4376,0.70496,0.7419,-0.97209,0.41429,14.176
1.7996,6.7366,-1.4365,3.9765,-4.8188,0.74694,0.78633,-0.95392,0.41474,15.064
1.8406,6.9023,-1.6429,4.1106,-5.2718,0.78998,0.83188,-0.9353,0.4152,16.101
1.8796,7.3295,-2.2838,4.1574,-5.8174,1.1992,1.1454,-0.9269,0.4082,17.517
1.9197,7.45,-2.5702,4.3486,-5.7768,1.147,1.1995,-0.9481,0.3771,19.174
1.9597,7.8057,-3.0848,4.5141,-5.8172,1.1855,1.2632,-0.943,0.3683,19.992
2.0007,8.0476,-3.3411,4.6093,-5.8188,1.1847,1.2654,-0.934,0.3628,20.461
2.0397,8.2497,-3.5775,4.7632,-5.8197,1.222,1.3054,-0.9183,0.3629,20.723
2.0808,8.3599,-3.8058,4.7993,-5.819,1.1725,1.2452,-0.9118,0.3554,21.224
2.1197,8.5828,-4.0453,4.9467,-5.8116,1.1882,1.2607,-0.8961,0.3555,21.468
2.1608,8.7841,-4.3533,5.2973,-6.1305,1.3624,1.4375,-0.8891,0.3506,23.109
2.1997,8.9624,-4.5961,5.175,-5.927,1.2438,1.3173,-0.8828,0.3425,22.973
2.2398,9.1575,-4.8396,5.2208,-5.9057,1.1684,1.2326,-0.8748,0.3358,23.474
2.2798,9.3892,-5.199,5.4199,-6.1083,1.1922,1.2511,-0.8716,0.328,24.897
2.3198,9.8925,-5.8014,5.5287,-5.9813,1.1811,1.2718,-0.8631,0.3224,25.264
2.3598,10.089,-5.9704,5.5655,-5.9048,1.0593,1.1289,-0.8484,0.3207,25.302
2.4009,10.299,-6.2213,5.6868,-5.9451,1.0052,1.0643,-0.8384,0.3186,25.822
2.4398,10.517,-6.4759,5.7802,-5.9302,0.99665,1.0542,-0.8283,0.3168,26.14
2.4799,10.764,-6.6649,5.7746,-5.7553,0.86923,0.91412,-0.8108,0.3187,25.582
2.5199,10.992,-6.8814,5.8283,-5.7152,0.80594,0.84357,-0.8004,0.3141,25.988
2.5599,11.222,-7.1034,5.9233,-5.6976,0.72391,0.75317,-0.7879,0.3138,26.191
2.5999,11.491,-7.2554,5.9252,-5.5293,0.58709,0.60601,-0.7689,0.3147,25.753
2.6399,11.684,-7.5194,6.017,-5.5991,0.54303,0.55876,-0.7657,0.308,26.685
2.6799,11.915,-7.7396,6.0277,-5.5008,0.48373,0.49602,-0.7544,0.3074,26.547
2.7199,12.13,-7.9742,6.0734,-5.4856,0.41436,0.42317,-0.747,0.3036,26.957
2.7599,12.34,-8.2135,6.1069,-5.4608,0.39107,0.39881,-0.7413,0.2987,27.427
2.8,12.598,-8.4726,6.1243,-5.418,0.30223,0.30656,-0.7333,0.2952,27.699
2.84,12.932,-8.6161,6.1851,-5.2398,0.17101,0.17212,-0.708,0.3034,26.718
2.881,13.158,-8.8726,6.1485,-5.2007,0.04585,0.045789,-0.7035,0.2978,27.042
******-------------------------------------------------------------------------------------------------------------------****** 
TargetID: ID44
Target can not be processed due to lack of Data
******-------------------------------------------------------------------------------------------------------------------****** 
TargetID: ID45
Relevancy: 0
tj = Inf
Label: -1
Comment: Target is irrelevant as it is not crossing the estimated holding line
DATA:
5.961,34.325,17.411,NaN,NaN,NaN,NaN,2.8318,NaN,NaN
6.001,34.178,17.46,NaN,NaN,NaN,NaN,2.8319,NaN,NaN
6.041,34.031,17.508,NaN,NaN,NaN,NaN,2.8319,NaN,NaN
6.0811,33.882,17.558,NaN,NaN,NaN,NaN,2.8319,NaN,NaN
6.1211,33.744,17.601,NaN,NaN,NaN,NaN,2.8318,NaN,NaN
6.1611,33.599,17.651,NaN,NaN,NaN,NaN,2.8318,NaN,NaN
6.2011,33.453,17.698,NaN,NaN,NaN,NaN,2.8318,NaN,NaN
6.2411,33.305,17.746,NaN,NaN,NaN,NaN,2.8319,NaN,NaN
6.2811,33.162,17.795,NaN,NaN,NaN,NaN,2.8318,NaN,NaN
6.3211,33.016,17.843,NaN,NaN,NaN,NaN,2.8319,NaN,NaN
6.3612,32.872,17.889,NaN,NaN,NaN,NaN,2.8318,NaN,NaN
6.4012,32.468,20.342,-5.5851,4.4762,0,0,2.466,0,Inf
6.4412,32.252,20.522,-5.5854,4.4759,0,0,2.466,0,Inf
6.4812,32.04,20.699,-5.5851,4.4763,0,0,2.466,0,Inf
6.5212,31.82,20.88,-5.5852,4.476,0,0,2.466,0,Inf
6.5612,31.59,21.057,-5.585,4.4763,0,0,2.4659,0,Inf
6.6013,31.044,21.105,-6.191,4.0043,-0.31958,-0.31233,2.5683,0.2986,24.692
6.6412,30.789,21.266,-6.2526,3.9384,-0.31852,-0.31099,2.5803,0.2986,24.748
6.6813,30.53,21.42,-6.3134,3.8722,-0.31745,-0.30965,2.5922,0.2986,24.803
6.7213,30.267,21.574,-6.3735,3.8048,-0.31642,-0.30847,2.6042,0.2986,24.859
6.7613,30,21.725,-6.4331,3.7364,-0.31537,-0.30733,2.6162,0.2986,24.914
6.8014,29.738,21.874,-6.4919,3.6672,-0.31448,-0.30641,2.6282,0.2986,24.97
******-------------------------------------------------------------------------------------------------------------------****** 
TargetID: ID46
Target can not be processed due to lack of Data
******-------------------------------------------------------------------------------------------------------------------****** 
TargetID: ID49
Target can not be processed due to lack of Data
******-------------------------------------------------------------------------------------------------------------------****** 
TargetID: ID09
Relevancy: 0
tj = Inf
Label: -1
Comment: Target is irrelevant as it is not crossing the estimated holding line
DATA:
4.2805,3.2852,4.9241,NaN,NaN,NaN,NaN,-1.2814,NaN,NaN
4.3205,4.0034,4.4107,2.7603,-8.8862,0,0,-1.2696,0,Inf
4.3605,4.1461,3.6884,3.4054,-8.8285,-0.079356,-0.079042,-1.2028,0.0947,99.921
4.4005,3.8378,3.634,3.4054,-8.8285,NaN,NaN,-1.2259,NaN,NaN
4.4405,3.53,3.5798,NaN,NaN,NaN,NaN,-1.2489,NaN,NaN
4.4805,NaN,NaN,NaN,NaN,NaN,NaN,-1.272,NaN,NaN
4.5205,4.2248,2.9962,2.768,-8.9166,0,0,-1.2698,0,Inf
4.5606,4.0189,3.1487,2.768,-8.9166,NaN,NaN,-1.2717,NaN,NaN
4.6006,3.813,3.3014,NaN,NaN,NaN,NaN,-1.2736,NaN,NaN
4.6406,4.0945,2.8987,NaN,NaN,NaN,NaN,-1.302,NaN,NaN
4.6806,4.7684,2.4467,2.7443,-8.7696,0,0,-1.2675,0,Inf
4.7206,4.8624,2.0993,2.6455,-8.7769,0.023549,0.023452,-1.2781,-0.0314,-291.94
4.7606,5.3827,1.4673,2.268,-8.5433,0.049277,0.049118,-1.3118,-0.1965,-44.983
4.8006,5.4729,1.1329,2.2455,-8.194,0.04908,0.048919,-1.3177,-0.20199,-42.063
4.8406,5.5623,0.81064,2.2163,-7.9222,0.048884,0.04872,-1.3235,-0.20748,-39.649
4.8807,5.6503,0.49758,2.1803,-7.7281,0.048687,0.048521,-1.3294,-0.21297,-37.703
4.9207,5.7368,0.19067,2.1375,-7.6119,0.04849,0.048322,-1.3352,-0.21847,-36.19
4.9607,5.8213,-0.11277,2.0881,-7.5735,0.048294,0.048123,-1.3411,-0.22396,-35.079
5.0007,5.9037,-0.41593,2.032,-7.6128,0.048098,0.047924,-1.347,-0.22944,-34.342
5.0408,5.9839,-0.72331,1.9689,-7.7303,0.047901,0.047725,-1.3528,-0.23494,-33.954
5.0807,6.0612,-1.0357,1.8994,-7.9249,0.047705,0.047526,-1.3587,-0.24042,-33.896
5.1207,6.1357,-1.358,1.823,-8.1975,0.047508,0.047327,-1.3645,-0.24591,-34.15
5.1607,6.207,-1.6927,1.7399,-8.5478,0.047312,0.047128,-1.3704,-0.2514,-34.698
5.2008,6.2719,-2.0354,1.6554,-8.5717,0.045708,0.045529,-1.3804,-0.2514,-34.726
5.2408,6.3332,-2.3792,1.5702,-8.5948,0.044003,0.043831,-1.3905,-0.2514,-34.754
5.2808,6.3913,-2.7237,1.485,-8.617,0.042298,0.042132,-1.4005,-0.2514,-34.781
5.3208,6.4458,-3.0694,1.3991,-8.6384,0.040595,0.040434,-1.4106,-0.2514,-34.809
5.3608,7.7765,-4.1025,3.6201,-8.594,0.51919,0.52948,-1.1843,0.1061,87.892
5.4008,8.0512,-4.348,3.8703,-8.3192,0.49555,0.50601,-1.1481,0.1517,60.484
5.4408,8.2237,-4.5472,3.823,-8.0624,0.32067,0.32483,-1.1368,0.1529,58.357
5.4809,8.3877,-4.8378,3.8672,-8.0274,0.30253,0.30613,-1.1301,0.1501,59.363
5.5209,8.627,-5.0664,4.0434,-7.899,0.30053,0.3042,-1.106,0.1682,52.757
5.5609,8.709,-5.5091,4.0663,-8.2006,0.41885,0.42501,-1.1214,0.1425,64.234
5.6009,8.7616,-5.7306,4.0009,-7.9994,0.25472,0.25683,-1.1137,0.1351,66.204
5.6409,8.8902,-6.0657,4.0466,-8.1317,0.31519,0.31765,-1.117,0.1227,74.025
5.681,8.975,-6.1913,3.9256,-8.0087,0.18302,0.18361,-1.1193,0.103,86.593
5.7209,9.3571,-6.4723,4.1419,-7.8216,0.16513,0.16565,-1.0881,0.1277,69.308
5.761,9.4729,-6.7936,4.1868,-7.9096,0.227,0.22791,-1.0897,0.1227,72.937
5.801,9.5953,-7.108,4.2531,-7.966,0.2992,0.30119,-1.0878,0.1226,73.656
5.841,9.763,-7.3885,4.2875,-7.9135,0.27772,0.27931,-1.0812,0.1239,72.642
5.8811,10.028,-7.5873,4.2884,-7.6944,0.13281,0.13295,-1.0658,0.1229,71.674
5.921,10.171,-7.8722,4.3298,-7.6933,0.14051,0.14048,-1.0619,0.1221,72.302
5.961,10.361,-8.1377,4.4178,-7.6301,0.14994,0.14992,-1.0499,0.1307,67.458
6.001,10.73,-8.194,4.6191,-7.3087,0.048995,0.048786,-1.0085,0.1618,53.437
6.041,10.951,-8.4243,4.7343,-7.2039,0.046853,0.046613,-0.9907,0.1739,49.57
6.0811,11.214,-8.6069,4.8312,-6.9937,-0.042282,-0.041863,-0.9651,0.1909,44.527
6.1211,11.446,-8.8449,4.9091,-6.8985,-0.058186,-0.057513,-0.9507,0.1971,42.957
6.1611,11.702,-9.0481,5.0114,-6.7583,-0.085982,-0.084803,-0.9303,0.208,40.45
6.2011,11.976,-9.0563,5.1827,-6.5374,-0.15441,-0.15159,-0.8963,0.2297,36.319
6.2411,12.181,-9.277,5.2058,-6.4171,-0.1879,-0.18409,-0.8841,0.2326,35.525
******-------------------------------------------------------------------------------------------------------------------****** 
TargetID: ID52
Relevancy: 0
tj = Inf
Label: -1
Comment: Target is irrelevant as it is not crossing the estimated holding line
DATA:
5.7209,37.259,17.593,NaN,NaN,NaN,NaN,-2.6573,NaN,NaN
5.761,37.122,17.427,NaN,NaN,NaN,NaN,-2.4747,NaN,NaN
5.801,37.29,16.867,NaN,NaN,NaN,NaN,-1.7358,NaN,NaN
5.841,37.266,16.663,NaN,NaN,NaN,NaN,-1.7359,NaN,NaN
5.8811,36.369,17.918,NaN,NaN,NaN,NaN,2.6572,NaN,NaN
5.921,36.197,18.006,NaN,NaN,NaN,NaN,2.6572,NaN,NaN
5.961,36.034,18.094,NaN,NaN,NaN,NaN,2.6571,NaN,NaN
6.001,35.868,18.184,NaN,NaN,NaN,NaN,2.6572,NaN,NaN
6.041,35.703,18.272,NaN,NaN,NaN,NaN,2.6572,NaN,NaN
6.0811,35.25,19.057,NaN,NaN,NaN,NaN,2.4859,NaN,NaN
6.1211,35.179,19.842,-6.0606,5.3544,0,0,2.418,0,Inf
6.1611,34.941,20.058,-6.0607,5.3543,0,0,2.418,0,Inf
6.2011,34.702,20.272,-6.0607,5.3544,0,0,2.418,0,Inf
6.2411,34.548,20.368,-6.0716,4.8683,-0.096421,-0.09536,2.466,0.1551,50.176
6.2811,34.312,20.562,-6.1065,4.8343,-0.093953,-0.092828,2.4722,0.1551,50.215
6.3211,34.07,20.755,-6.1413,4.8,-0.091374,-0.090208,2.4784,0.1551,50.255
6.3612,34.017,20.514,-5.7708,4.0449,-0.051147,-0.050458,2.5302,0.2012,35.026
6.4012,33.792,20.674,-5.8068,4.001,-0.046644,-0.045959,2.5383,0.2012,35.049
6.4412,33.566,20.834,-5.8428,3.9564,-0.042336,-0.041665,2.5464,0.2012,35.071
6.4812,33.343,20.989,-5.878,3.9121,-0.038028,-0.037373,2.5544,0.2012,35.094
6.5212,33.11,21.146,-5.9132,3.867,-0.034013,-0.033387,2.5624,0.2012,35.116
6.5612,32.867,21.298,-5.9477,3.822,-0.03,-0.0294,2.5704,0.2012,35.139
6.6013,33.07,20.958,-5.1141,3.1242,0.43266,0.42195,2.5948,0.1736,34.521
6.6412,32.859,21.084,-5.1217,3.0799,0.44008,0.42873,2.6018,0.1736,34.427
6.6813,32.646,21.205,-5.1287,3.0363,0.4474,0.4354,2.6088,0.1736,34.332
6.7213,32.601,21.159,-4.7144,2.6907,0.89617,0.88048,2.6188,0.162,33.507
6.7613,32.537,21.193,-4.3519,2.4772,1.2954,1.2457,2.631,0.1648,30.385
6.8014,32.358,21.291,-4.3201,2.4225,1.3048,1.2541,2.6376,0.1648,30.055
6.8413,32.174,21.384,-4.2878,2.3687,1.314,1.2622,2.6441,0.1648,29.724
6.8814,31.992,21.477,-4.2551,2.3151,1.3226,1.2702,2.6507,0.1648,29.394
6.9213,31.813,21.568,-4.2218,2.2621,1.3309,1.2779,2.6573,0.1648,29.064
6.9613,31.637,21.657,-4.1881,2.2096,1.339,1.2852,2.664,0.1648,28.733
7.0014,31.465,21.741,-4.1537,2.158,1.3472,1.292,2.6705,0.1648,28.403
7.0414,31.294,21.825,-4.1189,2.1066,1.355,1.2987,2.6771,0.1648,28.073
7.0814,31.122,21.911,-4.0838,2.0554,1.3622,1.3052,2.6838,0.1648,27.742
7.1214,30.957,21.988,-4.0478,2.0054,1.369,1.3114,2.6903,0.1648,27.411
7.1614,30.792,22.066,-4.0115,1.9559,1.3755,1.3174,2.6969,0.1648,27.081
7.2015,30.627,22.143,-3.9749,1.9065,1.3817,1.3232,2.7035,0.1648,26.75
7.2414,30.467,22.215,-3.9375,1.8583,1.388,1.3283,2.7101,0.1648,26.42
7.2815,30.306,22.288,-3.8999,1.8103,1.394,1.3332,2.7167,0.1648,26.09
******-------------------------------------------------------------------------------------------------------------------****** 
TargetID: ID53
Relevancy: 0
tj = Inf
Label: -1
Comment: Target is irrelevant as it is not crossing the estimated holding line
DATA:
7.6416,23.715,21.568,NaN,NaN,NaN,NaN,-2.3422,NaN,NaN
7.6816,NaN,NaN,NaN,NaN,NaN,NaN,-1.5179,NaN,NaN
7.7217,NaN,NaN,NaN,NaN,NaN,NaN,-1.5179,NaN,NaN
7.7617,NaN,NaN,NaN,NaN,NaN,NaN,-1.6248,NaN,NaN
7.8017,NaN,NaN,NaN,NaN,NaN,NaN,-1.9293,NaN,NaN
7.8416,NaN,NaN,NaN,NaN,NaN,NaN,-1.6187,NaN,NaN
7.8818,NaN,NaN,NaN,NaN,NaN,NaN,-1.6186,NaN,NaN
7.9217,NaN,NaN,NaN,NaN,NaN,NaN,-1.4722,NaN,NaN
7.9617,NaN,NaN,NaN,NaN,NaN,NaN,-1.5291,NaN,NaN
8.0017,NaN,NaN,NaN,NaN,NaN,NaN,-1.7292,NaN,NaN
8.0417,NaN,NaN,NaN,NaN,NaN,NaN,-1.8286,NaN,NaN
8.0817,NaN,NaN,NaN,NaN,NaN,NaN,-1.9604,NaN,NaN
8.1218,NaN,NaN,NaN,NaN,NaN,NaN,-2.0802,NaN,NaN
8.1618,NaN,NaN,NaN,NaN,NaN,NaN,-2.2287,NaN,NaN
8.2018,NaN,NaN,NaN,NaN,NaN,NaN,-2.5115,NaN,NaN
8.2418,NaN,NaN,NaN,NaN,NaN,NaN,-2.8031,NaN,NaN
8.2819,NaN,NaN,NaN,NaN,NaN,NaN,-2.8031,NaN,NaN
8.3219,NaN,NaN,NaN,NaN,NaN,NaN,-2.789,NaN,NaN
8.3618,NaN,NaN,NaN,NaN,NaN,NaN,-2.789,NaN,NaN
8.4019,NaN,NaN,NaN,NaN,NaN,NaN,-2.7891,NaN,NaN
8.4419,NaN,NaN,NaN,NaN,NaN,NaN,-2.9018,NaN,NaN
8.4819,22.448,21.356,-3.595,-0.61578,0,0,-2.972,0,Inf
8.5219,22.257,21.357,-3.595,-0.61578,NaN,NaN,-2.9737,NaN,NaN
8.5619,22.065,21.358,-3.595,-0.61578,NaN,NaN,-2.9754,NaN,NaN
8.602,21.873,21.359,-3.595,-0.61578,NaN,NaN,-2.9772,NaN,NaN
8.6419,21.682,21.36,-3.595,-0.61578,NaN,NaN,-2.9789,NaN,NaN
8.6819,21.49,21.361,-3.595,-0.61578,NaN,NaN,-2.9806,NaN,NaN
8.722,21.299,21.362,-3.595,-0.61578,NaN,NaN,-2.9823,NaN,NaN
8.762,21.107,21.363,-3.595,-0.61578,NaN,NaN,-2.9841,NaN,NaN
8.802,20.916,21.364,-3.595,-0.61578,NaN,NaN,-2.9858,NaN,NaN
8.8421,20.724,21.365,-3.595,-0.61578,NaN,NaN,-2.9875,NaN,NaN
8.882,20.532,21.366,-3.595,-0.61578,NaN,NaN,-2.9892,NaN,NaN
8.9221,20.341,21.367,-3.595,-0.61578,NaN,NaN,-2.991,NaN,NaN
8.962,20.149,21.368,-3.595,-0.61578,NaN,NaN,-2.9927,NaN,NaN
9.0021,19.957,21.369,-3.595,-0.61578,NaN,NaN,-2.9944,NaN,NaN
9.0421,19.766,21.371,-3.595,-0.61578,NaN,NaN,-2.9961,NaN,NaN
9.0821,19.574,21.372,-3.595,-0.61578,NaN,NaN,-2.9979,NaN,NaN
9.1221,19.383,21.373,-3.595,-0.61578,NaN,NaN,-2.9996,NaN,NaN
9.1622,19.191,21.374,-3.595,-0.61578,NaN,NaN,-3.0013,NaN,NaN
9.2021,19,21.375,-3.595,-0.61578,NaN,NaN,-3.003,NaN,NaN
9.2422,18.808,21.376,-3.595,-0.61578,NaN,NaN,-3.0048,NaN,NaN
9.2821,18.617,21.377,-3.595,-0.61578,NaN,NaN,-3.0065,NaN,NaN
9.3221,18.425,21.378,NaN,NaN,NaN,NaN,-3.0082,NaN,NaN
9.3622,18.381,21.506,NaN,NaN,NaN,NaN,-3.0273,NaN,NaN
9.4022,18.193,21.488,NaN,NaN,NaN,NaN,-3.0274,NaN,NaN
9.4422,18.005,21.471,NaN,NaN,NaN,NaN,-3.0274,NaN,NaN
9.4822,17.804,21.379,NaN,NaN,NaN,NaN,-3.0027,NaN,NaN
9.5223,17.627,21.356,NaN,NaN,NaN,NaN,-3.0028,NaN,NaN
9.5622,17.56,21.124,NaN,NaN,NaN,NaN,-2.8764,NaN,NaN
9.6023,NaN,NaN,NaN,NaN,NaN,NaN,-2.8765,NaN,NaN
9.6422,17.742,20.851,-4.1437,-1.3044,0,0,-2.8366,0,Inf
9.6823,17.47,20.706,-4.2543,-1.2997,-0.013709,-0.0070488,-2.8451,-0.0013,-3421.8
9.7223,17.188,20.643,-4.4363,-1.2565,-0.17592,-0.086786,-2.8654,0.0058,794.97
9.7623,17.021,20.584,-4.4278,-1.2781,-0.24472,-0.11566,-2.8608,0.0096,480.06
9.8024,19.334,20.284,-2.7629,-1.5227,1.5454,0.70346,-2.6002,0.1079,29.237
9.8423,19.204,20.373,-2.6643,-1.5688,1.6433,0.68013,-2.5208,0.2123,14.564
9.8824,18.821,20.228,-2.8058,-1.655,1.1857,0.49503,-2.5623,0.242,13.461
9.9224,18.525,20.094,-2.9919,-1.7714,0.95163,0.37864,-2.5736,0.2597,13.388
******-------------------------------------------------------------------------------------------------------------------****** 
TargetID: ID54
Relevancy: 0
tj = Inf
Label: -1
Comment: Target is irrelevant as it is not crossing the estimated holding line
DATA:
8.6419,24.447,21.537,-2.4173,-1.5696,0.93257,0.90658,-2.6874,0.25,11.529
8.6819,24.23,21.378,-3.0378,-1.148,-0.28915,-0.2631,-2.7492,0.255,12.735
8.722,24.393,21.629,-2.5598,-1.5985,-0.3718,-0.33844,-2.5602,0.5273,5.7233
8.762,24.185,21.538,-2.7659,-1.6443,-0.58429,-0.52531,-2.5722,0.5251,6.1278
8.802,24.102,21.529,-2.4895,-1.9577,-0.37673,-0.33642,-2.4678,0.6984,4.5347
8.8421,23.925,21.417,-2.5554,-2.0435,-0.39234,-0.34598,-2.4615,0.6888,4.7503
8.882,23.832,21.337,-2.5112,-2.1099,-0.3191,-0.27767,-2.4412,0.6865,4.7777
8.9221,23.755,21.221,-2.4605,-2.2006,-0.31265,-0.26807,-2.4138,0.6865,4.8084
8.962,23.686,21.103,-2.4068,-2.2898,-0.30596,-0.25818,-2.3864,0.6865,4.839
9.0021,23.536,20.997,-2.3658,-2.2728,-0.082066,-0.068085,-2.3762,0.6862,4.781
9.0421,23.479,20.877,-2.3065,-2.3409,-0.081352,-0.066283,-2.3488,0.6862,4.7892
9.0821,23.418,20.754,-2.2455,-2.4071,-0.080542,-0.064362,-2.3215,0.6862,4.7973
9.1221,23.364,20.63,-2.1824,-2.4719,-0.07973,-0.062429,-2.2941,0.6862,4.8054
9.1622,23.315,20.504,-2.1174,-2.5349,-0.07892,-0.060479,-2.2667,0.6862,4.8133
9.2021,23.256,20.379,-2.0504,-2.5964,-0.077997,-0.058428,-2.2392,0.6862,4.8213
9.2422,23.221,20.247,-1.9818,-2.6558,-0.076959,-0.056275,-2.2119,0.6862,4.8291
9.2821,22.84,20.239,-2.1545,-2.4003,0.15583,0.11147,-2.3023,0.5739,5.6203
9.3221,22.769,20.122,-2.0921,-2.4412,0.14972,0.10439,-2.2793,0.5739,5.6021
9.3622,22.721,20.001,-2.0291,-2.4805,0.1433,0.097239,-2.2564,0.5739,5.5841
9.4022,22.67,19.878,-1.9656,-2.5183,0.13651,0.090053,-2.2335,0.5739,5.5666
9.4422,22.622,19.756,-1.9015,-2.5549,0.12937,0.082843,-2.2106,0.5739,5.5495
9.4822,22.577,19.632,-1.837,-2.5899,0.12174,0.075559,-2.1878,0.5739,5.5328
9.5223,22.541,19.506,-1.7721,-2.6235,0.11385,0.068375,-2.1649,0.5739,5.5165
******-------------------------------------------------------------------------------------------------------------------****** 
TargetID: ID10
Relevancy: 1
tj = 2.84
Label: 1
Comment: Target is relevant and Turning, since the velocity ratio is highly changing at the end
DATA:
0,11.368,20.047,-6.5397,-3.1918,-1.0402,-1.0407,-2.6884,0.2411,30.183
0.040072,10.841,19.786,-6.558,-3.3595,-1.0317,-1.0311,-2.669,0.2411,30.562
0.080028,10.579,19.65,-6.5661,-3.4435,-1.0274,-1.026,-2.6594,0.2411,30.752
0.12002,10.316,19.51,-6.573,-3.5281,-1.0231,-1.0208,-2.6497,0.2411,30.942
0.16012,10.055,19.368,-6.579,-3.613,-1.0185,-1.0156,-2.6401,0.2411,31.131
0.20009,9.8845,19.21,-6.3306,-3.6695,-0.69835,-0.69607,-2.6163,0.2498,29.292
0.24009,9.8351,18.977,-5.9355,-3.8035,-0.44604,-0.44437,-2.5717,0.2736,25.766
0.28013,9.734,18.759,-5.693,-3.9305,-0.34439,-0.34303,-2.5372,0.2903,23.831
0.32014,9.4666,18.618,-5.6846,-3.9868,-0.31582,-0.31457,-2.5301,0.2871,24.184
0.36018,9.2471,18.452,-5.583,-4.0365,-0.16271,-0.16209,-2.5155,0.2898,23.773
0.40031,8.9901,18.301,-5.5495,-4.08,-0.090663,-0.090338,-2.5076,0.2876,23.95
0.44012,8.7598,18.142,-5.49,-4.1227,-0.015029,-0.014971,-2.4975,0.2869,23.93
0.48013,8.5554,17.977,-5.3813,-4.1514,0.13497,0.13443,-2.4845,0.2881,23.591
0.52015,9.4653,17.277,-5.0091,-4.3923,0.1037,0.10329,-2.4218,0.3245,20.53
0.56023,9.2971,17.079,-4.9069,-4.4725,0.10671,0.10629,-2.4026,0.3288,20.193
0.59934,9.0958,16.906,-4.8631,-4.5277,0.085362,0.085037,-2.3919,0.3268,20.332
0.6404,9.0012,16.689,-4.7333,-4.654,-0.014225,-0.014174,-2.3646,0.335,19.815
0.68026,8.8139,16.484,-4.6847,-4.7732,-0.12514,-0.12466,-2.3469,0.338,19.787
0.72024,8.6158,16.289,-4.6447,-4.8703,-0.19046,-0.18974,-2.3326,0.3385,19.882
0.75929,8.4729,16.072,-4.5654,-4.9855,-0.25399,-0.25302,-2.3124,0.3423,19.749
0.79941,8.3685,15.862,-4.417,-5.0306,-0.17072,-0.17008,-2.2911,0.3464,19.326
0.83939,7.7913,15.989,-4.7958,-4.8302,-0.092676,-0.092324,-2.3526,0.3011,22.606
0.88047,7.7267,15.817,-4.5964,-5.0048,-0.14007,-0.13953,-2.3138,0.3189,21.308
0.91945,7.6106,15.592,-4.4986,-5.1218,-0.20289,-0.20211,-2.2918,0.3241,21.033
0.95938,7.4804,15.34,-4.3747,-5.2227,-0.17795,-0.17726,-2.2684,0.3307,20.601
0.99936,7.1631,15.252,-4.4403,-5.1789,-0.097882,-0.097514,-2.2794,0.3162,21.574
1.0404,7.0028,15.046,-4.3867,-5.2494,-0.13065,-0.13015,-2.2671,0.3157,21.669
1.0794,6.7999,14.864,-4.3902,-5.2879,-0.16792,-0.16729,-2.264,0.3094,22.213
1.1204,6.6592,14.739,-4.3849,-5.3277,-0.17553,-0.17488,-2.2598,0.3039,22.705
1.1594,6.4897,14.536,-4.3391,-5.3697,-0.15149,-0.15092,-2.2508,0.3017,22.883
1.2004,6.9104,15.089,-4.3795,-5.371,-0.13616,-0.13566,-2.2556,0.2903,23.873
1.2394,6.713,14.928,-4.4233,-5.369,-0.11562,-0.11519,-2.2605,0.279,24.934
1.2795,6.4988,14.728,-4.4358,-5.3508,-0.035668,-0.035533,-2.2631,0.2695,25.79
1.3195,6.3475,14.5,-4.3499,-5.4022,-0.0066124,-0.006587,-2.2487,0.2719,25.509
1.3595,6.0052,14.23,-4.4053,-5.3746,0.025648,0.025551,-2.2573,0.2583,26.904
1.3995,5.8019,14.051,-4.4907,-5.3198,0.065824,0.065573,-2.2716,0.241,28.887
1.4396,6.1074,13.386,-4.6509,-5.22,0.09528,0.094917,-2.2984,0.2152,32.488
1.4804,5.7968,13.236,-4.7794,-5.1366,0.12083,0.12037,-2.32,0.1944,36.092
1.5196,5.5883,13.034,-4.7948,-5.143,0.094479,0.09412,-2.321,0.1882,37.361
1.5596,5.3383,12.871,-4.8088,-5.0376,0.28834,0.28725,-2.3326,0.1745,39.91
1.5997,4.7462,12.309,-4.87,-5.016,0.25368,0.25272,-2.3413,0.1633,42.812
1.6395,4.3432,12.002,-4.9801,-4.8961,0.34826,0.34694,-2.3648,0.1413,49.425
1.6796,4.0419,11.855,-5.0981,-4.7903,0.39715,0.39564,-2.3876,0.1205,58.055
1.7196,3.8122,11.674,-5.1004,-4.7696,0.41157,0.41002,-2.39,0.1152,60.617
1.7597,3.5903,11.564,-5.2413,-4.6759,0.38753,0.38605,-2.4137,0.0942,74.564
1.7996,3.8363,11.808,-5.3145,-4.6804,0.26169,0.26069,-2.4203,0.0869,81.492
1.8406,3.6045,11.618,-5.3246,-4.6776,0.25677,0.2558,-2.4215,0.0834,84.981
1.8796,3.3002,11.469,-5.3913,-4.5915,0.36424,0.36288,-2.4374,0.0689,102.78
1.9197,3.0513,11.29,-5.4323,-4.5573,0.36454,0.36318,-2.4449,0.061,116.24
1.9597,2.7881,11.122,-5.54,-4.4655,0.39448,0.39297,-2.465,0.043,165.48
2.0007,2.491,10.988,-5.7352,-4.415,0.23982,0.2389,-2.4868,0.0251,288.36
2.0397,2.2087,10.825,-5.8101,-4.3334,0.32773,0.32649,-2.5027,0.0111,652.98
2.0808,1.9293,10.654,-5.8957,-4.2944,0.28476,0.28369,-2.5139,0.0018,4052.2
2.1197,1.6637,10.493,-5.9363,-4.2032,0.4267,0.42509,-2.5285,-0.0113,-643.69
2.1608,1.3713,10.334,-6.0052,-4.1772,0.37494,0.37352,-2.5366,-0.0175,-418.01
2.1997,1.0577,10.178,-6.1195,-4.1175,0.32776,0.32631,-2.5519,-0.03,-245.86
2.2398,0.73395,10.025,-6.2282,-4.0754,0.30966,0.30844,-2.5647,-0.0402,-185.15
2.2798,0.43217,9.8721,-6.2801,-4.0267,0.35707,0.3557,-2.5744,-0.048,-155.42
2.3198,0.22228,9.7171,-6.2196,-3.9835,0.42263,0.42092,-2.5756,-0.0477,-154.84
2.3598,-0.032506,9.5657,-6.1823,-3.9106,0.62867,0.62663,-2.5833,-0.0546,-133.98
2.4009,-0.28106,9.4052,-6.2281,-3.8498,0.59596,0.59418,-2.5936,-0.0627,-116.78
2.4398,-0.53453,9.263,-6.2439,-3.7105,0.64553,0.64205,-2.599,-0.066,-110.05
2.4799,-0.81547,9.104,-6.33,-3.7556,0.49048,0.489,-2.6111,-0.075,-98.137
2.5199,-1.0736,8.9555,-6.3441,-3.671,0.56439,0.56249,-2.623,-0.0852,-86.028
2.5599,-1.3202,8.8125,-6.3151,-3.6175,0.66586,0.66436,-2.6288,-0.0887,-82.05
2.5999,-1.5841,8.6692,-6.3129,-3.5538,0.7435,0.74213,-2.6375,-0.0953,-76.017
2.6399,-1.7994,8.5406,-6.2292,-3.5426,0.6294,0.62688,-2.6317,-0.0829,-86.443
2.6799,-2.0753,8.4007,-6.2926,-3.4641,0.73064,0.72945,-2.6473,-0.0982,-73.148
2.7199,-2.3166,8.2914,-6.1227,-3.387,0.95369,0.95008,-2.6485,-0.0969,-72.209
2.7599,-2.6001,8.1631,-6.2846,-3.2097,0.83223,0.826,-2.6587,-0.1033,-68.314
2.8,-2.9832,8.0119,-6.6322,-3.1995,0.48549,0.4824,-2.6858,-0.1288,-57.171
2.84,-3.3255,7.8649,-6.9084,-3.1505,0.22627,0.22516,-2.7108,-0.1511,-50.25
2.881,-3.8245,7.6708,-7.5012,-3.3042,-0.61665,-0.61455,-2.7341,-0.1681,-48.761
2.92,-4.2007,7.5188,-7.8662,-3.1429,-1.0121,-1.0025,-2.7498,-0.1774,-47.75
2.9611,-4.5792,7.3796,-8.2035,-3.1236,-1.3375,-1.3291,-2.7629,-0.1834,-47.863
3.0001,-4.8953,7.2652,-8.2278,-3.0742,-1.2632,-1.2553,-2.7697,-0.1829,-48.023
3.04,-5.2248,7.1441,-8.3014,-3.0315,-1.267,-1.2589,-2.7771,-0.1829,-48.319
3.0801,-5.5639,7.0268,-8.6098,-2.8425,-1.2762,-1.2711,-2.785,-0.18256,-49.665
3.1211,-5.9214,6.9125,-8.7937,-2.7487,-1.2856,-1.2835,-2.793,-0.18221,-50.564
3.1601,-6.2657,6.8055,-8.8447,-2.753,-1.2945,-1.2954,-2.8007,-0.18188,-50.931
3.2001,-6.6186,6.6936,-8.7716,-2.8523,-1.3037,-1.3075,-2.8086,-0.18154,-50.808
3.2401,-6.9655,6.5761,-8.5719,-3.0472,-1.3128,-1.3196,-2.8164,-0.1812,-50.206
3.2801,-7.3404,6.4399,-8.6812,-3.054,-1.4251,-1.4291,-2.8207,-0.1779,-51.73
3.3201,-7.68,6.3145,-8.7192,-3.0337,-1.3847,-1.3884,-2.8237,-0.1723,-53.58
3.3602,-7.9913,6.2383,-8.6779,-2.9195,-1.276,-1.2755,-2.8331,-0.174,-52.62
3.4002,-8.3802,6.1186,-8.8552,-2.9322,-1.468,-1.4684,-2.8399,-0.1738,-53.671
3.4402,-8.7206,6.0101,-8.8019,-2.8665,-1.2637,-1.2636,-2.8429,-0.1661,-55.731
3.4802,-9.1153,6.0272,-8.8492,-2.7944,-1.2646,-1.2639,-2.8522,-0.1677,-55.336
3.5202,-9.4752,5.9205,-8.9166,-2.7576,-1.265,-1.2644,-2.8581,-0.1671,-55.855
3.5602,-9.8303,5.8369,-9.0516,-2.7181,-1.2386,-1.2478,-2.866,-0.1674,-56.457
3.6002,-10.183,5.7584,-9.0837,-2.6398,-1.1774,-1.1859,-2.8743,-0.1684,-56.173
3.6402,-10.539,5.5723,-9.1085,-2.6072,-1.1189,-1.1258,-2.8777,-0.1625,-58.304
******-------------------------------------------------------------------------------------------------------------------****** 
TargetID: ID55
Target can not be processed due to lack of Data
******-------------------------------------------------------------------------------------------------------------------****** 
TargetID: ID57
Target can not be processed due to lack of Data
******-------------------------------------------------------------------------------------------------------------------****** 
TargetID: ID58
Target can not be processed due to lack of Data
******-------------------------------------------------------------------------------------------------------------------****** 
TargetID: ID61
Target can not be processed due to lack of Data
******-------------------------------------------------------------------------------------------------------------------****** 
TargetID: ID62
Target can not be processed due to lack of Data
******-------------------------------------------------------------------------------------------------------------------****** 
TargetID: ID13
Target can not be processed due to lack of Data
******-------------------------------------------------------------------------------------------------------------------****** 
TargetID: ID63
Relevancy: 0
tj = Inf
Label: -1
Comment: Target is irrelevant as it is not crossing the estimated holding line
DATA:
3.9203,NaN,NaN,NaN,NaN,NaN,NaN,2.9073,NaN,NaN
3.9604,NaN,NaN,NaN,NaN,NaN,NaN,2.8297,NaN,NaN
4.0003,NaN,NaN,NaN,NaN,NaN,NaN,2.7668,NaN,NaN
4.0403,NaN,NaN,NaN,NaN,NaN,NaN,2.7522,NaN,NaN
4.0804,NaN,NaN,NaN,NaN,NaN,NaN,2.7522,NaN,NaN
4.1204,NaN,NaN,NaN,NaN,NaN,NaN,2.7221,NaN,NaN
4.1604,33.805,16.496,-3.5858,1.7629,0,0,2.6846,0,Inf
4.2004,33.662,16.566,-3.5858,1.763,0,0,2.6846,0,Inf
4.2404,33.52,16.635,-3.5857,1.7632,0,0,2.6846,0,Inf
4.2805,33.375,16.707,-3.5858,1.763,0,0,2.6846,0,Inf
4.3205,34.955,16.659,-3.2719,1.0035,-0.69661,-0.6436,2.9372,0.1366,25.054
4.3605,34.828,16.681,-3.3008,0.98654,-0.69438,-0.64314,2.9426,0.1366,25.22
4.4005,34.701,16.701,-3.3296,0.96941,-0.69221,-0.64268,2.9481,0.1366,25.387
4.4405,34.571,16.724,-3.3583,0.95171,-0.68983,-0.64199,2.9536,0.1366,25.553
4.4805,34.44,16.745,-3.3869,0.93384,-0.68738,-0.64119,2.959,0.1366,25.72
4.5205,34.308,16.765,-3.4154,0.91567,-0.68486,-0.64028,2.9645,0.1366,25.886
4.5606,34.17,16.814,-3.5214,1.494,-0.65235,-0.60936,2.8136,0.11642,32.858
4.6006,34.027,16.884,-3.6088,2.0125,-0.61982,-0.57843,2.6626,0.096236,42.937
4.6406,33.881,16.974,-3.6775,2.4703,-0.58734,-0.54754,2.5119,0.076079,58.231
4.6806,33.733,17.081,-3.7276,2.8686,-0.55483,-0.51662,2.361,0.055904,84.138
4.7206,33.583,17.203,-3.7591,3.2068,-0.52233,-0.48571,2.2101,0.035732,138.28
4.7606,33.432,17.337,-3.772,3.485,-0.48984,-0.45481,2.0593,0.015569,329.86
4.8006,33.281,17.481,-3.7662,3.7031,-0.45736,-0.42393,1.9085,-0.0045871,-1151.4
4.8406,33.131,17.632,-3.7418,3.8616,-0.42484,-0.39301,1.7576,-0.024766,-217.12
4.8807,32.982,17.789,-3.6988,3.96,-0.39232,-0.36208,1.6067,-0.044951,-120.55
4.9207,32.835,17.948,-3.6372,3.9984,-0.35978,-0.33114,1.4557,-0.06514,-82.977
4.9607,32.691,18.108,-3.5569,3.9767,-0.32729,-0.30024,1.3048,-0.085305,-62.545
5.0007,32.551,18.266,-3.4582,3.8953,-0.29483,-0.26937,1.1542,-0.10545,-49.398
5.0408,32.415,18.419,-3.3405,3.7534,-0.26226,-0.23839,1.003,-0.12566,-39.985
5.0807,32.284,18.565,-3.2047,3.5523,-0.22981,-0.20754,0.8524,-0.1458,-32.814
5.1207,32.159,18.702,-3.0499,3.2908,-0.1973,-0.17663,0.70151,-0.16597,-27.033
5.1607,32.04,18.828,-2.8767,2.9695,-0.16481,-0.14572,0.55069,-0.18614,-22.211
5.2008,31.929,18.939,-2.6845,2.5876,-0.13227,-0.11478,0.39965,-0.20633,-18.071
5.2408,31.825,19.034,-2.4741,2.1466,-0.099793,-0.083895,0.24891,-0.22649,-14.462
5.2808,31.731,19.11,-2.2449,1.6451,-0.067277,-0.052973,0.097993,-0.24667,-11.283
5.3208,31.646,19.165,-1.9971,1.0838,-0.034777,-0.022067,-0.052852,-0.26684,-8.5155
5.3608,31.571,19.196,-1.7306,0.46231,-0.0022631,0.008853,-0.20377,-0.28701,-6.2411
5.4008,31.508,19.201,-1.4457,-0.2185,0.030219,0.039743,-0.35453,-0.30717,-4.76
5.4408,31.456,19.178,-1.1422,-0.9595,0.062714,0.070644,-0.50535,-0.32734,-4.5571
5.4809,31.417,19.124,-0.81941,-1.7619,0.095267,0.1016,-0.65645,-0.34754,-5.5912
5.5209,31.391,19.036,-0.47869,-2.6227,0.12775,0.13249,-0.80723,-0.3677,-7.2505
5.5609,31.379,18.913,-0.11905,-3.5441,0.16027,0.16341,-0.95814,-0.38788,-9.1424
5.6009,31.381,18.752,0.25922,-4.5256,0.19278,0.19433,-1.1091,-0.40806,-11.109
5.6409,31.399,18.55,0.65554,-5.5656,0.22525,0.22521,-1.2598,-0.4282,-13.087
5.681,31.434,18.305,1.0714,-6.668,0.25779,0.25616,-1.4108,-0.4484,-15.061
5.7209,31.217,18.662,0.62683,-5.7472,0.24853,0.24754,-1.463,-0.4822,-11.989
5.761,31.034,18.739,0.33918,-5.415,0.21187,0.21099,-1.509,-0.5141,-10.554
5.801,30.91,18.727,0.13074,-5.2471,0.15739,0.15665,-1.5465,-0.5328,-9.8512
5.841,30.72,18.885,-0.14539,-4.8105,0.056858,0.056549,-1.6013,-0.5704,-8.4373
5.8811,30.574,19.06,-0.36542,-4.4703,-0.071422,-0.070964,-1.652,-0.5995,-7.4816
5.921,30.575,18.935,-0.46964,-4.5443,-0.1468,-0.14575,-1.6732,-0.5945,-7.6846
5.961,30.534,18.839,-0.61626,-4.4554,-0.20906,-0.20742,-1.7073,-0.6067,-7.4135
6.001,30.466,18.845,-0.77815,-4.2458,-0.27373,-0.27146,-1.7509,-0.6282,-6.8713
6.041,30.434,18.675,-0.89877,-4.291,-0.31304,-0.31031,-1.776,-0.6282,-6.9789
6.0811,30.183,18.859,-1.1146,-3.7064,-0.3192,-0.31632,-1.8615,-0.6928,-5.5865
6.1211,30.051,18.958,-1.264,-3.4052,-0.37334,-0.36968,-1.9246,-0.7278,-4.9907
6.1611,29.872,19.143,-1.417,-3.1405,-0.50895,-0.50364,-1.9925,-0.7636,-4.512
6.2011,29.816,19.018,-1.5333,-3.1395,-0.54224,-0.53636,-2.023,-0.7636,-4.5755
6.2411,29.752,18.893,-1.6506,-3.1343,-0.57511,-0.56852,-2.0536,-0.7636,-4.639
6.2811,29.69,18.769,-1.769,-3.1248,-0.60737,-0.59991,-2.0841,-0.7636,-4.7024
6.3211,29.477,19.023,-1.8339,-2.6776,-0.51916,-0.51259,-2.17,-0.8132,-3.9909
6.3612,29.405,18.916,-1.9404,-2.6452,-0.54273,-0.53527,-2.2026,-0.8132,-4.0342
6.4012,29.331,18.812,-2.0466,-2.6088,-0.56562,-0.55723,-2.2351,-0.8132,-4.0774
6.4412,29.253,18.71,-2.1523,-2.5683,-0.58793,-0.57855,-2.2676,-0.8132,-4.1206
6.4812,29.132,18.857,-2.0981,-2.1843,-0.28021,-0.27537,-2.3359,-0.8437,-3.5898
6.5212,29.049,18.774,-2.1808,-2.1228,-0.28905,-0.28372,-2.3697,-0.8437,-3.6072
6.5612,28.824,18.979,-2.2104,-1.8283,-0.19574,-0.19183,-2.4508,-0.8788,-3.2641
6.6013,28.724,18.909,-2.28,-1.7553,-0.20032,-0.19603,-2.4859,-0.8788,-3.2743
6.6412,28.624,18.844,-2.3471,-1.6798,-0.20466,-0.20008,-2.521,-0.8788,-3.2843
6.6813,28.521,18.779,-2.4119,-1.6014,-0.2087,-0.20382,-2.5561,-0.8788,-3.2944
6.7213,28.413,18.719,-2.474,-1.5206,-0.21239,-0.2073,-2.5913,-0.8788,-3.3045
6.7613,28.302,18.662,-2.5334,-1.4375,-0.21576,-0.2105,-2.6264,-0.8788,-3.3145
6.8014,28.195,18.609,-2.59,-1.352,-0.2188,-0.21342,-2.6615,-0.8788,-3.3246
6.8413,28.079,18.557,-2.6438,-1.2642,-0.22154,-0.21604,-2.6967,-0.8788,-3.3346
******-------------------------------------------------------------------------------------------------------------------****** 
TargetID: ID64
Target can not be processed due to lack of Data
******-------------------------------------------------------------------------------------------------------------------****** 
TargetID: ID65
Target can not be processed due to lack of Data
******-------------------------------------------------------------------------------------------------------------------****** 
TargetID: ID14
Target can not be processed due to lack of Data
******-------------------------------------------------------------------------------------------------------------------****** 
TargetID: ID15
Target can not be processed due to lack of Data
******-------------------------------------------------------------------------------------------------------------------****** 
