******-------------------------------------------------------------------------------------------------------------------****** 
Duration of the scene is: 157.8055 seconds
Original Targets Numbers in the hole Scene: 7
Number of Targets in the hole Scene after preprocessing: 17
Number of static portions: 7
******-------------------------------------------------------------------------------------------------------------------****** 
TargetID: ID13
Relevancy: 0
tj = Inf
Label: -1
Comment: Target is irrelevant as it is not crossing the estimated holding line
DATA:
11.284,46.789,5.0747,NaN,NaN,NaN,NaN,-1.7266,NaN,NaN
11.324,46.623,4.4214,-7.1547,-22.819,-0,-0,-1.8746,0,Inf
11.364,46.175,3.8886,-7.8311,-20.309,0.11475,-0.0043135,-1.9389,-0.0399,-545.52
11.404,45.73,3.4123,-8.1304,-19.545,0.28175,-0.017272,-1.9651,-0.1222,-173.23
11.444,45.221,3.4338,-8.7166,-17.01,0.50039,-0.042406,-2.0445,-0.2432,-78.592
11.484,44.873,2.7488,-8.899,-16.957,0.52219,-0.056477,-2.0543,-0.2432,-78.741
11.524,44.3,3.1107,-9.3634,-13.921,0.65455,-0.08594,-2.1631,-0.3728,-45.004
11.564,43.815,2.9366,-9.7251,-13.249,0.83872,-0.12989,-2.204,-0.4261,-38.57
11.604,43.319,2.9705,-10.118,-12.166,0.98166,-0.17468,-2.265,-0.4979,-31.779
11.644,42.763,3.0481,-10.558,-11.006,0.98205,-0.19774,-2.3359,-0.5789,-26.346
11.684,42.205,3.1573,-10.982,-9.7747,0.79871,-0.17942,-2.4147,-0.6657,-22.085
11.724,41.641,3.2879,-11.403,-8.566,0.52583,-0.13038,-2.4973,-0.7515,-18.978
11.764,41.076,3.4358,-11.776,-7.341,0.16655,-0.045063,-2.5842,-0.8391,-16.537
11.804,40.506,3.5529,-12.149,-6.2415,-0.18501,0.054157,-2.6671,-0.9125,-14.968
11.844,39.996,3.4249,-12.438,-5.5257,-0.36265,0.11412,-2.7237,-0.9474,-14.366
11.884,39.418,3.6014,-12.705,-4.3701,-0.68333,0.2299,-2.8106,-1.02,-13.172
11.924,38.812,3.8373,-13.016,-3.1814,-1.0517,0.37669,-2.9023,-1.0865,-12.332
11.964,38.203,4.0282,-13.331,-2.1253,-1.4877,0.56533,-2.984,-1.1322,-11.923
12.004,37.667,3.955,-13.585,-1.5392,-1.6186,0.65075,-3.0293,-1.1322,-12.075
12.044,37.119,3.9079,-13.812,-0.93597,-1.7487,0.74096,-3.0745,-1.1322,-12.227
12.084,36.564,3.8823,-14.012,-0.31331,-1.8781,0.83618,-3.1198,-1.1322,-12.379
12.124,35.999,3.887,-14.184,0.32388,-2.0059,0.93553,-3.165,-1.1322,-12.531
12.164,35.428,3.9201,-14.327,0.97776,-2.1325,1.0393,-3.2103,-1.1322,-12.683
12.204,34.853,3.972,-14.439,1.6438,-2.2568,1.1467,-3.2555,-1.1322,-12.835
12.244,34.205,4.1612,-14.681,2.4759,-2.6498,1.4008,-3.3092,-1.1355,-13.112
12.284,33.618,4.2718,-14.738,3.1796,-2.7802,1.5265,-3.3546,-1.1355,-13.278
12.324,33.028,4.4191,-14.761,3.8927,-2.9088,1.6551,-3.3999,-1.1355,-13.444
12.364,32.44,4.5854,-14.748,4.6146,-3.0347,1.7863,-3.4453,-1.1355,-13.609
12.404,31.852,4.7905,-14.7,5.3435,-3.1588,1.9198,-3.4906,-1.1355,-13.775
12.444,31.505,4.5137,-14.7,5.3435,NaN,NaN,-2.888,NaN,NaN
12.484,31.159,4.2367,-14.7,5.3435,NaN,NaN,-2.2848,NaN,NaN
12.524,30.811,3.9584,NaN,NaN,NaN,NaN,-1.6789,NaN,NaN
12.564,30.153,4.2021,NaN,NaN,NaN,NaN,-2.1221,NaN,NaN
12.605,29.305,4.4994,NaN,NaN,NaN,NaN,-2.6515,NaN,NaN
12.644,28.561,4.8369,NaN,NaN,NaN,NaN,-2.9617,NaN,NaN
12.684,27.808,4.9051,-14.392,0.80527,-0,-0,-3.1975,0,Inf
12.724,27.26,4.8836,-14.187,0.42534,-0.055575,0.041395,-3.1716,0.0338,419.91
12.764,26.712,4.8396,-14.065,0.136,-0.093693,0.071178,-3.1513,0.0681,206.54
12.804,26.194,4.7753,-14.027,-0.12251,-0.098753,0.076423,-3.1328,0.1062,132.08
12.844,25.684,4.6954,-13.87,-0.3623,-0.099889,0.07865,-3.1155,0.1078,128.71
12.884,25.122,4.6943,-13.913,-0.39921,-0.10964,0.087742,-3.1129,0.1071,129.96
12.924,24.523,4.7041,-13.975,-0.22265,-0.12974,0.1054,-3.1257,0.0705,198.25
12.964,23.964,4.6929,-13.98,-0.2194,-0.13883,0.11439,-3.1259,0.061,229.21
13.005,23.506,4.5803,-13.723,-0.43898,-0.11703,0.097696,-3.1095,0.0592,231.92
13.044,24.329,4.9513,-13.502,-0.65606,-0.10151,0.085668,-3.0938,0.0773,174.88
13.084,23.788,4.9271,-13.489,-0.70021,-0.11764,0.10034,-3.0906,0.0773,174.73
13.125,23.297,4.8326,-13.21,-1.0264,-0.12264,0.1056,-3.065,0.1173,112.96
13.164,22.767,4.7856,-13.168,-1.0734,-0.12678,0.11011,-3.0613,0.1137,116.2
******-------------------------------------------------------------------------------------------------------------------****** 
TargetID: ID14
Target can not be processed due to lack of Data
******-------------------------------------------------------------------------------------------------------------------****** 
TargetID: ID15
Target can not be processed due to lack of Data
******-------------------------------------------------------------------------------------------------------------------****** 
TargetID: ID16
Target can not be processed due to lack of Data
******-------------------------------------------------------------------------------------------------------------------****** 
TargetID: ID03
Target can not be processed due to lack of Data
******-------------------------------------------------------------------------------------------------------------------****** 
TargetID: ID18
Target can not be processed due to lack of Data
******-------------------------------------------------------------------------------------------------------------------****** 
TargetID: ID21
Relevancy: 0
tj = Inf
Label: -1
Comment: Target is irrelevant as it is not crossing the estimated holding line
DATA:
10.844,26.923,3.4136,NaN,NaN,NaN,NaN,-1.961,NaN,NaN
10.884,26.633,2.6969,NaN,NaN,NaN,NaN,-1.961,NaN,NaN
10.924,26.343,1.9774,NaN,NaN,NaN,NaN,-1.9611,NaN,NaN
10.964,24.499,4.8832,NaN,NaN,NaN,NaN,-3.2105,NaN,NaN
11.004,24.321,4.4754,-14.496,0.70709,-0,-0,-3.1903,0,Inf
11.044,23.778,4.3552,-14.181,0.10998,-0.019428,-0.0029958,-3.1494,0.0007,20259
11.084,22.884,4.659,-15.106,2.0005,-0.063107,-0.0082187,-3.2732,-0.0127,-1199.8
11.124,22.191,4.683,-15.131,1.7545,-0.32346,-0.034284,-3.257,0.0263,579.16
11.164,21.631,4.5923,-14.777,1.0445,0.1683,0.013746,-3.2122,0.0518,285.98
11.204,21.095,4.5242,-14.587,0.60902,0.26953,0.015514,-3.1833,0.0904,161.5
11.244,20.397,4.5725,-14.848,0.64272,-0.22374,-0.0075422,-3.1848,0.121,122.83
11.284,19.812,4.5637,-14.793,0.49329,-0.11073,-0.0010959,-3.1749,0.1275,116.09
11.324,19.276,4.497,-14.533,0.25142,0.32679,-0.0045109,-3.1589,0.1263,115.08
11.364,20.329,4.6908,-13.344,-1.0918,2.4593,-0.092834,-3.0573,0.3322,40.304
11.404,19.766,4.6499,-13.331,-1.1174,2.2084,-0.13595,-3.0551,0.3069,43.589
11.444,19.071,4.6554,-13.721,-0.95023,1.482,-0.1259,-3.0705,0.2615,52.596
11.484,18.529,4.6002,-13.636,-1.0831,1.3953,-0.15125,-3.0601,0.2615,52.308
11.524,17.988,4.5421,-13.549,-1.2168,1.3065,-0.17203,-3.0495,0.2615,52.02
11.564,17.449,4.4809,-13.461,-1.3479,1.2161,-0.18863,-3.0391,0.2615,51.732
11.604,16.914,4.4144,-13.371,-1.4778,1.1244,-0.20082,-3.0286,0.2615,51.444
11.644,16.381,4.343,-13.28,-1.6075,1.0317,-0.20848,-3.0182,0.2615,51.156
11.684,15.856,4.2623,-13.188,-1.7373,0.93873,-0.21156,-3.0076,0.2615,50.868
11.724,15.331,4.1807,-13.095,-1.8651,0.84621,-0.21025,-2.9971,0.2615,50.58
11.764,14.812,4.0904,-13,-1.993,0.75466,-0.20463,-2.9865,0.2615,50.293
******-------------------------------------------------------------------------------------------------------------------****** 
TargetID: ID22
Target can not be processed due to lack of Data
******-------------------------------------------------------------------------------------------------------------------****** 
TargetID: ID05
Target can not be processed due to lack of Data
******-------------------------------------------------------------------------------------------------------------------****** 
TargetID: ID06
Target can not be processed due to lack of Data
******-------------------------------------------------------------------------------------------------------------------****** 
TargetID: ID12
Target can not be processed due to lack of Data
******-------------------------------------------------------------------------------------------------------------------****** 
TargetID: ID19
Target can not be processed due to lack of Data
******-------------------------------------------------------------------------------------------------------------------****** 
TargetID: ID20
Target can not be processed due to lack of Data
******-------------------------------------------------------------------------------------------------------------------****** 
TargetID: ID23
Target can not be processed due to lack of Data
******-------------------------------------------------------------------------------------------------------------------****** 
TargetID: ID25
Target can not be processed due to lack of Data
******-------------------------------------------------------------------------------------------------------------------****** 
TargetID: ID26
Target can not be processed due to lack of Data
******-------------------------------------------------------------------------------------------------------------------****** 
