******-------------------------------------------------------------------------------------------------------------------****** 
Duration of the scene is: 46.5329 seconds
Original Targets Numbers in the hole Scene: 16
Number of Targets in the hole Scene after preprocessing: 56
Number of static portions: 1
******-------------------------------------------------------------------------------------------------------------------****** 
TargetID: ID21
Target can not be processed due to lack of Data
******-------------------------------------------------------------------------------------------------------------------****** 
TargetID: ID23
Relevancy: 0
tj = Inf
Label: -1
Comment: Target is irrelevant as it is not crossing the estimated holding line
DATA:
15.404,28.507,10.044,NaN,NaN,NaN,NaN,-2.4282,NaN,NaN
15.444,28.714,9.4902,NaN,NaN,NaN,NaN,-1.8172,NaN,NaN
15.484,NaN,NaN,NaN,NaN,NaN,NaN,-2.2741,NaN,NaN
15.524,NaN,NaN,NaN,NaN,NaN,NaN,-2.3265,NaN,NaN
15.564,NaN,NaN,NaN,NaN,NaN,NaN,-2.3983,NaN,NaN
15.604,NaN,NaN,NaN,NaN,NaN,NaN,-2.4329,NaN,NaN
15.644,27.843,9.4559,-5.6451,-3.52,-0,-0,-2.584,0,Inf
15.684,28.002,10.122,-6.2265,-2.6753,-0.013525,-0.012868,-2.7356,-0.0679,-99.807
15.724,28.045,10.408,-6.8117,-1.4387,-0.19574,-0.18613,-2.9298,-0.2418,-28.792
15.764,27.644,10.795,-7.2243,-1.1932,-1.1978,-1.1429,-2.9568,-0.2325,-31.493
15.804,27.302,10.71,-7.2243,-1.1932,NaN,NaN,-2.9523,NaN,NaN
15.844,26.96,10.625,-7.2243,-1.1932,NaN,NaN,-2.9478,NaN,NaN
15.884,26.618,10.54,-7.2243,-1.1932,NaN,NaN,-2.9433,NaN,NaN
15.924,26.276,10.456,-7.2243,-1.1932,NaN,NaN,-2.9387,NaN,NaN
15.964,25.934,10.371,-7.2243,-1.1932,NaN,NaN,-2.9342,NaN,NaN
16.004,25.592,10.286,-7.2243,-1.1932,NaN,NaN,-2.9297,NaN,NaN
16.044,25.25,10.202,-7.2243,-1.1932,NaN,NaN,-2.9252,NaN,NaN
16.084,24.908,10.117,-7.2243,-1.1932,NaN,NaN,-2.9207,NaN,NaN
16.124,24.567,10.032,-7.2243,-1.1932,NaN,NaN,-2.9162,NaN,NaN
16.164,24.225,9.9474,-7.2243,-1.1932,NaN,NaN,-2.9116,NaN,NaN
16.204,23.883,9.8626,-7.2243,-1.1932,NaN,NaN,-2.9071,NaN,NaN
16.245,23.541,9.7779,-7.2243,-1.1932,NaN,NaN,-2.9026,NaN,NaN
16.285,23.199,9.6932,-7.2243,-1.1932,NaN,NaN,-2.8981,NaN,NaN
16.325,22.857,9.6085,-7.2243,-1.1932,NaN,NaN,-2.8936,NaN,NaN
16.365,22.515,9.5237,-7.2243,-1.1932,NaN,NaN,-2.8891,NaN,NaN
16.405,22.173,9.439,-7.2243,-1.1932,NaN,NaN,-2.8845,NaN,NaN
16.445,21.831,9.3543,-7.2243,-1.1932,NaN,NaN,-2.88,NaN,NaN
16.485,21.489,9.2696,-7.2243,-1.1932,NaN,NaN,-2.8755,NaN,NaN
16.525,21.147,9.1848,-7.2243,-1.1932,NaN,NaN,-2.871,NaN,NaN
16.565,20.806,9.1001,-7.2243,-1.1932,NaN,NaN,-2.8665,NaN,NaN
16.605,20.464,9.0154,-7.2243,-1.1932,NaN,NaN,-2.862,NaN,NaN
16.645,20.122,8.9306,-7.2243,-1.1932,NaN,NaN,-2.8574,NaN,NaN
16.685,19.78,8.8459,-7.2243,-1.1932,NaN,NaN,-2.8529,NaN,NaN
16.725,19.438,8.7612,-7.2243,-1.1932,NaN,NaN,-2.8484,NaN,NaN
16.765,19.096,8.6765,NaN,NaN,NaN,NaN,-2.8439,NaN,NaN
16.805,18.696,8.9049,NaN,NaN,NaN,NaN,-2.9686,NaN,NaN
16.845,18.455,8.8629,NaN,NaN,NaN,NaN,-2.9686,NaN,NaN
16.885,18.214,8.8207,NaN,NaN,NaN,NaN,-2.9687,NaN,NaN
16.925,17.973,8.7784,NaN,NaN,NaN,NaN,-2.9687,NaN,NaN
16.965,17.732,8.7362,NaN,NaN,NaN,NaN,-2.9687,NaN,NaN
17.005,17.491,8.6942,NaN,NaN,NaN,NaN,-2.9687,NaN,NaN
17.045,17.25,8.6521,NaN,NaN,NaN,NaN,-2.9687,NaN,NaN
17.085,17.009,8.6101,NaN,NaN,NaN,NaN,-2.9687,NaN,NaN
17.125,16.768,8.568,NaN,NaN,NaN,NaN,-2.9687,NaN,NaN
17.165,16.527,8.5259,NaN,NaN,NaN,NaN,-2.9687,NaN,NaN
******-------------------------------------------------------------------------------------------------------------------****** 
TargetID: ID24
Target can not be processed due to lack of Data
******-------------------------------------------------------------------------------------------------------------------****** 
TargetID: ID25
Target can not be processed due to lack of Data
******-------------------------------------------------------------------------------------------------------------------****** 
TargetID: ID02
Target can not be processed due to lack of Data
******-------------------------------------------------------------------------------------------------------------------****** 
TargetID: ID27
Target can not be processed due to lack of Data
******-------------------------------------------------------------------------------------------------------------------****** 
TargetID: ID28
Target can not be processed due to lack of Data
******-------------------------------------------------------------------------------------------------------------------****** 
TargetID: ID29
Target can not be processed due to lack of Data
******-------------------------------------------------------------------------------------------------------------------****** 
TargetID: ID04
Target can not be processed due to lack of Data
******-------------------------------------------------------------------------------------------------------------------****** 
TargetID: ID30
Target can not be processed due to lack of Data
******-------------------------------------------------------------------------------------------------------------------****** 
TargetID: ID31
Target can not be processed due to lack of Data
******-------------------------------------------------------------------------------------------------------------------****** 
TargetID: ID05
Target can not be processed due to lack of Data
******-------------------------------------------------------------------------------------------------------------------****** 
TargetID: ID34
Relevancy: 0
tj = Inf
Label: -1
Comment: Target is irrelevant as it is not crossing the estimated holding line
DATA:
17.085,26.269,5.055,NaN,NaN,NaN,NaN,-2.5423,NaN,NaN
17.125,25.891,4.7969,NaN,NaN,NaN,NaN,-2.5423,NaN,NaN
17.165,25.513,4.5385,NaN,NaN,NaN,NaN,-2.5423,NaN,NaN
17.205,25.134,4.2803,NaN,NaN,NaN,NaN,-2.5423,NaN,NaN
17.245,24.305,5.9596,NaN,NaN,NaN,NaN,-2.8794,NaN,NaN
17.285,24.739,7.2494,-11.393,-2.4903,-0,-0,-2.9264,0,Inf
17.325,24.236,7.1434,-12.086,-2.1308,-0.79857,-0.75919,-2.9643,0.0845,145.23
17.365,23.738,7.0495,-12.745,-2.5,-0.79877,-0.75938,-2.9672,0.085999,151.03
17.405,23.225,6.9486,-12.826,-2.4779,-0.79898,-0.75956,-2.9701,0.087499,149.3
17.445,22.719,6.8564,-12.328,-2.0638,-0.79918,-0.75975,-2.973,0.089,140.44
17.485,22.197,6.7718,-12.434,-1.9952,-0.95998,-0.91047,-2.9793,0.0705,178.63
17.525,21.709,6.7022,-11.94,-1.5,-0.88758,-0.84183,-2.9803,0.077179,155.93
17.565,21.24,6.6506,-11.516,-1.0893,-0.81505,-0.77306,-2.9814,0.083871,137.92
17.605,20.787,6.6138,-11.164,-0.765,-0.7427,-0.70446,-2.9824,0.090546,123.58
17.645,20.345,6.5883,-10.88,-0.52517,-0.67009,-0.63562,-2.9834,0.097245,112.02
17.685,19.915,6.5706,-10.669,-0.3716,-0.59779,-0.56707,-2.9845,0.10392,102.73
17.725,19.491,6.5574,-10.527,-0.30306,-0.52535,-0.4984,-2.9855,0.1106,95.221
17.765,19.071,6.5452,-10.455,-0.31994,-0.45286,-0.42966,-2.9865,0.11729,89.187
17.805,18.654,6.5307,-10.455,-0.42216,-0.38046,-0.36102,-2.9876,0.12396,84.404
17.845,18.234,6.5103,-10.524,-0.60979,-0.30803,-0.29235,-2.9886,0.13065,80.689
17.885,17.81,6.4807,-10.664,-0.88289,-0.23557,-0.22365,-2.9896,0.13733,77.919
17.925,17.38,6.4385,-10.875,-1.2413,-0.16314,-0.15498,-2.9907,0.14401,76.001
17.965,16.939,6.3803,-11.156,-1.6853,-0.090671,-0.08627,-2.9917,0.1507,74.866
18.005,16.493,6.3112,-11.149,-1.7532,-0.090568,-0.086172,-2.9857,0.1507,74.89
18.045,16.047,6.2395,-11.142,-1.8212,-0.090466,-0.086075,-2.9796,0.1507,74.913
18.085,15.602,6.165,-11.134,-1.8887,-0.090261,-0.08588,-2.9736,0.1507,74.938
18.125,15.157,6.0876,-11.126,-1.9563,-0.090057,-0.085686,-2.9676,0.1507,74.961
18.165,14.712,6.0077,-11.117,-2.0243,-0.089749,-0.085393,-2.9615,0.1507,74.985
18.205,14.267,5.925,-11.109,-2.092,-0.089442,-0.085101,-2.9555,0.1507,75.009
18.245,13.823,5.8397,-11.099,-2.1597,-0.089134,-0.084808,-2.9495,0.1507,75.033
18.285,13.379,5.7516,-11.089,-2.228,-0.088827,-0.084515,-2.9434,0.1507,75.056
******-------------------------------------------------------------------------------------------------------------------****** 
TargetID: ID35
Target can not be processed due to lack of Data
******-------------------------------------------------------------------------------------------------------------------****** 
TargetID: ID36
Target can not be processed due to lack of Data
******-------------------------------------------------------------------------------------------------------------------****** 
TargetID: ID37
Relevancy: 0
tj = Inf
Label: -1
Comment: Target is irrelevant as it is not crossing the estimated holding line
DATA:
8.3218,15.892,2.4561,NaN,NaN,NaN,NaN,-0.4205,NaN,NaN
8.3619,16.356,4.3741,0.77185,12.648,-0,-0,1.5098,0,Inf
8.4019,16.496,3.9925,4.8461,-21.696,0.01256,0.012516,1.4467,-0.0089412,-2486.3
8.4419,16.636,3.4427,0.8207,4.3336,0.025144,0.025058,1.3835,-0.0179,-246.4
8.482,16.669,3.7772,0.90093,4.9735,0.029166,0.029036,1.3915,-0.0244,-207.15
8.5219,16.72,3.7893,0.93561,4.5272,0.04603,0.045763,1.3672,-0.0696,-66.42
8.562,16.754,3.971,0.94978,4.533,0.045651,0.045342,1.3645,-0.0696,-66.543
8.6021,16.77,4.4548,0.82803,5.2501,0.0098361,0.0097638,1.4143,0.0349,152.29
8.642,16.801,4.6662,0.82131,5.2556,0.007229,0.0071704,1.4157,0.0349,152.42
8.6821,16.834,4.8758,0.81489,5.2612,0.0047215,0.0046791,1.4171,0.0349,152.55
8.722,16.978,4.3278,1.0052,3.418,-0.18297,-0.18137,1.2835,-0.1849,-19.268
8.7621,17.023,4.4639,1.024,3.3895,-0.19049,-0.18867,1.2762,-0.1849,-19.15
8.802,17.161,4.0011,0.97519,2.0637,-0.49127,-0.487,1.1238,-0.4151,-5.4987
8.8421,17.188,3.7711,0.77369,1.7782,-0.22498,-0.22272,1.1565,-0.2639,-7.3485
8.8821,17.216,3.84,0.78335,1.7498,-0.23176,-0.22915,1.1459,-0.2639,-7.2647
8.9222,17.294,3.6866,0.80009,1.515,-0.10153,-0.10016,1.0831,-0.3239,-5.2896
8.9622,17.361,3.6168,2.3298,-4.095,0.038802,0.037848,1.0254,-0.36957,-12.748
9.0021,17.46,3.4321,2.3517,-4.2311,0.17914,0.17586,0.96763,-0.41524,-11.658
9.0421,17.529,3.3514,0.86614,1.1053,0.31945,0.31383,0.9099,-0.4609,-3.0467
9.0821,17.566,3.3962,0.89913,1.1061,0.32591,0.32004,0.8915,-0.4609,-3.0928
9.1222,17.601,3.4397,0.93253,1.1061,0.33231,0.3261,0.8731,-0.4609,-3.139
9.1622,17.638,3.4824,0.96623,1.1052,0.33864,0.33201,0.8546,-0.4609,-3.1851
9.2022,17.679,3.5261,1.0001,1.1035,0.34475,0.33775,0.8362,-0.4609,-3.2312
9.2423,17.724,3.5698,1.0343,1.1008,0.35089,0.34344,0.8177,-0.4609,-3.2773
9.2823,17.771,3.6123,1.0687,1.0973,0.35683,0.34892,0.7993,-0.4609,-3.3233
9.3222,17.811,3.6553,1.1033,1.0928,0.36267,0.35428,0.7808,-0.4609,-3.3694
9.3623,17.854,3.6981,1.1381,1.0876,0.36838,0.35957,0.7624,-0.4609,-3.4155
9.4023,17.912,3.7401,1.1731,1.0814,0.37398,0.36474,0.744,-0.4609,-3.4615
9.4423,17.95,3.7827,1.2082,1.0742,0.37955,0.36994,0.7256,-0.4609,-3.5077
9.4824,18.003,3.8254,1.2434,1.0661,0.38492,0.37494,0.7072,-0.4609,-3.5537
9.5223,18.059,3.8664,1.2788,1.0571,0.39022,0.37978,0.6887,-0.4609,-3.5998
******-------------------------------------------------------------------------------------------------------------------****** 
TargetID: ID38
Target can not be processed due to lack of Data
******-------------------------------------------------------------------------------------------------------------------****** 
TargetID: ID39
Target can not be processed due to lack of Data
******-------------------------------------------------------------------------------------------------------------------****** 
TargetID: ID40
Target can not be processed due to lack of Data
******-------------------------------------------------------------------------------------------------------------------****** 
TargetID: ID43
Target can not be processed due to lack of Data
******-------------------------------------------------------------------------------------------------------------------****** 
TargetID: ID45
Relevancy: 0
tj = Inf
Label: -1
Comment: Target is irrelevant as it is not crossing the estimated holding line
DATA:
21.046,21.576,-24.043,3.1601,2.395,2.0285,1.949,0.6128,0.6322,6.2719
21.086,21.678,-23.905,3.1125,2.5061,2.0003,1.9121,0.6529,0.6532,6.1176
21.126,21.61,-23.865,2.9697,2.5431,2.0898,1.9924,0.6906,0.6712,5.8251
21.166,21.422,-23.795,2.693,2.5283,2.1369,2.0331,0.7512,0.7176,5.1474
21.206,21.317,-23.677,2.4909,2.5412,2.0446,1.9472,0.8096,0.7555,4.7099
21.246,21.403,-23.555,2.4974,2.6708,1.9756,1.8838,0.8399,0.7555,4.8399
21.286,21.433,-23.463,2.2299,2.5723,1.3917,1.3293,0.8828,0.7707,4.4171
21.326,21.505,-23.34,2.208,2.6904,1.3355,1.2775,0.9136,0.7707,4.516
21.366,21.281,-23.18,1.7924,2.5683,0.97944,0.94137,1.0046,0.8342,3.7543
21.406,21.33,-23.058,1.7466,2.6834,0.92388,0.88862,1.038,0.8342,3.8381
21.446,21.378,-22.93,1.6937,2.8011,0.86801,0.83514,1.0714,0.8342,3.924
21.486,21.038,-22.779,1.2354,2.6396,0.56165,0.54041,1.1818,0.9067,3.2143
21.526,20.842,-22.639,0.95599,2.6015,0.39778,0.38149,1.2638,0.948,2.9237
21.566,20.619,-22.476,0.70829,2.652,0.29569,0.28228,1.3493,0.9892,2.7749
21.606,20.447,-22.314,0.46727,2.7239,0.17868,0.16989,1.4271,1.021,2.7069
21.646,20.435,-22.197,0.33818,2.8289,0.11182,0.10622,1.468,1.021,2.7905
21.686,20.418,-22.078,0.20003,2.9293,0.043743,0.041574,1.5089,1.021,2.8757
21.726,20.397,-21.958,0.05288,3.0238,-0.025377,-0.024164,1.5497,1.021,2.9621
21.766,20.37,-21.836,-0.10249,3.1118,-0.095416,-0.091175,1.5906,1.021,3.0494
21.806,20.338,-21.713,-0.26575,3.1926,-0.16618,-0.1596,1.6314,1.021,3.1377
21.847,20.301,-21.588,-0.43635,3.2654,-0.23742,-0.22952,1.6722,1.021,3.2267
21.887,20.258,-21.463,-0.61341,3.3296,-0.30883,-0.30099,1.713,1.021,3.316
******-------------------------------------------------------------------------------------------------------------------****** 
TargetID: ID46
Target can not be processed due to lack of Data
******-------------------------------------------------------------------------------------------------------------------****** 
TargetID: ID47
Target can not be processed due to lack of Data
******-------------------------------------------------------------------------------------------------------------------****** 
TargetID: ID49
Target can not be processed due to lack of Data
******-------------------------------------------------------------------------------------------------------------------****** 
TargetID: ID51
Target can not be processed due to lack of Data
******-------------------------------------------------------------------------------------------------------------------****** 
TargetID: ID55
Relevancy: 0
tj = Inf
Label: -1
Comment: Target is irrelevant as it is not crossing the estimated holding line
DATA:
23.887,25.93,-19.642,NaN,NaN,NaN,NaN,2.9013,NaN,NaN
23.927,25.807,-19.611,NaN,NaN,NaN,NaN,2.9014,NaN,NaN
23.967,25.683,-19.58,NaN,NaN,NaN,NaN,2.9014,NaN,NaN
24.007,26.039,-19.326,NaN,NaN,NaN,NaN,2.2218,NaN,NaN
24.047,26.671,-18.889,NaN,NaN,NaN,NaN,1.1415,NaN,NaN
24.087,26.433,-18.915,NaN,NaN,NaN,NaN,1.4585,NaN,NaN
24.127,26.443,-18.821,NaN,NaN,NaN,NaN,1.4585,NaN,NaN
24.167,26.343,-18.771,NaN,NaN,NaN,NaN,1.5992,NaN,NaN
24.207,26.058,-18.827,NaN,NaN,NaN,NaN,1.9964,NaN,NaN
24.247,26.025,-18.752,NaN,NaN,NaN,NaN,1.9964,NaN,NaN
24.287,26.003,-18.679,NaN,NaN,NaN,NaN,1.9833,NaN,NaN
24.327,25.972,-18.606,NaN,NaN,NaN,NaN,1.9833,NaN,NaN
24.367,26.101,-18.451,NaN,NaN,NaN,NaN,1.7891,NaN,NaN
24.407,26.083,-18.369,NaN,NaN,NaN,NaN,1.789,NaN,NaN
24.447,26.019,-18.334,NaN,NaN,NaN,NaN,1.8343,NaN,NaN
24.487,26.188,-18.132,NaN,NaN,NaN,NaN,1.6267,NaN,NaN
24.527,26.184,-18.049,NaN,NaN,NaN,NaN,1.6267,NaN,NaN
24.567,26.415,-17.829,NaN,NaN,NaN,NaN,1.4217,NaN,NaN
24.607,27.222,-17.732,0.91476,2.6015,-0,-0,1.2327,0,Inf
24.647,27.321,-17.583,1.0474,2.674,0.023155,0.022034,1.1973,-0.0004,-7179.6
24.687,27.228,-17.534,0.76894,2.5526,0.092206,0.087806,1.2771,0.0072,370.26
24.727,27.382,-17.337,1.0222,2.7525,0.16311,0.15534,1.2138,0.0083,353.76
24.767,27.372,-17.259,0.93932,2.6737,0.12002,0.11417,1.2341,0.0039,726.63
24.807,27.41,-17.151,0.94065,2.6789,0.12452,0.11846,1.2343,0.0039,728.02
24.847,27.465,-17.026,0.97425,2.7439,0.17998,0.17135,1.228,0.0065,447.96
24.887,27.491,-16.923,0.95247,2.7151,0.15619,0.14868,1.2334,0.005,575.46
24.927,27.529,-16.814,0.95443,2.7224,0.16336,0.1555,1.2336,0.005,576.97
24.967,27.567,-16.706,0.95649,2.7296,0.17043,0.16223,1.2338,0.005,578.46
25.007,27.605,-16.597,0.95845,2.7369,0.17759,0.16905,1.2339,0.005,579.96
25.048,27.643,-16.487,0.96041,2.7441,0.18456,0.17568,1.2341,0.005,581.47
25.088,27.682,-16.377,0.96237,2.7514,0.19162,0.18241,1.2343,0.005,582.97
25.128,27.72,-16.267,0.96433,2.7587,0.19858,0.18904,1.2345,0.005,584.48
25.168,27.759,-16.156,0.96619,2.766,0.20554,0.19567,1.2347,0.005,585.98
25.208,27.538,-16.202,0.54182,2.4008,0.07395,0.070386,1.3488,0.0866,28.42
25.248,27.559,-16.106,0.53116,2.3917,0.083061,0.079063,1.3523,0.0866,28.291
25.288,27.58,-16.01,0.52041,2.3826,0.092274,0.087838,1.3557,0.0866,28.162
25.328,27.601,-15.915,0.50975,2.3734,0.10138,0.096516,1.3592,0.0866,28.032
25.368,27.621,-15.82,0.49919,2.3642,0.11049,0.10519,1.3627,0.0866,27.903
25.408,27.641,-15.725,0.48874,2.355,0.1196,0.11387,1.3662,0.0866,27.774
25.448,27.659,-15.632,0.47848,2.3457,0.1286,0.12245,1.3696,0.0866,27.645
25.488,26.931,-16.055,-0.021025,1.5433,0.054549,0.051794,1.5873,0.1422,10.854
25.527,26.963,-15.929,0.022662,1.7795,0.010859,0.010337,1.5577,0.1117,15.932
25.568,27.073,-15.758,0.088444,1.9249,0.005021,0.0047772,1.5247,0.0939,20.521
25.608,27.076,-15.681,0.081007,1.9226,0.0062505,0.0059476,1.5285,0.0939,20.494
25.648,27.035,-15.629,0.053679,1.9455,0.0084002,0.0079913,1.5435,0.0981,19.839
25.688,27.036,-15.552,0.046293,1.9485,0.0090154,0.0085755,1.5473,0.0981,19.868
25.728,26.95,-15.501,-0.022102,1.9562,0.0030736,0.0029244,1.5822,0.1138,17.191
25.767,26.949,-15.423,-0.031119,1.9636,0.0030736,0.0029244,1.5868,0.1138,17.257
25.808,26.948,-15.344,-0.040346,1.9709,0.0029709,0.0028263,1.5913,0.1138,17.323
25.847,26.945,-15.265,-0.049465,1.9783,0.0029709,0.0028263,1.5959,0.1138,17.389
25.888,26.942,-15.186,-0.058588,1.9855,0.0029709,0.0028263,1.6004,0.1138,17.455
25.928,26.94,-15.106,-0.067917,1.9927,0.0028688,0.002729,1.605,0.1138,17.521
25.968,26.836,-15.087,-0.16185,1.92,-0.001742,-0.0016566,1.6549,0.1426,13.512
26.007,26.829,-15.01,-0.17324,1.9246,-0.0018447,-0.0017547,1.6606,0.1426,13.551
26.048,26.822,-14.933,-0.18474,1.9291,-0.0020488,-0.0019493,1.6663,0.1426,13.59
26.087,26.814,-14.856,-0.19643,1.9335,-0.0021515,-0.0020474,1.672,0.1426,13.629
26.128,26.805,-14.779,-0.20792,1.9379,-0.0022544,-0.0021441,1.6777,0.1426,13.668
26.167,26.796,-14.702,-0.21952,1.9422,-0.0023571,-0.0022422,1.6833,0.1426,13.707
26.208,26.787,-14.623,-0.23132,1.9464,-0.0025612,-0.0024369,1.6891,0.1426,13.746
26.247,26.777,-14.546,-0.24312,1.9506,-0.0026639,-0.002535,1.6948,0.1426,13.785
26.288,26.767,-14.467,-0.25503,1.9546,-0.0027667,-0.0026316,1.7005,0.1426,13.823
26.327,26.756,-14.389,-0.26683,1.9587,-0.0028688,-0.002729,1.7062,0.1426,13.863
26.368,26.744,-14.312,-0.27864,1.9626,-0.0030736,-0.0029244,1.7118,0.1426,13.901
26.407,26.733,-14.233,-0.29074,1.9665,-0.0031763,-0.0030225,1.7176,0.1426,13.94
26.448,26.72,-14.154,-0.30285,1.9703,-0.0032791,-0.0031192,1.7233,0.1426,13.98
26.487,26.708,-14.075,-0.31497,1.9741,-0.0034839,-0.0033146,1.729,0.1426,14.018
26.528,27.283,-13.591,0.33319,2.1787,0.0079925,0.0076042,1.4189,-0.0299,-73.713
26.567,27.297,-13.503,0.33553,2.1769,0.0082993,0.007897,1.4177,-0.0299,-73.667
26.607,27.31,-13.416,0.33787,2.1752,0.0086075,0.0081898,1.4165,-0.0299,-73.621
26.647,27.324,-13.33,0.34032,2.1734,0.0089151,0.0084819,1.4153,-0.0299,-73.575
26.688,27.339,-13.242,0.34246,2.1717,0.009222,0.0087747,1.4142,-0.0299,-73.529
26.727,27.352,-13.156,0.34491,2.1699,0.0095296,0.0090668,1.4129,-0.0299,-73.484
26.767,27.365,-13.069,0.34735,2.1682,0.0098364,0.0093595,1.4117,-0.0299,-73.439
26.807,27.379,-12.983,0.3498,2.1663,0.010042,0.0095543,1.4105,-0.0299,-73.391
26.848,27.393,-12.897,0.35224,2.1646,0.010349,0.0098478,1.4093,-0.0299,-73.346
******-------------------------------------------------------------------------------------------------------------------****** 
TargetID: ID57
Target can not be processed due to lack of Data
******-------------------------------------------------------------------------------------------------------------------****** 
TargetID: ID59
Relevancy: 0
tj = Inf
Label: -1
Comment: Target is irrelevant as it is not crossing the estimated holding line
DATA:
13.284,39.748,12.712,-8.9526,1.919,-0,-0,2.9304,0,Inf
13.324,39.312,12.802,-8.9526,1.919,NaN,NaN,2.623,NaN,NaN
13.364,38.877,12.893,-8.9526,1.919,NaN,NaN,2.3154,NaN,NaN
13.404,38.442,12.984,-8.9526,1.919,NaN,NaN,2.0084,NaN,NaN
13.444,38.006,13.075,-8.9526,1.919,NaN,NaN,1.7005,NaN,NaN
13.484,37.572,13.165,-8.9526,1.919,NaN,NaN,1.3936,NaN,NaN
13.524,37.137,13.256,-8.9526,1.919,NaN,NaN,1.0864,NaN,NaN
13.564,36.702,13.346,-8.9526,1.919,NaN,NaN,0.77899,NaN,NaN
13.604,36.267,13.437,-8.9526,1.919,NaN,NaN,0.47166,NaN,NaN
13.644,35.831,13.528,-8.9526,1.919,NaN,NaN,0.16421,NaN,NaN
13.684,35.396,13.618,-8.9526,1.919,NaN,NaN,-0.14303,NaN,NaN
13.724,34.961,13.709,-8.9526,1.919,NaN,NaN,-0.45046,NaN,NaN
13.764,34.526,13.8,-8.9526,1.919,NaN,NaN,-0.7578,NaN,NaN
13.804,34.091,13.89,-8.9526,1.919,NaN,NaN,-1.0651,NaN,NaN
13.844,33.656,13.981,-8.9526,1.919,NaN,NaN,-1.3725,NaN,NaN
13.884,33.221,14.072,-8.9526,1.919,NaN,NaN,-1.6798,NaN,NaN
13.924,32.785,14.162,-8.9526,1.919,NaN,NaN,-1.9875,NaN,NaN
13.964,32.351,14.253,NaN,NaN,NaN,NaN,-2.2945,NaN,NaN
14.004,32.936,13.594,NaN,NaN,NaN,NaN,-1.3202,NaN,NaN
14.044,32.618,13.762,NaN,NaN,NaN,NaN,-1.7379,NaN,NaN
14.084,32.331,13.998,NaN,NaN,NaN,NaN,-2.344,NaN,NaN
14.124,31.868,14.243,NaN,NaN,NaN,NaN,-2.9463,NaN,NaN
14.164,31.71,14.212,NaN,NaN,NaN,NaN,-2.9266,NaN,NaN
14.204,31.552,14.201,NaN,NaN,NaN,NaN,-2.9644,NaN,NaN
14.244,31.323,14.135,NaN,NaN,NaN,NaN,-2.9742,NaN,NaN
14.284,31.198,14.034,NaN,NaN,NaN,NaN,-2.9032,NaN,NaN
14.324,31.059,14.028,NaN,NaN,NaN,NaN,-2.9273,NaN,NaN
******-------------------------------------------------------------------------------------------------------------------****** 
TargetID: ID60
Target can not be processed due to lack of Data
******-------------------------------------------------------------------------------------------------------------------****** 
TargetID: ID62
Target can not be processed due to lack of Data
******-------------------------------------------------------------------------------------------------------------------****** 
TargetID: ID63
Target can not be processed due to lack of Data
******-------------------------------------------------------------------------------------------------------------------****** 
TargetID: ID64
Relevancy: 0
tj = Inf
Label: -1
Comment: Target is irrelevant as it is not crossing the estimated holding line
DATA:
21.326,19.352,-22.707,NaN,NaN,NaN,NaN,2.5753,NaN,NaN
21.366,19.294,-22.669,NaN,NaN,NaN,NaN,2.5753,NaN,NaN
21.406,NaN,NaN,NaN,NaN,NaN,NaN,2.7497,NaN,NaN
21.446,NaN,NaN,NaN,NaN,NaN,NaN,2.7743,NaN,NaN
21.486,NaN,NaN,NaN,NaN,NaN,NaN,2.7744,NaN,NaN
21.526,NaN,NaN,NaN,NaN,NaN,NaN,2.7744,NaN,NaN
21.566,NaN,NaN,NaN,NaN,NaN,NaN,2.7744,NaN,NaN
21.606,NaN,NaN,NaN,NaN,NaN,NaN,2.7743,NaN,NaN
21.646,NaN,NaN,NaN,NaN,NaN,NaN,2.6508,NaN,NaN
21.686,NaN,NaN,NaN,NaN,NaN,NaN,2.5141,NaN,NaN
21.726,NaN,NaN,NaN,NaN,NaN,NaN,2.4086,NaN,NaN
21.766,NaN,NaN,NaN,NaN,NaN,NaN,2.4491,NaN,NaN
21.806,NaN,NaN,NaN,NaN,NaN,NaN,2.4256,NaN,NaN
21.847,NaN,NaN,NaN,NaN,NaN,NaN,2.4398,NaN,NaN
21.887,NaN,NaN,NaN,NaN,NaN,NaN,2.3959,NaN,NaN
21.926,18.143,-22.553,-2.2982,2.1941,-0,-0,2.3794,0,Inf
21.967,18.074,-22.452,-2.2259,2.2865,-0.28892,-0.27219,2.3476,-0.0167,-191.08
22.007,18.029,-22.32,-2.1556,2.3873,-0.59942,-0.55916,2.3151,-0.0353,-91.119
22.047,18.088,-22.207,-1.9336,2.3575,-0.5876,-0.57178,2.2468,-0.0432,-70.58
22.087,18.002,-22.087,-1.9776,2.5292,-0.88744,-0.82084,2.249,-0.0552,-58.162
22.127,17.961,-21.977,-2.005,2.5155,-0.85949,-0.84239,2.2293,-0.0593,-54.245
22.167,17.899,-21.867,-2.0161,2.5856,-0.9255,-0.9081,2.2181,-0.065,-50.442
22.207,17.891,-22.216,-1.6832,2.6853,-0.91428,-0.78059,2.1905,-0.0706,-44.89
22.247,17.731,-22.262,-1.6103,2.704,-0.93669,-0.79118,2.1775,-0.0685,-45.944
22.287,17.735,-22.143,-1.6953,2.5783,-0.74754,-0.7247,2.1524,-0.0696,-44.335
22.327,17.681,-22.034,-1.5347,2.7238,-0.77671,-0.67178,2.1425,-0.0721,-43.361
22.367,17.652,-21.921,-1.4824,2.7528,-0.72878,-0.63605,2.1198,-0.0854,-36.611
22.407,17.441,-21.922,-1.27,2.6813,-0.5168,-0.46749,2.0564,-0.1523,-19.48
22.447,17.452,-21.805,-1.1801,2.6836,-0.45005,-0.41121,2.0234,-0.1697,-17.275
22.487,17.436,-21.681,-1.0976,2.6954,-0.36056,-0.33326,1.9884,-0.2041,-14.259
22.527,17.493,-21.553,-0.96701,2.6918,-0.30593,-0.28504,1.9424,-0.2303,-12.42
22.567,17.491,-21.441,-0.90236,2.6995,-0.26486,-0.24797,1.9165,-0.2454,-11.599
22.607,17.546,-21.3,-0.75831,2.6814,-0.18285,-0.1725,1.8627,-0.2918,-9.5494
22.647,17.487,-21.207,-0.71708,2.6797,-0.14271,-0.13513,1.845,-0.2957,-9.381
22.687,17.485,-21.102,-0.6496,2.663,-0.09918,-0.094119,1.819,-0.3121,-8.7826
22.727,17.498,-20.988,-0.56788,2.6498,-0.066646,-0.063335,1.7879,-0.3324,-8.1526
22.767,17.518,-20.866,-0.47735,2.6398,-0.041276,-0.039257,1.7534,-0.3558,-7.5397
22.807,17.518,-20.752,-0.41226,2.6304,-0.02166,-0.020608,1.7282,-0.3694,-7.2078
22.847,17.532,-20.632,-0.33026,2.6198,-0.0070633,-0.0067202,1.6969,-0.3883,-6.8002
22.887,17.536,-20.523,-0.26679,2.6126,0.00020476,0.00019542,1.6725,-0.3977,-6.6035
22.927,17.55,-20.417,-0.1829,2.5814,0.010362,0.0098569,1.6406,-0.4151,-6.2343
22.967,17.741,-20.347,-0.29438,2.5793,0.023828,0.022682,1.6822,-0.3488,-7.4427
23.007,17.749,-20.304,-0.35905,2.5481,0.046018,0.043856,1.7059,-0.3083,-8.3466
23.047,17.766,-20.198,-0.29545,2.5142,0.049751,0.047406,1.6824,-0.3192,-7.9308
23.087,17.829,-20.076,-0.17574,2.4821,0.03786,0.036046,1.6374,-0.3483,-7.1443
23.127,17.854,-19.96,-0.10868,2.4417,0.035177,0.033483,1.6114,-0.3612,-6.7667
23.167,17.952,-19.817,0.052024,2.3925,0.0068702,0.0065358,1.5483,-0.4055,-5.9016
23.207,17.939,-19.726,0.059571,2.3728,0.0078962,0.0075124,1.5448,-0.3952,-6.006
23.247,17.936,-19.623,0.074205,2.3627,0.0064599,0.0061456,1.5387,-0.3879,-6.094
23.287,17.97,-19.525,0.15466,2.2996,-0.013402,-0.012753,1.5051,-0.4034,-5.7133
23.327,17.97,-19.44,0.1754,2.2517,-0.020953,-0.019941,1.4954,-0.3987,-5.6647
23.367,18.002,-19.338,0.22511,2.2281,-0.031649,-0.030128,1.4737,-0.4034,-5.5515
23.407,18.058,-19.225,0.32103,2.1777,-0.061373,-0.058477,1.4312,-0.4249,-5.1805
23.447,18.132,-19.117,0.44359,2.0858,-0.11152,-0.10648,1.3734,-0.457,-4.6661
23.487,18.152,-19.028,0.46757,2.0577,-0.11784,-0.11256,1.3602,-0.4536,-4.6521
23.527,18.183,-18.94,0.50608,2.0162,-0.13246,-0.12663,1.3393,-0.456,-4.5586
23.567,18.201,-18.857,0.52088,1.9969,-0.13228,-0.12647,1.3301,-0.4497,-4.5891
23.607,18.219,-18.862,0.34098,2.0049,-0.078549,-0.074874,1.4128,-0.3753,-5.4188
23.647,18.265,-18.771,0.39986,1.9566,-0.10463,-0.099855,1.3831,-0.3856,-5.179
23.687,18.275,-18.698,0.43606,1.9941,-0.091739,-0.086632,1.3669,-0.3852,-5.2992
23.727,18.29,-18.607,0.44238,1.9829,-0.082347,-0.078544,1.3615,-0.3792,-5.3576
23.767,18.341,-18.516,0.504,1.9331,-0.10749,-0.10265,1.3289,-0.3908,-5.112
23.807,18.407,-18.423,0.59265,1.9526,-0.11233,-0.1062,1.2885,-0.4071,-5.0125
23.847,18.433,-18.352,0.62286,1.9512,-0.093871,-0.088882,1.2717,-0.4067,-5.0361
23.887,18.429,-18.291,0.60168,1.9408,-0.072484,-0.06914,1.2781,-0.3924,-5.1783
23.927,18.44,-18.212,0.59754,1.9574,-0.055467,-0.052874,1.2805,-0.3817,-5.3618
23.967,18.466,-18.129,0.62491,1.9862,-0.032663,-0.031026,1.2693,-0.3792,-5.4909
24.007,18.449,-18.083,0.59186,1.9743,-0.021782,-0.020739,1.2818,-0.3622,-5.6906
24.047,18.51,-17.995,0.67419,1.9868,-0.0068639,-0.0065281,1.2443,-0.3757,-5.5845
24.087,18.567,-17.901,0.73992,2.0015,0.013835,0.01317,1.2155,-0.3839,-5.5585
24.127,18.615,-17.82,0.79688,2.0129,0.041525,0.039553,1.1905,-0.3891,-5.5639
24.167,18.686,-17.733,0.88987,2.0091,0.062662,0.059693,1.1494,-0.4032,-5.4499
24.207,18.788,-17.615,1.0115,2.0047,0.076129,0.072305,1.0989,-0.4224,-5.316
24.247,18.893,-17.518,1.1423,1.9427,0.070407,0.066905,1.0358,-0.4467,-5.0451
24.287,18.947,-17.44,1.1807,1.942,0.10614,0.10104,1.0198,-0.4456,-5.1006
24.327,19.021,-17.346,1.2476,1.9555,0.13104,0.12446,0.9977,-0.4484,-5.173
24.367,19.088,-17.264,1.2994,1.9404,0.15383,0.14642,0.9753,-0.4508,-5.1804
24.407,19.257,-17.119,1.5144,1.9556,0.25531,0.24259,0.9064,-0.4771,-5.1842
24.447,19.298,-17.053,1.503,1.9364,0.24555,0.23367,0.9054,-0.4681,-5.2366
24.487,19.403,-16.956,1.6174,1.9342,0.2929,0.27843,0.8698,-0.4766,-5.2903
24.527,19.442,-16.898,1.6005,1.9032,0.26681,0.25386,0.8674,-0.4683,-5.3102
24.567,19.503,-16.821,1.6293,1.9068,0.26587,0.25278,0.8599,-0.4635,-5.4112
24.607,19.569,-16.754,1.6701,1.8882,0.29321,0.27897,0.8432,-0.4624,-5.4516
24.647,19.627,-16.681,1.6873,1.8868,0.30673,0.29184,0.8378,-0.4565,-5.5447
24.687,19.798,-16.649,1.9256,1.8851,0.48451,0.46098,0.7757,-0.4757,-5.6647
24.727,19.908,-16.557,2.022,1.8797,0.5249,0.49939,0.7496,-0.4793,-5.7598
24.767,20.021,-16.503,2.1707,1.8782,0.64305,0.61198,0.7133,-0.4862,-5.9039
24.807,20.111,-16.423,2.2152,1.8736,0.67812,0.64515,0.706,-0.4812,-6.0294
24.847,20.221,-16.351,2.3228,1.8461,0.72704,0.69164,0.6777,-0.4849,-6.119
24.887,20.296,-16.291,2.3414,1.8231,0.71246,0.67776,0.6683,-0.4805,-6.1758
24.927,20.386,-16.233,2.4252,1.8234,0.77459,0.73805,0.653,-0.4781,-6.3464
24.967,20.464,-16.178,2.4566,1.8038,0.79402,0.7568,0.6426,-0.4738,-6.4324
25.007,20.555,-16.123,2.4977,1.7606,0.82933,0.78871,0.6249,-0.4727,-6.4647
25.048,20.703,-16.011,2.4977,1.7606,NaN,NaN,0.65802,NaN,NaN
25.088,20.851,-15.899,2.4977,1.7606,NaN,NaN,0.69115,NaN,NaN
25.128,20.999,-15.787,2.4977,1.7606,NaN,NaN,0.72426,NaN,NaN
25.168,21.147,-15.675,2.4977,1.7606,NaN,NaN,0.75739,NaN,NaN
25.208,21.295,-15.563,2.4977,1.7606,NaN,NaN,0.79052,NaN,NaN
25.248,21.443,-15.45,2.4977,1.7606,NaN,NaN,0.82364,NaN,NaN
25.288,21.591,-15.338,2.4977,1.7606,NaN,NaN,0.85676,NaN,NaN
25.328,21.739,-15.226,2.4977,1.7606,NaN,NaN,0.88988,NaN,NaN
25.368,21.887,-15.114,2.4977,1.7606,NaN,NaN,0.923,NaN,NaN
25.408,22.035,-15.002,2.4977,1.7606,NaN,NaN,0.95613,NaN,NaN
25.448,22.183,-14.89,2.4977,1.7606,NaN,NaN,0.98927,NaN,NaN
25.488,22.331,-14.778,2.4977,1.7606,NaN,NaN,1.0224,NaN,NaN
25.527,22.476,-14.668,2.4977,1.7606,NaN,NaN,1.0548,NaN,NaN
25.568,22.627,-14.553,2.4977,1.7606,NaN,NaN,1.0886,NaN,NaN
25.608,22.775,-14.441,2.4977,1.7606,NaN,NaN,1.1217,NaN,NaN
25.648,22.923,-14.329,2.4977,1.7606,NaN,NaN,1.1549,NaN,NaN
25.688,23.071,-14.217,2.4977,1.7606,NaN,NaN,1.188,NaN,NaN
25.728,23.219,-14.105,2.4977,1.7606,NaN,NaN,1.2211,NaN,NaN
25.767,23.363,-13.995,2.4977,1.7606,NaN,NaN,1.2534,NaN,NaN
25.808,23.515,-13.88,2.4977,1.7606,NaN,NaN,1.2874,NaN,NaN
25.847,23.659,-13.771,2.4977,1.7606,NaN,NaN,1.3197,NaN,NaN
25.888,23.811,-13.656,2.4977,1.7606,NaN,NaN,1.3536,NaN,NaN
25.928,23.959,-13.544,2.4977,1.7606,NaN,NaN,1.3867,NaN,NaN
25.968,24.107,-13.432,2.4977,1.7606,NaN,NaN,1.4198,NaN,NaN
26.007,24.251,-13.322,2.4977,1.7606,NaN,NaN,1.4522,NaN,NaN
26.048,24.403,-13.207,2.4977,1.7606,NaN,NaN,1.4861,NaN,NaN
26.087,24.547,-13.098,2.4977,1.7606,NaN,NaN,1.5184,NaN,NaN
26.128,24.699,-12.983,2.4977,1.7606,NaN,NaN,1.5523,NaN,NaN
26.167,24.843,-12.874,2.4977,1.7606,NaN,NaN,1.5847,NaN,NaN
26.208,24.995,-12.759,2.4977,1.7606,NaN,NaN,1.6186,NaN,NaN
26.247,25.139,-12.649,2.4977,1.7606,NaN,NaN,1.6509,NaN,NaN
26.288,25.291,-12.535,2.4977,1.7606,NaN,NaN,1.6848,NaN,NaN
26.327,25.435,-12.425,2.4977,1.7606,NaN,NaN,1.7171,NaN,NaN
26.368,25.587,-12.31,2.4977,1.7606,NaN,NaN,1.7511,NaN,NaN
26.407,25.731,-12.201,2.4977,1.7606,NaN,NaN,1.7834,NaN,NaN
26.448,25.883,-12.086,2.4977,1.7606,NaN,NaN,1.8173,NaN,NaN
26.487,26.027,-11.976,2.4977,1.7606,NaN,NaN,1.8498,NaN,NaN
26.528,26.178,-11.862,2.4977,1.7606,NaN,NaN,1.8836,NaN,NaN
26.567,26.323,-11.752,2.4977,1.7606,NaN,NaN,1.9159,NaN,NaN
26.607,26.471,-11.64,2.4977,1.7606,NaN,NaN,1.949,NaN,NaN
26.647,26.619,-11.528,2.4977,1.7606,NaN,NaN,1.9821,NaN,NaN
26.688,26.77,-11.413,2.4977,1.7606,NaN,NaN,2.0161,NaN,NaN
26.727,26.915,-11.304,2.4977,1.7606,NaN,NaN,2.0484,NaN,NaN
26.767,27.063,-11.191,2.4977,1.7606,NaN,NaN,2.0816,NaN,NaN
26.807,27.211,-11.079,2.4977,1.7606,NaN,NaN,2.1147,NaN,NaN
26.848,27.362,-10.964,2.4977,1.7606,NaN,NaN,2.1486,NaN,NaN
26.887,27.507,-10.855,2.4977,1.7606,NaN,NaN,2.181,NaN,NaN
26.928,27.658,-10.74,2.4977,1.7606,NaN,NaN,2.2148,NaN,NaN
26.967,27.803,-10.631,2.4977,1.7606,NaN,NaN,2.2471,NaN,NaN
27.007,27.95,-10.519,2.4977,1.7606,NaN,NaN,2.2802,NaN,NaN
27.047,28.098,-10.406,2.4977,1.7606,NaN,NaN,2.3134,NaN,NaN
27.087,28.246,-10.294,2.4977,1.7606,NaN,NaN,2.3465,NaN,NaN
27.127,28.394,-10.182,2.4977,1.7606,NaN,NaN,2.3796,NaN,NaN
27.167,28.542,-10.07,2.4977,1.7606,NaN,NaN,2.4127,NaN,NaN
27.207,28.69,-9.9578,2.4977,1.7606,NaN,NaN,2.4458,NaN,NaN
27.247,28.838,-9.8455,2.4977,1.7606,NaN,NaN,2.479,NaN,NaN
27.287,28.987,-9.7331,NaN,NaN,NaN,NaN,2.5122,NaN,NaN
27.327,28.941,-9.6985,NaN,NaN,NaN,NaN,2.5123,NaN,NaN
27.367,28.895,-9.6643,NaN,NaN,NaN,NaN,2.5123,NaN,NaN
27.407,28.848,-9.6303,NaN,NaN,NaN,NaN,2.5123,NaN,NaN
27.447,28.802,-9.5967,NaN,NaN,NaN,NaN,2.5123,NaN,NaN
27.487,28.755,-9.5628,NaN,NaN,NaN,NaN,2.5123,NaN,NaN
27.528,28.709,-9.5285,NaN,NaN,NaN,NaN,2.5123,NaN,NaN
******-------------------------------------------------------------------------------------------------------------------****** 
TargetID: ID65
Target can not be processed due to lack of Data
******-------------------------------------------------------------------------------------------------------------------****** 
TargetID: ID11
Target can not be processed due to lack of Data
******-------------------------------------------------------------------------------------------------------------------****** 
TargetID: ID66
Target can not be processed due to lack of Data
******-------------------------------------------------------------------------------------------------------------------****** 
TargetID: ID67
Target can not be processed due to lack of Data
******-------------------------------------------------------------------------------------------------------------------****** 
TargetID: ID68
Relevancy: 1
tj = 29.5681
Label: 0
Comment: Target is relevant and going straight, since the velocity ratio is almost not changing
DATA:
26.087,20.919,-13.688,NaN,NaN,NaN,NaN,0.9323,NaN,NaN
26.128,21.182,-13.543,NaN,NaN,NaN,NaN,0.7651,NaN,NaN
26.167,21.821,-13.516,2.185,2.079,-0,-0,0.7605,0,Inf
26.208,21.893,-13.504,2.0647,2.0559,0.066598,0.063362,0.7832,0.0069,422.28
26.247,21.855,-13.414,1.7241,1.9481,0.13022,0.12389,0.8466,0.0178,146.15
26.288,21.958,-13.335,1.8218,1.9958,0.1293,0.12302,0.8311,0.0168,160.85
26.327,21.972,-13.256,1.6651,1.9528,0.1831,0.17421,0.8643,0.0292,87.887
26.368,21.956,-13.163,1.4793,1.8769,0.18761,0.17851,0.9025,0.0216,110.64
26.407,22.051,-13.042,1.5972,1.9575,0.23649,0.22501,0.8856,0.0179,141.14
26.448,22.115,-12.963,1.605,1.97,0.23997,0.22833,0.8863,0.0179,141.96
26.487,22.119,-12.898,1.4769,1.9063,0.1889,0.17973,0.9125,0.0271,88.985
26.528,22.179,-12.821,1.4814,1.9166,0.193,0.18363,0.9136,0.0271,89.386
26.567,22.17,-12.749,1.3504,1.8648,0.16246,0.15458,0.945,0.0437,52.686
26.607,22.285,-12.696,1.4424,1.8753,0.10972,0.10439,0.9157,0.0242,97.765
26.647,22.282,-12.628,1.3312,1.8398,0.097835,0.093084,0.945,0.0448,50.69
26.688,22.19,-12.578,1.061,1.7135,0.022642,0.021542,1.0166,0.1001,20.134
26.727,22.257,-12.511,1.0994,1.7393,0.035044,0.033341,1.0068,0.0887,23.197
26.767,22.292,-12.436,1.0813,1.7424,0.040264,0.03831,1.0154,0.0926,22.146
26.807,22.195,-12.436,0.82461,1.5788,-0.055757,-0.053045,1.0885,0.1615,11.029
26.848,22.256,-12.36,0.87625,1.627,-0.017826,-0.01696,1.0771,0.1425,12.968
26.887,22.323,-12.276,0.93148,1.6768,0.019162,0.01823,1.0635,0.1223,15.684
26.928,22.406,-12.219,1.0143,1.7171,0.060567,0.057621,1.0365,0.0929,21.467
26.967,22.509,-12.13,1.1467,1.7924,0.14637,0.13924,1.0004,0.0526,40.453
27.007,22.56,-12.064,1.1614,1.8157,0.17549,0.16694,1.0002,0.0518,41.61
27.047,22.486,-12.057,0.917,1.6901,0.047734,0.045416,1.0744,0.1311,14.667
27.087,22.588,-11.965,1.0624,1.7906,0.15192,0.14452,1.0337,0.0845,24.639
27.127,22.609,-11.892,1.0297,1.7997,0.15933,0.1516,1.053,0.0999,20.755
27.167,22.65,-11.82,1.0271,1.8119,0.16117,0.15335,1.057,0.0999,20.849
27.207,22.521,-11.815,0.69204,1.6171,-0.0012289,-0.0011697,1.1664,0.206,8.5387
27.247,22.575,-11.752,0.74977,1.6812,0.044687,0.042516,1.1504,0.1843,9.9879
27.287,22.528,-11.706,0.61786,1.6181,0.016698,0.015886,1.2065,0.2295,7.5471
27.327,22.536,-11.639,0.58211,1.6365,0.031557,0.030041,1.2282,0.2398,7.2434
27.367,22.523,-11.582,0.51071,1.6252,0.03258,0.031021,1.2654,0.2635,6.4652
27.407,22.585,-11.509,0.57814,1.6922,0.058542,0.055704,1.2401,0.2341,7.6388
27.447,22.609,-11.428,0.56902,1.7265,0.071819,0.068421,1.2506,0.2339,7.7718
27.487,22.632,-11.359,0.55512,1.7388,0.070895,0.067544,1.26,0.2339,7.8036
27.528,22.639,-11.294,0.52279,1.7413,0.066568,0.063371,1.2791,0.2421,7.5097
27.567,22.626,-11.249,0.46544,1.7207,0.057641,0.054822,1.3083,0.2593,6.8745
27.608,22.684,-11.132,0.51223,1.8218,0.088921,0.084631,1.2945,0.2376,7.965
27.647,22.703,-11.059,0.49816,1.838,0.086766,0.082581,1.304,0.2376,8.0149
27.687,22.766,-10.982,0.56724,1.8818,0.10503,0.099958,1.2757,0.211,9.315
27.727,22.911,-10.856,0.79237,2.0126,0.1977,0.18812,1.1927,0.1443,14.989
27.767,22.957,-10.756,0.81408,2.0734,0.22957,0.21867,1.1933,0.14,15.911
27.807,22.941,-10.702,0.73886,2.0427,0.18939,0.18014,1.2268,0.1613,13.467
27.847,23.049,-10.568,0.88212,2.1807,0.28322,0.26949,1.1828,0.1251,18.804
27.888,23.118,-10.474,0.95543,2.2537,0.3403,0.32379,1.166,0.1116,21.934
27.928,23.145,-10.413,0.95416,2.2401,0.31907,0.30354,1.1719,0.1147,21.228
27.968,23.308,-10.263,1.2278,2.442,0.53885,0.5126,1.1008,0.0655,41.729
28.008,23.428,-10.152,1.4131,2.5585,0.69515,0.66123,1.062,0.0414,70.599
28.048,23.47,-10.081,1.4182,2.56,0.67015,0.6377,1.069,0.0473,61.873
28.088,23.451,-10.02,1.2754,2.5146,0.53027,0.50455,1.1053,0.0702,40.164
28.128,23.369,-10,1.0135,2.3325,0.28602,0.2721,1.1639,0.1062,23.947
28.168,23.387,-9.9194,0.97704,2.3355,0.26126,0.24854,1.1774,0.1123,22.544
28.208,23.411,-9.8397,0.95328,2.3439,0.24613,0.23414,1.1872,0.1162,21.775
28.248,23.474,-9.7402,1.0034,2.4159,0.28326,0.26946,1.1801,0.11,23.782
28.288,23.444,-9.6818,0.87897,2.3378,0.20275,0.19287,1.2136,0.1276,19.574
28.328,23.44,-9.6056,0.81172,2.3097,0.16705,0.1589,1.235,0.1371,17.857
28.368,23.469,-9.5146,0.79904,2.3393,0.16917,0.16107,1.2416,0.138,17.913
28.408,23.501,-9.42,0.79254,2.363,0.16682,0.15882,1.2472,0.138,18.061
28.448,23.382,-9.4218,0.56131,2.1126,0.045064,0.042866,1.312,0.1718,12.724
28.488,23.292,-9.4189,0.40934,1.9268,-0.0034839,-0.0033146,1.3614,0.1966,10.019
28.528,23.187,-9.4226,0.27204,1.751,-0.018653,-0.01775,1.416,0.2232,7.9389
28.568,23.189,-9.3455,0.25975,1.7978,-0.0021515,-0.0020474,1.4273,0.2243,8.0986
28.608,23.161,-9.2808,0.2148,1.8052,0.0071719,0.0068238,1.4524,0.2326,7.8159
28.648,23.146,-9.2256,0.18436,1.8002,0.0080934,0.0076986,1.469,0.237,7.6356
28.688,23.152,-9.1587,0.1727,1.8375,0.013425,0.012775,1.4767,0.2368,7.7937
28.728,23.158,-9.0854,0.15615,1.8471,0.011477,0.010922,1.4861,0.2368,7.8281
28.768,23.058,-9.0989,0.06456,1.7382,0.00092203,0.00087696,1.5337,0.2583,6.734
28.808,23.042,-9.0299,0.032445,1.7566,-0.0033812,-0.0032165,1.5524,0.2623,6.6982
28.848,23.027,-8.9819,0.0065528,1.7504,-0.0073779,-0.0070208,1.5667,0.2651,6.6028
28.888,22.998,-8.9316,-0.031128,1.7428,-0.01363,-0.012972,1.5881,0.2709,6.4343
28.928,22.973,-8.8669,-0.067814,1.7491,-0.021217,-0.020179,1.6095,0.2759,6.3442
28.968,22.954,-8.8015,-0.099058,1.7527,-0.026755,-0.025443,1.6272,0.279,6.2921
29.008,22.936,-8.7391,-0.129,1.7525,-0.031371,-0.02983,1.6443,0.282,6.2314
29.048,22.922,-8.6502,-0.15948,1.7693,-0.0363,-0.034449,1.6622,0.284,6.2553
29.088,22.9,-8.5907,-0.19128,1.7563,-0.036193,-0.034413,1.6793,0.2869,6.1579
29.128,22.892,-8.5203,-0.21262,1.7642,-0.039169,-0.03724,1.6908,0.2869,6.1938
29.168,22.879,-8.455,-0.23087,1.7504,-0.033123,-0.031434,1.7034,0.2875,6.1412
29.208,22.854,-8.3872,-0.26367,1.7237,-0.022864,-0.021712,1.7237,0.2911,5.9901
29.248,22.846,-8.3168,-0.28146,1.7117,-0.015066,-0.01433,1.7338,0.2903,5.9756
29.288,22.814,-8.2765,-0.30607,1.6589,0.0035861,0.0034105,1.7534,0.2945,5.7279
29.328,22.803,-8.2029,-0.32553,1.6519,0.0085017,0.0080943,1.7649,0.2941,5.7247
29.368,22.75,-8.1599,-0.36149,1.6009,0.027656,0.026266,1.7944,0.302,5.4346
29.408,22.686,-8.1431,-0.39653,1.5328,0.05018,0.047569,1.827,0.312,5.0747
29.448,22.627,-8.1144,-0.42582,1.4676,0.080378,0.075963,1.8585,0.3207,4.7649
29.488,22.608,-8.0561,-0.44113,1.452,0.083659,0.079019,1.8713,0.3207,4.732
29.528,22.571,-8.0258,-0.45073,1.3931,0.1155,0.10866,1.8921,0.3247,4.5094
29.568,22.552,-7.9704,-0.46371,1.3743,0.11971,0.11251,1.9051,0.3247,4.4669
29.608,22.533,-7.9019,-0.50631,1.3549,0.12805,0.12382,1.9187,0.3244,4.4587
29.648,22.513,-7.848,-0.51959,1.3348,0.13227,0.12806,1.9317,0.3244,4.4154
******-------------------------------------------------------------------------------------------------------------------****** 
TargetID: ID69
Target can not be processed due to lack of Data
******-------------------------------------------------------------------------------------------------------------------****** 
TargetID: ID12
Target can not be processed due to lack of Data
******-------------------------------------------------------------------------------------------------------------------****** 
TargetID: ID70
Target can not be processed due to lack of Data
******-------------------------------------------------------------------------------------------------------------------****** 
TargetID: ID71
Target can not be processed due to lack of Data
******-------------------------------------------------------------------------------------------------------------------****** 
TargetID: ID72
Target can not be processed due to lack of Data
******-------------------------------------------------------------------------------------------------------------------****** 
TargetID: ID13
Target can not be processed due to lack of Data
******-------------------------------------------------------------------------------------------------------------------****** 
TargetID: ID16
Target can not be processed due to lack of Data
******-------------------------------------------------------------------------------------------------------------------****** 
TargetID: ID74
Target can not be processed due to lack of Data
******-------------------------------------------------------------------------------------------------------------------****** 
TargetID: ID77
Target can not be processed due to lack of Data
******-------------------------------------------------------------------------------------------------------------------****** 
TargetID: ID78
Target can not be processed due to lack of Data
******-------------------------------------------------------------------------------------------------------------------****** 
