******-------------------------------------------------------------------------------------------------------------------****** 
Duration of the scene is: 29.0886 seconds
Original Targets Numbers in the hole Scene: 7
Number of Targets in the hole Scene after preprocessing: 19
Number of static portions: 1
******-------------------------------------------------------------------------------------------------------------------****** 
TargetID: ID01
Relevancy: 1
tj = 6.4418
Label: 0
Comment: Target is relevant and going straight, since the velocity ratio is almost not changing
DATA:
2.9207,12.939,26.778,-0.029559,-5.4835,0.025399,0.025398,-1.5761,-0.0025,-2193.4
2.9608,12.915,26.571,-0.069494,-5.4467,0.050196,0.0502,-1.5836,0.0008,6809
3.0008,12.906,26.363,-0.07179,-5.4038,0.08009,0.0801,-1.5841,0.0095,568.87
3.0409,12.898,26.153,-0.075521,-5.3809,0.1103,0.11026,-1.5845,0.0118,456.05
3.0808,12.911,25.929,-0.040487,-5.3848,0.1349,0.13484,-1.5778,0.0169,318.64
3.121,12.965,25.667,0.04401,-5.5166,0.1581,0.15802,-1.5623,0.0151,365.35
3.1608,12.978,25.448,0.097098,-5.4955,0.17984,0.18001,-1.5537,0.0303,181.4
3.201,12.969,25.239,0.082373,-5.4641,0.19623,0.1963,-1.5557,0.0303,180.35
3.2408,12.992,24.99,0.11648,-5.5109,0.20923,0.20915,-1.549,0.0366,150.61
3.281,12.853,24.852,-0.19532,-5.3463,0.22273,0.22296,-1.6081,-0.0447,-119.68
3.3209,12.885,24.619,-0.10512,-5.4048,0.20663,0.20684,-1.5909,-0.0193,-280.09
3.3609,12.939,24.36,0.034864,-5.4782,0.20253,0.20246,-1.5638,0.0205,267.23
3.4009,12.789,24.233,-0.32242,-5.2842,0.21334,0.21355,-1.6324,-0.0769,-68.844
3.441,12.693,24.051,-0.5366,-5.2016,0.20493,0.20488,-1.6729,-0.1229,-42.548
3.481,12.817,23.747,-0.16473,-5.434,0.15103,0.15093,-1.6006,-0.0194,-280.23
3.5211,12.804,23.531,-0.18036,-5.4262,0.14737,0.1474,-1.604,-0.0224,-242.37
3.5609,12.863,23.289,-0.0040012,-5.4969,0.14303,0.14293,-1.5711,0.0191,287.8
3.601,12.898,23.058,0.10003,-5.5291,0.13897,0.13906,-1.5532,0.0401,137.9
3.641,12.902,22.837,0.10938,-5.5341,0.14716,0.14727,-1.5515,0.0401,138.03
3.681,12.906,22.616,0.11853,-5.539,0.15546,0.15558,-1.5499,0.0401,138.16
3.721,12.912,22.394,0.12748,-5.544,0.16355,0.16369,-1.5483,0.0401,138.29
3.761,12.917,22.172,0.13663,-5.5489,0.17165,0.1718,-1.5467,0.0401,138.42
3.801,12.938,21.944,0.854,-5.8104,0.16384,0.16398,-1.5333,0.050953,115.26
3.8412,12.981,21.707,1.2528,-5.9554,0.15598,0.15611,-1.5198,0.061867,98.369
3.881,13.034,21.469,1.3291,-5.9826,0.1482,0.14832,-1.5065,0.072671,84.331
3.9212,13.083,21.23,1.0843,-5.8924,0.14035,0.14046,-1.493,0.08358,71.684
3.9611,13.116,20.999,0.5224,-5.6864,0.13256,0.13266,-1.4796,0.0944,60.491
4.0011,13.138,20.771,0.54489,-5.6943,0.13796,0.13807,-1.4759,0.0944,60.597
4.0411,13.159,20.544,0.56779,-5.7022,0.14346,0.14357,-1.472,0.0944,60.703
4.0813,13.244,20.224,0.67493,-5.854,0.13028,0.13024,-1.4556,0.1065,55.331
4.1212,13.101,20.084,0.40683,-5.6925,0.084886,0.084924,-1.4997,0.0671,85.052
4.1612,13.184,19.815,0.54146,-5.7608,0.087502,0.087473,-1.4768,0.0844,68.556
4.2012,13.215,19.524,0.58633,-5.8143,0.08499,0.084973,-1.47,0.0931,62.769
4.2413,13.181,19.313,0.50281,-5.7626,0.071293,0.071282,-1.4835,0.0808,71.59
4.2812,13.194,19.096,0.50941,-5.752,0.067491,0.067515,-1.4827,0.078,74.032
4.3213,13.167,18.89,0.43788,-5.698,0.057395,0.057388,-1.4939,0.0675,84.664
4.3612,13.153,18.664,0.39655,-5.6596,0.048996,0.048992,-1.5007,0.0623,91.067
4.4012,13.092,18.502,0.27548,-5.5172,0.036598,0.036605,-1.521,0.0445,124.14
4.4413,13.138,18.255,0.34943,-5.5798,0.036802,0.036795,-1.5081,0.0525,106.49
4.4817,13.122,18.047,0.30342,-5.5546,0.035198,0.035196,-1.5161,0.0445,125.01
4.5212,13.117,17.806,0.28253,-5.5675,0.034898,0.034896,-1.52,0.0418,133.37
4.5613,13.099,17.585,0.23364,-5.5648,0.034698,0.034696,-1.5287,0.0342,162.86
4.6013,13.111,17.355,0.24573,-5.5891,0.034598,0.034604,-1.527,0.0344,162.63
4.6414,13.108,17.137,0.22739,-5.5948,0.034098,0.0341,-1.5302,0.0306,182.99
4.6814,13.056,16.941,0.12024,-5.531,0.029999,0.029997,-1.549,0.0168,329.31
4.7214,13.031,16.762,0.074599,-5.4863,0.027199,0.027202,-1.5573,0.0088,623.51
4.7614,12.99,16.578,0.0036546,-5.4367,0.024698,0.024702,-1.5702,-0.0012,-4530.6
4.8013,13.002,16.349,0.023699,-5.465,0.0228,0.0228,-1.5665,0.0014,3903.6
4.8414,13.004,16.124,0.024,-5.4963,0.0219,0.021898,-1.5664,0.0012,4580.3
4.8815,13.014,15.886,0.039206,-5.5346,0.021599,0.021599,-1.5636,0.0033,1677.2
4.9214,13.1,15.585,0.1857,-5.6641,0.028002,0.027997,-1.5379,0.0212,267.32
4.9614,13.074,15.384,0.13884,-5.6201,0.024698,0.024702,-1.5462,0.0153,367.44
5.0014,13.086,15.155,0.15575,-5.6269,0.0246,0.024598,-1.543,0.0172,327.27
5.0416,13.098,14.913,0.17064,-5.6468,0.024899,0.024898,-1.5405,0.0191,295.78
5.0815,13.096,14.705,0.16711,-5.6045,0.021801,0.021798,-1.5409,0.0186,301.45
5.1215,13.118,14.476,0.19821,-5.6126,0.021401,0.021399,-1.5354,0.0215,261.21
5.1615,13.13,14.262,0.21929,-5.5627,0.016199,0.0162,-1.5314,0.0239,232.93
5.2015,13.151,14.062,0.24935,-5.491,0.008,0.0080005,-1.5254,0.027,203.58
5.2415,13.172,13.809,0.26951,-5.5287,0.0098004,0.0097997,-1.5221,0.0292,189.56
5.2816,13.183,13.588,0.2757,-5.5218,0.0101,0.0101,-1.5209,0.0292,189.34
5.3215,13.25,13.306,0.36629,-5.6283,0.015899,0.015899,-1.5058,0.0376,150
5.3615,13.329,12.979,0.46712,-5.8089,0.035598,0.035596,-1.4904,0.0463,125.87
5.4015,13.265,12.817,0.3439,-5.7137,0.027699,0.027703,-1.5108,0.0328,174.51
5.4416,13.26,12.621,0.32407,-5.6861,0.025899,0.025902,-1.5139,0.0293,194.38
5.4816,13.188,12.48,0.20497,-5.5767,0.020299,0.020302,-1.5341,0.016,348.78
5.5217,13.16,12.256,0.15258,-5.5491,0.017299,0.017299,-1.5432,0.0119,466.49
5.5616,13.161,12.034,0.14638,-5.5588,0.017199,0.017199,-1.5444,0.0109,510.15
5.6016,13.118,11.885,0.081267,-5.4672,0.0145,0.014501,-1.556,0.0029,1885.4
5.6416,13.123,11.661,0.08484,-5.4751,0.0139,0.013899,-1.5553,0.0033,1659.3
5.6816,13.69,12.006,0.07451,-5.4687,0.012897,0.012896,-1.5569,0.0025,2187.7
5.7216,13.743,11.796,0.050775,-5.4469,0.011597,0.011597,-1.5612,0.0002,27236
5.7616,13.62,11.71,-0.12566,-5.1722,0.015394,0.015395,-1.5947,-0.0176,-293.96
5.8016,13.598,11.526,-0.14913,-5.0952,0.018391,0.018392,-1.5996,-0.0194,-262.75
5.8418,13.54,11.391,-0.22028,-4.9291,0.029576,0.029579,-1.6147,-0.0268,-184.11
5.8817,13.572,11.119,-0.17278,-5.0567,0.018891,0.018892,-1.6045,-0.0205,-246.81
5.9217,13.584,10.899,-0.15197,-5.1189,0.013895,0.013895,-1.6001,-0.0186,-275.33
5.9617,13.578,10.695,-0.15552,-5.1105,0.014295,0.014295,-1.6009,-0.0186,-274.88
6.0018,13.597,10.454,-0.12566,-5.1776,0.011297,0.011298,-1.5948,-0.015,-345.28
6.0418,13.591,10.247,-0.1286,-5.1725,0.011597,0.011597,-1.5954,-0.015,-344.94
6.0818,13.586,10.04,-0.13173,-5.1672,0.011897,0.011897,-1.596,-0.015,-344.59
6.1218,13.657,9.7268,-0.029146,-5.3227,0.0093978,0.0093984,-1.5761,-0.0035,-1520.8
6.1619,13.656,9.5147,-0.029683,-5.3213,0.0096977,0.0096982,-1.5761,-0.0035,-1520.4
6.2019,13.713,9.216,0.051952,-5.4622,0.010998,0.010997,-1.561,0.0047,1162.2
6.2419,13.715,8.9977,0.053016,-5.4656,0.011297,0.011298,-1.5608,0.0047,1162.9
6.2818,13.718,8.7788,0.05398,-5.4689,0.011597,0.011597,-1.5607,0.0047,1163.7
6.322,13.72,8.5602,0.055143,-5.4723,0.011897,0.011897,-1.5605,0.0047,1164.4
6.3619,13.722,8.3413,0.056207,-5.4757,0.012197,0.012197,-1.5603,0.0047,1165.1
6.4018,13.724,8.1225,0.05737,-5.479,0.012497,0.012497,-1.56,0.0047,1165.8
6.4418,13.726,7.9035,0.058534,-5.4824,0.012797,0.012796,-1.5598,0.0047,1166.5
6.482,13.766,7.6323,0.11032,-5.5756,0.013696,0.013696,-1.5507,0.0091,612.82
6.5218,13.827,7.3011,0.19275,-5.7711,0.02179,0.02179,-1.537,0.0158,365.46
6.562,13.84,7.1093,0.21208,-5.6989,0.017893,0.017893,-1.5332,0.0176,324.03
6.6019,13.855,7.1576,0.089948,-5.5201,0.0094979,0.0094969,-1.5542,0.0062,890.46
6.642,13.881,6.8517,0.1181,-5.694,0.013796,0.013795,-1.5497,0.008,711.9
6.6819,13.894,6.5671,0.12671,-5.8184,0.017193,0.017192,-1.5486,0.0082,709.73
6.722,13.925,6.2572,0.16772,-5.9757,0.023487,0.0235,-1.5427,0.0112,533.75
6.7619,13.928,6.016,0.15941,-5.9927,0.022789,0.022787,-1.5436,0.0106,565.55
6.802,13.919,5.8019,0.13558,-5.9594,0.019092,0.01909,-1.5476,0.0084,709.64
6.842,13.944,5.4999,0.17761,-6.0853,0.024088,0.0241,-1.5416,0.0121,503.14
6.882,13.924,5.3451,0.13037,-5.927,0.015795,0.015794,-1.5484,0.0084,705.77
6.922,13.923,5.1195,0.12187,-5.9141,0.014495,0.014495,-1.5498,0.0075,788.71
6.962,13.945,4.8075,0.15744,-6.0669,0.019092,0.0191,-1.5448,0.0105,577.99
7.0021,13.944,4.5445,0.15814,-6.1146,0.019192,0.0192,-1.5449,0.0108,566.35
7.042,13.926,4.3933,0.1192,-5.941,0.011797,0.011796,-1.5504,0.0079,752.18
7.082,13.915,4.1829,0.092978,-5.8914,0.0092985,0.0092979,-1.5548,0.0055,1071.3
7.1225,13.926,3.8659,0.11267,-6.0608,0.012597,0.0126,-1.5522,0.007,865.98
7.1621,13.829,3.5002,0.10308,-6.0131,0.010498,0.010498,-1.5534,0.0064,939.68
7.2022,13.8,3.3501,0.063393,-5.8389,0.0059997,0.006,-1.5599,0.003,1946.4
7.242,13.865,3.0983,0.077836,-5.8861,0.0067989,0.0067985,-1.5574,0.0045,1308.1
7.2821,13.844,2.9278,0.047195,-5.762,0.0044,0.0043999,-1.5626,0.0017,3389.5
7.3222,13.912,2.3916,0.11767,-6.3685,0.013097,0.0131,-1.5523,0.0066,965.09
7.3621,13.919,2.1732,0.098483,-6.303,0.0094983,0.0095005,-1.5552,0.0047,1341.2
7.4021,13.916,1.9457,0.072018,-6.2275,0.0056991,0.0056995,-1.5591,0.0022,2830.9
7.4422,13.915,1.6695,0.0448,-6.2067,0.0034994,0.0034999,-1.5635,-0.0003,-20689
7.4821,13.902,1.484,0.0145,-5.9476,0.00059993,0.0005995,-1.5684,-0.0036,-1652.1
******-------------------------------------------------------------------------------------------------------------------****** 
TargetID: ID08
Relevancy: 1
tj = 16.885
Label: 0
Comment: Target is relevant and going straight, since target is crossing Ego X-axis in EFC
DATA:
14.524,3.6065,41.126,NaN,NaN,NaN,NaN,-1.7821,NaN,NaN
14.564,3.4846,40.556,NaN,NaN,NaN,NaN,-1.7821,NaN,NaN
14.605,5.4396,39.861,-0.0685,-14.479,0,0,-1.5755,0,Inf
14.644,4.187,39.177,-2.4863,-14.147,0.041099,0.041099,-1.7448,-0.0001,-1.4364e+05
14.684,4.0886,38.61,-2.4858,-14.142,0.0414,0.0414,-1.7448,-0.0001,-1.4359e+05
14.724,4.4812,37.854,-1.4698,-14.372,-0.1023,-0.1023,-1.6728,0.0064,2257.3
14.764,4.4225,37.279,-1.4656,-14.367,-0.1036,-0.1036,-1.6725,0.0064,2256.5
14.804,4.3959,36.584,-1.4195,-14.421,-0.067499,-0.067502,-1.6689,0.005,2898.2
14.844,4.34,36.007,-1.4168,-14.42,-0.068299,-0.068302,-1.6688,0.005,2897.9
14.885,4.2814,35.431,-1.4129,-14.419,-0.069099,-0.069102,-1.6685,0.005,2897.6
14.924,4.224,34.855,-1.4094,-14.418,-0.069899,-0.069902,-1.6683,0.005,2897.3
14.964,4.6878,34.121,-0.43261,-14.492,-0.0278,-0.0278,-1.6007,0.0616,235.36
15.004,4.6953,33.428,-0.33383,-14.523,0.0047999,0.0047996,-1.5938,0.0662,219.43
15.044,5.0823,32.772,0.56404,-14.504,0.0089999,0.0089996,-1.5319,0.1303,111.4
15.084,5.4208,32.116,1.3088,-14.498,0.022,0.021999,-1.4808,0.1832,79.462
15.124,5.5131,31.481,1.4486,-14.518,0.0343,0.0343,-1.4713,0.1845,79.077
15.164,5.4843,30.843,1.3246,-14.537,0.0381,0.038099,-1.4799,0.166,87.937
15.205,5.5394,30.245,1.4049,-14.537,0.0428,0.042799,-1.4744,0.1645,88.784
15.245,5.6519,29.63,1.6238,-14.547,0.0496,0.049599,-1.4596,0.1761,83.119
15.285,5.7531,29.032,1.7797,-14.559,0.058099,0.058098,-1.4491,0.1795,81.712
15.324,5.8368,28.442,1.9023,-14.556,0.061699,0.061698,-1.4408,0.1807,81.24
15.365,6.0207,27.855,2.2629,-14.577,0.082902,0.082896,-1.4167,0.1996,73.903
15.405,6.0543,27.241,2.1556,-14.591,0.078599,0.078596,-1.4241,0.1802,81.85
15.445,5.9278,26.672,1.68,-14.525,0.0483,0.048299,-1.4556,0.1339,109.2
15.485,5.9123,26.081,1.5181,-14.508,0.041299,0.041299,-1.4665,0.1147,127.18
15.525,5.9198,25.503,1.4343,-14.485,0.0348,0.0348,-1.4721,0.1028,141.6
15.565,5.9258,24.932,1.3583,-14.462,0.0292,0.029199,-1.4771,0.0917,158.4
15.605,5.8473,24.355,1.043,-14.412,0.0227,0.0227,-1.4985,0.0639,226.12
15.645,5.8501,23.742,0.93755,-14.418,0.0204,0.020399,-1.5059,0.0545,265.11
15.685,5.7276,23.187,0.57612,-14.333,0.0168,0.0168,-1.5306,0.0255,562.52
15.725,5.701,22.615,0.4573,-14.298,0.0135,0.013499,-1.5388,0.016,894.08
15.765,6.412,22.07,0.16358,-14.239,0.015199,0.0152,-1.5593,-0.0058,-2455.1
15.805,6.3227,21.498,-0.063314,-14.187,0.016898,0.0169,-1.5753,-0.0215,-659.88
15.845,6.4126,20.919,0.12923,-14.225,0.0091991,0.0092001,-1.5617,-0.007,-2032.3
15.885,6.3362,22.055,-0.084622,-14.191,0.013599,0.013599,-1.5766,-0.0212,-669.4
15.925,6.1991,21.519,-0.4354,-14.094,0.021198,0.021196,-1.6015,-0.0452,-311.95
15.965,6.2527,20.917,-0.29492,-14.156,0.013899,0.013898,-1.5915,-0.0329,-430.35
16.005,6.2436,20.344,-0.30894,-14.157,0.013199,0.013199,-1.5925,-0.0324,-437.04
16.045,6.2015,19.768,-0.41766,-14.145,0.014399,0.014398,-1.6002,-0.038,-372.4
16.085,6.1159,19.218,-0.60424,-14.097,0.017798,0.017798,-1.6135,-0.0492,-286.78
16.125,6.0779,18.646,-0.67092,-14.095,0.016899,0.016897,-1.6182,-0.0514,-274.54
16.165,5.9948,18.097,-0.84614,-14.055,0.021099,0.021097,-1.6307,-0.0609,-231.21
16.205,5.9679,17.508,-0.88439,-14.077,0.017099,0.017098,-1.6334,-0.0599,-235.47
16.245,5.9161,16.946,-0.91977,-14.074,0.016099,0.016098,-1.6359,-0.0597,-236.24
16.285,5.8905,16.382,-0.86175,-14.103,0.011599,0.011599,-1.6317,-0.0535,-264.1
16.325,5.8091,15.829,-0.9944,-14.072,0.012199,0.012198,-1.6412,-0.0601,-234.73
16.365,5.8244,15.262,-0.86865,-14.085,0.0129,0.012899,-1.6323,-0.051,-276.7
16.405,5.7873,14.695,-0.86375,-14.107,0.0089999,0.0089996,-1.6319,-0.0486,-290.82
16.445,5.6544,14.161,-1.1173,-14.04,0.0141,0.014099,-1.6501,-0.0621,-226.81
16.485,5.4012,13.614,-1.0753,-14.055,0.011899,0.011899,-1.6471,-0.0573,-246.01
16.525,5.2038,13.051,-1.1315,-14.06,0.0103,0.010299,-1.651,-0.0579,-243.62
16.565,5.2421,12.464,-0.97459,-14.115,0.0058997,0.0059001,-1.6397,-0.047,-301.04
16.605,5.282,11.874,-0.82255,-14.16,0.0046999,0.0046996,-1.6288,-0.0364,-389.67
16.645,5.2697,11.307,-0.79665,-14.152,0.0072002,0.0071997,-1.627,-0.0337,-420.59
16.685,5.2277,10.736,-0.83931,-14.155,0.0069002,0.0069,-1.63,-0.0348,-407.45
16.725,5.2081,10.142,-0.83733,-14.175,0.0078001,0.0077992,-1.6297,-0.0323,-439.61
16.765,5.1907,9.5734,-0.81201,-14.157,0.011899,0.011899,-1.628,-0.0297,-477.46
16.805,5.1641,9.0037,-0.81077,-14.143,0.015,0.014998,-1.6279,-0.0283,-500.56
16.845,5.1269,8.4212,-0.83772,-14.133,0.0177,0.017698,-1.6299,-0.0277,-511.1
16.885,5.13,7.8439,-0.74299,-14.151,0.016699,0.016698,-1.6231,-0.021,-674.78
16.925,5.0748,7.2731,-0.8103,-14.12,0.0199,0.019897,-1.6279,-0.023,-614.92
16.965,5.1101,6.6924,-0.62924,-14.142,0.018599,0.018597,-1.6151,-0.0115,-1231
17.005,5.1144,6.1197,-0.55123,-14.131,0.019999,0.019997,-1.6096,-0.0063,-2244.7
17.045,5.1287,5.5385,-0.45527,-14.146,0.018499,0.018497,-1.6028,-0.0004,-35382
17.085,5.1928,4.9316,-0.23182,-14.229,0.012199,0.012198,-1.587,0.0127,1120.6
17.125,5.284,4.3192,0.052519,-14.386,0.0060997,0.0060999,-1.5671,0.0285,504.79
17.165,5.3432,3.5895,0.12774,-14.48,0.0045999,0.0045997,-1.5619,0.0323,448.31
17.205,5.4012,2.928,0.26414,-14.693,0.0086999,0.0086999,-1.5527,0.0392,374.88
17.245,5.3913,2.3271,0.25947,-14.719,0.0086992,0.0087005,-1.5532,0.0378,389.44
17.285,5.386,1.7385,0.26344,-14.757,0.0092998,0.0093008,-1.553,0.0372,396.76
17.325,5.3694,1.1517,0.25822,-14.758,0.0083,0.0083002,-1.5534,0.0362,407.74
17.365,5.3649,0.57356,0.26074,-14.784,0.0084999,0.0085,-1.5532,0.0356,415.35
17.405,5.3547,-0.014572,0.25629,-14.789,0.0081,0.0081004,-1.5535,0.0343,431.24
17.445,5.3415,-0.61515,0.25232,-14.819,0.0083,0.0083002,-1.5538,0.0332,446.42
17.485,5.2453,-1.2203,0.16608,-14.878,0.0058997,0.0059001,-1.5596,0.028,531.39
17.525,5.2838,-1.9596,0.19387,-15.188,0.0111,0.011099,-1.5579,0.0282,538.64
17.565,5.2686,-2.5018,0.19899,-15.061,0.0083993,0.0083994,-1.5575,0.0279,539.87
17.605,4.7391,-2.6261,-0.53253,-10.767,-0.028703,-0.028711,-1.6206,0.0274,393.43
17.645,4.7943,-3.1806,-0.95631,-11.014,-0.05031,-0.050329,-1.6581,-0.0269,-410.98
17.685,4.9475,-3.7788,-0.04803,-13.679,-0.0077,-0.0077007,-1.5744,0.2135,64.073
17.725,4.9372,-4.3643,0.074165,-13.867,0.0043,0.0043,-1.5654,0.2294,60.452
17.765,4.9826,-5.0918,0.38936,-13.945,0.049993,0.050023,-1.5433,0.317,44.009
17.805,5.052,-5.656,0.47572,-14.058,0.061689,0.061734,-1.5375,0.2955,47.6
17.845,5.0918,-6.2662,0.68726,-14.387,0.097071,0.097183,-1.5239,0.3178,45.322
17.885,5.1257,-6.9023,0.8377,-14.767,0.15013,0.15039,-1.5154,0.3149,46.971
17.925,5.1584,-7.464,0.92662,-14.747,0.14713,0.14738,-1.5092,0.2956,49.988
17.965,5.2168,-8.0324,1.0383,-14.544,0.11615,0.11632,-1.5005,0.2835,51.432
18.005,5.2283,-8.609,1.0571,-14.519,0.10066,0.10079,-1.499,0.2617,55.626
18.045,5.3107,-9.1549,1.2945,-14.373,0.095765,0.095884,-1.4818,0.2778,51.946
18.085,5.3828,-9.7357,1.4501,-14.383,0.09976,0.099892,-1.4712,0.2759,52.394
18.125,5.3807,-10.321,1.4017,-14.338,0.067682,0.067743,-1.4739,0.2558,56.319
18.165,5.466,-10.892,1.556,-14.282,0.055388,0.055429,-1.4628,0.258,55.683
18.205,5.5654,-11.435,1.7753,-14.188,0.042492,0.042517,-1.4467,0.2689,53.174
18.245,5.6758,-12.009,1.9634,-14.121,0.026996,0.027007,-1.4329,0.2754,51.768
18.285,5.5739,-12.629,1.671,-14.175,0.012299,0.012301,-1.4536,0.2291,62.303
18.325,5.6944,-13.181,1.9002,-14.094,-0.0037,-0.0037005,-1.4367,0.2411,58.984
18.365,5.7773,-13.744,1.9996,-14.059,-0.013701,-0.013698,-1.4294,0.2362,60.119
18.405,5.8103,-14.329,1.9705,-14.064,-0.018902,-0.018897,-1.4314,0.2188,64.905
18.445,5.8968,-14.894,2.0752,-14.027,-0.028104,-0.028092,-1.4237,0.2169,65.376
18.485,5.8101,-15.51,1.8385,-14.11,-0.0178,-0.017797,-1.4411,0.1852,76.83
18.525,5.6494,-16.139,1.2617,-14.145,-0.035605,-0.035589,-1.4815,0.123,115.45
18.566,5.7074,-16.713,1.3276,-14.152,-0.030104,-0.030091,-1.477,0.1224,116.13
18.606,5.6348,-17.332,1.1222,-14.217,-0.019701,-0.019697,-1.4919,0.0988,144.34
18.646,5.4726,-17.95,0.71466,-14.301,-0.012101,-0.012099,-1.5208,0.0589,243.1
18.686,5.5297,-18.511,0.68833,-14.327,-0.0090999,-0.0090995,-1.5227,0.0539,266.11
18.726,5.5467,-19.094,0.69697,-14.347,-0.0061996,-0.0061998,-1.5222,0.0523,274.64
18.766,5.5673,-19.676,0.7113,-14.365,-0.0034002,-0.0033993,-1.5213,0.0515,279.28
18.806,5.5669,-20.248,0.66986,-14.359,-0.0063996,-0.0063996,-1.5241,0.0458,313.85
18.846,5.5749,-20.831,0.66533,-14.367,-0.0041,-0.0041001,-1.5245,0.0439,327.63
18.886,5.5564,-21.434,0.60968,-14.386,-0.0035994,-0.0035998,-1.5284,0.0387,372.06
18.926,5.528,-22.028,0.55375,-14.416,-0.00039995,-0.00039967,-1.5324,0.0339,425.57
18.966,5.5167,-22.619,0.52332,-14.434,0.0010005,0.00099992,-1.5346,0.031,465.92
19.006,5.5191,-23.209,0.51313,-14.445,0.0019997,0.0019997,-1.5353,0.0295,489.96
19.046,5.5042,-23.784,0.47601,-14.47,0.0036,0.0036006,-1.5379,0.0261,554.71
19.086,5.4966,-24.37,0.45416,-14.483,0.004,0.0040002,-1.5395,0.024,603.75
19.126,5.5146,-24.944,0.46591,-14.474,0.0036,0.0036006,-1.5386,0.0238,608.46
19.166,5.5165,-25.523,0.45668,-14.475,0.0032994,0.0033001,-1.5393,0.0225,643.66
19.206,5.5745,-26.095,0.51958,-14.477,0.0042,0.0042001,-1.535,0.0251,577.13
19.246,5.5973,-26.674,0.53469,-14.479,0.0043,0.0043,-1.5339,0.0251,577.26
19.286,5.5517,-27.271,0.4653,-14.503,0.0044,0.0043999,-1.5388,0.0208,697.6
19.326,5.5073,-27.861,0.39548,-14.506,0.0033994,0.0034,-1.5436,0.0164,884.86
19.366,5.5861,-28.424,0.47901,-14.496,0.0036,0.0036006,-1.5378,0.02,725.22
19.406,5.6561,-28.995,0.55283,-14.493,0.0038,0.0038004,-1.5327,0.0233,622.45
******-------------------------------------------------------------------------------------------------------------------****** 
TargetID: ID09
Relevancy: 0
tj = Inf
Label: -1
Comment: Target is irrelevant as it is not crossing the estimated holding line
DATA:
27.608,5.5848,32.165,NaN,NaN,NaN,NaN,-1.3753,NaN,NaN
27.648,5.679,31.684,NaN,NaN,NaN,NaN,-1.3753,NaN,NaN
27.688,4.6948,31.46,-2.11,-11.54,0,0,-1.7516,0,Inf
27.728,4.6104,30.999,-2.11,-11.54,0,0,-1.7516,0,Inf
27.768,4.5257,30.537,-2.1099,-11.54,0,0,-1.7516,0,Inf
27.808,4.4399,30.073,-2.114,-11.545,-0.0496,-0.0496,-1.7519,0.0002,58686
27.848,5.3931,30.395,-2.0215,-11.576,-0.04291,-0.042908,-1.744,0.0435,270.14
27.888,5.3132,29.932,-2.0015,-11.582,-0.045011,-0.045009,-1.7422,0.0435,270.19
27.928,5.4549,29.517,-1.513,-11.567,-0.027404,-0.027404,-1.701,0.0487,239.53
27.968,5.3123,29.089,-1.6376,-11.534,0.012601,0.0126,-1.7118,0.0485,240.19
28.008,5.2383,28.657,-1.6259,-11.509,0.0134,0.0134,-1.7111,0.0461,252.13
28.048,5.0945,28.203,-1.7987,-11.485,0.0146,0.014599,-1.726,0.0312,372.59
28.088,5.1301,27.733,-1.4904,-11.514,0.004,0.0040002,-1.6995,0.0599,193.83
28.128,4.9652,27.263,-1.7896,-11.488,0.0079993,0.0079997,-1.7253,0.025,465.04
28.168,4.9386,26.808,-1.6324,-11.496,0.0017997,0.0017999,-1.7118,0.0415,279.8
28.208,5.013,26.33,-1.1206,-11.537,-0.0035001,-0.0035006,-1.6677,0.1026,112.97
28.248,4.9531,25.87,-1.1434,-11.534,0.0030002,0.0029997,-1.6696,0.0935,123.96
28.288,5.0503,25.435,-0.49839,-11.566,-0.0049006,-0.0049002,-1.6139,0.1716,67.462
28.328,5.1247,24.939,-0.10676,-11.566,0.0061004,0.0060992,-1.58,0.2085,55.476
28.368,5.1192,24.471,-0.052151,-11.571,0.0115,0.011499,-1.5752,0.2032,56.944
28.408,5.0173,24.029,-0.29959,-11.543,0.0189,0.018897,-1.5966,0.1647,70.111
28.448,5.0929,23.54,0.037936,-11.57,0.0148,0.014798,-1.5674,0.1941,59.61
28.489,5.2271,23.05,0.5374,-11.597,0.0146,0.014598,-1.5244,0.2378,48.821
28.528,5.2552,22.587,0.64795,-11.59,0.015,0.014998,-1.5148,0.2378,48.813
28.568,5.2438,22.121,0.52744,-11.563,0.012599,0.012599,-1.5251,0.2111,54.83
28.609,5.2103,21.656,0.41627,-11.565,0.015,0.014998,-1.5347,0.1903,60.813
28.649,5.1185,21.197,0.16469,-11.541,0.0162,0.016198,-1.5564,0.1583,72.916
28.688,5.1095,20.738,0.18023,-11.527,0.0146,0.014599,-1.555,0.153,75.348
28.729,5.1131,20.961,0.21145,-11.52,0.0098991,0.0098981,-1.5523,0.1494,77.122
28.769,5.1649,20.481,0.377,-11.536,0.0083001,0.0082988,-1.538,0.1584,72.87
28.809,5.0525,20.062,0.061196,-11.464,0.0111,0.011099,-1.5653,0.1237,92.674
28.849,4.9986,19.61,-0.066234,-11.429,0.0127,0.012697,-1.5764,0.1081,105.73
28.889,5.0063,19.155,0.0010235,-11.433,0.0103,0.010299,-1.5706,0.1088,105.09
28.929,5.0796,18.701,0.28856,-11.467,0.0052999,0.0052991,-1.5456,0.1293,88.715
28.969,5.1591,18.229,0.52008,-11.498,0.0058004,0.0057995,-1.5255,0.1428,80.602
29.009,5.164,17.345,0.61087,-11.507,0.0065996,0.0065995,-1.5177,0.1447,79.633
29.049,5.0838,16.897,0.3728,-11.482,0.0075002,0.0074995,-1.5383,0.1204,95.418
29.089,5.0261,16.452,0.22375,-11.457,0.0080001,0.0079991,-1.5512,0.104,110.18
******-------------------------------------------------------------------------------------------------------------------****** 
TargetID: ID02
Target can not be processed due to lack of Data
******-------------------------------------------------------------------------------------------------------------------****** 
TargetID: ID10
Relevancy: 1
tj = 11.8834
Label: 0
Comment: Target is relevant and going straight, since target is crossing Ego X-axis in EFC
DATA:
8.1624,5.7054,49.722,NaN,NaN,NaN,NaN,-1.2525,NaN,NaN
8.2025,5.8556,49.266,NaN,NaN,NaN,NaN,-1.2525,NaN,NaN
8.2425,5.7161,48.759,NaN,NaN,NaN,NaN,-1.3073,NaN,NaN
8.2824,5.8404,48.302,NaN,NaN,NaN,NaN,-1.3074,NaN,NaN
8.3224,5.2222,48.027,0.7232,-11.254,0,0,-1.5066,0,Inf
8.3624,5.3076,47.586,0.82717,-11.277,0.0068002,0.0068001,-1.4976,-0.0018,-6281.6
8.4025,5.34,47.135,0.82677,-11.28,0.0074002,0.0073996,-1.4976,-0.0018,-6283.3
8.4425,5.3727,46.684,0.82618,-11.283,0.008,0.0080005,-1.4977,-0.0018,-6285.1
8.4825,5.4038,46.233,0.82608,-11.286,0.0084999,0.0085,-1.4977,-0.0018,-6286.9
8.5225,5.4937,45.774,3.5023,-11.66,0.037615,0.037607,-1.4794,0.0053488,2276.1
8.5625,5.6707,45.302,5.1942,-11.899,0.066707,0.06669,-1.4611,0.012492,1039.4
8.6025,5.8957,44.824,5.9043,-12.005,0.095787,0.095761,-1.4428,0.019632,681.48
8.6425,6.1299,44.344,5.6318,-11.978,0.12493,0.1249,-1.4245,0.026788,494.1
8.6825,6.3335,43.867,4.3743,-11.817,0.15407,0.15403,-1.4061,0.033942,371.23
8.7226,6.467,43.399,2.1307,-11.521,0.18322,0.18317,-1.3878,0.0411,285.08
8.7626,6.5512,42.939,2.154,-11.539,0.19052,0.19047,-1.3861,0.0411,285.6
8.8025,6.3502,42.481,-8.7344,-11.419,0.16774,0.1677,-1.4234,0.018876,761.6
8.8426,6.1308,42.021,1.275,-11.549,0.14489,0.14488,-1.4607,-0.0034,-3417.4
8.8826,5.9574,41.555,0.96542,-11.514,0.12199,0.12199,-1.487,-0.0126,-916.99
8.9226,5.9929,41.095,0.96135,-11.525,0.12869,0.12869,-1.4875,-0.0126,-917.84
8.9626,6.0311,40.633,0.95639,-11.536,0.13539,0.13538,-1.488,-0.0126,-918.69
9.0026,5.32,40.772,0.82448,-11.564,0.10408,0.10393,-1.499,-0.0388,-298.79
9.0427,5.3531,40.309,0.80656,-11.575,0.10899,0.10883,-1.5005,-0.0388,-299.04
9.0826,5.3848,39.846,0.78893,-11.586,0.114,0.11382,-1.5021,-0.0388,-299.3
9.1227,5.4167,39.38,0.80081,-11.671,0.10804,0.10789,-1.5034,-0.03845,-304.25
9.1627,5.4487,38.912,0.80234,-11.726,0.10209,0.10196,-1.5047,-0.0381,-308.5
9.2028,5.4808,38.442,0.79348,-11.753,0.096134,0.096027,-1.506,-0.037749,-312.04
9.2427,5.5121,37.973,0.77435,-11.749,0.0902,0.090115,-1.5073,-0.0374,-314.83
9.2828,5.5426,37.502,0.74475,-11.717,0.084237,0.084174,-1.5086,-0.037049,-316.89
9.3227,5.5716,37.035,0.70496,-11.655,0.078302,0.078261,-1.5099,-0.0367,-318.15
9.3627,5.5987,36.569,0.68838,-11.665,0.081102,0.081058,-1.5114,-0.0367,-318.41
9.4027,5.4992,36.158,0.42438,-11.584,0.059101,0.059078,-1.5338,-0.0556,-208.49
9.4428,5.5158,35.695,0.39833,-11.591,0.061401,0.061376,-1.5361,-0.0556,-208.59
9.4828,5.5283,35.232,0.37338,-11.597,0.063701,0.063675,-1.5382,-0.0556,-208.69
9.5229,5.4067,34.811,0.07547,-11.518,0.036791,0.036792,-1.564,-0.0772,-149.2
9.5628,5.2374,35.256,-0.63589,-11.405,0.022197,0.022194,-1.6262,-0.1289,-88.616
9.6028,5.1901,34.823,-0.62817,-11.431,0.0070002,0.0069999,-1.6256,-0.1231,-93.002
9.6427,5.1618,34.365,-0.68541,-11.432,0.0073002,0.0072996,-1.6306,-0.1231,-93.031
9.6829,5.275,33.926,-0.34158,-11.501,-0.0015997,-0.0016001,-1.6005,-0.093,-123.72
9.7228,5.2588,33.466,-0.38494,-11.506,-0.0018997,-0.0018998,-1.6043,-0.093,-123.79
9.7629,5.2417,33.006,-0.42871,-11.51,-0.0021003,-0.0021004,-1.6081,-0.093,-123.85
9.8028,5.3932,32.52,-0.050252,-11.571,0.0038,0.0038004,-1.5751,-0.0629,-183.96
9.843,5.5384,31.98,0.22516,-11.648,0.016002,0.015997,-1.5513,-0.0414,-281.4
9.8829,5.5218,31.565,0.19826,-11.634,0.016398,0.016397,-1.5535,-0.0431,-269.97
9.9229,5.5282,31.099,0.17825,-11.645,0.016498,0.016497,-1.5553,-0.0431,-270.21
9.9629,5.4596,30.626,-0.078205,-11.674,0.014601,0.014597,-1.5773,-0.0584,-199.9
10.003,5.5074,30.157,0.037701,-11.71,0.018002,0.017996,-1.5674,-0.0496,-236.1
10.043,5.4742,29.717,-0.055843,-11.712,0.015602,0.015597,-1.5754,-0.0549,-213.34
10.083,5.4213,29.251,-0.21145,-11.724,0.010201,0.010199,-1.5887,-0.0629,-186.42
10.123,5.5717,28.706,0.12983,-11.837,0.0185,0.018496,-1.5596,-0.0377,-313.99
10.163,6.014,28.269,0.79984,-11.893,0.044483,0.044526,-1.5042,0.0035,3405.7
10.203,6.1354,27.76,0.99471,-11.947,0.058704,0.058653,-1.487,0.0165,726.56
10.243,6.0851,27.314,0.80057,-11.933,0.048202,0.048169,-1.5032,0.0039,3066.6
10.283,6.1172,26.837,0.80391,-11.952,0.048702,0.048668,-1.503,0.0039,3071.7
10.323,6.5689,26.418,1.4826,-11.982,0.084032,0.084194,-1.4488,0.0406,297.37
10.363,6.9671,25.978,2.0415,-12.011,0.12792,0.12832,-1.4041,0.0696,175.04
10.403,6.8745,25.532,1.5876,-12.037,0.098218,0.098062,-1.4384,0.0437,277.83
10.443,6.846,25.041,1.3882,-12.035,0.082258,0.082198,-1.4549,0.0318,380.97
10.483,6.8756,24.57,1.3533,-12.047,0.079361,0.079307,-1.4579,0.0286,423.89
10.523,6.8448,24.087,1.1365,-12.033,0.062675,0.062643,-1.4758,0.0158,764.95
10.563,6.8618,23.655,1.1307,-12.003,0.05618,0.056154,-1.4762,0.0139,867.37
10.603,6.9072,23.175,1.1394,-12.021,0.05688,0.056854,-1.4756,0.0139,868.66
10.643,6.9305,22.727,1.1324,-12.005,0.052183,0.052161,-1.4761,0.0123,980.38
10.683,6.9764,22.247,1.1401,-12.021,0.052683,0.05266,-1.4756,0.0123,981.74
10.723,7.0222,21.766,1.1478,-12.037,0.053282,0.053259,-1.4751,0.0123,983.1
10.763,6.9102,21.279,0.82035,-12.003,0.036491,0.036481,-1.5021,-0.0044,-2734.3
10.803,6.7565,20.805,0.44368,-11.931,0.020198,0.020195,-1.5334,-0.0232,-514.64
10.843,6.6616,20.334,0.20821,-11.893,0.012999,0.012998,-1.5531,-0.0349,-340.82
10.883,6.5971,19.851,0.051127,-11.881,0.0075002,0.0074995,-1.5664,-0.0418,-284.23
10.923,6.5596,19.38,-0.021022,-11.881,0.0050999,0.0050993,-1.5725,-0.0444,-267.59
10.963,6.601,18.885,0.022718,-11.923,0.0047999,0.0047996,-1.5688,-0.0408,-292.24
11.003,6.4807,18.405,-0.22646,-11.883,-0.0010005,-0.00099992,-1.5899,-0.052,-228.56
11.043,6.4909,17.917,-0.22795,-11.894,-0.0010998,-0.0011005,-1.59,-0.0503,-236.51
11.083,6.4124,17.447,-0.37997,-11.86,-0.0031994,-0.0032001,-1.6029,-0.0567,-209.28
11.123,6.1672,16.972,-0.44706,-11.858,-0.004,-0.0040002,-1.6085,-0.0584,-203.2
11.163,6.032,16.511,-0.6929,-11.793,-0.0053997,-0.0054005,-1.6295,-0.0695,-169.98
11.203,6.0304,16.035,-0.67221,-11.808,-0.0052998,-0.0053006,-1.6277,-0.0667,-177.32
11.243,5.9934,15.183,-0.66014,-11.805,-0.0036,-0.0036006,-1.6267,-0.0643,-183.88
11.283,5.9859,14.698,-0.66306,-11.812,-0.0024003,-0.0024002,-1.6269,-0.0624,-189.59
11.323,5.9437,14.368,-0.69297,-11.793,-0.00029997,-0.00029975,-1.6295,-0.0624,-189.32
11.363,5.8753,13.903,-0.68187,-11.789,0.0014997,0.0015002,-1.6286,-0.0599,-197.13
11.403,5.9088,13.407,-0.60936,-11.815,0.0023003,0.0023002,-1.6223,-0.054,-219.08
11.443,5.8839,13.004,-0.63243,-11.811,0.0028002,0.0027998,-1.6243,-0.0537,-220.26
11.483,5.8598,12.571,-0.58991,-11.821,0.0033994,0.0034,-1.6206,-0.0495,-239.1
11.523,5.8472,12.298,-0.5416,-11.82,0.0050999,0.0050993,-1.6165,-0.0453,-261.2
11.563,5.8432,11.816,-0.50535,-11.821,0.0061996,0.0061998,-1.6135,-0.0418,-283.06
11.603,5.834,11.364,-0.48614,-11.818,0.0074002,0.0073996,-1.6118,-0.0394,-300.2
11.643,5.8201,10.887,-0.49296,-11.807,0.0089992,0.0089989,-1.6124,-0.0385,-306.95
11.683,5.8297,10.413,-0.45472,-11.787,0.0115,0.011499,-1.6092,-0.0353,-334.17
11.723,5.8521,9.9313,-0.3979,-11.786,0.011999,0.011999,-1.6044,-0.0312,-377.97
11.763,5.7865,9.4717,-0.49705,-11.761,0.013899,0.013898,-1.6129,-0.0359,-327.9
11.803,5.7588,8.9988,-0.52534,-11.746,0.015299,0.015297,-1.6153,-0.0362,-324.81
11.844,5.8072,8.4239,-0.30448,-11.814,0.0101,0.010099,-1.5964,-0.0218,-542.1
11.883,5.8392,7.9339,-0.23696,-11.815,0.0106,0.010598,-1.5907,-0.0171,-691.08
11.924,5.8862,7.3557,-0.087941,-11.866,0.0078001,0.0077992,-1.5781,-0.0079,-1502.1
11.963,5.9157,6.8561,0.008585,-11.902,0.0067996,0.0067993,-1.57,-0.0019,-6264.5
12.004,5.9435,6.2984,0.075608,-11.924,0.0060997,0.0060999,-1.5644,0.0024,4968.4
12.044,5.9235,5.7884,0.028391,-11.904,0.0063996,0.0063996,-1.5683,-0.0001,-1.1904e+05
12.084,5.9357,5.3007,0.067265,-11.92,0.0057997,0.0058001,-1.5651,0.0026,4584.8
12.124,5.9344,4.8051,0.064209,-11.921,0.0055005,0.0054997,-1.5654,0.0027,4415.2
12.164,5.9872,4.2791,0.17726,-12.008,0.0050999,0.0050993,-1.556,0.0104,1154.8
12.204,5.9912,3.7816,0.18042,-12.031,0.0054005,0.0053998,-1.5557,0.0106,1135.1
12.244,6.0101,3.3041,0.26956,-12.129,0.0080001,0.0079991,-1.5485,0.0164,739.73
12.284,6.0379,2.7948,0.30323,-12.214,0.0088992,0.008899,-1.5459,0.0181,675.01
12.324,5.9951,2.3043,0.22825,-12.215,0.0088998,0.0089011,-1.5522,0.0117,1044.2
12.364,5.9358,1.6713,0.12716,-12.213,0.0074001,0.007401,-1.5605,0.0039,3131.8
12.404,5.8714,1.2942,0.071615,-12.198,0.0058997,0.0059001,-1.565,-0.0004,-30495
12.444,5.7204,1.7955,0.20608,-12.174,0.0069995,0.0070005,-1.554,-0.0002,-60878
12.484,5.7038,1.3422,0.27603,-12.184,0.0137,0.013702,-1.5483,-0.001,-12187
12.524,5.7517,0.79532,0.23078,-12.174,0.014199,0.014202,-1.552,0.0153,795.85
12.564,5.6598,0.42999,0.02711,-11.984,0.015899,0.015903,-1.5687,-0.0476,-251.76
12.604,5.7223,-0.12301,0.16407,-12.127,0.022198,0.022206,-1.5575,0.0011,11025
12.644,5.8285,-0.64228,0.24124,-12.202,0.023498,0.023507,-1.5513,0.0244,500.19
12.684,5.8154,-1.1538,0.16752,-12.187,0.016898,0.016903,-1.5572,0.0071,1716.6
12.724,5.8498,-1.7188,0.16387,-12.414,0.030895,0.030911,-1.5579,0.0064,1939.9
12.764,5.8565,-2.2157,0.16817,-12.435,0.033895,0.033913,-1.5576,0.0064,1943.2
12.804,5.8771,-2.765,0.25878,-12.618,0.047889,0.047924,-1.5508,0.0226,558.41
12.844,5.8614,-3.543,0.73684,-13.678,0.16171,0.16154,-1.5155,0.0986,138.92
12.884,5.7968,-4.1439,0.24108,-13.685,0.039594,0.039585,-1.5528,0.0155,883.06
12.924,5.7157,-4.7541,-0.23404,-13.837,-0.047208,-0.047219,-1.5881,-0.0567,-244.08
12.964,5.6883,-5.2385,-0.31591,-13.553,-0.045107,-0.045118,-1.5945,-0.0665,-203.86
13.004,5.2562,-4.9654,-0.38828,-12.414,-0.054411,-0.054369,-1.6015,-0.0664,-187.05
13.044,5.3809,-5.8076,-1.3175,-12.311,-0.18449,-0.18409,-1.6756,-0.0995,-124.43
13.084,5.5077,-6.3335,-0.94084,-12.849,-0.13946,-0.13923,-1.6426,0.0089,1447.6
13.124,5.5659,-6.8345,-0.68044,-12.777,-0.10274,-0.1026,-1.623,0.0639,200.24
13.164,5.3202,-7.4181,-0.91002,-12.565,-0.13846,-0.13822,-1.6417,0.091,138.43
13.204,5.3628,-7.9057,-0.71702,-12.581,-0.10624,-0.10609,-1.6267,0.1151,109.48
13.244,5.4237,-8.4466,-0.56246,-12.663,-0.083825,-0.083732,-1.6143,0.1378,91.988
13.284,5.5834,-8.8641,-0.048142,-12.409,-0.014301,-0.014297,-1.5745,0.2044,60.708
13.324,5.5577,-9.3608,0.027362,-12.564,-0.027,-0.026992,-1.5683,0.2005,62.665
13.364,5.5436,-9.8677,-0.1068,-12.441,-0.023703,-0.023694,-1.5791,0.1485,83.78
13.404,5.682,-10.309,0.26071,-12.172,-0.034894,-0.034886,-1.549,0.1897,64.181
13.444,5.8828,-10.743,0.74221,-11.956,-0.047414,-0.047371,-1.5082,0.2547,47.032
13.484,6.0973,-11.177,1.2345,-11.762,-0.080349,-0.08021,-1.4652,0.3175,37.248
13.524,6.2392,-11.647,1.5237,-11.687,-0.092271,-0.092078,-1.4399,0.3405,34.613
13.564,6.2037,-12.152,1.4246,-11.723,-0.081554,-0.081406,-1.4488,0.3024,39.053
13.604,6.2554,-12.639,1.5048,-11.72,-0.080754,-0.080607,-1.442,0.2948,40.081
13.644,6.3221,-13.105,1.6277,-11.685,-0.08356,-0.083399,-1.4312,0.2928,40.292
13.684,6.4551,-13.563,1.8546,-11.642,-0.084565,-0.084395,-1.4116,0.302,39.035
13.724,6.2272,-14.144,1.1247,-11.798,-0.066232,-0.06614,-1.4749,0.1801,65.803
13.764,6.2721,-14.619,1.1747,-11.807,-0.059526,-0.059452,-1.4709,0.1749,67.842
13.804,6.3662,-15.099,1.206,-11.824,-0.052522,-0.052462,-1.4685,0.1687,70.451
13.844,6.4129,-15.565,1.2495,-11.817,-0.050121,-0.050066,-1.4648,0.1627,73.034
13.884,6.4945,-16.021,1.3523,-11.819,-0.043516,-0.043474,-1.4563,0.1634,72.803
13.924,6.6189,-16.444,1.5169,-11.748,-0.053625,-0.05356,-1.4417,0.17,69.68
13.964,6.6298,-16.926,1.4681,-11.745,-0.053825,-0.053759,-1.4457,0.1557,76.022
14.004,6.627,-17.391,1.4163,-11.723,-0.057229,-0.057155,-1.4498,0.1423,82.981
14.044,6.6047,-17.894,1.2745,-11.794,-0.038912,-0.038879,-1.4626,0.1175,100.96
14.084,6.5986,-18.4,1.2176,-11.846,-0.025505,-0.025491,-1.468,0.1062,112.13
14.124,6.6328,-18.886,1.2346,-11.883,-0.014301,-0.014297,-1.4671,0.1023,116.78
14.164,6.5692,-19.41,1.0544,-11.988,0.0023003,0.0023002,-1.4831,0.0789,152.53
14.204,6.5549,-19.918,0.98918,-12.047,0.0103,0.010301,-1.489,0.0698,173.17
14.244,6.6341,-20.416,1.0922,-12.129,0.033292,0.033314,-1.4814,0.0752,161.94
14.284,6.6007,-20.941,1.0183,-12.172,0.031193,0.031213,-1.4877,0.0674,181.22
14.324,6.6051,-21.43,0.98193,-12.161,0.021297,0.021306,-1.4905,0.0616,198.05
14.364,6.6015,-21.929,0.95379,-12.194,0.023196,0.023207,-1.493,0.0573,213.46
14.404,6.6098,-22.429,0.93649,-12.228,0.024695,0.024708,-1.4947,0.0538,227.94
14.444,6.6003,-22.929,0.90398,-12.267,0.028294,0.02831,-1.4976,0.0496,248
14.484,6.6491,-23.425,0.93794,-12.299,0.033792,0.033814,-1.4951,0.0498,247.69
14.524,6.6545,-23.926,0.9192,-12.33,0.034992,0.035014,-1.4968,0.0466,265.33
******-------------------------------------------------------------------------------------------------------------------****** 
TargetID: ID11
Relevancy: 1
tj = 23.3669
Label: 0
Comment: Target is relevant and going straight, since target is crossing Ego X-axis in EFC
DATA:
21.086,2.9602,41.196,NaN,NaN,NaN,NaN,-1.9258,NaN,NaN
21.126,2.7823,40.526,NaN,NaN,NaN,NaN,-1.9071,NaN,NaN
21.166,3.9325,39.982,-2.592,-15.184,0,0,-1.7399,0,Inf
21.206,3.8302,39.374,-2.5926,-15.184,0,0,-1.7399,0,Inf
21.246,3.7275,38.767,-2.593,-15.184,0,0,-1.7399,0,Inf
21.286,3.7658,38.132,-2.1776,-15.391,-0.1381,-0.1381,-1.7114,0.0169,919.76
21.326,3.8644,37.499,-1.7262,-15.496,-0.1305,-0.13051,-1.6818,0.0237,657.89
21.366,4.4999,36.846,-0.080615,-15.542,-0.0132,-0.0132,-1.576,0.0466,333.52
21.406,4.4977,36.223,-0.05201,-15.595,-0.0141,-0.0141,-1.5741,0.0466,334.65
21.446,5.0528,35.562,1.0472,-15.664,0.14981,0.14979,-1.504,0.0586,267.9
21.486,5.0947,34.934,1.0893,-15.733,0.15241,0.15239,-1.5016,0.0586,269.12
21.526,5.1394,34.303,1.1313,-15.802,0.15501,0.15499,-1.4993,0.0586,270.35
21.566,5.2618,33.663,4.0737,-16.098,0.19232,0.19229,-1.4872,0.065452,253.7
21.606,5.3922,33.021,1.5296,-15.954,0.22961,0.22958,-1.4751,0.0723,221.67
21.646,5.1463,32.409,1.1055,-15.906,0.1514,0.15139,-1.5013,0.0679,234.82
21.686,5.2119,31.761,1.2465,-15.941,0.156,0.15599,-1.4927,0.0827,193.34
21.726,5.1449,31.127,1.127,-15.926,0.1298,0.12979,-1.5001,0.0839,190.3
21.766,5.1907,30.49,1.1847,-15.973,0.1356,0.13559,-1.4967,0.0839,190.9
21.806,5.2406,29.849,1.2414,-16.02,0.1414,0.14139,-1.4934,0.0839,191.51
21.847,5.5507,29.197,2.0484,-16.051,0.20661,0.20658,-1.4438,0.1481,109.26
21.886,6.0137,28.507,3.2169,-16.085,0.33664,0.33655,-1.3733,0.2328,70.461
21.927,6.1819,27.868,3.5396,-16.082,0.35985,0.35996,-1.3543,0.248,66.401
21.966,6.0464,27.256,3.1249,-16.055,0.27359,0.27356,-1.3784,0.2169,75.408
22.006,6.0941,26.622,3.1373,-16.045,0.25659,0.25656,-1.3776,0.2124,76.972
22.047,6.0228,26.015,2.9186,-15.976,0.20089,0.20092,-1.3902,0.1962,82.772
22.087,5.8564,25.415,2.4756,-15.878,0.13219,0.13221,-1.4162,0.1662,96.688
22.127,5.9318,24.781,2.5324,-15.872,0.1275,0.1275,-1.4126,0.1642,97.886
22.167,5.9527,24.167,2.4673,-15.841,0.112,0.11201,-1.4163,0.1538,104.24
22.207,6.0406,23.518,2.5265,-15.859,0.1139,0.11389,-1.4128,0.1518,105.79
22.247,5.9319,22.917,2.1512,-15.78,0.076498,0.076503,-1.4353,0.1235,128.95
22.287,6.6288,23.033,1.4347,-15.628,0.032195,0.032196,-1.4792,0.0723,217.07
22.327,6.7824,22.381,1.6734,-15.698,0.041291,0.041299,-1.4646,0.0839,188.16
22.367,6.6429,21.765,1.2317,-15.598,0.022798,0.022798,-1.4919,0.0547,286.04
22.407,6.6237,21.161,1.1137,-15.561,0.018298,0.018299,-1.4993,0.0447,349
22.447,6.6863,20.539,1.1854,-15.588,0.021499,0.021498,-1.4948,0.0463,337.65
22.487,6.6224,19.924,0.94705,-15.538,0.016099,0.016099,-1.5099,0.0303,513.76
22.527,6.7498,19.318,1.1982,-15.572,0.019298,0.019298,-1.4939,0.043,363.2
22.567,6.6257,18.701,0.71839,-15.485,0.011899,0.0119,-1.5244,0.0121,1281.1
22.607,6.4921,18.092,0.32301,-15.396,0.009899,0.0098995,-1.5498,-0.0115,-1339.1
22.647,6.459,17.482,0.25402,-15.392,0.009899,0.0098995,-1.5543,-0.0148,-1040.1
22.687,6.4321,16.953,0.17928,-15.398,0.0095991,0.0095998,-1.5591,-0.018,-855.48
22.727,6.3857,16.343,0.058868,-15.375,0.0080993,0.0080996,-1.5669,-0.0241,-637.97
22.767,6.2138,15.749,-0.31144,-15.285,0.0086999,0.0086999,-1.5911,-0.0434,-352.25
22.807,5.9894,15.141,-0.4107,-15.278,0.0078994,0.0078998,-1.5976,-0.0473,-323.12
22.847,5.8363,14.576,-0.70118,-15.186,0.0113,0.0113,-1.6169,-0.0617,-246.38
22.887,5.7233,13.978,-0.83543,-15.159,0.0111,0.011099,-1.6258,-0.0671,-226.27
22.927,5.5534,13.374,-0.90713,-15.149,0.0112,0.011199,-1.6306,-0.0688,-220.58
22.967,5.5183,12.774,-0.97154,-15.131,0.0115,0.0115,-1.6349,-0.0699,-216.92
23.007,5.5052,12.155,-0.97197,-15.13,0.012099,0.0121,-1.6349,-0.0674,-224.95
23.047,5.455,11.546,-0.92386,-15.142,0.0118,0.011799,-1.6317,-0.0624,-243.11
23.087,5.5741,11.809,-1.0056,-15.122,0.012999,0.012999,-1.6371,-0.0645,-234.98
23.127,5.6006,11.203,-0.87407,-15.122,0.015399,0.015399,-1.6284,-0.0557,-271.94
23.167,5.5305,10.604,-0.97177,-15.089,0.018499,0.018498,-1.635,-0.0588,-257.14
23.207,5.4765,10.002,-1.0325,-15.058,0.021999,0.021997,-1.6391,-0.0599,-251.98
23.247,5.4113,9.4058,-1.1089,-15.02,0.026298,0.026296,-1.6443,-0.0618,-243.71
23.287,5.3875,8.798,-1.1013,-15.003,0.029397,0.029395,-1.6439,-0.0594,-253.25
23.327,5.2923,8.2125,-1.229,-14.946,0.036299,0.036292,-1.6526,-0.0637,-235.43
23.367,5.2452,7.6963,-0.90781,-14.988,0.031397,0.031393,-1.6311,-0.0456,-329.28
23.407,5.1853,7.1048,-0.96724,-14.94,0.0373,0.03729,-1.6352,-0.0469,-319.21
23.447,5.2249,6.4822,-0.81429,-14.971,0.031797,0.031793,-1.6249,-0.0377,-397.7
23.487,5.217,5.8583,-0.76932,-15.01,0.026498,0.026496,-1.6218,-0.0343,-438.19
23.527,5.235,4.8821,-0.62144,-15.06,0.020599,0.020598,-1.6119,-0.0257,-586.5
23.567,5.1737,3.7393,0.55657,-15.147,-0.0056997,-0.0057002,-1.5341,-0.0137,-1106.4
23.607,5.2248,2.6803,0.97547,-15.224,-0.0102,-0.010201,-1.5069,-0.0088,-1733.6
23.647,5.2765,2.0897,0.98609,-15.217,-0.0103,-0.010301,-1.5061,-0.0084,-1815.3
23.687,5.2756,1.5322,0.96041,-15.175,-0.0101,-0.010101,-1.5076,-0.0094,-1617.6
23.727,5.2758,1.0037,0.82118,-15.075,-0.0091005,-0.0091003,-1.5164,-0.0189,-798.79
23.767,5.5791,0.31051,2.2622,-15.113,-0.038907,-0.038892,-1.422,0.1857,82.289
23.807,5.6015,0.47391,2.1408,-15.08,-0.053413,-0.053373,-1.4293,0.1568,97.139
23.847,5.6229,-0.19956,1.8732,-15.212,-0.043907,-0.043901,-1.4483,0.0935,163.92
23.887,5.6205,-0.84332,1.7145,-15.107,-0.04891,-0.048877,-1.4574,0.068,223.58
23.927,4.9936,-0.10923,-1.5885,-13.167,0.12398,0.12413,-1.692,0.0171,775.6
23.967,5.0499,-1.0926,-0.60917,-14.48,0.043796,0.043814,-1.6132,0.0469,309.02
24.007,5.033,-1.8214,-0.40385,-14.448,0.031298,0.031309,-1.599,0.0742,194.8
24.047,5.061,-2.4198,-0.27753,-14.508,0.023398,0.023405,-1.5901,0.0899,161.41
24.087,5.0466,-3.0171,-0.2316,-14.459,0.020199,0.020203,-1.587,0.0888,162.85
24.127,5.0285,-3.6115,-0.20525,-14.451,0.018199,0.018203,-1.5852,0.0845,171.04
24.167,5.0398,-4.1919,-0.078698,-14.389,0.0098997,0.0099003,-1.5764,0.0994,144.76
24.207,5.076,-4.811,-0.088879,-14.51,0.0102,0.010201,-1.577,0.0869,166.98
24.247,5.0598,-5.4102,-0.12316,-14.489,0.0126,0.012602,-1.5794,0.0722,200.68
24.287,5.1839,-6.0572,-0.13913,-14.712,0.0116,0.011601,-1.5804,0.0618,238.06
24.327,5.1935,-6.7743,0.31485,-15.23,-0.0011998,-0.0012004,-1.5501,0.1246,122.25
24.367,5.2869,-7.3446,0.70131,-15.127,0.016699,0.016702,-1.5246,0.1767,85.7
24.407,5.3037,-7.8926,0.78334,-14.852,-0.0090006,-0.008999,-1.518,0.1738,85.573
24.447,5.2988,-8.4804,0.71153,-14.576,-0.046108,-0.04608,-1.5216,0.1468,99.411
24.487,5.3373,-9.0583,0.78962,-14.521,-0.051211,-0.051175,-1.516,0.1456,99.88
24.527,5.3468,-9.6419,0.76861,-14.428,-0.059215,-0.059166,-1.517,0.1297,111.4
24.567,5.3897,-10.217,0.84455,-14.378,-0.066019,-0.065957,-1.5115,0.1287,111.91
24.607,5.4464,-10.794,0.93893,-14.34,-0.071823,-0.071749,-1.5047,0.1309,109.78
24.647,5.6472,-11.333,1.3055,-14.267,-0.097046,-0.096902,-1.4786,0.1598,89.653
24.687,5.8329,-11.88,1.6765,-14.249,-0.099013,-0.098891,-1.4527,0.1885,76.113
24.727,5.9139,-12.464,1.7746,-14.236,-0.10041,-0.10029,-1.4458,0.1876,76.471
24.767,5.9379,-13.053,1.7368,-14.225,-0.10256,-0.10239,-1.4483,0.172,83.319
24.807,6.075,-13.595,1.8589,-14.113,-0.1318,-0.13151,-1.4385,0.169,84.228
24.847,6.0921,-14.21,1.7825,-14.129,-0.12539,-0.12513,-1.444,0.1523,93.503
24.887,6.0926,-14.819,1.6455,-14.117,-0.12519,-0.12493,-1.4535,0.1293,109.92
24.927,6.0949,-15.419,1.5541,-14.13,-0.11447,-0.11426,-1.4601,0.1129,125.91
24.967,6.2109,-15.991,1.6545,-14.107,-0.11407,-0.11386,-1.4529,0.1138,124.82
25.007,6.1663,-16.6,1.5054,-14.196,-0.080608,-0.080528,-1.4643,0.0946,150.91
25.048,6.2052,-17.177,1.5101,-14.181,-0.080133,-0.080032,-1.4639,0.0905,157.59
25.087,6.2583,-17.75,1.5413,-14.213,-0.063721,-0.063657,-1.4621,0.0878,162.83
25.128,6.1748,-18.386,1.2998,-14.328,-0.038807,-0.038784,-1.4799,0.0618,232.79
25.167,6.209,-18.977,1.3014,-14.376,-0.025703,-0.025693,-1.4803,0.0588,245.49
25.208,6.1345,-19.607,1.0756,-14.451,-0.016601,-0.016597,-1.4963,0.0371,390.6
25.248,6.1329,-20.218,1.0198,-14.488,-0.0106,-0.010599,-1.5004,0.032,453.88
25.288,6.222,-20.792,1.0984,-14.493,-0.0069002,-0.0069,-1.4951,0.0353,411.74
25.327,6.3002,-21.374,1.1595,-14.511,-0.0013997,-0.0014002,-1.491,0.0374,389.24
25.368,6.3329,-21.963,1.1609,-14.528,0.0017997,0.0017999,-1.4911,0.0361,403.73
25.408,6.4508,-22.518,1.2771,-14.515,0.0041,0.0041001,-1.4831,0.0413,352.81
25.448,6.4305,-23.125,1.1893,-14.56,0.0082992,0.0083009,-1.4894,0.0339,430.92
25.488,6.4168,-23.747,1.1271,-14.617,0.0138,0.013802,-1.494,0.0293,500.34
25.528,6.3999,-24.368,1.0641,-14.667,0.016998,0.017003,-1.4985,0.0251,585.86
25.568,6.2743,-25.017,0.86146,-14.723,0.014999,0.015002,-1.5125,0.0138,1068.7
25.608,6.2256,-25.63,0.76256,-14.755,0.0143,0.014302,-1.5193,0.0081,1824
25.648,6.2287,-26.236,0.73553,-14.777,0.0141,0.014102,-1.5212,0.0066,2241.7
25.688,6.2525,-26.84,0.73666,-14.798,0.0143,0.014302,-1.5212,0.0068,2178.8
25.728,6.2042,-27.451,0.6441,-14.819,0.012399,0.012401,-1.5275,0.0019,7806.9
25.768,6.2022,-28.038,0.60593,-14.821,0.011099,0.011101,-1.53,-0.0003,-49445
25.808,6.166,-28.64,0.53031,-14.833,0.0093997,0.0094007,-1.5351,-0.0042,-3533.9
25.848,6.1184,-29.243,0.44256,-14.843,0.0075001,0.0075009,-1.5411,-0.0084,-1767.8
******-------------------------------------------------------------------------------------------------------------------****** 
TargetID: ID03
Relevancy: 1
tj = 1.6004
Label: 0
Comment: Target is relevant and going straight, since target is crossing Ego X-axis in EFC
DATA:
0,10.353,-24.385,-1.0056,10.696,0.0029002,0.0028997,1.6645,-0.0154,-697.59
0.039956,10.314,-23.968,-0.97111,10.684,0.0071994,0.0072004,1.6614,-0.0169,-634.81
0.080045,10.295,-23.669,-0.92568,10.7,0.0060997,0.0060999,1.657,-0.0191,-562.33
0.11991,10.491,-23.224,-0.93751,10.678,0.010199,0.010201,1.6583,-0.0184,-582.58
0.16002,10.49,-23.168,-0.89434,10.7,0.0077993,0.0078013,1.6541,-0.0209,-513.75
0.2,10.396,-22.789,-0.94473,10.637,0.013098,0.013102,1.6592,-0.0163,-655.16
0.24019,10.129,-22.396,-0.99397,10.642,0.0064995,0.006501,1.6638,-0.0126,-848.32
0.27993,9.8438,-21.813,-1.0358,10.622,0.0054997,0.0055004,1.6679,-0.0096,-1111.7
0.32014,9.7599,-21.203,-1.1025,10.594,0.0055997,0.0056003,1.6744,-0.0044,-2420.7
0.36004,9.6698,-20.8,-1.1419,10.571,0.0069002,0.0069,1.6783,-0.0022,-4832.8
0.40014,9.6355,-20.409,-1.1037,10.591,0.0053997,0.0054005,1.6746,-0.0054,-1971.9
0.44005,9.6291,-19.986,-1.0233,10.603,0.0104,0.010401,1.6669,-0.0111,-959.68
0.48019,9.6233,-19.65,-1.1473,10.528,0.015199,0.015203,1.6792,-0.0022,-4813.8
0.5201,9.5241,-19.224,-1.0351,10.555,0.018298,0.018305,1.6683,-0.0103,-1029.7
0.56013,9.7917,-18.948,-1.0115,10.565,0.016897,0.016904,1.666,-0.0114,-931.01
0.60003,9.7516,-18.52,-0.96281,10.585,0.015598,0.015603,1.6613,-0.0151,-703.92
0.6403,9.5136,-18.122,-0.95075,10.577,0.017098,0.017104,1.6602,-0.0163,-651.48
0.68013,9.4982,-17.668,-0.9165,10.606,0.0099996,0.010002,1.6569,-0.017,-626.2
0.72025,9.5091,-17.202,-0.83985,10.648,0.009699,0.0097011,1.6494,-0.0227,-470.51
0.76007,9.5258,-16.798,-0.89404,10.616,0.010899,0.010902,1.6547,-0.018,-591.86
0.80021,9.4484,-16.41,-0.91706,10.621,0.0072994,0.0073003,1.6568,-0.0155,-687.76
0.84025,9.5667,-15.983,-0.8586,10.656,0.0047998,0.004801,1.6511,-0.0194,-551.05
0.88036,9.6433,-15.579,-0.94564,10.612,0.0056997,0.0057002,1.6596,-0.0123,-866.19
0.92013,9.6171,-15.167,-0.90443,10.615,0.009499,0.0095013,1.6557,-0.0153,-696.3
0.96018,9.4756,-14.788,-1.1008,10.513,0.015597,0.015604,1.6749,0.0009,11745
1.0006,9.4702,-14.343,-0.98464,10.521,0.025494,0.02551,1.6637,-0.0089,-1187.3
1.0404,9.444,-13.914,-0.86744,10.525,0.030691,0.030715,1.6526,-0.0188,-561.71
1.0803,9.4665,-13.439,-0.78225,10.596,0.022797,0.022791,1.6448,-0.0249,-426.69
1.1204,9.5067,-13.005,-0.69621,10.556,0.03319,0.033217,1.6362,-0.0325,-325.51
1.1603,9.4637,-12.615,-0.75949,10.541,0.028793,0.028812,1.6423,-0.0249,-424.42
1.2004,9.4466,-12.189,-0.71555,10.564,0.025195,0.02521,1.638,-0.0276,-383.62
1.2403,9.4329,-11.744,-0.65732,10.587,0.022596,0.022608,1.6325,-0.0316,-335.69
1.2804,9.4283,-11.313,-0.60589,10.62,0.018597,0.018605,1.6275,-0.0344,-309.23
1.3202,9.4231,-10.89,-0.55153,10.664,0.013699,0.013703,1.6223,-0.0372,-287.06
1.3604,9.4138,-10.455,-0.5254,10.671,0.013499,0.013503,1.6198,-0.0382,-279.69
1.4003,9.4266,-10.004,-0.43723,10.717,0.012399,0.012402,1.6114,-0.0446,-240.5
1.4403,9.4393,-9.5565,-0.3534,10.756,0.011599,0.011602,1.6035,-0.0503,-213.95
1.4804,9.4203,-9.1095,-0.29679,10.786,0.010899,0.010902,1.5981,-0.0533,-202.43
1.5204,9.4726,-8.6449,-0.077783,10.853,0.0103,0.010301,1.5778,-0.0707,-153.52
1.5603,9.5235,-8.1745,0.10929,10.933,0.0085998,0.0086014,1.5607,-0.084,-130.16
1.6004,9.55,-7.7167,0.2099,10.984,0.0085998,0.0086014,1.5516,-0.0891,-123.3
1.6404,9.5878,-7.2502,0.32509,11.046,0.0093997,0.0094007,1.5413,-0.0951,-116.2
1.6805,9.6219,-6.7917,0.43413,11.113,0.011899,0.011901,1.5316,-0.1002,-110.99
1.7204,9.6554,-6.3278,0.51597,11.163,0.014399,0.014403,1.5244,-0.1029,-108.6
1.7604,9.6661,-5.9011,0.51098,11.129,0.011499,0.011502,1.5248,-0.099,-112.53
1.8006,9.6955,-5.4466,0.56148,11.156,0.012899,0.012902,1.5203,-0.0992,-112.6
1.8406,9.7123,-5.0097,0.57397,11.141,0.011599,0.011602,1.5192,-0.0966,-115.48
1.8804,9.7296,-4.5675,0.59009,11.124,0.0101,0.010102,1.5177,-0.0944,-118.01
1.9206,9.743,-4.1427,0.59996,11.091,0.0076,0.0076008,1.5167,-0.0919,-120.87
1.9604,9.7685,-3.6924,0.65134,11.114,0.0090998,0.009101,1.5121,-0.0928,-119.96
2.0005,9.7933,-3.2425,0.68156,11.127,0.0103,0.010301,1.5095,-0.0918,-121.43
2.0406,9.7268,-2.8158,0.5672,11.108,0.013798,0.013798,1.52,-0.0771,-144.26
2.0808,9.7417,-2.3397,0.5758,11.155,0.016598,0.016597,1.5194,-0.0745,-149.93
2.1205,9.6847,-1.9695,0.48967,10.981,0.0064996,0.0064996,1.5263,-0.0654,-168.07
2.1606,9.67,-1.5602,0.46243,10.922,0.0042,0.0042001,1.5285,-0.0608,-179.79
2.2006,9.7153,-1.1136,0.51979,10.925,0.0012998,0.0013003,1.5233,-0.0642,-170.37
2.2406,9.616,-1.2333,0.38676,9.8483,-0.044011,-0.043968,1.5323,-0.0564,-174.75
2.2806,9.6264,-0.83738,0.38145,9.8274,-0.043814,-0.043831,1.5313,-0.0551,-178.49
2.3208,9.6299,-0.41719,0.37348,9.8155,-0.041112,-0.041127,1.5321,-0.0527,-186.39
2.3606,9.6277,-0.053924,0.35115,9.6722,-0.044114,-0.044133,1.5337,-0.0491,-197.12
2.4006,9.6386,0.23547,0.37615,9.4379,-0.055221,-0.055199,1.531,-0.0501,-188.53
2.4407,9.6402,0.39267,0.35502,8.9205,-0.076245,-0.076198,1.531,-0.0479,-186.38
******-------------------------------------------------------------------------------------------------------------------****** 
TargetID: ID12
Target can not be processed due to lack of Data
******-------------------------------------------------------------------------------------------------------------------****** 
TargetID: ID13
Target can not be processed due to lack of Data
******-------------------------------------------------------------------------------------------------------------------****** 
TargetID: ID14
Relevancy: 0
tj = Inf
Label: -1
Comment: Target is irrelevant as it is not crossing the estimated holding line
DATA:
12.404,2.3317,69.232,NaN,NaN,NaN,NaN,-1.8757,NaN,NaN
12.444,2.1713,68.728,NaN,NaN,NaN,NaN,-1.8756,NaN,NaN
12.484,2.0107,68.224,NaN,NaN,NaN,NaN,-1.8756,NaN,NaN
12.524,1.8492,67.721,NaN,NaN,NaN,NaN,-1.8756,NaN,NaN
12.564,3.1012,67.165,NaN,NaN,NaN,NaN,-1.6473,NaN,NaN
12.604,3.0675,66.654,NaN,NaN,NaN,NaN,-1.6474,NaN,NaN
12.644,3.0261,66.144,NaN,NaN,NaN,NaN,-1.6474,NaN,NaN
12.684,2.9893,65.633,NaN,NaN,NaN,NaN,-1.6474,NaN,NaN
12.724,4.3576,65.106,NaN,NaN,NaN,NaN,-1.4603,NaN,NaN
12.764,4.413,64.59,NaN,NaN,NaN,NaN,-1.4603,NaN,NaN
12.804,4.4724,64.073,NaN,NaN,NaN,NaN,-1.4603,NaN,NaN
12.844,4.5313,63.557,NaN,NaN,NaN,NaN,-1.4603,NaN,NaN
12.884,4.589,63.041,NaN,NaN,NaN,NaN,-1.4603,NaN,NaN
12.924,4.6475,62.524,NaN,NaN,NaN,NaN,-1.4604,NaN,NaN
12.964,4.7055,62.008,NaN,NaN,NaN,NaN,-1.4604,NaN,NaN
13.004,4.7635,61.492,NaN,NaN,NaN,NaN,-1.4604,NaN,NaN
13.044,5.2072,60.951,1.2103,-13.134,0,0,-1.4789,0,Inf
13.084,5.2547,60.426,1.2105,-13.134,0,0,-1.4789,0,Inf
13.124,4.7114,59.834,0.41329,-13.367,0.052199,0.052199,-1.5399,-0.027,-495.32
13.164,4.7296,59.298,0.39959,-13.408,0.052999,0.052999,-1.541,-0.027,-496.8
13.204,5.193,58.703,0.99164,-13.748,0.12891,0.12889,-1.4987,-0.0291,-473.65
13.244,5.2312,58.152,0.98124,-13.824,0.12931,0.12929,-1.4999,-0.0291,-476.24
13.284,5.2707,57.598,0.97024,-13.9,0.12961,0.12959,-1.501,-0.0291,-478.82
13.324,5.3068,57.04,0.95985,-13.976,0.12991,0.12989,-1.5022,-0.0291,-481.41
13.364,5.348,56.479,0.94785,-14.052,0.13011,0.13009,-1.5034,-0.0291,-484
13.404,5.3831,55.916,0.93715,-14.129,0.13041,0.13039,-1.5045,-0.0291,-486.59
13.444,5.9884,55.304,1.7374,-14.215,0.29883,0.29875,-1.449,0.0107,1338.4
13.484,6.0596,54.734,1.7524,-14.29,0.30493,0.30485,-1.4486,0.0107,1345.5
13.524,6.1287,54.161,1.7681,-14.364,0.31104,0.31095,-1.4482,0.0107,1352.6
13.564,6.2009,53.585,1.7833,-14.439,0.31704,0.31694,-1.4477,0.0107,1359.7
13.604,6.2729,53.006,1.7987,-14.514,0.32294,0.32284,-1.4473,0.0107,1366.8
13.644,6.3463,52.424,1.814,-14.588,0.32884,0.32874,-1.4469,0.0107,1373.9
13.684,6.24,51.875,1.6878,-14.529,0.30508,0.30504,-1.455,0.0138,1059.9
13.724,6.2026,51.295,1.5678,-14.537,0.27368,0.27366,-1.4632,0.0101,1447.6
13.764,6.1356,50.74,1.361,-14.53,0.23598,0.23603,-1.4775,-0.0033,-4422.2
13.804,6.193,50.157,1.3635,-14.587,0.24138,0.24143,-1.4777,-0.0033,-4439.6
13.844,6.7762,49.515,2.4612,-14.702,0.36305,0.36293,-1.4047,0.0724,205.89
13.884,6.7508,48.909,2.3951,-14.731,0.33218,0.33213,-1.4094,0.0726,205.56
13.924,6.869,48.321,2.5666,-14.767,0.34335,0.34346,-1.3989,0.0828,181.02
13.964,6.9724,47.729,2.6263,-14.819,0.35225,0.35237,-1.3956,0.0828,181.76
14.004,6.5444,47.186,1.5913,-14.746,0.20959,0.20957,-1.4632,0.0165,898.87
14.044,6.8359,46.57,2.0693,-14.842,0.25022,0.25017,-1.4321,0.0453,330.8
14.084,6.5079,46.016,1.2463,-14.75,0.15489,0.15489,-1.4864,-0.0059,-2508.9
14.124,6.5559,45.425,1.2469,-14.791,0.15779,0.15779,-1.4866,-0.0059,-2515.9
14.164,6.6064,44.833,1.2466,-14.832,0.16069,0.16069,-1.4869,-0.0059,-2522.8
14.204,6.7761,44.227,1.482,-14.88,0.15441,0.15439,-1.4714,0.0089,1680.2
14.244,6.8338,43.631,1.492,-14.92,0.15711,0.15709,-1.471,0.0089,1684.7
14.284,6.2708,43.121,0.21899,-14.697,0.058699,0.058699,-1.5559,-0.0651,-225.78
14.324,6.2776,42.533,0.18149,-14.724,0.058999,0.058999,-1.5584,-0.0651,-226.19
14.364,5.9614,41.994,-0.4956,-14.585,0.0041,0.0041001,-1.6048,-0.102,-143.07
14.404,5.9398,41.41,-0.5558,-14.603,0.0030002,0.0029997,-1.6088,-0.102,-143.27
14.444,5.9149,40.826,-0.6158,-14.622,0.0018997,0.0018998,-1.6129,-0.102,-143.48
14.484,5.8869,40.241,-0.6758,-14.639,0.00080056,0.00080009,-1.6169,-0.102,-143.68
14.524,5.3456,39.739,-20.357,-11.549,-0.03839,-0.038389,-1.683,-0.14925,-156.82
14.564,4.7578,39.241,-2.5688,-14.186,-0.078001,-0.077998,-1.7499,-0.197,-73.18
14.605,4.6543,38.673,-2.6842,-14.182,-0.0811,-0.081098,-1.7578,-0.197,-73.266
14.644,4.5935,38.1,-0.52027,-14.673,-0.079925,-0.079923,-1.7536,-0.18909,-77.65
14.684,4.6021,37.508,0.81181,-14.985,-0.078743,-0.078743,-1.7494,-0.18113,-82.849
14.724,4.6473,36.904,1.2993,-15.113,-0.077556,-0.077556,-1.7452,-0.17314,-87.607
14.764,4.6947,36.301,0.93714,-15.056,-0.076374,-0.076375,-1.741,-0.16518,-91.323
14.804,4.7108,35.701,-0.27877,-14.814,-0.075186,-0.075188,-1.7367,-0.15719,-94.261
14.844,4.6611,35.115,-2.3464,-14.387,-0.073999,-0.074002,-1.7325,-0.1492,-97.702
14.885,4.5633,34.541,-2.4332,-14.384,-0.076299,-0.076302,-1.7384,-0.1492,-97.779
******-------------------------------------------------------------------------------------------------------------------****** 
TargetID: ID15
Relevancy: 1
tj = 22.8868
Label: 0
Comment: Target is relevant and going straight, since target is crossing Ego X-axis in EFC
DATA:
20.126,11.554,-22.777,-1.8158,3.0337,-0.65484,-0.54527,2.2095,0.0397,89.059
20.166,11.448,-22.693,-1.9404,2.963,-0.56305,-0.47908,2.2366,0.072,49.192
20.206,11.396,-22.544,-2.0513,3.1245,-0.59467,-0.50529,2.2332,0.0608,61.475
20.246,11.308,-22.456,-2.0193,2.9487,-0.46426,-0.40633,2.2425,0.0678,52.712
20.286,11.185,-22.344,-2.0204,2.9811,-0.44229,-0.39055,2.2334,0.0501,71.881
20.326,11.05,-22.191,-2.1578,3.1246,-0.51389,-0.44871,2.2431,0.0583,65.133
20.366,10.943,-22.064,-2.0593,3.0632,-0.48715,-0.42898,2.2312,0.0385,95.872
20.406,10.873,-21.945,-2.1264,3.1632,-0.41154,-0.36892,2.2178,0.0194,196.47
20.446,10.792,-21.819,-2.0974,3.2342,-0.43813,-0.39125,2.2034,0.0001,38548
20.486,10.706,-21.661,-2.0608,3.3358,-0.49052,-0.43444,2.1859,-0.022,-178.23
20.526,10.618,-21.518,-2.0643,3.4104,-0.53961,-0.47442,2.1806,-0.0277,-143.92
20.566,10.623,-21.412,-2.0163,3.529,-0.59451,-0.51472,2.1634,-0.047,-86.477
20.606,10.542,-21.26,-2.0197,3.6227,-0.66067,-0.56685,2.1576,-0.0518,-80.071
20.646,10.459,-21.092,-2.0038,3.7203,-0.69337,-0.59449,2.1437,-0.0654,-64.612
20.686,10.367,-20.943,-2.0169,3.7862,-0.70968,-0.60934,2.1386,-0.0683,-62.809
20.726,10.245,-20.807,-1.9528,3.6944,-0.64586,-0.56664,2.1326,-0.0719,-58.119
20.766,10.176,-20.645,-2.0162,3.8646,-0.63403,-0.55621,2.1197,-0.0824,-52.9
20.806,10.109,-20.471,-1.961,3.9202,-0.57639,-0.51316,2.0958,-0.1031,-42.515
20.846,10.027,-20.325,-1.9144,3.8379,-0.52751,-0.47867,2.0923,-0.1024,-41.883
20.886,9.9558,-20.157,-1.8416,3.9639,-0.41195,-0.37991,2.0496,-0.1384,-31.581
20.926,9.8699,-19.972,-1.8282,4.051,-0.46463,-0.4263,2.0416,-0.1404,-31.655
20.966,9.7835,-19.805,-1.7587,4.0262,-0.44226,-0.4125,2.0284,-0.1472,-29.848
21.006,9.7747,-19.608,-1.7855,4.1944,-0.48304,-0.44416,2.0196,-0.1497,-30.452
21.046,9.7361,-19.412,-1.6514,4.2118,-0.35806,-0.33699,1.9791,-0.1793,-25.231
21.086,9.6916,-19.239,-1.6019,4.2939,-0.36795,-0.34656,1.9625,-0.1871,-24.495
21.126,9.6347,-19.066,-1.5328,4.2644,-0.33298,-0.31911,1.9479,-0.1928,-23.504
21.166,9.6161,-18.895,-1.4207,4.456,-0.33276,-0.3168,1.9093,-0.2173,-21.523
21.206,9.6019,-18.69,-1.3231,4.5704,-0.33405,-0.31903,1.8813,-0.2324,-20.474
21.246,9.5411,-18.525,-1.347,4.5954,-0.33263,-0.31781,1.8843,-0.2228,-21.494
21.286,9.5161,-18.319,-1.2853,4.6911,-0.33165,-0.3177,1.8655,-0.2303,-21.12
21.326,9.4869,-18.117,-1.2768,4.7348,-0.31961,-0.30692,1.8601,-0.2278,-21.527
21.366,9.4754,-17.926,-1.1459,4.8311,-0.28423,-0.27488,1.8259,-0.2461,-20.175
21.406,9.4312,-17.728,-1.1012,4.921,-0.2879,-0.27882,1.8126,-0.2484,-20.301
21.446,9.4167,-17.516,-1.0376,5.0237,-0.28485,-0.27651,1.795,-0.2538,-20.212
21.486,9.3837,-17.277,-1.0125,5.2279,-0.31743,-0.30501,1.783,-0.2549,-20.891
21.526,9.3727,-17.035,-0.91367,5.2472,-0.26994,-0.26348,1.7607,-0.2635,-20.213
21.566,9.3467,-16.827,-0.8811,5.313,-0.23867,-0.2321,1.7502,-0.2638,-20.415
21.606,9.3039,-16.617,-0.86293,5.2842,-0.22553,-0.22276,1.747,-0.2591,-20.665
21.646,9.3177,-16.387,-0.7135,5.4688,-0.1863,-0.1827,1.7114,-0.2756,-20.012
21.686,9.2953,-16.151,-0.66164,5.5349,-0.17696,-0.17473,1.6998,-0.2761,-20.189
21.726,9.2805,-15.925,-0.60216,5.6091,-0.16038,-0.15865,1.6865,-0.2774,-20.337
21.766,9.29,-15.674,-0.51432,5.7154,-0.1437,-0.14296,1.6681,-0.282,-20.349
21.806,9.3023,-15.416,-0.42667,5.8431,-0.11926,-0.11844,1.6496,-0.2866,-20.442
21.847,9.3338,-15.124,-0.25677,6.031,-0.073142,-0.072755,1.6166,-0.2997,-20.142
21.886,9.3578,-14.865,-0.11032,6.1545,-0.026416,-0.026371,1.5898,-0.3087,-19.94
21.927,9.3979,-14.59,0.02425,6.3019,0.017894,0.017912,1.5662,-0.3154,-19.981
21.966,9.3896,-14.35,0.064675,6.3887,0.0322,0.032239,1.5594,-0.3116,-20.504
22.006,9.4247,-14.071,0.16585,6.534,0.069717,0.069971,1.5429,-0.3136,-20.842
22.047,9.4716,-13.789,0.28566,6.7141,0.12068,0.12137,1.5243,-0.3164,-21.239
22.087,9.5555,-13.471,0.40097,6.9147,0.16694,0.16812,1.5077,-0.318,-21.781
22.127,9.5805,-13.202,0.46499,7.0439,0.19487,0.19583,1.4992,-0.3151,-22.403
22.167,9.6059,-12.99,0.53241,7.1236,0.22076,0.22266,1.4897,-0.3132,-22.808
22.207,9.654,-12.677,0.66326,7.2778,0.27635,0.27907,1.4723,-0.3159,-23.134
22.247,9.6799,-12.402,0.71433,7.3313,0.28624,0.28906,1.4659,-0.3124,-23.579
22.287,9.6931,-12.149,0.76575,7.3639,0.29463,0.29753,1.4594,-0.309,-23.96
22.327,9.7083,-11.896,0.79188,7.3819,0.29107,0.29386,1.4563,-0.3036,-24.454
22.367,9.7844,-11.567,0.93559,7.5368,0.34928,0.35292,1.4387,-0.3066,-24.77
22.407,9.8299,-11.264,1.0086,7.623,0.37114,0.37504,1.4304,-0.3041,-25.286
22.447,9.8362,-11.001,1.0204,7.6522,0.36717,0.37095,1.4296,-0.297,-25.993
22.487,9.8826,-10.696,1.1013,7.733,0.38914,0.39317,1.4205,-0.2953,-26.451
22.527,9.9204,-10.389,1.1543,7.8353,0.41437,0.41873,1.4154,-0.2904,-27.272
22.567,9.8751,-10.178,1.0346,7.7589,0.35516,0.3586,1.4301,-0.274,-28.568
22.607,9.9283,-9.8694,1.1008,7.8978,0.39534,0.39936,1.4236,-0.2698,-29.556
22.647,9.9268,-9.5912,1.0399,7.92,0.37012,0.37374,1.432,-0.257,-31.082
22.687,9.9134,-9.306,1.0528,7.9884,0.37761,0.3813,1.4315,-0.25,-32.23
22.727,9.9393,-9.0008,1.0902,8.0694,0.3889,0.39269,1.4282,-0.2454,-33.182
22.767,10.008,-8.6437,1.3386,8.1962,0.42638,0.42548,1.4175,-0.2459,-33.773
22.807,10.03,-8.3142,1.2143,8.3081,0.43163,0.43587,1.4171,-0.2394,-35.073
22.847,9.7154,-8.2371,-0.072977,7.4227,-0.030914,-0.03087,1.5816,-0.2442,-30.398
22.887,9.6679,-7.492,0.19178,7.7247,0.057457,0.057412,1.5476,-0.2913,-26.526
22.927,9.6868,-7.3468,0.55312,7.851,0.23858,0.24045,1.4945,-0.3781,-20.816
22.967,9.7846,-7.0163,0.59555,7.8693,0.2628,0.26502,1.4888,-0.3806,-20.735
23.007,9.7606,-6.8136,0.63459,7.9221,0.30313,0.306,1.4835,-0.3425,-23.204
23.047,9.7953,-6.4724,0.72099,7.9636,0.33084,0.33412,1.4727,-0.3479,-22.984
23.087,9.7696,-6.2212,0.67692,7.8813,0.30275,0.30559,1.4777,-0.3073,-25.741
23.127,9.7112,-6.0152,0.43755,7.6581,0.18425,0.18548,1.5088,-0.2001,-38.334
23.167,9.8849,-5.599,0.71046,8.0088,0.29014,0.29266,1.4755,-0.2422,-33.197
23.207,9.8814,-5.2876,0.45563,7.8148,0.15476,0.15559,1.5086,-0.1373,-57.014
23.247,9.9028,-4.9768,0.46746,7.8311,0.15606,0.1569,1.5072,-0.1278,-61.385
23.287,9.9144,-4.6743,0.45111,7.8189,0.13951,0.14018,1.5096,-0.1127,-69.494
23.327,10.073,-4.367,0.67081,7.7209,0.12806,0.12859,1.4809,-0.1824,-42.489
23.367,10.082,-4.0861,0.6031,7.5987,0.094717,0.095026,1.4891,-0.1545,-49.337
23.407,9.9239,-3.8131,0.24786,7.359,0.048171,0.048269,1.5357,-0.0493,-149.35
23.447,9.7709,-3.6169,-0.058176,6.9985,0.046464,0.046575,1.5775,0.0297,235.65
23.487,9.7328,-3.3493,-0.099586,6.9308,0.04786,0.047982,1.5835,0.0374,185.34
23.527,9.7224,-3.0845,-0.10706,6.8856,0.045763,0.045876,1.5847,0.0356,193.44
23.567,9.7163,-2.7688,-0.090873,6.9448,0.04297,0.042933,1.5854,0.035,198.44
23.607,9.7055,-2.5354,-0.19009,6.7732,0.05155,0.051701,1.5969,0.0503,134.71
23.647,9.6839,-2.3451,-0.28086,6.5153,0.07119,0.071513,1.6109,0.0671,97.189
23.687,9.6641,-2.1087,-0.34719,6.3919,0.080648,0.081088,1.6216,0.0791,80.927
23.727,9.6286,-1.9924,-0.44798,5.9874,0.12893,0.13026,1.639,0.0965,62.219
23.767,9.6569,-1.6407,-0.3045,6.2679,0.077882,0.077708,1.6228,0.0707,88.76
23.807,9.6413,-1.3938,-0.31779,6.223,0.080672,0.080481,1.6255,0.0705,88.384
23.847,9.6174,-1.1198,-0.32496,6.2533,0.074392,0.07423,1.6261,0.0677,92.492
23.887,9.6182,-0.80708,-0.31674,6.3781,0.059234,0.059138,1.623,0.0614,104.01
23.927,9.5804,-0.57456,-0.34339,6.2817,0.066814,0.066685,1.6284,0.0634,99.229
23.967,9.5636,-0.32375,-0.35601,6.2422,0.069905,0.06976,1.6309,0.0634,98.618
24.007,9.5461,-0.074185,-0.36861,6.2028,0.072996,0.072834,1.6335,0.0634,98.008
24.047,9.528,0.17347,-0.38079,6.1632,0.076085,0.075905,1.6361,0.0634,97.397
24.087,9.5246,0.52268,-0.37107,6.373,0.049442,0.049609,1.6268,0.0514,124.2
24.127,9.5084,0.77712,-0.38317,6.3447,0.051436,0.051619,1.6289,0.0514,123.66
24.167,9.5071,1.0951,-0.33013,6.4794,0.03617,0.036256,1.6202,0.0408,159.02
******-------------------------------------------------------------------------------------------------------------------****** 
TargetID: ID04
Target can not be processed due to lack of Data
******-------------------------------------------------------------------------------------------------------------------****** 
TargetID: ID05
Target can not be processed due to lack of Data
******-------------------------------------------------------------------------------------------------------------------****** 
TargetID: ID16
Relevancy: 1
tj = 26.5679
Label: 0
Comment: Target is relevant and going straight, since target is crossing Ego X-axis in EFC
DATA:
21.847,5.0474,68.944,NaN,NaN,NaN,NaN,-1.5818,NaN,NaN
21.886,5.0386,68.431,NaN,NaN,NaN,NaN,-1.5818,NaN,NaN
21.927,4.3969,67.89,NaN,NaN,NaN,NaN,-1.6935,NaN,NaN
21.966,4.3314,67.377,NaN,NaN,NaN,NaN,-1.6934,NaN,NaN
22.006,6.1406,66.746,NaN,NaN,NaN,NaN,-1.3996,NaN,NaN
22.047,6.2326,66.224,NaN,NaN,NaN,NaN,-1.3997,NaN,NaN
22.087,6.7673,65.699,NaN,NaN,NaN,NaN,-1.3427,NaN,NaN
22.127,6.8909,65.173,NaN,NaN,NaN,NaN,-1.3427,NaN,NaN
22.167,6.6518,64.809,1.5252,-13.102,0,0,-1.4549,0,Inf
22.207,6.7137,64.285,1.525,-13.102,0,0,-1.4549,0,Inf
22.247,6.3324,63.775,0.78198,-13.115,0.036099,0.036101,-1.5113,-0.0131,-1002.9
22.287,6.3641,63.25,0.7758,-13.129,0.038299,0.038301,-1.5118,-0.0131,-1003.9
22.327,6.3952,62.725,0.76972,-13.143,0.040499,0.040501,-1.5123,-0.0131,-1005
22.367,6.4243,62.199,0.76393,-13.156,0.0427,0.042701,-1.5128,-0.0131,-1006
22.407,5.5026,61.715,-0.66554,-13.155,-0.045901,-0.045899,-1.6213,-0.0512,-257.26
22.447,5.4755,61.188,-0.69451,-13.193,-0.0428,-0.042799,-1.6234,-0.0512,-258.03
22.487,5.4419,60.634,-0.65177,-13.308,-0.090502,-0.090504,-1.6198,-0.0413,-322.62
22.527,5.415,60.101,-0.67598,-13.353,-0.089202,-0.089204,-1.6214,-0.0413,-323.73
22.567,5.0569,59.593,-1.1549,-13.381,-0.1424,-0.1424,-1.6569,-0.056,-239.84
22.607,5.0091,59.057,-1.1894,-13.432,-0.14291,-0.1429,-1.6591,-0.056,-240.79
22.647,4.9593,58.519,-1.2239,-13.482,-0.14331,-0.1433,-1.6613,-0.056,-241.74
22.687,4.9127,57.979,-1.2598,-13.532,-0.1438,-0.1438,-1.6636,-0.056,-242.69
22.727,4.8174,57.45,-1.441,-13.521,-0.16321,-0.16321,-1.677,-0.0732,-185.76
22.767,4.7599,56.908,-1.4863,-13.566,-0.16611,-0.16611,-1.68,-0.0732,-186.44
22.807,4.7019,56.364,-1.5322,-13.611,-0.16891,-0.16891,-1.683,-0.0732,-187.12
22.847,4.6407,55.818,-1.5781,-13.656,-0.17171,-0.17171,-1.6859,-0.0732,-187.8
22.887,4.5733,55.272,-1.6232,-13.701,-0.17441,-0.17441,-1.6888,-0.0732,-188.48
22.927,4.5092,54.723,-1.6698,-13.745,-0.17711,-0.17711,-1.6918,-0.0732,-189.16
22.967,4.4423,54.172,-1.7164,-13.79,-0.17981,-0.17981,-1.6947,-0.0732,-189.84
23.007,4.372,53.619,-1.7629,-13.834,-0.18241,-0.18241,-1.6976,-0.0732,-190.52
23.047,5.3368,53.086,-0.285,-13.635,-0.052699,-0.0527,-1.5917,-0.0008,-17047
23.087,5.3248,52.54,-0.2859,-13.662,-0.053699,-0.053699,-1.5917,-0.0008,-17081
23.127,5.3137,51.993,-0.287,-13.689,-0.054699,-0.0547,-1.5918,-0.0008,-17115
23.167,5.6078,51.41,0.19648,-13.704,0.016501,0.0165,-1.5565,0.0275,498.37
23.207,5.3445,50.89,-0.16271,-13.707,0.0129,0.0129,-1.5827,0.006,2284.7
23.247,5.3379,50.341,-0.1597,-13.731,0.014,0.014,-1.5824,0.006,2288.6
23.287,5.5622,49.777,0.22607,-13.744,0.0317,0.031699,-1.5543,0.029,474.01
23.327,6.0087,49.192,1.0077,-13.762,0.070302,0.070297,-1.4977,0.0764,180.62
23.367,6.0488,48.641,1.052,-13.784,0.073202,0.073197,-1.4946,0.0764,180.94
23.407,6.0896,48.09,1.0967,-13.805,0.076203,0.076197,-1.4915,0.0764,181.26
23.447,6.1364,47.537,1.1403,-13.826,0.079102,0.079097,-1.4885,0.0764,181.58
23.487,6.4872,46.941,1.6979,-13.863,0.12141,0.12139,-1.4489,0.1065,131.14
23.527,6.7884,46.378,2.144,-13.882,0.15811,0.15808,-1.4175,0.1279,109.83
23.567,6.5598,45.835,1.7315,-13.876,0.1161,0.11609,-1.4466,0.1022,136.83
23.607,6.8751,45.266,2.1968,-13.909,0.15281,0.15279,-1.4141,0.124,113.56
23.647,6.9641,44.71,2.2706,-13.927,0.15771,0.15768,-1.4091,0.124,113.8
23.687,7.2316,44.141,2.6447,-13.956,0.19178,0.19182,-1.3836,0.1398,101.61
23.727,7.3399,43.582,2.7288,-13.973,0.19758,0.19762,-1.378,0.1398,101.84
23.767,7.2853,43.039,2.5373,-13.964,0.16789,0.1679,-1.3911,0.1261,112.55
23.807,7.0009,42.5,1.9684,-13.886,0.1002,0.10019,-1.4299,0.0956,146.7
23.847,7.0792,41.945,2.0246,-13.896,0.103,0.10299,-1.4261,0.0956,146.89
23.887,7.1618,41.389,2.0802,-13.905,0.1059,0.10589,-1.4222,0.0956,147.07
23.927,7.2473,40.832,2.1358,-13.914,0.1087,0.10869,-1.4184,0.0956,147.25
23.967,7.2429,40.298,-1.256,-13.076,0.090059,0.090059,-1.4238,0.089654,146.53
24.007,7.2351,39.764,1.9715,-13.827,0.071397,0.071403,-1.4292,0.0837,166.87
24.047,7.3146,39.211,2.0195,-13.83,0.073298,0.073304,-1.4258,0.0837,166.99
24.087,7.2863,38.67,-2.0876,-13.249,0.05992,0.059923,-1.4348,0.075753,177.06
24.127,7.2537,38.137,1.7595,-13.764,0.0467,0.046699,-1.4436,0.0679,204.36
24.167,6.7789,37.666,0.96437,-13.569,0.0156,0.0156,-1.4998,0.0302,450.44
24.207,6.929,37.098,1.1416,-13.612,0.0111,0.0111,-1.4871,0.0377,362.34
24.247,7.0092,36.545,1.2147,-13.63,0.0105,0.0105,-1.4819,0.0399,342.95
24.287,7.0615,35.986,1.228,-13.636,0.0091999,0.0091995,-1.481,0.0398,344.01
24.327,6.9308,35.468,0.9841,-13.579,0.0053005,0.0052999,-1.4985,0.0278,489.75
24.367,6.7561,34.955,0.67548,-13.505,0.0026003,0.0026,-1.5208,0.0132,1024.4
24.407,6.9021,34.402,0.8629,-13.532,0.00039995,0.00039967,-1.5071,0.0213,636.59
24.447,6.6268,33.902,0.4039,-13.435,0.0018997,0.0018998,-1.5407,0.0001,1.3441e+05
24.487,6.3692,33.386,-0.024443,-13.35,0.0057997,0.0058001,-1.5726,-0.019,-702.61
24.527,6.4122,32.846,0.032422,-13.36,0.0029002,0.0028997,-1.5684,-0.0159,-840.27
24.567,6.5011,32.3,0.1614,-13.385,0.00029997,0.00029975,-1.5587,-0.0098,-1365.9
24.607,6.1936,31.812,-0.29506,-13.296,0.0054997,0.0055004,-1.593,-0.0303,-438.93
24.647,6.051,31.301,-0.49685,-13.252,0.0067002,0.0067001,-1.6083,-0.0388,-341.79
24.687,5.8414,30.798,-0.7927,-13.194,0.0082,0.0082003,-1.6308,-0.0512,-258.16
24.727,5.956,30.252,-0.59637,-13.24,0.004,0.0040002,-1.6158,-0.0412,-321.69
24.767,6.0102,29.711,-0.5038,-13.254,0.0030002,0.0029997,-1.6088,-0.0361,-367.42
24.807,6.1675,29.161,-0.26059,-13.284,0.0010998,0.0011005,-1.5904,-0.0247,-537.92
24.847,5.818,28.69,-0.74356,-13.205,0.0052005,0.0052,-1.6271,-0.0457,-289.4
24.887,5.8025,28.161,-0.74217,-13.207,0.0044,0.0043999,-1.6269,-0.0447,-295.93
24.927,5.6705,27.644,-0.9131,-13.19,0.0034994,0.0034999,-1.6399,-0.051,-259.25
24.967,5.8405,27.087,-0.63612,-13.227,0.0030002,0.0029997,-1.6188,-0.0379,-349.4
25.007,6.3108,26.926,-0.80928,-13.22,0.0025003,0.0025001,-1.6319,-0.0441,-300.34
25.048,6.2124,26.4,-0.92649,-13.209,0.0019997,0.0019997,-1.6408,-0.0481,-275.29
25.087,6.0662,25.892,-1.0972,-13.179,0.0016997,0.0017,-1.6538,-0.0546,-242.2
25.128,6.144,25.345,-0.96419,-13.206,0.0016997,0.0017,-1.6437,-0.0475,-278.76
25.167,6.151,24.817,-0.91829,-13.206,0.0028002,0.0027998,-1.6402,-0.0446,-296.81
25.208,6.126,24.303,-0.90493,-13.191,0.0042,0.0042001,-1.6393,-0.0435,-303.96
25.248,6.161,23.768,-0.82648,-13.194,0.0053997,0.0054005,-1.6333,-0.0392,-337.24
25.288,6.0503,23.257,-0.94718,-13.174,0.0055997,0.0056003,-1.6426,-0.0437,-302.23
25.327,6.0527,22.712,-0.92949,-13.191,0.0044,0.0043999,-1.6411,-0.0416,-317.88
25.368,6.0624,22.194,-0.86625,-13.187,0.0047999,0.0047996,-1.6364,-0.0384,-344.16
25.408,6.0795,21.658,-0.81347,-13.194,0.0052005,0.0052,-1.6324,-0.0352,-375.53
25.448,6.0091,21.145,-0.874,-13.174,0.0061996,0.0061998,-1.637,-0.0373,-353.98
25.488,5.9407,20.623,-0.9387,-13.165,0.0062996,0.0062997,-1.642,-0.0393,-335.84
25.528,5.9287,20.102,-0.91068,-13.166,0.0055997,0.0056003,-1.6398,-0.0375,-351.92
25.568,5.894,19.561,-0.94161,-13.186,0.0032002,0.0031995,-1.6421,-0.0376,-351.59
25.608,5.9423,19.038,-0.82539,-13.194,0.0032994,0.0033001,-1.6333,-0.0323,-409.27
25.648,6.0131,18.493,-0.70099,-13.214,0.0033994,0.0034,-1.6238,-0.0259,-510.9
25.688,5.9244,17.958,-0.819,-13.209,0.0031002,0.0030996,-1.6327,-0.03,-441.16
25.728,5.8675,17.412,-0.8925,-13.213,0.0031002,0.0030996,-1.6382,-0.0317,-417.76
25.768,5.8447,16.877,-0.89689,-13.207,0.0046999,0.0046996,-1.6386,-0.0309,-428.4
25.808,5.7136,16.338,-1.0824,-13.182,0.0068002,0.0068001,-1.6527,-0.0374,-353.64
25.848,5.666,15.815,-1.0751,-13.178,0.0073002,0.0072996,-1.6522,-0.036,-367.26
25.888,5.5639,15.311,-1.1709,-13.134,0.0109,0.010899,-1.6597,-0.04,-329.65
25.928,5.5494,14.788,-1.1365,-13.127,0.012099,0.0121,-1.6571,-0.0377,-349.5
25.968,5.5027,14.254,-1.1643,-13.12,0.013199,0.0132,-1.6593,-0.0377,-349.39
26.008,5.4909,13.724,-1.1167,-13.12,0.014299,0.014299,-1.6557,-0.0343,-383.88
26.048,5.4686,13.2,-1.0947,-13.107,0.016199,0.016199,-1.6541,-0.0326,-403.47
26.088,5.4081,12.708,-1.114,-13.057,0.021901,0.021899,-1.6559,-0.0337,-388.84
26.128,5.3703,12.189,-1.1162,-13.036,0.023998,0.023999,-1.6562,-0.033,-396.48
26.168,5.382,11.669,-1.134,-13.01,0.026598,0.026598,-1.6577,-0.0332,-393.35
26.208,5.2544,11.154,-1.078,-13.005,0.026898,0.026898,-1.6534,-0.0296,-440.87
26.248,5.2484,10.63,-1.0153,-13.005,0.026098,0.026099,-1.6486,-0.0257,-507.56
26.288,5.274,10.291,-0.9172,-12.999,0.026198,0.026197,-1.6411,-0.0201,-648.34
26.328,5.1381,9.7874,-1.0813,-12.962,0.0299,0.029897,-1.6539,-0.0271,-479.97
26.368,5.0923,9.2656,-1.0995,-12.952,0.0303,0.030297,-1.6554,-0.0272,-477.88
26.408,5.0365,8.7484,-1.131,-12.933,0.0321,0.032097,-1.6579,-0.0279,-465.31
26.448,5.0885,9.3165,-1.1039,-12.912,0.034896,0.034889,-1.6558,-0.0257,-504.23
26.488,5.0359,8.8018,-1.1302,-12.893,0.036599,0.036588,-1.6579,-0.0264,-490.24
26.528,5.0161,8.2813,-1.0903,-12.87,0.039799,0.039786,-1.6549,-0.0236,-547.31
26.568,4.9906,7.7607,-1.0678,-12.861,0.039295,0.039286,-1.6533,-0.0219,-589.27
26.608,4.9546,7.2423,-1.0607,-12.836,0.042799,0.042784,-1.6528,-0.0207,-622.2
26.648,4.9382,6.7212,-1.0147,-12.815,0.044798,0.044782,-1.6494,-0.0176,-730.41
26.688,5.0103,6.192,-0.79278,-12.803,0.042994,0.042982,-1.6322,-0.0053,-2420.3
26.728,5.0819,5.6439,-0.60637,-12.839,0.034396,0.034389,-1.6176,0.005,2570.7
26.768,5.0309,5.1366,-0.65495,-12.798,0.037599,0.037587,-1.6215,0.0025,5126
26.808,5.1259,4.4844,-0.41598,-12.873,0.025198,0.025194,-1.6028,0.0159,810.04
26.848,5.2245,2.712,-0.14431,-13.028,0.0102,0.0102,-1.5818,0.0308,423.02
26.888,5.26,2.0825,0.02101,-13.128,0.0044999,0.0044998,-1.5692,0.0402,326.56
26.928,5.3073,1.5253,0.12579,-13.261,0.0023003,0.0023002,-1.5613,0.0449,295.35
26.968,5.2203,3.0592,-0.079564,-12.627,0.00059993,0.0005995,-1.5771,0.0178,709.38
27.008,5.2417,1.4217,0.040563,-12.994,0.0011998,0.0012004,-1.5677,0.0495,262.5
27.048,5.224,0.91739,0.16457,-12.999,-0.0010005,-0.00099992,-1.5581,0.0663,196.09
27.088,5.2215,0.42503,0.25071,-13.016,-0.0022003,-0.0022003,-1.5515,0.0779,167.12
27.128,5.1167,-0.034965,0.083159,-13.086,0.021499,0.021505,-1.5647,0.0135,969.37
27.168,5.1347,-0.59802,0.094772,-13.187,0.024598,0.024606,-1.5639,0.0156,845.36
27.208,5.0904,-0.85357,-0.14685,-12.564,0.025997,0.025992,-1.5822,-0.0428,-293.58
27.248,5.0474,-1.5195,-0.075562,-13.148,0.0057997,0.0058001,-1.5765,-0.0257,-511.59
27.288,5.0593,-2.1453,-0.11043,-13.541,0.0017997,0.0017999,-1.5789,-0.0279,-485.36
27.328,5.0645,-2.5874,-0.12007,-13.133,-0.0032994,-0.0033001,-1.58,-0.0259,-507.08
27.368,5.0802,-3.1191,0.075326,-13.116,-0.00019998,-0.00019983,-1.5651,0.0125,1049.3
27.408,5.0515,-3.6027,0.081201,-12.881,-0.0030002,-0.0029997,-1.5645,0.0126,1022.3
27.448,5.0394,-4.1575,-0.071666,-12.955,0.00049994,0.00049958,-1.5763,-0.0142,-912.34
27.488,5.0379,-4.7038,-0.083713,-13.049,9.9989e-05,9.9916e-05,-1.5772,-0.0157,-831.15
27.528,5.0463,-5.1598,-0.08668,-12.801,0.0024003,0.0024002,-1.5776,-0.018,-711.18
27.568,5.0598,-5.5674,-0.091871,-12.434,0.0067995,0.0068007,-1.5783,-0.0208,-597.83
27.608,5.1222,-6.1458,-0.0157,-12.731,0,0,-1.572,-0.0067,-1900.2
27.648,5.1017,-6.752,-0.094947,-13.076,-0.0018997,-0.0018998,-1.578,-0.0146,-895.66
27.688,5.1272,-7.3041,-0.066809,-13.212,-0.0024003,-0.0024002,-1.5758,-0.0116,-1139
27.728,5.1579,-7.838,-0.069722,-13.234,-0.0025003,-0.0025001,-1.576,-0.011,-1203.1
27.768,5.1842,-8.3497,-0.027103,-13.184,-0.00080056,-0.00080009,-1.5728,-0.0069,-1910.7
27.808,5.2096,-8.8724,0.020839,-13.182,0.00029997,0.00029975,-1.5692,-0.0021,-6277.2
27.848,5.2471,-9.4123,0.035104,-13.219,0.00080056,0.00080009,-1.5681,-0.0017,-7775.7
27.888,5.2651,-9.9417,0.059169,-13.228,0.0012998,0.0013003,-1.5663,0.0004,33069
27.928,5.33,-10.513,0.12293,-13.307,0.0032994,0.0033001,-1.5616,0.0043,3094.9
27.968,5.3527,-11.054,0.14114,-13.318,0.0033994,0.0034,-1.5602,0.0053,2513
28.008,5.409,-11.593,0.21348,-13.328,0.0044999,0.0044998,-1.5548,0.0107,1245.7
28.048,5.4177,-12.126,0.21899,-13.337,0.0045999,0.0045997,-1.5544,0.0107,1246.7
28.088,5.3951,-12.702,0.14012,-13.39,0.00090055,0.0009,-1.5603,0.0037,3619
28.128,5.4594,-13.222,0.23335,-13.362,0.0018997,0.0018998,-1.5533,0.0103,1297.5
28.168,5.5707,-13.746,0.41868,-13.363,0.0051998,0.0052006,-1.5395,0.025,534.77
28.208,5.5877,-14.277,0.44075,-13.379,0.0057997,0.0058001,-1.5379,0.0253,529.12
28.248,5.6532,-14.795,0.49278,-13.389,0.0076,0.0076008,-1.5341,0.0295,454.17
28.288,5.7057,-15.331,0.50422,-13.39,0.0070994,0.0071005,-1.5332,0.0292,458.9
28.328,5.6798,-15.891,0.43651,-13.422,0.0063003,0.0063005,-1.5383,0.0231,581.36
28.368,5.6266,-16.48,0.32354,-13.477,0.0049998,0.0050008,-1.5468,0.0146,923.33
28.408,5.5461,-17.061,0.1801,-13.52,0.0024003,0.0024002,-1.5575,0.0042,3219.4
28.448,5.4804,-17.639,0.083125,-13.589,0.0010005,0.00099992,-1.5647,-0.0013,-10454
28.489,5.4859,-18.188,0.0686,-13.601,0.00080056,0.00080009,-1.5658,-0.003,-4533.8
28.528,5.4823,-18.729,0.071388,-13.594,0.00069992,0.00069941,-1.5656,-0.0025,-5437.6
28.568,5.4295,-19.292,-0.0062869,-13.599,-0.00069992,-0.00069941,-1.5713,-0.0068,-1999.8
28.609,5.3785,-19.867,-0.083497,-13.625,-0.0024003,-0.0024002,-1.5769,-0.011,-1238.7
28.649,5.4049,-20.437,-0.051909,-13.686,-0.0025003,-0.0025001,-1.5746,-0.0082,-1669.1
28.688,5.3727,-20.985,-0.088543,-13.706,-0.0035994,-0.0035998,-1.5772,-0.0098,-1398.6
28.729,5.4227,-21.512,-0.023073,-13.698,-0.0013997,-0.0014002,-1.5725,-0.0059,-2321.7
28.769,5.4437,-22.048,0.005463,-13.692,-0.00029997,-0.00029975,-1.5704,-0.0041,-3339.6
28.809,5.444,-22.593,0.0048001,-13.698,0,0,-1.5704,-0.004,-3424.6
28.849,5.4308,-23.141,-0.012537,-13.713,-0.00029997,-0.00029975,-1.5717,-0.0048,-2856.9
28.889,5.4063,-23.699,-0.044098,-13.733,-0.00080056,-0.00080009,-1.574,-0.0063,-2179.9
28.929,5.4011,-24.252,-0.051586,-13.746,-0.00069992,-0.00069941,-1.5745,-0.0064,-2147.8
28.969,5.3697,-24.808,-0.088083,-13.763,-0.0014997,-0.0015002,-1.5772,-0.008,-1720.4
29.009,5.4043,-25.351,-0.047149,-13.766,-0.00039995,-0.00039967,-1.5742,-0.0056,-2458.3
29.049,5.3918,-25.9,-0.061686,-13.771,-0.00069992,-0.00069941,-1.5753,-0.0062,-2221.1
29.089,5.3736,-26.448,-0.082623,-13.771,-0.0010005,-0.00099992,-1.5768,-0.0072,-1912.7
******-------------------------------------------------------------------------------------------------------------------****** 
TargetID: ID06
Relevancy: 1
tj = 4.4413
Label: 0
Comment: Target is relevant and going straight, since target is crossing Ego X-axis in EFC
DATA:
3.201,9.6519,-19.835,-0.54174,9.7359,-0.0052005,-0.0052,1.6264,0.3772,25.851
3.2408,9.5974,-19.495,-0.71528,9.7012,0.0072002,0.0071997,1.6444,0.3616,26.901
3.281,9.6051,-19.094,-0.66438,9.7363,0.0445,0.044502,1.6389,0.3023,32.282
3.3209,9.6241,-18.67,-0.54186,9.7974,0.072997,0.073006,1.626,0.2385,41.142
3.3609,9.5596,-18.315,-0.60517,9.7226,0.081696,0.0817,1.633,0.2125,45.842
3.4009,9.5116,-17.939,-0.62609,9.6841,0.083895,0.083908,1.6353,0.1864,52.062
3.441,9.8933,-17.562,-1.3435,9.2542,0.12756,0.1277,1.7148,0.3556,26.297
3.481,9.7935,-17.234,-1.6139,9.1332,0.13484,0.135,1.7455,0.3876,23.928
3.5211,9.7876,-16.827,-1.5296,9.1946,0.11439,0.1145,1.7355,0.3374,27.626
3.5609,9.7869,-16.433,-1.416,9.238,0.1084,0.1085,1.7227,0.2872,32.542
3.601,9.7708,-16.045,-1.3667,9.2719,0.095425,0.095489,1.7171,0.2557,36.653
3.641,9.8194,-15.599,-1.1137,9.4453,0.059672,0.059702,1.6881,0.1878,50.643
3.681,9.8528,-15.698,-1.0058,9.5449,0.039887,0.039911,1.6755,0.1525,62.936
3.721,9.8093,-15.317,-1.0644,9.5415,0.043584,0.043614,1.6816,0.1525,62.955
3.761,9.9435,-14.956,-0.33549,9.89,0.025696,0.025705,1.6045,0.0187,529.18
3.801,9.9361,-14.555,-0.33623,9.9076,0.021997,0.022004,1.6046,0.0177,560.07
3.8412,9.9859,-14.146,0.0076008,10.093,0.032295,0.032308,1.5698,-0.0377,-267.72
3.881,9.986,-13.732,0.032727,10.144,0.0322,0.032207,1.5674,-0.0395,-256.8
3.9212,10.079,-13.244,0.29384,10.371,0.059083,0.059123,1.5421,-0.0707,-146.75
3.9611,10.069,-12.847,0.2672,10.369,0.050887,0.050916,1.5447,-0.0637,-162.84
4.0011,10.061,-12.517,0.26741,10.375,0.049488,0.049517,1.5447,-0.0608,-170.69
4.0411,9.9861,-12.169,0.082175,10.222,0.030496,0.030507,1.5625,-0.0366,-279.29
4.0813,10.011,-11.621,0.17325,10.307,0.036494,0.036508,1.5538,-0.0461,-223.61
4.1212,9.9824,-11.242,0.10166,10.241,0.029795,0.029805,1.5607,-0.0361,-283.7
4.1612,10.006,-10.856,0.18559,10.305,0.034094,0.034108,1.5526,-0.0442,-233.17
4.2012,10.038,-10.417,0.26873,10.396,0.039992,0.04001,1.5447,-0.051,-203.91
4.2413,10.063,-9.9825,0.33057,10.479,0.04569,0.045713,1.539,-0.0548,-191.32
4.2812,10.102,-9.5509,0.46351,10.559,0.057985,0.05802,1.5266,-0.067,-157.75
4.3213,10.143,-9.0856,0.56473,10.658,0.06948,0.069527,1.5175,-0.0739,-144.42
4.3612,10.144,-8.6592,0.50798,10.624,0.058486,0.058519,1.5227,-0.0655,-162.38
4.4012,10.165,-8.223,0.5154,10.681,0.059585,0.05962,1.5222,-0.0628,-170.28
4.4413,10.177,-7.7922,0.50977,10.713,0.056987,0.057018,1.5229,-0.0594,-180.55
4.4817,10.133,-7.433,0.36315,10.604,0.038194,0.038208,1.5363,-0.0437,-242.8
4.5212,10.149,-6.9923,0.37686,10.628,0.038693,0.038708,1.5351,-0.0435,-244.48
4.5613,10.168,-6.5466,0.39307,10.687,0.040193,0.040209,1.5338,-0.0432,-247.54
4.6013,10.157,-6.1424,0.3215,10.631,0.031596,0.031606,1.5404,-0.0351,-303.02
4.6414,9.9534,-5.6362,0.43708,10.842,0.045496,0.045512,1.5302,-0.043,-252.34
4.6814,9.9589,-5.2089,0.42098,10.842,0.042796,0.04281,1.5318,-0.0397,-273.31
4.7214,9.9068,-4.7058,0.51416,11.036,0.056995,0.057,1.5242,-0.0448,-246.61
4.7614,9.9308,-4.2489,0.52576,11.104,0.059096,0.059118,1.5232,-0.0436,-254.97
4.8013,9.9249,-3.7982,0.50596,11.136,0.055896,0.055916,1.5251,-0.04,-278.69
4.8414,9.9392,-3.3541,0.50473,11.15,0.053697,0.053715,1.5253,-0.0383,-291.42
4.8815,9.9635,-2.8713,0.53429,11.267,0.060097,0.060118,1.5231,-0.0388,-290.72
4.9214,9.981,-2.4163,0.53968,11.296,0.059296,0.059317,1.5228,-0.0378,-299.17
4.9614,10.007,-1.9452,0.56556,11.402,0.064196,0.06422,1.5209,-0.0381,-299.64
5.0014,10.016,-1.4992,0.56497,11.406,0.060495,0.060482,1.5216,-0.0362,-315.46
5.0416,10.015,-1.0224,0.55352,11.466,0.059895,0.059883,1.5229,-0.0338,-339.62
5.0815,10.024,-0.58325,0.54107,11.464,0.055497,0.0555,1.5236,-0.0321,-357.54
5.1215,10.042,-0.12455,0.37037,11.432,0.052548,0.052551,1.5259,-0.030067,-380.43
5.1615,10.054,0.33144,0.21532,11.405,0.049608,0.049611,1.5283,-0.028041,-406.79
5.2015,10.06,0.7873,0.075088,11.381,0.046663,0.046666,1.5306,-0.02601,-437.55
5.2415,10.06,1.2427,-0.050117,11.361,0.043715,0.043718,1.5329,-0.023978,-473.8
5.2816,10.056,1.6973,-0.16017,11.345,0.040768,0.04077,1.5353,-0.021947,-517
5.3215,10.048,2.1495,-0.25469,11.333,0.037832,0.037834,1.5376,-0.019923,-569
5.3615,10.036,2.6035,-0.33454,11.326,0.034883,0.034885,1.5399,-0.01789,-633.36
5.4015,10.021,3.0564,-0.39911,11.322,0.031939,0.031941,1.5423,-0.015861,-714.3
5.4416,10.004,3.5102,-0.44865,11.323,0.028989,0.028991,1.5446,-0.013827,-819.52
5.4816,9.9853,3.9628,-0.48293,11.327,0.026047,0.026049,1.547,-0.011799,-960.86
5.5217,9.9655,4.4169,-0.50216,11.335,0.023098,0.023099,1.5493,-0.0097658,-1161.9
5.5616,9.9453,4.87,-0.50622,11.348,0.020158,0.020159,1.5516,-0.0077391,-1467.8
5.6016,9.9253,5.324,-0.49518,11.364,0.017215,0.017215,1.554,-0.0057102,-1992.1
5.6416,9.9059,5.779,-0.46903,11.385,0.01427,0.014271,1.5563,-0.0036806,-3095.9
5.6816,9.8879,6.2354,-0.4277,11.41,0.011323,0.011323,1.5586,-0.0016489,-6924.5
5.7216,9.8719,6.6923,-0.3713,11.438,0.0083791,0.0083793,1.561,0.00038048,30079
5.7616,9.8584,7.1505,-0.29977,11.471,0.0054349,0.0054349,1.5633,0.0024101,4761.2
5.8016,9.8481,7.6103,-0.21309,11.508,0.0024894,0.0024892,1.5656,0.0044406,2591.9
5.8418,9.8416,8.0733,-0.11088,11.549,-0.00046657,-0.00046695,1.568,0.0064782,1782.8
5.8817,9.8394,8.5343,0.0055908,11.593,-0.0033994,-0.0034,1.5703,0.0085,1363.9
5.9217,9.8227,9.0014,-0.0095462,11.627,-0.004,-0.0040002,1.5716,0.0088,1321.3
5.9617,9.8054,9.4668,-0.044031,11.643,-0.0053997,-0.0054005,1.5745,0.0114,1021.3
6.0018,9.7317,9.9855,-0.1633,11.7,-0.0096997,-0.0097005,1.5847,0.0193,606.29
6.0418,9.7247,10.454,-0.17273,11.719,-0.0102,-0.010201,1.5855,0.0193,607.28
6.0818,9.7176,10.923,-0.18186,11.738,-0.0107,-0.0107,1.5862,0.0193,608.27
6.1218,9.7096,11.393,-0.1915,11.757,-0.0113,-0.011301,1.587,0.0193,609.25
6.1619,9.7495,11.791,-0.10142,11.629,-0.0044999,-0.0044998,1.5795,0.0128,908.52
6.2019,9.7447,12.257,-0.1079,11.639,-0.0047999,-0.0047996,1.5801,0.0128,909.36
6.2419,9.7117,12.786,-0.17728,11.747,-0.0078,-0.0078006,1.5858,0.0172,683.02
6.2818,9.7463,13.219,-0.1169,11.711,-0.0050005,-0.0050002,1.5808,0.0128,914.97
6.322,9.7301,13.696,-0.13757,11.747,-0.0060997,-0.0060999,1.5825,0.0134,876.73
6.3619,9.7353,14.164,-0.13156,11.756,-0.0057997,-0.0058001,1.582,0.0127,925.76
6.4018,9.7256,14.637,-0.14089,11.778,-0.0063003,-0.0063005,1.5827,0.0127,927.46
6.4418,9.7195,15.109,-0.1472,11.793,-0.0066003,-0.0066002,1.5832,0.0127,928.64
6.482,9.7251,15.579,-0.13699,11.817,-0.0064003,-0.0064004,1.5824,0.0115,1027.7
******-------------------------------------------------------------------------------------------------------------------****** 
TargetID: ID17
Relevancy: 1
tj = 27.7282
Label: 0
Comment: Target is relevant and going straight, since target is crossing Ego X-axis in EFC
DATA:
24.487,10.561,-35.013,1.336,6.3548,0.12559,0.12562,1.3634,0.064,101.46
24.527,10.946,-36.967,1.2217,6.3411,0.12898,0.12966,1.3752,0.024,269.07
24.567,11.035,-36.652,1.1659,6.698,0.36952,0.37478,1.3847,0.1483,45.845
24.607,10.909,-36.553,0.62617,6.6042,0.28985,0.29272,1.4637,0.1627,40.773
24.647,10.813,-36.341,0.80183,6.6364,0.34029,0.34579,1.4365,0.0305,219.17
24.687,10.846,-36.073,0.8011,6.7093,0.35271,0.35852,1.4377,0.0305,221.54
24.727,10.88,-35.802,0.80011,6.7821,0.36484,0.37095,1.4389,0.0305,223.91
24.767,10.897,-35.492,0.66152,7.0928,0.41472,0.41978,1.4622,0.0767,92.876
24.807,10.924,-35.206,0.64758,7.1872,0.42572,0.43098,1.4653,0.0767,94.085
24.847,10.951,-34.917,0.63322,7.2816,0.43652,0.44198,1.4684,0.0767,95.295
24.887,10.978,-34.624,0.61813,7.3761,0.44713,0.45277,1.4714,0.0767,96.505
24.927,11.004,-34.327,0.6028,7.4704,0.45762,0.46345,1.4745,0.0767,97.714
24.967,11.172,-33.96,1.1872,7.7398,0.6589,0.67216,1.3998,-0.0156,-501.94
25.007,11.228,-33.647,1.2088,7.8452,0.67456,0.68806,1.3992,-0.0156,-508.83
25.048,11.282,-33.33,1.2311,7.9505,0.69012,0.70385,1.3985,-0.0156,-515.72
25.087,11.34,-33.008,1.2533,8.0559,0.70529,0.71922,1.3979,-0.0156,-522.62
25.128,11.398,-32.682,1.2757,8.1612,0.72016,0.73427,1.3973,-0.0156,-529.51
25.167,11.459,-32.351,1.2981,8.2667,0.73453,0.74881,1.3968,-0.0156,-536.41
25.208,11.519,-32.017,1.3208,8.372,0.74871,0.76314,1.3962,-0.0156,-543.31
25.248,11.578,-31.679,1.3444,8.4774,0.76269,0.77726,1.3955,-0.0156,-550.21
25.288,11.639,-31.336,1.3681,8.5827,0.77627,0.79096,1.3949,-0.0156,-557.12
25.327,11.701,-30.99,1.392,8.6881,0.78956,0.80435,1.3942,-0.0156,-564.03
25.368,11.603,-30.806,1.0819,8.4066,0.48125,0.48796,1.4305,0.0126,672.69
25.408,11.376,-30.584,0.26538,8.0749,0.20639,0.20822,1.5314,0.1055,76.581
25.448,11.043,-30.546,-0.81856,7.5588,-0.0032002,-0.0031995,1.6788,0.2474,30.732
25.488,11.115,-30.179,-0.48381,7.9085,-0.045742,-0.045622,1.6336,0.1923,41.203
25.528,11.07,-29.845,-0.49831,7.9786,-0.052956,-0.052796,1.6351,0.1813,44.093
25.568,11.044,-29.51,-0.55911,8.0331,-0.068094,-0.06783,1.6427,0.1811,44.465
25.608,11.015,-29.148,-0.6303,8.0913,-0.080132,-0.079767,1.6514,0.1807,44.913
25.648,10.956,-28.831,-0.73307,8.1163,-0.097102,-0.096555,1.6643,0.1854,43.956
25.688,10.902,-28.507,-0.82942,8.1465,-0.11248,-0.11174,1.6762,0.1891,43.303
25.728,10.858,-28.182,-0.89434,8.1899,-0.12062,-0.11977,1.6838,0.1891,43.567
25.768,10.787,-27.841,-1.0253,8.2175,-0.14166,-0.14046,1.6999,0.1958,42.294
25.808,10.665,-27.514,-1.2774,8.1968,-0.18033,-0.17828,1.7319,0.2167,38.282
25.848,10.61,-27.22,-1.3097,8.2355,-0.1886,-0.18638,1.7352,0.2135,39.058
25.888,10.604,-26.874,-1.2301,8.3227,-0.17494,-0.17309,1.7236,0.1954,43.056
25.928,10.527,-26.561,-1.3336,8.3469,-0.1908,-0.18858,1.7358,0.2,42.264
25.968,10.419,-26.235,-1.5535,8.3168,-0.22249,-0.22009,1.7633,0.2159,39.188
26.008,10.445,-25.874,-1.3389,8.4875,-0.19188,-0.18971,1.7337,0.1827,47.031
26.048,10.427,-25.539,-1.0836,8.573,-0.13217,-0.13121,1.7008,0.1471,58.744
26.088,10.435,-25.203,-0.97652,8.6549,-0.11979,-0.11903,1.6869,0.1321,65.934
26.128,10.418,-24.851,-0.87489,8.7298,-0.10029,-0.099779,1.6738,0.1164,75.374
26.168,10.38,-24.468,-0.83586,8.7885,-0.090927,-0.090629,1.6684,0.1057,83.521
26.208,10.325,-24.105,-0.85805,8.835,-0.090927,-0.09063,1.6703,0.1022,86.855
26.248,10.241,-23.775,-1.0507,8.8246,-0.11215,-0.11168,1.6927,0.1167,76.152
26.288,10.193,-23.412,-1.0324,8.8708,-0.10534,-0.10493,1.6898,0.1094,81.633
26.328,10.137,-23.067,-1.0873,8.9275,-0.12236,-0.12181,1.6956,0.1111,80.949
26.368,10.153,-22.688,-0.92864,9.0458,-0.10048,-0.099999,1.676,0.0919,98.948
26.408,10.04,-22.295,-0.97666,9.0766,-0.10784,-0.10744,1.6811,0.0931,98.056
26.448,9.8971,-21.529,-1.1891,8.976,-0.10724,-0.10689,1.7051,0.1077,84.071
26.488,9.6458,-21.183,-1.318,8.9696,-0.11619,-0.11566,1.7195,0.1152,78.697
26.528,9.6289,-20.799,-1.2467,9.038,-0.10585,-0.10542,1.7104,0.1043,87.475
26.568,9.6268,-20.425,-1.0643,9.1458,-0.085188,-0.084924,1.6886,0.0845,108.96
26.608,9.7687,-19.976,-1.2061,9.1288,-0.094631,-0.094372,1.7043,0.0926,99.44
26.648,9.6529,-19.569,-1.3276,9.1274,-0.10266,-0.10225,1.7175,0.0996,92.605
26.688,9.688,-19.154,-1.1211,9.2167,-0.073275,-0.073079,1.6934,0.0783,118.58
26.728,9.6047,-18.77,-1.2054,9.2275,-0.080789,-0.080554,1.7024,0.0828,112.39
26.768,9.4543,-18.373,-1.1338,9.3139,-0.079371,-0.079161,1.6936,0.0735,127.65
26.808,9.4047,-17.983,-1.1595,9.3592,-0.086921,-0.086727,1.6958,0.0728,129.54
26.848,9.35,-17.598,-1.2998,9.3314,-0.092628,-0.092399,1.7111,0.0816,115.46
26.888,9.3413,-17.181,-1.2047,9.3837,-0.072059,-0.071888,1.7,0.0704,134.39
26.928,9.3371,-16.785,-1.2001,9.4865,-0.091794,-0.091523,1.6985,0.0684,139.8
26.968,9.4526,-16.404,-1.3207,9.4664,-0.096833,-0.0965,1.7114,0.0757,126.26
27.008,9.4316,-15.994,-1.2669,9.4804,-0.075318,-0.075172,1.7052,0.0677,141.28
27.048,9.425,-15.58,-1.1798,9.5349,-0.059347,-0.059227,1.6951,0.0573,167.67
27.088,9.4692,-15.116,-1.0965,9.6057,-0.048706,-0.048649,1.6854,0.0475,203.54
27.128,9.4526,-14.69,-1.0479,9.6649,-0.047383,-0.04735,1.6797,0.0413,235.39
27.168,9.4166,-14.313,-1.0331,9.7032,-0.045604,-0.045556,1.6777,0.0382,255.45
27.208,9.3945,-13.907,-1.0252,9.7463,-0.046226,-0.046157,1.6765,0.036,272.23
27.248,9.3924,-13.469,-0.99298,9.817,-0.048905,-0.048851,1.6725,0.0318,310.29
27.288,9.365,-13.07,-0.89001,9.8557,-0.034813,-0.034777,1.6615,0.0207,478.06
27.328,9.3492,-12.658,-0.8727,9.9038,-0.036815,-0.036774,1.6594,0.0184,540.34
27.368,9.349,-12.24,-0.74342,9.9552,-0.024806,-0.024788,1.6458,0.0058,1721.2
27.408,9.2306,-11.943,-0.79343,9.8,-0.0052999,-0.0052991,1.6517,0.0086,1143.3
27.448,9.1243,-11.638,-0.88135,9.7389,-0.0094999,-0.0094978,1.6612,0.0169,578.62
27.488,9.0884,-11.248,-0.88876,9.7455,-0.0093999,-0.0093979,1.6619,0.0169,579.05
27.528,9.0012,-10.911,-0.96931,9.7167,-0.016601,-0.016594,1.6705,0.0243,401.85
27.568,8.9612,-10.522,-0.97951,9.7252,-0.016601,-0.016594,1.6715,0.0243,402.24
27.608,8.9206,-10.133,-0.98971,9.7336,-0.016601,-0.016594,1.6724,0.0243,402.63
27.648,10.23,-8.7677,-1.9827,9.0201,-0.049646,-0.04954,1.7883,0.0243,380.06
27.688,10.15,-8.4075,-1.9934,9.0274,-0.049746,-0.04964,1.7893,0.0243,380.45
27.728,10.074,-7.8907,-1.6255,9.3044,0.09107,0.091388,1.7418,-0.0276,-342.22
27.768,9.9466,-7.441,0.13001,10.651,0.088649,0.088814,1.5573,-0.0508,-209.68
27.808,9.9106,-7.0542,-0.4009,10.505,0.033391,0.033418,1.6084,0.0519,202.55
27.848,9.8885,-6.6402,-0.36775,10.58,0.041186,0.041227,1.6049,0.0415,255.09
27.888,9.8677,-6.2145,-0.37551,10.768,0.023396,0.023408,1.6053,0.0682,157.98
27.928,9.8371,-5.7731,-0.31361,10.841,0.034191,0.034218,1.5992,0.0346,313.47
27.968,9.8204,-5.3157,-0.29096,10.928,0.038989,0.039022,1.5969,0.0235,465.17
28.008,9.7196,-4.8927,-0.25496,10.996,0.035192,0.035218,1.5935,0.0093,1182.7
28.048,9.716,-4.4743,-0.21527,11.025,0.037391,0.03742,1.5898,-0.0048,-2297.2
28.088,9.6973,-4.1118,-0.20507,10.883,0.038191,0.038221,1.5891,-0.0165,-659.72
28.128,9.7511,-3.6718,-0.020491,11.045,0.050585,0.050636,1.5719,-0.0579,-190.75
28.168,9.7756,-3.2045,0.18787,11.267,0.07557,0.075675,1.5531,-0.0949,-118.74
28.208,9.7478,-2.7818,0.10043,11.169,0.05868,0.058653,1.5626,-0.0666,-167.7
28.248,9.6885,-2.3299,-0.078606,11.158,0.031294,0.031286,1.5783,-0.0265,-421.06
28.288,9.6854,-1.8904,-0.051803,11.179,0.031494,0.031486,1.5759,-0.0308,-362.96
28.328,9.6518,-1.4809,-0.14089,11.103,0.019098,0.019095,1.5838,-0.014,-793.12
28.368,9.5968,-1.2826,-0.42596,10.343,0.026595,0.026612,1.6115,0.0286,361.94
28.408,9.5842,-1.0174,-0.38219,10.044,0.039387,0.039427,1.6081,0.0174,577.68
28.448,9.5687,-0.72389,-0.34921,9.8156,0.046581,0.04664,1.6055,0.0098,1002.2
28.489,9.5731,-0.32194,-0.29711,9.8157,0.038689,0.038672,1.6018,0.0028,3507.2
28.528,9.5695,0.081612,-0.28946,9.8195,0.037889,0.037873,1.601,0.0019,5170.4
28.568,9.5302,0.12778,-0.31601,9.0727,0.064061,0.064098,1.6056,0.0035,2593.8
28.609,9.5333,0.26837,-0.23764,8.613,0.067053,0.067099,1.5984,-0.0095,-906.98
28.649,9.5254,0.29976,-0.22198,7.917,0.083314,0.083398,1.5988,-0.0109,-726.62
28.688,9.517,0.61487,-0.21598,7.8212,0.083212,0.083297,1.5984,-0.0109,-717.82
28.729,9.5323,1.0227,-0.19996,7.9087,0.06784,0.068029,1.5942,-0.0137,-577.46
******-------------------------------------------------------------------------------------------------------------------****** 
TargetID: ID07
Target can not be processed due to lack of Data
******-------------------------------------------------------------------------------------------------------------------****** 
TargetID: ID18
Relevancy: 0
tj = Inf
Label: -1
Comment: Target is irrelevant as it is not crossing the estimated holding line
DATA:
6.2419,5.6433,1.9917,0.15316,-16.517,0.0087999,0.0087998,-1.5616,0.0517,319.49
6.2818,5.7014,1.2444,0.16786,-16.635,0.0094997,0.0095006,-1.5608,0.0403,412.8
6.322,5.646,-0.017955,-2.1273,-40.094,0.010704,0.010705,-1.5597,0.030312,1324.6
6.3619,5.5945,-1.4791,0.33363,-27.184,0.0119,0.011901,-1.5586,0.0204,1332.7
6.4018,5.6415,-3.5077,0.15665,-31.981,0.0047999,0.0047996,-1.5659,0.0016,19988
6.4418,5.5929,-4.659,0.07747,-31.498,0.0024003,0.0024002,-1.5683,0.0008,39372
6.482,5.544,-4.1564,0.14141,-23.931,0.0054997,0.0055004,-1.5649,0.0073,3278.3
6.5218,5.5586,-4.8073,0.45405,-22.856,0.0181,0.018099,-1.5509,0.0312,732.71
6.562,5.5683,-4.3408,0.12481,-17.516,0.0019997,0.0019997,-1.5637,0.0011,15924
6.6019,5.552,-5.0518,0.044462,-17.528,-0.00039995,-0.00039967,-1.5683,-0.0064,-2738.8
6.642,5.5059,-5.733,-0.004472,-17.531,-0.0017997,-0.0017999,-1.571,-0.01,-1753.1
6.6819,5.4834,-6.3129,-0.094925,-17.164,-0.0012998,-0.0013003,-1.5763,-0.0347,-494.65
6.722,5.6266,-6.9174,0.014363,-16.784,-0.0044,-0.0043999,-1.5699,-0.0223,-752.63
6.7619,5.643,-7.5416,0.076006,-16.295,-0.013601,-0.013599,-1.566,-0.0119,-1369.4
6.802,5.5873,-8.1448,0.052645,-16.104,-0.011301,-0.011299,-1.5675,-0.0144,-1118.3
6.842,5.5254,-8.8815,-0.24633,-16.415,0.018899,0.018902,-1.5859,-0.0531,-309.16
6.882,5.5431,-9.5279,-0.19963,-16.396,0.0128,0.012801,-1.583,-0.0438,-374.37
6.922,5.4365,-10.244,-0.50923,-16.582,0.020299,0.020303,-1.6016,-0.0718,-231.06
6.962,5.4032,-11.018,-0.75558,-16.88,0.0012998,0.0013003,-1.6155,-0.0961,-175.83
7.0021,5.5243,-11.645,-0.44472,-16.817,0.0018997,0.0018998,-1.5972,-0.0628,-267.87
7.042,5.4523,-12.331,-0.59423,-16.919,-0.0067002,-0.0067001,-1.6059,-0.0725,-233.51
7.082,5.4247,-13.008,-0.64431,-16.923,-0.0075002,-0.0074995,-1.6088,-0.0725,-233.59
7.1225,5.5569,-13.665,-0.17141,-17.061,-0.0126,-0.012599,-1.5808,-0.0194,-879.48
7.1621,5.6411,-14.29,0.019076,-16.976,-0.0054005,-0.0053998,-1.5696,-0.0048,-3536.6
7.2022,5.5258,-15,-0.22496,-17.133,-0.0144,-0.014399,-1.5838,-0.0247,-693.71
7.242,5.5307,-15.707,-0.22296,-17.217,-0.016501,-0.016498,-1.5837,-0.0232,-742.16
7.2821,5.5252,-16.397,-0.22576,-17.289,-0.017701,-0.017699,-1.5838,-0.0212,-815.59
7.3222,5.5088,-17.071,-0.22806,-17.321,-0.0168,-0.016799,-1.5839,-0.0204,-849.14
7.3621,5.4228,-17.794,-0.39078,-17.407,-0.026,-0.025997,-1.5931,-0.0294,-592.22
7.4021,5.4325,-18.476,-0.35443,-17.418,-0.0221,-0.022098,-1.591,-0.0258,-675.27
7.4422,5.3928,-19.173,-0.39262,-17.474,-0.025499,-0.025497,-1.5931,-0.026,-672.25
7.4821,5.3915,-19.854,-0.37207,-17.459,-0.021401,-0.021398,-1.592,-0.0237,-736.84
7.5222,5.4035,-20.528,-0.34236,-17.429,-0.017,-0.016999,-1.5903,-0.0215,-810.83
7.5621,5.3937,-21.229,-0.34312,-17.473,-0.0177,-0.017698,-1.5903,-0.0203,-860.92
7.6022,5.3886,-21.925,-0.33829,-17.489,-0.016299,-0.016299,-1.5901,-0.019,-920.66
7.6422,5.3506,-22.619,-0.376,-17.499,-0.0165,-0.016499,-1.5922,-0.0199,-879.54
7.6822,5.3517,-23.303,-0.35388,-17.497,-0.014,-0.013999,-1.5909,-0.0179,-977.68
7.7222,5.3313,-23.992,-0.35606,-17.495,-0.0126,-0.012599,-1.5911,-0.0171,-1023.3
7.7623,5.3439,-24.679,-0.32301,-17.484,-0.0099004,-0.0098996,-1.5892,-0.0148,-1181.6
7.8023,5.3076,-25.381,-0.36146,-17.48,-0.0092999,-0.0092994,-1.5914,-0.0158,-1106.6
7.8424,5.2636,-26.069,-0.40005,-17.483,-0.0092999,-0.0092994,-1.5936,-0.0169,-1034.7
7.8823,5.2938,-26.748,-0.34459,-17.462,-0.0064996,-0.0064996,-1.5905,-0.0138,-1265.6
7.9224,5.2656,-27.436,-0.37124,-17.45,-0.0058997,-0.0059001,-1.592,-0.0147,-1187.4
7.9623,5.223,-28.126,-0.41676,-17.43,-0.0051005,-0.0051001,-1.5947,-0.0163,-1069.6
8.0023,5.1936,-28.824,-0.44333,-17.427,-0.0047999,-0.0047996,-1.5962,-0.0169,-1031.5
8.0422,5.1864,-29.511,-0.44184,-17.413,-0.0038,-0.0038004,-1.5961,-0.0165,-1055.7
8.0824,5.1671,-30.207,-0.45473,-17.414,-0.0037,-0.0037005,-1.5969,-0.0166,-1049.4
8.1223,5.2008,-30.882,-0.40321,-17.389,-0.0023003,-0.0023002,-1.594,-0.0142,-1224.9
8.1624,5.173,-31.593,-0.42287,-17.411,-0.0030002,-0.0029997,-1.5951,-0.0143,-1217.9
8.2025,5.2034,-32.305,-0.36858,-17.434,-0.0031002,-0.0030996,-1.5919,-0.0113,-1543.2
8.2425,5.1559,-33.012,-0.41187,-17.438,-0.0030002,-0.0029997,-1.5944,-0.0125,-1395.4
8.2824,5.138,-33.736,-0.40975,-17.456,-0.0028002,-0.0027998,-1.5943,-0.0115,-1518.3
8.3224,5.0452,-34.461,-0.4981,-17.475,-0.0033002,-0.0032994,-1.5993,-0.0142,-1231.1
******-------------------------------------------------------------------------------------------------------------------****** 
TargetID: ID19
Target can not be processed due to lack of Data
******-------------------------------------------------------------------------------------------------------------------****** 
