******-------------------------------------------------------------------------------------------------------------------****** 
Duration of the scene is: 30.4404 seconds
Original Targets Numbers in the hole Scene: 19
Number of Targets in the hole Scene after preprocessing: 58
Number of static portions: 1
******-------------------------------------------------------------------------------------------------------------------****** 
TargetID: ID01
Target can not be processed due to lack of Data
******-------------------------------------------------------------------------------------------------------------------****** 
TargetID: ID21
Relevancy: 0
tj = Inf
Label: -1
Comment: Target is irrelevant as it is not crossing the estimated holding line
DATA:
13.52,17.401,-1.8416,NaN,NaN,NaN,NaN,1.5807,NaN,NaN
13.56,18.035,-1.7511,-0.10312,10.648,-0,0,1.5805,0,Inf
13.6,18.043,-1.3701,0.39866,8.571,-0.0049619,-0.0050464,1.61,0.20405,42.049
13.64,18.06,-1.0504,0.39071,7.5976,-0.0099205,-0.010089,1.6394,0.40797,18.648
13.68,18.067,-0.74756,-0.12649,7.726,-0.01488,-0.015133,1.6689,0.6119,12.628
13.72,18.043,-0.41775,-1.1522,8.9551,-0.019835,-0.020173,1.6983,0.8157,11.069
13.76,17.996,-0.20279,-1.3557,8.837,-0.021025,-0.021384,1.7225,0.8111,11.023
13.8,18.133,-0.12608,-1.6934,8.7662,-0.020039,-0.020355,1.7621,0.9132,9.7769
13.84,18.181,0.12865,-1.4385,8.2956,-0.013885,-0.01412,1.7421,0.6855,12.282
13.88,18.098,0.45565,-1.6675,8.2623,-0.015472,-0.015735,1.7695,0.6855,12.296
13.92,18.006,0.78108,-1.8959,8.2226,-0.017059,-0.01735,1.797,0.6855,12.31
13.96,17.905,1.1036,-2.1233,8.1767,-0.018645,-0.018965,1.8244,0.6855,12.324
14,17.795,1.4243,-2.3498,8.1244,-0.020331,-0.020682,1.8518,0.6855,12.338
14.04,17.676,1.7418,-2.575,8.0659,-0.022016,-0.022399,1.8792,0.6855,12.352
14.08,17.549,2.0567,-2.799,8.001,-0.023801,-0.024217,1.9067,0.6855,12.365
14.12,17.412,2.3681,-3.0213,7.93,-0.025685,-0.026136,1.9341,0.6855,12.379
14.16,17.268,2.6756,-3.2415,7.8528,-0.027567,-0.028056,1.9615,0.6855,12.393
14.2,17.114,2.9803,-3.4602,7.7695,-0.029549,-0.030077,1.9889,0.6855,12.407
14.24,16.952,3.28,-3.6764,7.6801,-0.03163,-0.0322,2.0163,0.6855,12.421
14.28,16.782,3.5754,-3.8902,7.5848,-0.03381,-0.034425,2.0437,0.6855,12.435
14.32,16.604,3.867,-4.1018,7.4834,-0.036088,-0.03675,2.0711,0.6855,12.449
14.36,16.417,4.1544,-4.3112,7.3758,-0.038464,-0.039177,2.0986,0.6855,12.463
******-------------------------------------------------------------------------------------------------------------------****** 
TargetID: ID22
Target can not be processed due to lack of Data
******-------------------------------------------------------------------------------------------------------------------****** 
TargetID: ID23
Relevancy: 0
tj = Inf
Label: -1
Comment: Target is irrelevant as it is not crossing the estimated holding line
DATA:
25.641,7.4122,3.9342,5.6824,1.2944,1.1485,1.2053,0.1876,0.1103,52.837
25.685,7.6412,3.994,5.7644,1.3637,1.2665,1.3317,0.1937,0.1112,53.269
25.721,7.8781,4.042,5.8103,1.3961,1.2665,1.3305,0.1982,0.1112,53.738
25.761,8.1136,4.0918,5.856,1.4292,1.2661,1.3295,0.2026,0.1112,54.208
25.801,8.3364,4.2151,5.8652,1.5069,1.2259,1.2842,0.2171,0.1161,52.159
25.841,8.4791,4.418,5.6311,1.6502,1.1086,1.1327,0.2549,0.1451,40.44
25.881,8.7277,4.4842,5.7212,1.7316,1.2702,1.3002,0.2608,0.1454,41.111
25.921,8.9451,4.5705,5.8957,1.8452,1.3066,1.3668,0.271,0.1483,41.657
25.961,9.1209,4.7435,5.7341,1.9627,1.287,1.3186,0.2992,0.1675,36.183
26.001,9.3305,4.9059,5.8073,2.1661,1.5231,1.5615,0.324,0.1841,33.667
26.041,9.4916,5.1191,5.7581,2.3356,1.4406,1.4764,0.3566,0.2033,30.565
26.081,9.7126,5.2562,5.8328,2.4857,1.5995,1.6412,0.3732,0.2104,30.135
26.121,9.8793,5.3996,5.768,2.5577,1.3781,1.4156,0.3931,0.2187,28.851
26.161,10.085,5.5246,5.7566,2.6239,1.1603,1.2005,0.4078,0.2243,28.205
26.201,10.302,5.654,5.7612,2.7272,1.1742,1.2173,0.423,0.2304,27.665
26.241,10.495,5.8124,5.684,2.8099,1.1058,1.1439,0.4419,0.2374,26.709
26.281,10.691,5.9681,5.651,2.9061,1.0333,1.0723,0.4596,0.2435,26.096
26.321,10.841,6.1628,5.5227,2.9826,0.78595,0.81881,0.4839,0.2525,24.858
26.361,11.042,6.3183,5.5256,3.1048,0.8587,0.89847,0.5003,0.2575,24.614
26.401,11.287,6.4609,5.5812,3.226,0.9192,0.9689,0.5124,0.2599,24.804
26.441,11.506,6.5943,5.5899,3.3256,0.95805,1.0158,0.525,0.2634,24.694
26.481,11.689,6.7669,5.5325,3.4382,0.97705,1.0405,0.5449,0.2716,23.983
26.521,11.911,6.9106,5.5668,3.5551,1.0085,1.0842,0.5574,0.2746,24.054
26.561,12.119,7.085,5.5558,3.6855,1.0553,1.1441,0.5749,0.2804,23.777
26.601,12.322,7.2507,5.5468,3.8041,1.0818,1.1838,0.5907,0.2852,23.583
26.641,12.536,7.424,5.509,3.9012,1.009,1.115,0.6069,0.29,23.277
26.682,12.779,7.5859,5.5387,3.9951,1.1002,1.2272,0.6151,0.2855,23.92
26.721,12.989,7.7649,5.5422,4.1356,1.1248,1.2705,0.6317,0.2911,23.755
26.76,13.185,7.9373,5.5427,4.2601,1.2263,1.3987,0.6458,0.2933,23.835
26.801,13.377,8.1286,5.5192,4.3887,1.1771,1.3604,0.6633,0.2984,23.631
26.841,13.571,8.3206,5.4745,4.5019,1.1364,1.329,0.6805,0.3034,23.361
26.881,13.779,8.5119,5.4566,4.6306,1.1121,1.3184,0.6966,0.3083,23.213
26.921,13.977,8.7072,5.4112,4.7393,1.0695,1.2844,0.7129,0.3127,23.003
26.961,14.186,8.8976,5.3678,4.822,0.98599,1.2007,0.7262,0.3134,23.023
27.001,14.351,9.124,5.2981,4.9703,1.0082,1.2452,0.7482,0.3222,22.547
27.041,14.558,9.3381,5.2777,5.1132,1.0668,1.3367,0.7644,0.3262,22.527
27.081,14.72,9.5866,5.2082,5.2592,1.1306,1.437,0.7854,0.3315,22.328
27.121,14.892,9.8295,5.1412,5.4143,1.0867,1.4045,0.8072,0.3391,22.018
******-------------------------------------------------------------------------------------------------------------------****** 
TargetID: ID02
Target can not be processed due to lack of Data
******-------------------------------------------------------------------------------------------------------------------****** 
TargetID: ID24
Relevancy: 0
tj = Inf
Label: -1
Comment: Target is irrelevant as it is not crossing the estimated holding line
DATA:
25.961,14.876,-23.519,NaN,NaN,NaN,NaN,1.5553,NaN,NaN
26.001,14.835,-23.357,NaN,NaN,NaN,NaN,1.566,NaN,NaN
26.041,14.978,-23.08,NaN,NaN,NaN,NaN,1.5317,NaN,NaN
26.081,14.986,-22.833,NaN,NaN,NaN,NaN,1.5317,NaN,NaN
26.121,14.998,-22.585,NaN,NaN,NaN,NaN,1.5318,NaN,NaN
26.161,15.009,-22.337,NaN,NaN,NaN,NaN,1.5318,NaN,NaN
26.201,15.453,-22.076,NaN,NaN,NaN,NaN,1.4124,NaN,NaN
26.241,15.352,-21.89,NaN,NaN,NaN,NaN,1.4467,NaN,NaN
26.281,15.23,-21.699,NaN,NaN,NaN,NaN,1.4881,NaN,NaN
26.321,15.335,-21.506,NaN,NaN,NaN,NaN,1.4652,NaN,NaN
26.361,15.172,-21.357,NaN,NaN,NaN,NaN,1.5206,NaN,NaN
26.401,15.117,-21.174,NaN,NaN,NaN,NaN,1.5453,NaN,NaN
26.441,15.123,-20.954,NaN,NaN,NaN,NaN,1.5454,NaN,NaN
26.481,15.128,-20.734,NaN,NaN,NaN,NaN,1.5455,NaN,NaN
26.521,15.13,-20.515,NaN,NaN,NaN,NaN,1.5455,NaN,NaN
26.561,15.147,-20.294,NaN,NaN,NaN,NaN,1.5456,NaN,NaN
26.601,15.276,-20.136,NaN,NaN,NaN,NaN,1.4994,NaN,NaN
26.641,15.311,-19.967,NaN,NaN,NaN,NaN,1.4912,NaN,NaN
26.682,15.998,-19.82,0.63245,5.1851,-0,0,1.4494,0,Inf
26.721,16.34,-20.442,0.34103,5.0351,-0.035193,-0.039654,1.5043,-0.0143,-352.91
26.76,16.354,-20.244,0.34331,5.0219,-0.035809,-0.040806,1.5037,-0.0143,-352
26.801,16.37,-20.045,0.34488,5.0088,-0.036494,-0.042084,1.5032,-0.0143,-351.09
26.841,16.283,-19.85,0.21095,4.7354,-0.13554,-0.1573,1.5313,-0.0582,-81.445
26.881,16.141,-19.703,-0.058397,4.4848,-0.12733,-0.14944,1.5895,-0.0206,-217.73
26.921,16.137,-19.529,-0.05175,4.4157,-0.13366,-0.15886,1.5886,-0.0206,-214.37
26.961,16.141,-19.357,-0.045385,4.3466,-0.14036,-0.16905,1.5879,-0.0206,-211.01
27.001,16.072,-19.191,-0.1537,4.1765,-0.13424,-0.16384,1.6147,0.0004,10448
27.041,16.086,-19.033,-0.13233,4.0637,-0.15853,-0.19583,1.6122,0.0031,1311.6
27.081,16.076,-18.858,-0.14959,3.9769,-0.15907,-0.19934,1.6177,0.0091,437.33
27.121,16.016,-18.682,-0.26655,3.8874,-0.11448,-0.14621,1.6465,0.0336,115.97
27.161,15.963,-18.516,-0.34415,3.8093,-0.090498,-0.11768,1.667,0.0498,76.803
27.201,15.928,-18.351,-0.40553,3.729,-0.075629,-0.10009,1.6845,0.0647,57.975
27.241,15.902,-18.199,-0.41918,3.6605,-0.080863,-0.10868,1.6908,0.0664,55.488
27.281,15.858,-18.041,-0.49439,3.5807,-0.059929,-0.082032,1.7128,0.0855,42.277
27.321,15.834,-17.911,-0.48831,3.5132,-0.072561,-0.10076,1.7149,0.0817,43.415
27.361,15.802,-17.761,-0.52065,3.4375,-0.068746,-0.097063,1.7271,0.091,38.206
27.401,15.789,-17.625,-0.50809,3.3657,-0.0823,-0.11787,1.7282,0.0882,38.592
27.441,15.77,-17.49,-0.50539,3.3013,-0.091257,-0.13274,1.7314,0.0863,38.699
27.481,15.765,-17.36,-0.46144,3.2377,-0.11613,-0.17116,1.7239,0.0744,43.958
27.521,15.734,-17.24,-0.48644,3.1457,-0.1111,-0.16671,1.7361,0.0852,37.36
27.561,15.659,-17.114,-0.61661,3.0509,-0.062799,-0.0968,1.7776,0.1227,25.368
27.601,15.605,-16.985,-0.7161,2.9667,-0.029044,-0.046102,1.8113,0.1491,20.469
27.641,15.485,-16.819,-0.95765,2.8868,0.045934,0.075762,1.8848,0.2094,14.525
27.681,15.493,-16.731,-0.84479,2.8316,0.0010193,0.0016978,1.8606,0.1798,16.435
27.721,15.504,-16.66,-0.70073,2.7702,-0.057156,-0.095966,1.8271,0.144,19.844
27.761,15.513,-16.593,-0.58064,2.6991,-0.10717,-0.18192,1.7994,0.116,23.801
27.801,15.469,-16.496,-0.60957,2.6067,-0.091571,-0.16181,1.8162,0.1261,21.229
27.841,15.459,-16.417,-0.54114,2.5258,-0.11696,-0.21131,1.8031,0.1122,23.022
27.882,15.45,-16.32,-0.50962,2.4687,-0.12831,-0.23778,1.799,0.1046,24.099
27.921,15.412,-16.219,-0.536,2.4261,-0.11801,-0.22517,1.8121,0.1109,22.404
27.961,15.386,-16.113,-0.56244,2.3887,-0.10935,-0.21494,1.8253,0.1165,21.065
28.001,15.389,-16.04,-0.47298,2.3121,-0.1395,-0.2807,1.8041,0.0973,24.255
28.041,15.328,-15.957,-0.58352,2.2467,-0.095345,-0.20296,1.8488,0.1274,18.22
28.083,15.349,-15.904,-0.41519,2.2063,-0.15395,-0.32791,1.7956,0.0848,26.474
28.121,15.314,-15.822,-0.45725,2.1259,-0.12744,-0.28929,1.8187,0.099,21.964
28.161,15.222,-15.736,-0.68061,2.1493,-0.066987,-0.15708,1.897,0.1507,14.96
28.201,15.229,-15.683,-0.55464,2.1249,-0.10471,-0.24686,1.857,0.1187,18.501
28.241,15.172,-15.59,-0.62663,2.1077,-0.085649,-0.20958,1.8863,0.1353,16.252
28.283,15.147,-15.5,-0.64361,2.0787,-0.07428,-0.19312,1.8955,0.1377,15.803
******-------------------------------------------------------------------------------------------------------------------****** 
TargetID: ID25
Target can not be processed due to lack of Data
******-------------------------------------------------------------------------------------------------------------------****** 
TargetID: ID26
Target can not be processed due to lack of Data
******-------------------------------------------------------------------------------------------------------------------****** 
TargetID: ID27
Target can not be processed due to lack of Data
******-------------------------------------------------------------------------------------------------------------------****** 
TargetID: ID28
Target can not be processed due to lack of Data
******-------------------------------------------------------------------------------------------------------------------****** 
TargetID: ID29
Target can not be processed due to lack of Data
******-------------------------------------------------------------------------------------------------------------------****** 
TargetID: ID30
Target can not be processed due to lack of Data
******-------------------------------------------------------------------------------------------------------------------****** 
TargetID: ID32
Target can not be processed due to lack of Data
******-------------------------------------------------------------------------------------------------------------------****** 
TargetID: ID33
Relevancy: 0
tj = Inf
Label: -1
Comment: Target is irrelevant as it is not crossing the estimated holding line
DATA:
29.601,-5.7068,-0.37099,4.9725,1.6173,0.1218,-0.55112,0.2374,0.6241,8.3783
29.641,-5.478,-0.24253,4.9864,1.6538,0.097454,-0.43722,0.2598,0.6178,8.5036
29.681,-5.2396,-0.12186,4.9753,1.7441,0.088031,-0.37742,0.2853,0.6182,8.5283
29.721,-5.0487,0.015203,4.9783,1.9541,0.088746,-0.35463,0.3266,0.6366,8.401
29.761,-4.8963,0.12009,4.7744,2.072,0.12947,-0.45234,0.3448,0.6284,8.2824
29.801,-4.6666,-0.16392,4.3306,2.876,0.12926,-0.4335,0.5256,0.8269,6.2868
29.841,-4.4989,0.049302,4.3666,2.9829,0.12,-0.38228,0.5475,0.8116,6.5158
29.881,-4.3372,0.21864,4.2992,3.0636,0.13417,-0.39816,0.5646,0.7947,6.6429
29.921,-4.1784,0.37702,4.1385,3.2633,0.20176,-0.53089,0.5934,0.7931,6.6452
29.961,-4.0319,0.48244,3.9808,3.4818,0.074992,-0.21704,0.69,0.8638,6.1225
30.001,-4.2098,0.65859,3.4175,3.1867,0.60211,-1.0517,0.5377,0.6761,6.9113
30.04,-4.0342,0.79126,3.7825,3.6631,0.87868,-1.3479,0.5463,0.6598,7.9805
30.081,-3.8232,0.90608,3.8145,3.5431,0.79092,-1.2222,0.5432,0.6319,8.2389
30.121,-3.6418,1.0417,3.6985,3.6351,0.899,-1.2831,0.5531,0.6186,8.3832
30.161,-3.5023,1.177,3.5596,3.7144,0.93291,-1.2692,0.5778,0.6186,8.3166
30.2,-3.3522,1.2747,3.401,3.8444,1.2175,-1.4368,0.569,0.5902,8.6968
30.243,-3.187,1.4171,3.3029,3.8795,1.2683,-1.4238,0.5801,0.5796,8.7906
30.28,-3.0363,1.5009,3.2422,3.8478,1.3734,-1.4384,0.5655,0.5481,9.1801
30.32,-2.9082,1.6247,3.0958,3.9105,1.4213,-1.4128,0.5874,0.5481,9.0997
30.36,-2.7832,1.7525,2.9476,3.9697,1.4695,-1.3856,0.6094,0.5481,9.021
30.4,-2.662,1.8878,2.7983,4.0251,1.5182,-1.357,0.6313,0.5481,8.9441
******-------------------------------------------------------------------------------------------------------------------****** 
TargetID: ID04
Target can not be processed due to lack of Data
******-------------------------------------------------------------------------------------------------------------------****** 
TargetID: ID35
Target can not be processed due to lack of Data
******-------------------------------------------------------------------------------------------------------------------****** 
TargetID: ID36
Target can not be processed due to lack of Data
******-------------------------------------------------------------------------------------------------------------------****** 
TargetID: ID37
Target can not be processed due to lack of Data
******-------------------------------------------------------------------------------------------------------------------****** 
TargetID: ID38
Relevancy: 0
tj = Inf
Label: -1
Comment: Target is irrelevant as it is not crossing the estimated holding line
DATA:
27.201,7.1811,3.4271,6.7753,2.1367,0.53566,0.71616,0.3182,0.1966,36.136
27.241,7.2667,3.5331,6.7606,2.1453,0.74007,0.97828,0.3274,0.1934,36.674
27.281,7.6166,3.7099,7.028,2.2606,1.165,1.5482,0.3401,0.1943,37.996
27.321,7.8276,3.8618,6.9529,2.3124,1.0462,1.417,0.3478,0.1909,38.383
27.361,7.9152,3.964,7.0305,2.3603,1.133,1.5533,0.3559,0.1879,39.469
27.401,8.1741,4.1391,7.0151,2.434,1.0389,1.4522,0.3637,0.1843,40.29
27.441,8.4559,4.2502,7.0444,2.5064,1.0267,1.4609,0.3712,0.1843,40.57
27.481,8.7388,4.3638,7.0734,2.5782,1.0144,1.4694,0.3785,0.1843,40.85
27.521,9.0223,4.4801,7.1015,2.6508,1.0017,1.4785,0.3859,0.1843,41.129
27.561,9.3061,4.5989,7.1287,2.7245,0.98828,1.4878,0.3934,0.1843,41.408
27.601,9.5937,4.7206,7.1555,2.7975,0.97461,1.4973,0.4007,0.1843,41.687
27.641,9.8257,4.9245,5.1263,6.35,0.99803,1.6013,0.41519,0.1861,43.853
27.681,10.055,5.1423,7.0279,3.4819,1.0215,1.7054,0.4297,0.1879,41.741
27.721,10.312,5.2886,5.8472,3.8235,0.97555,1.6601,0.45088,0.19782,35.316
27.761,10.528,5.4476,4.9898,4.0998,0.92955,1.6147,0.47209,0.20776,31.084
27.801,10.716,5.6164,4.458,4.3101,0.88353,1.5692,0.49332,0.2177,28.484
27.841,10.889,5.7913,4.2523,4.4537,0.83778,1.524,0.51442,0.22758,27.057
27.882,11.066,5.9772,4.3793,4.5336,0.79034,1.4772,0.53629,0.23783,26.503
27.921,11.243,6.153,4.8117,4.5447,0.74594,1.4334,0.55677,0.24742,26.751
27.961,11.45,6.3341,5.5791,4.4914,0.69998,1.388,0.57796,0.25735,27.831
28.001,11.694,6.5121,6.6739,4.372,0.65393,1.3425,0.5992,0.2673,29.848
28.041,11.954,6.686,6.372,4.3542,0.62974,1.32,0.61408,0.26972,28.614
28.083,12.213,6.8667,6.079,4.3464,0.60453,1.2965,0.62958,0.27223,27.451
28.121,12.442,7.0339,5.8276,4.3489,0.5812,1.2748,0.64392,0.27456,26.484
28.161,12.67,7.208,5.5863,4.3615,0.55693,1.2522,0.65885,0.27699,25.587
28.201,12.889,7.3833,5.3649,4.3842,0.5326,1.2296,0.67381,0.27942,24.796
28.241,13.099,7.559,5.1648,4.417,0.50837,1.207,0.68871,0.28184,24.113
28.283,13.31,7.7429,4.9789,4.4616,0.48322,1.1836,0.70417,0.28435,23.511
28.322,13.502,7.9189,4.8232,4.5138,0.45943,1.1614,0.7188,0.28673,23.039
28.361,13.689,8.0976,4.6868,4.576,0.43556,1.1392,0.73348,0.28911,22.657
28.401,13.874,8.2826,4.5682,4.6495,0.41122,1.1165,0.74845,0.29154,22.358
28.441,14.055,8.4698,4.4707,4.7327,0.38701,1.094,0.76334,0.29396,22.148
28.481,14.232,8.661,4.3934,4.8263,0.36272,1.0714,0.77827,0.29638,22.02
28.521,14.406,8.8559,4.3367,4.9298,0.33847,1.0488,0.79318,0.29881,21.974
28.561,14.579,9.0555,4.3004,5.0437,0.31418,1.0262,0.80812,0.30123,22.003
28.601,14.751,9.2597,4.2847,5.1675,0.28992,1.0036,0.82304,0.30365,22.107
28.641,14.922,9.469,4.2895,5.3014,0.26565,0.98099,0.83796,0.30608,22.28
28.68,15.091,9.6804,4.3143,5.4432,0.24177,0.95876,0.85265,0.30846,22.517
28.721,15.267,9.9047,4.3607,5.5998,0.2171,0.93579,0.86782,0.31093,22.827
28.761,15.443,10.132,4.427,5.7642,0.19282,0.91318,0.88275,0.31335,23.195
28.801,15.624,10.368,4.5148,5.9403,0.16833,0.89038,0.89781,0.3158,23.627
28.841,15.805,10.607,4.6213,6.1233,0.14427,0.86798,0.9126,0.3182,24.109
28.882,15.979,10.847,4.5583,6.2029,0.13115,0.87077,0.9253,0.3182,24.191
28.921,16.183,11.169,4.5677,6.59,0.2175,1.6466,0.9444,0.3278,24.461
28.961,16.397,11.444,4.5629,6.749,0.21041,1.8109,0.9545,0.3255,25.028
29.001,16.606,11.768,4.566,7.0679,0.23163,2.3363,0.9708,0.3308,25.437
29.041,16.781,12.041,4.511,7.1856,0.19615,2.3412,0.9841,0.3308,25.648
29.081,16.967,12.328,4.4544,7.3027,0.16057,2.3456,0.9973,0.3308,25.858
29.121,17.13,12.708,4.4497,7.5954,0.14014,2.6758,1.0131,0.3292,26.74
29.161,17.331,13.011,4.4241,7.7444,0.1006,2.7363,1.0239,0.3273,27.25
29.201,17.62,13.392,4.5247,8.0643,0.063226,3.1629,1.0289,0.3204,28.86
29.241,17.925,13.737,4.6408,8.3234,0.01064,3.4629,1.0298,0.3109,30.652
29.281,18.183,14.101,4.6857,8.5264,-0.048045,3.5816,1.0356,0.3039,32.014
29.321,18.404,14.44,4.6865,8.6485,-0.10372,3.4995,1.0425,0.2977,33.042
29.361,18.61,14.791,4.6468,8.7488,-0.1546,3.3604,1.0522,0.2941,33.683
29.401,18.835,15.136,4.6398,8.9058,-0.21678,3.4084,1.06,0.2907,34.544
29.441,18.999,15.465,4.5362,8.9342,-0.24983,3.1081,1.0729,0.2909,34.444
29.481,19.199,15.828,4.5011,9.0297,-0.29059,2.9621,1.0815,0.2866,35.204
29.521,19.374,16.174,4.4083,9.0814,-0.31897,2.7545,1.0937,0.2869,35.186
29.561,19.528,16.549,4.3036,9.1445,-0.33856,2.5323,1.1077,0.2872,35.19
29.601,19.661,16.921,4.1809,9.2066,-0.35249,2.3239,1.1231,0.2891,34.976
29.641,19.492,16.764,3.9674,9.0495,-0.30456,1.8862,1.1458,0.2975,33.213
******-------------------------------------------------------------------------------------------------------------------****** 
TargetID: ID06
Relevancy: 0
tj = Inf
Label: -1
Comment: Target is irrelevant as it is not crossing the estimated holding line
DATA:
19.52,12.001,-4.045,NaN,NaN,NaN,NaN,2.8289,NaN,NaN
19.56,12.591,-3.3168,-0.45264,6.6003,-0,0,1.6393,0,Inf
19.6,12.572,-3.0535,-0.45224,6.6003,-0,0,1.6392,0,Inf
19.64,12.554,-2.7903,-0.45194,6.6003,-0,0,1.6392,0,Inf
19.68,12.5,-2.5063,-0.46153,6.6149,-0.0013887,-0.0014116,1.6405,0.0093,713
19.72,12.481,-2.242,-0.46383,6.6153,-0.0013887,-0.0014116,1.6408,0.0093,713.07
19.76,12.544,-2.1623,-0.40402,6.3064,0.0098181,0.0099803,1.6348,-0.0693,-91.188
19.801,12.925,-3.6527,-0.63268,6.0551,0.058056,0.059282,1.6716,0.0172,353.95
19.84,12.911,-3.0279,-0.68354,5.8482,0.10642,0.10737,1.6946,0.0669,88.012
19.88,12.927,-2.9526,-0.84986,5.5401,0.15669,0.16221,1.7106,0.0864,64.871
19.92,12.897,-2.7499,-0.88179,5.4769,0.17077,0.17719,1.7166,0.0931,59.586
19.96,13.076,-2.469,-0.72425,5.3522,0.22579,0.22528,1.7246,0.1023,52.795
20.001,13.114,-2.5456,-1.0706,4.6154,0.43299,0.477,1.7489,0.1598,29.649
20.04,13.073,-2.3601,-1.0996,4.5054,0.45446,0.50498,1.7552,0.1598,29.021
20.08,13.031,-2.1784,-1.128,4.3946,0.4754,0.5332,1.7616,0.1598,28.392
20.12,12.972,-1.96,-0.88899,4.3855,0.4988,0.51751,1.7708,0.1642,27.252
20.16,13.046,-1.9301,-1.7272,2.8973,0.93407,1.4635,1.8471,0.3187,10.584
20.201,13.007,-1.8437,-0.81562,2.7488,1.1005,1.2436,1.8593,0.3192,8.9826
20.24,12.965,-1.8941,-2.5438,1.8897,1.2043,3.104,1.9001,0.375,8.4503
20.28,12.89,-1.5308,-0.80294,2.206,1.2196,1.4663,1.9199,0.3768,6.2304
20.321,12.835,-1.432,-0.74561,1.9562,1.1974,1.4941,1.935,0.3768,5.5558
20.36,12.794,-1.1903,-0.72591,1.8119,1.1989,1.5382,1.9519,0.3772,5.1747
20.4,12.742,-1.061,-2.5549,0.86979,0.43328,3.26,1.9648,0.3733,7.2297
20.44,12.69,-0.98019,-2.6958,0.47491,0.11084,3.7046,1.9797,0.3733,7.3327
20.48,12.639,-0.90555,-2.8618,0.041979,-0.34748,4.2701,1.9947,0.3733,7.667
20.521,12.591,-0.83947,-3.0603,-0.43898,-1.0011,5.0054,2.0096,0.3733,8.2818
20.561,12.545,-0.7812,-3.3039,-0.9844,-1.9473,5.9916,2.0245,0.3733,9.2351
20.6,12.444,-0.61582,-3.5005,0.30971,0.03911,5.6004,2.0266,0.3562,9.8658
******-------------------------------------------------------------------------------------------------------------------****** 
TargetID: ID40
Target can not be processed due to lack of Data
******-------------------------------------------------------------------------------------------------------------------****** 
TargetID: ID07
Relevancy: 0
tj = Inf
Label: -1
Comment: Target is irrelevant as it is not crossing the estimated holding line
DATA:
28.601,2.4274,2.7924,6.0183,0.31438,-0.17872,-0.75547,0.0198,0.0327,184.3
28.641,2.672,2.8225,5.9444,0.39825,-0.18707,-0.86617,0.029,0.037,161.02
28.68,2.9369,2.8375,5.9162,0.41791,-0.17349,-0.86902,0.0322,0.038,156.08
28.721,3.1701,2.8339,5.882,0.42061,-0.15909,-0.86826,0.0326,0.0374,157.68
28.761,3.4213,2.8489,5.8537,0.44514,-0.14454,-0.86468,0.0369,0.0389,150.92
28.801,3.6643,2.9187,5.7618,0.58342,-0.14457,-0.99248,0.0551,0.0482,120.15
28.841,3.9083,2.9346,5.7379,0.58637,-0.12508,-0.95562,0.0573,0.0484,119.17
28.882,4.1479,2.9323,5.713,0.58751,-0.1086,-0.94348,0.0581,0.0477,120.4
28.921,4.3927,2.9473,5.6791,0.59615,-0.092938,-0.93716,0.06,0.0477,119.71
28.961,4.6276,2.9682,5.6189,0.63933,-0.07983,-0.99207,0.0651,0.0495,114.24
29.001,4.8817,3.0715,5.4747,0.84094,-0.065069,-1.2116,0.0911,0.0629,88.06
29.041,5.0958,3.1662,5.6809,1.1398,-0.038613,-1.3172,0.1374,0.0892,64.957
29.081,5.3198,3.2824,5.5936,1.4164,-0.014095,-1.3937,0.1836,0.1149,50.219
29.121,5.5346,3.2848,5.3122,1.29,-0.011028,-1.1982,0.1765,0.1083,50.477
29.161,5.753,3.3903,5.5232,1.5363,0.011986,-1.1724,0.2166,0.1297,44.201
29.201,5.9841,3.4463,5.4783,1.5574,0.030618,-1.1657,0.2218,0.1297,43.912
29.241,6.9374,3.7435,5.4571,1.5881,0.015441,-1.0986,0.2568,0.147,38.663
29.281,7.1575,3.8274,5.2116,1.5612,0.017952,-0.96531,0.2658,0.1485,36.635
29.321,7.3711,3.8783,5.1706,1.584,0.033922,-0.95887,0.2718,0.1485,36.416
29.361,7.603,3.9904,5.0601,1.6712,0.060265,-1.0884,0.2892,0.1548,34.425
29.401,7.8198,4.0541,4.9921,1.7046,0.084046,-1.1296,0.2974,0.1559,33.837
29.441,8.0456,4.1674,4.9154,1.827,0.10742,-1.1584,0.323,0.1675,31.307
29.481,8.2622,4.3506,5.1115,2.1393,0.13023,-1.105,0.3688,0.1905,29.087
29.521,8.4793,4.4404,4.8239,2.0897,0.13624,-1.0801,0.3788,0.1919,27.395
29.561,8.7093,4.6282,4.8976,2.2712,0.15458,-1.0395,0.4068,0.2023,26.686
29.601,8.9119,4.7121,4.8474,2.2972,0.17308,-1.0304,0.4149,0.2023,26.516
29.641,9.1158,4.7999,4.7972,2.3229,0.19136,-1.0207,0.423,0.2023,26.347
29.681,9.3356,4.9995,4.5641,2.4109,0.22773,-1.1169,0.4534,0.2145,24.064
29.721,9.5313,5.0904,4.508,2.4334,0.24769,-1.1055,0.462,0.2145,23.883
29.761,9.7275,5.3188,4.354,2.5879,0.30418,-1.2345,0.4986,0.2296,22.06
29.801,9.9374,5.4402,4.5241,2.7284,0.2608,-0.98436,0.5149,0.2338,22.597
29.841,10.185,5.6407,4.4807,2.8182,0.20262,-0.74324,0.5406,0.2421,21.864
29.881,10.403,5.8322,4.4752,2.9384,0.18282,-0.63197,0.5637,0.249,21.501
29.921,10.614,5.9969,4.4646,3.0242,0.16843,-0.54894,0.5805,0.2525,21.356
29.961,10.802,6.2752,4.2566,3.4019,0.22175,-0.67905,0.6567,0.294,18.534
30.001,10.987,6.4861,4.2334,3.54,0.17826,-0.52063,0.6835,0.3023,18.255
30.04,11.175,6.6629,4.2487,3.6617,0.14865,-0.40986,0.7014,0.3054,18.366
30.081,11.355,6.8491,4.2119,3.7509,0.11786,-0.31062,0.7201,0.3089,18.258
30.121,11.545,7.0417,4.1775,3.8408,0.090053,-0.22701,0.738,0.3118,18.2
30.161,11.724,7.2023,4.1049,3.908,0.083781,-0.20242,0.7559,0.3159,17.941
30.2,11.874,7.4076,4.0395,4.1263,0.042881,-0.099231,0.7937,0.3329,17.346
30.243,12.045,7.5716,3.9572,4.151,0.072216,-0.15981,0.8055,0.3321,17.269
30.28,12.207,7.7043,3.9205,4.1726,0.074293,-0.15719,0.8127,0.3286,17.424
30.32,12.363,7.8256,3.8542,4.1796,0.098767,-0.20018,0.8209,0.3261,17.435
30.36,12.518,8.0317,3.8518,4.2638,0.00051158,-0.0010091,0.8361,0.3264,17.604
30.4,12.677,8.1967,3.795,4.2972,0.0079837,-0.015133,0.847,0.3251,17.635
30.44,12.813,8.3869,3.6518,4.4197,0.13137,-0.23653,0.8743,0.337,17.013
******-------------------------------------------------------------------------------------------------------------------****** 
TargetID: ID08
Target can not be processed due to lack of Data
******-------------------------------------------------------------------------------------------------------------------****** 
TargetID: ID42
Target can not be processed due to lack of Data
******-------------------------------------------------------------------------------------------------------------------****** 
TargetID: ID44
Target can not be processed due to lack of Data
******-------------------------------------------------------------------------------------------------------------------****** 
TargetID: ID45
Target can not be processed due to lack of Data
******-------------------------------------------------------------------------------------------------------------------****** 
TargetID: ID47
Target can not be processed due to lack of Data
******-------------------------------------------------------------------------------------------------------------------****** 
TargetID: ID48
Target can not be processed due to lack of Data
******-------------------------------------------------------------------------------------------------------------------****** 
TargetID: ID10
Target can not be processed due to lack of Data
******-------------------------------------------------------------------------------------------------------------------****** 
TargetID: ID50
Target can not be processed due to lack of Data
******-------------------------------------------------------------------------------------------------------------------****** 
TargetID: ID51
Target can not be processed due to lack of Data
******-------------------------------------------------------------------------------------------------------------------****** 
TargetID: ID52
Target can not be processed due to lack of Data
******-------------------------------------------------------------------------------------------------------------------****** 
TargetID: ID53
Target can not be processed due to lack of Data
******-------------------------------------------------------------------------------------------------------------------****** 
TargetID: ID54
Target can not be processed due to lack of Data
******-------------------------------------------------------------------------------------------------------------------****** 
TargetID: ID57
Target can not be processed due to lack of Data
******-------------------------------------------------------------------------------------------------------------------****** 
TargetID: ID11
Target can not be processed due to lack of Data
******-------------------------------------------------------------------------------------------------------------------****** 
TargetID: ID58
Target can not be processed due to lack of Data
******-------------------------------------------------------------------------------------------------------------------****** 
TargetID: ID59
Target can not be processed due to lack of Data
******-------------------------------------------------------------------------------------------------------------------****** 
TargetID: ID12
Target can not be processed due to lack of Data
******-------------------------------------------------------------------------------------------------------------------****** 
TargetID: ID61
Target can not be processed due to lack of Data
******-------------------------------------------------------------------------------------------------------------------****** 
TargetID: ID63
Target can not be processed due to lack of Data
******-------------------------------------------------------------------------------------------------------------------****** 
TargetID: ID65
Target can not be processed due to lack of Data
******-------------------------------------------------------------------------------------------------------------------****** 
TargetID: ID13
Relevancy: 0
tj = Inf
Label: -1
Comment: Target is irrelevant as it is not crossing the estimated holding line
DATA:
21.64,11.838,-3.1292,NaN,NaN,NaN,NaN,2.9054,NaN,NaN
21.681,11.754,-3.3568,NaN,NaN,NaN,NaN,-2.5906,NaN,NaN
21.721,12.539,-1.8791,0.39009,10.613,-0,0,1.5341,0,Inf
21.761,12.442,-1.6028,0.045603,9.8136,0.0021816,0.002218,1.5661,0.1104,88.892
21.801,12.459,-1.2013,0.045603,9.8136,NaN,NaN,1.3784,NaN,NaN
21.841,12.475,-0.80018,0.045603,9.8136,NaN,NaN,1.1908,NaN,NaN
21.881,12.491,-0.39913,0.045603,9.8136,NaN,NaN,1.0032,NaN,NaN
21.921,12.508,0.0023916,0.045603,9.8136,NaN,NaN,0.81545,NaN,NaN
21.961,12.524,0.4039,0.045603,9.8136,NaN,NaN,0.62769,NaN,NaN
22.001,12.541,0.80502,0.045603,9.8136,NaN,NaN,0.44011,NaN,NaN
22.041,12.557,1.2063,0.045603,9.8136,NaN,NaN,0.25244,NaN,NaN
22.081,12.574,1.6078,0.045603,9.8136,NaN,NaN,0.064688,NaN,NaN
22.121,12.59,2.0088,0.045603,9.8136,NaN,NaN,-0.12282,NaN,NaN
22.161,12.607,2.4116,0.045603,9.8136,NaN,NaN,-0.31119,NaN,NaN
22.201,12.623,2.8119,0.045603,9.8136,NaN,NaN,-0.49837,NaN,NaN
22.241,12.64,3.2135,0.045603,9.8136,NaN,NaN,-0.68618,NaN,NaN
22.281,12.656,3.6148,0.045603,9.8136,NaN,NaN,-0.87386,NaN,NaN
22.321,12.672,4.0161,0.045603,9.8136,NaN,NaN,-1.0615,NaN,NaN
22.361,12.689,4.417,0.045603,9.8136,NaN,NaN,-1.249,NaN,NaN
22.401,12.705,4.8186,0.045603,9.8136,NaN,NaN,-1.4368,NaN,NaN
22.441,12.722,5.2193,0.045603,9.8136,NaN,NaN,-1.6242,NaN,NaN
22.481,12.738,5.6213,0.045603,9.8136,NaN,NaN,-1.8122,NaN,NaN
22.521,12.755,6.0228,0.045603,9.8136,NaN,NaN,-1.9999,NaN,NaN
22.561,12.771,6.4241,0.045603,9.8136,NaN,NaN,-2.1876,NaN,NaN
22.601,12.788,6.8251,0.045603,9.8136,NaN,NaN,-2.3751,NaN,NaN
22.641,12.804,7.2264,NaN,NaN,NaN,NaN,-2.5628,NaN,NaN
22.681,12.277,7.7928,NaN,NaN,NaN,NaN,2.6744,NaN,NaN
22.721,12.148,7.7888,NaN,NaN,NaN,NaN,2.707,NaN,NaN
22.761,11.908,7.9005,NaN,NaN,NaN,NaN,2.7071,NaN,NaN
22.801,11.672,8.0118,NaN,NaN,NaN,NaN,2.7071,NaN,NaN
22.841,11.432,8.1218,NaN,NaN,NaN,NaN,2.707,NaN,NaN
22.881,11.194,8.234,NaN,NaN,NaN,NaN,2.707,NaN,NaN
22.921,10.957,8.3454,NaN,NaN,NaN,NaN,2.7071,NaN,NaN
22.961,10.724,8.4559,NaN,NaN,NaN,NaN,2.707,NaN,NaN
23.001,10.484,8.5682,NaN,NaN,NaN,NaN,2.7071,NaN,NaN
23.041,10.25,8.6785,NaN,NaN,NaN,NaN,2.707,NaN,NaN
23.081,10.009,8.7898,NaN,NaN,NaN,NaN,2.707,NaN,NaN
23.121,9.7713,8.901,NaN,NaN,NaN,NaN,2.707,NaN,NaN
23.161,9.5343,9.0128,NaN,NaN,NaN,NaN,2.7071,NaN,NaN
23.201,9.2964,9.1231,NaN,NaN,NaN,NaN,2.707,NaN,NaN
23.241,9.0553,9.2351,NaN,NaN,NaN,NaN,2.7071,NaN,NaN
******-------------------------------------------------------------------------------------------------------------------****** 
TargetID: ID68
Target can not be processed due to lack of Data
******-------------------------------------------------------------------------------------------------------------------****** 
TargetID: ID14
Target can not be processed due to lack of Data
******-------------------------------------------------------------------------------------------------------------------****** 
TargetID: ID70
Target can not be processed due to lack of Data
******-------------------------------------------------------------------------------------------------------------------****** 
TargetID: ID71
Target can not be processed due to lack of Data
******-------------------------------------------------------------------------------------------------------------------****** 
TargetID: ID72
Target can not be processed due to lack of Data
******-------------------------------------------------------------------------------------------------------------------****** 
TargetID: ID73
Target can not be processed due to lack of Data
******-------------------------------------------------------------------------------------------------------------------****** 
TargetID: ID15
Target can not be processed due to lack of Data
******-------------------------------------------------------------------------------------------------------------------****** 
TargetID: ID74
Target can not be processed due to lack of Data
******-------------------------------------------------------------------------------------------------------------------****** 
TargetID: ID75
Target can not be processed due to lack of Data
******-------------------------------------------------------------------------------------------------------------------****** 
TargetID: ID17
Target can not be processed due to lack of Data
******-------------------------------------------------------------------------------------------------------------------****** 
TargetID: ID77
Target can not be processed due to lack of Data
******-------------------------------------------------------------------------------------------------------------------****** 
TargetID: ID79
Target can not be processed due to lack of Data
******-------------------------------------------------------------------------------------------------------------------****** 
TargetID: ID80
Target can not be processed due to lack of Data
******-------------------------------------------------------------------------------------------------------------------****** 
TargetID: ID81
Target can not be processed due to lack of Data
******-------------------------------------------------------------------------------------------------------------------****** 
TargetID: ID20
Relevancy: 0
tj = Inf
Label: -1
Comment: Target is irrelevant as it is not crossing the estimated holding line
DATA:
26.881,12.584,-44.087,NaN,NaN,NaN,NaN,0.7775,NaN,NaN
26.921,13.01,-43.672,NaN,NaN,NaN,NaN,0.7775,NaN,NaN
26.961,12.426,-43.387,NaN,NaN,NaN,NaN,0.9173,NaN,NaN
27.001,12.737,-42.981,NaN,NaN,NaN,NaN,0.9173,NaN,NaN
27.041,13.059,-42.574,NaN,NaN,NaN,NaN,0.9173,NaN,NaN
27.081,12.25,-42.032,NaN,NaN,NaN,NaN,1.2191,NaN,NaN
27.121,12.408,-41.632,NaN,NaN,NaN,NaN,1.2192,NaN,NaN
27.161,12.363,-41.175,NaN,NaN,NaN,NaN,1.2888,NaN,NaN
27.201,12.102,-40.762,NaN,NaN,NaN,NaN,1.4092,NaN,NaN
27.241,11.941,-40.334,NaN,NaN,NaN,NaN,1.4902,NaN,NaN
27.281,11.983,-39.899,NaN,NaN,NaN,NaN,1.5112,NaN,NaN
27.321,11.828,-39.49,NaN,NaN,NaN,NaN,1.5717,NaN,NaN
27.361,11.364,-39.098,NaN,NaN,NaN,NaN,1.6922,NaN,NaN
27.401,11.371,-38.672,NaN,NaN,NaN,NaN,1.6955,NaN,NaN
27.441,11.249,-38.276,NaN,NaN,NaN,NaN,1.7208,NaN,NaN
27.481,NaN,NaN,NaN,NaN,NaN,NaN,1.733,NaN,NaN
27.521,NaN,NaN,NaN,NaN,NaN,NaN,1.738,NaN,NaN
27.561,NaN,NaN,NaN,NaN,NaN,NaN,1.7527,NaN,NaN
27.601,11.572,-36.758,-1.5343,9.7705,-0,0,1.7266,0,Inf
27.641,11.67,-36.392,-1.2983,9.6591,-0.030341,-0.04941,1.7044,0.0195,499.79
27.681,11.719,-36.022,-1.1491,9.5896,-0.050163,-0.08353,1.6901,0.0296,326.29
27.721,11.405,-36.239,-1.4371,9.4863,-0.083136,-0.14182,1.7219,0.0887,108.17
27.761,11.397,-35.847,-1.4861,9.4091,-0.13359,-0.23369,1.7287,0.1087,87.634
27.801,11.338,-35.477,-1.52,9.3614,-0.14428,-0.25926,1.7332,0.1087,87.249
27.841,11.381,-35.132,-1.4349,9.2636,-0.20553,-0.37874,1.7265,0.1211,77.408
27.882,11.251,-34.751,-1.6253,9.2018,-0.21584,-0.40954,1.7479,0.1362,68.607
27.921,11.074,-34.37,-1.9016,9.144,-0.21526,-0.42181,1.7758,0.1584,58.962
27.961,11.025,-34.01,-1.9114,9.0998,-0.22778,-0.4574,1.7804,0.1596,58.261
28.001,10.962,-33.654,-1.9282,9.039,-0.23742,-0.49135,1.7837,0.1545,59.821
28.041,10.791,-33.288,-2.1564,8.9874,-0.22367,-0.47889,1.8089,0.1746,52.935
28.083,10.543,-32.946,-2.4863,8.9406,-0.20324,-0.45159,1.8395,0.204,45.489
28.121,10.632,-32.652,-1.9667,8.8363,-0.2395,-0.54463,1.7928,0.128,70.723
28.161,10.543,-32.304,-1.9785,8.7802,-0.24103,-0.56733,1.7955,0.1201,74.941
28.201,10.478,-31.954,-2.0309,8.6968,-0.24383,-0.59621,1.8002,0.1204,74.176
28.241,10.276,-31.58,-2.2557,8.7338,-0.21485,-0.54103,1.8265,0.139,64.895
28.283,10.998,-31.625,0.52225,7.5211,-0.82479,-2.1536,1.5098,-0.3279,-22.992
28.322,10.961,-31.286,0.49469,7.5514,-0.76888,-2.0738,1.5132,-0.3137,-24.124
28.361,11.039,-31.006,0.43268,7.4479,-0.67543,-1.9115,1.5199,-0.2755,-27.08
28.401,10.954,-30.655,0.1188,7.6268,-0.52066,-1.5346,1.5612,-0.2084,-36.601
28.441,11.129,-30.441,0.23425,7.2641,-0.64142,-1.9827,1.5312,-0.2237,-32.489
28.481,11.145,-30.158,0.29502,7.1422,-0.63967,-2.0695,1.5223,-0.2237,-31.955
28.521,11.172,-29.879,0.35336,7.0202,-0.63477,-2.1571,1.5134,-0.2237,-31.422
28.561,11.301,-29.639,0.59485,6.8171,-0.66139,-2.3656,1.4838,-0.2466,-27.749
28.601,11.331,-29.375,0.65012,6.6908,-0.64961,-2.4589,1.4739,-0.2466,-27.26
28.641,11.415,-29.124,0.79641,6.6413,-0.57752,-2.3214,1.4562,-0.2494,-26.82
28.68,11.466,-28.859,0.84464,6.5269,-0.56061,-2.4047,1.4462,-0.2494,-26.389
28.721,11.501,-28.609,0.88994,6.4128,-0.54081,-2.4869,1.4362,-0.2494,-25.959
28.761,11.547,-28.36,0.93259,6.299,-0.51812,-2.5677,1.4262,-0.2494,-25.532
28.801,11.591,-28.116,0.97246,6.1855,-0.49277,-2.6468,1.4162,-0.2494,-25.106
28.841,11.646,-27.873,1.0095,6.0724,-0.46451,-2.724,1.4063,-0.2494,-24.682
28.882,11.855,-27.55,1.0425,6.5209,-0.23032,-1.4867,1.4123,-0.2172,-30.404
28.921,11.912,-27.292,1.0896,6.4542,-0.21249,-1.5235,1.4036,-0.2172,-30.136
28.961,11.959,-27.043,1.1359,6.3873,-0.1936,-1.5591,1.3948,-0.2172,-29.869
29.001,12.007,-26.681,1.2433,6.553,-0.12557,-1.154,1.3819,-0.2223,-30.004
******-------------------------------------------------------------------------------------------------------------------****** 
