******-------------------------------------------------------------------------------------------------------------------****** 
Duration of the scene is: 39.8916 seconds
Original Targets Numbers in the hole Scene: 12
Number of Targets in the hole Scene after preprocessing: 19
Number of static portions: 1
******-------------------------------------------------------------------------------------------------------------------****** 
TargetID: ID01
Target can not be processed due to lack of Data
******-------------------------------------------------------------------------------------------------------------------****** 
TargetID: ID20
Target can not be processed due to lack of Data
******-------------------------------------------------------------------------------------------------------------------****** 
TargetID: ID21
Relevancy: 0
tj = Inf
Label: -1
Comment: Target is irrelevant as it is not crossing the estimated holding line
DATA:
2.7606,7.5713,27.109,NaN,NaN,NaN,NaN,-1.3811,NaN,NaN
2.8007,7.6091,26.845,NaN,NaN,NaN,NaN,-1.3859,NaN,NaN
2.8407,7.6632,26.553,NaN,NaN,NaN,NaN,-1.3858,NaN,NaN
2.8808,7.6529,26.285,NaN,NaN,NaN,NaN,-1.4029,NaN,NaN
2.9207,7.4913,26.031,NaN,NaN,NaN,NaN,-1.4421,NaN,NaN
2.9608,7.9689,25.922,0.7425,-6.9786,0,0,-1.4648,0,Inf
3.0007,7.8567,25.693,0.51924,-6.8637,0.028399,0.028398,-1.4952,0.0035,1966.7
3.0409,7.6904,25.502,0.24173,-6.6661,0.036199,0.036197,-1.5345,0.0196,340.33
3.0808,7.6663,25.23,0.21505,-6.656,0.035099,0.035097,-1.5384,0.016,416.22
3.1208,7.5422,25.019,0.033743,-6.534,0.074994,0.074987,-1.5655,0.0115,568.18
3.1608,7.6324,24.733,0.18095,-6.4965,0.08661,0.086582,-1.5427,0.0367,177.09
3.2008,7.6385,24.474,0.18996,-6.4758,0.10512,0.10507,-1.5412,0.0367,176.53
3.2409,7.4487,24.287,-0.13536,-6.3518,0.18736,0.18732,-1.5917,-0.0098,-648.29
3.2809,7.4439,24.033,-0.13799,-6.3346,0.20875,0.2087,-1.5921,-0.0098,-646.54
3.3209,7.4378,23.78,-0.14032,-6.3175,0.22993,0.22987,-1.5924,-0.0098,-644.81
3.3609,7.289,23.612,-0.40176,-6.0458,0.27891,0.27901,-1.6372,-0.0642,-94.378
3.4009,7.2021,23.389,-0.59428,-5.8812,0.29228,0.29221,-1.6708,-0.1149,-51.446
3.4409,7.1451,23.174,-0.74029,-5.7291,0.30907,0.309,-1.6985,-0.1541,-37.487
3.4809,7.137,22.938,-0.79676,-5.6308,0.31477,0.31458,-1.7105,-0.1742,-32.646
3.521,7.0046,22.761,-1.0148,-5.4343,0.37985,0.38003,-1.7554,-0.2222,-24.88
3.561,7.0261,22.513,-1.0208,-5.3631,0.372,0.37194,-1.7579,-0.2287,-23.872
3.6011,6.9668,22.308,-1.1153,-5.2386,0.40866,0.4086,-1.7795,-0.248,-21.597
3.6409,6.9738,22.077,-1.0673,-5.2143,0.38159,0.38116,-1.7716,-0.2296,-23.181
3.6812,6.9258,21.868,-1.1076,-5.1324,0.39397,0.39391,-1.7822,-0.2315,-22.68
3.7211,6.8935,21.656,-1.1063,-5.1003,0.37999,0.37956,-1.7833,-0.2202,-23.701
3.761,6.8474,21.45,-1.1272,-5.0368,0.38215,0.38233,-1.791,-0.2178,-23.698
3.801,6.7589,21.27,-1.2036,-4.9663,0.38932,0.38974,-1.8097,-0.2232,-22.895
3.841,6.5946,21.12,-1.3991,-4.828,0.43393,0.43438,-1.854,-0.2542,-19.774
3.881,6.5372,20.928,-1.4311,-4.7577,0.44893,0.4494,-1.8642,-0.2542,-19.545
3.921,6.5127,20.72,-1.4111,-4.736,0.41436,0.41395,-1.8592,-0.2391,-20.668
3.9611,6.5026,20.507,-1.3548,-4.7345,0.37766,0.37729,-1.8484,-0.2189,-22.497
4.001,6.5091,20.282,-1.2763,-4.7557,0.33575,0.33545,-1.832,-0.1954,-25.199
4.0411,6.3573,20.13,-1.4727,-4.6454,0.36731,0.36731,-1.8768,-0.2261,-21.553
4.0812,6.3203,19.93,-1.4506,-4.6364,0.3425,0.34263,-1.874,-0.2148,-22.617
4.1212,6.2619,19.745,-1.4766,-4.5804,0.35159,0.35173,-1.8826,-0.2148,-22.404
4.1611,6.2087,19.554,-1.4842,-4.561,0.33337,0.33362,-1.8863,-0.2099,-22.851
4.2011,6.1473,19.373,-1.5084,-4.5076,0.34157,0.34183,-1.8947,-0.2099,-22.645
4.2412,7.5032,11.319,1.3934,-6.1667,-0.25239,-0.25914,-1.3731,-0.0681,-92.836
4.2811,7.8232,10.314,-0.063856,-5.3073,0.012793,0.012774,-1.5808,-0.0681,-77.94
4.3212,7.7843,10.093,0.0059197,-5.3026,0.004499,0.0044962,-1.569,-0.0551,-96.237
4.3611,8.0842,10.368,0.56955,-5.4636,-0.11464,-0.11658,-1.4857,0.0903,60.833
4.4012,8.2348,10.298,0.69675,-5.5166,-0.098485,-0.09999,-1.4612,0.1182,47.042
4.4412,8.3592,10.26,0.71915,-5.192,-0.15911,-0.16371,-1.4627,0.153,34.259
4.4812,7.8031,8.3992,0.42518,-5.4464,-0.12804,-0.13042,-1.5142,0.153,35.706
4.5213,7.7764,8.3659,0.0076229,-5.0461,0.0025,0.0024989,-1.5688,0.0548,92.083
4.5613,7.822,8.216,0.1651,-5.0647,-0.040669,-0.040928,-1.546,0.1092,46.404
******-------------------------------------------------------------------------------------------------------------------****** 
TargetID: ID22
Relevancy: 1
tj = 8.7624
Label: 0
Comment: Target is relevant and going straight, since target is crossing Ego X-axis in EFC
DATA:
6.3617,8.1027,21.724,-0.60781,-6.3336,0.15073,0.14998,-1.6604,-0.0113,-563.07
6.4019,8.0728,21.467,-0.56037,-6.2992,0.15023,0.14968,-1.6534,0.0058,1090.4
6.4418,8.0267,21.199,-0.54045,-6.2636,0.17432,0.17462,-1.6569,0.0014,4490.6
6.4818,8.0002,20.916,-0.52256,-6.2309,0.17163,0.17089,-1.6473,0.0179,349.32
6.5217,8.1293,20.666,-0.57359,-6.1577,0.18005,0.17939,-1.656,0.0125,494.75
6.5618,8.091,20.44,-0.59592,-6.1104,0.20236,0.20091,-1.6593,0.0118,520.29
6.6018,8.0272,20.213,-0.6309,-6.0451,0.18491,0.18422,-1.6668,0.01,607.79
6.6419,8.02,19.959,-0.5472,-6.0311,0.16234,0.16177,-1.6541,0.0275,220.21
6.6819,8.0185,19.702,-0.36701,-6.0517,0.12672,0.12632,-1.6256,0.0742,81.709
6.7219,7.9562,19.489,-0.45814,-5.9693,0.13388,0.13345,-1.6412,0.0536,111.69
6.7619,7.9242,19.277,-0.46742,-5.9116,0.13118,0.13077,-1.6436,0.0517,114.7
6.8019,7.9156,19.048,-0.37681,-5.9063,0.11577,0.1152,-1.629,0.0726,81.519
6.8419,7.9047,18.832,-0.41481,-5.8472,0.11187,0.11155,-1.6362,0.0563,104.12
6.8819,7.8965,18.603,-0.33899,-5.8371,0.094931,0.094689,-1.6241,0.0725,80.647
6.9219,7.885,18.364,-0.27506,-5.8274,0.080279,0.080096,-1.6139,0.084,69.451
6.9619,7.8621,18.134,-0.28352,-5.7901,0.077785,0.077613,-1.6158,0.0782,74.131
7.0019,7.8437,17.897,-0.25482,-5.7761,0.069507,0.069367,-1.6113,0.0813,71.115
7.0421,7.8339,17.678,-0.32778,-5.7437,0.072099,0.071955,-1.6241,0.058,99.19
7.082,7.8485,17.413,-0.22762,-5.7908,0.054495,0.054354,-1.6073,0.0753,76.963
7.122,7.8594,17.174,-0.21921,-5.7668,0.05145,0.05137,-1.6061,0.073,79.054
7.162,7.8594,16.936,-0.17213,-5.7635,0.043165,0.043107,-1.5984,0.0788,73.173
7.202,7.871,16.701,-0.12996,-5.7614,0.038472,0.038425,-1.5913,0.0833,69.182
7.2421,7.7941,16.519,-0.33447,-5.6536,0.05969,0.059525,-1.6268,0.038,149.04
7.282,7.7723,16.13,-0.30097,-5.644,0.053244,0.053174,-1.6215,0.0427,132.37
7.322,7.8084,15.873,-0.1328,-5.7165,0.031681,0.031653,-1.5925,0.0721,79.307
7.362,7.838,15.62,-0.026819,-5.7663,0.021891,0.021877,-1.5744,0.0874,65.977
7.4021,7.8345,15.404,-0.045114,-5.7377,0.022391,0.022376,-1.5776,0.0801,71.634
7.4421,7.7917,15.161,-0.10017,-5.7125,0.025288,0.025269,-1.5871,0.067,85.274
7.4821,7.9349,14.948,-0.17872,-5.6756,0.029586,0.029558,-1.6008,0.0508,111.78
7.5221,7.9052,14.741,-0.29342,-5.5948,0.037679,0.037635,-1.6213,0.0297,188.64
7.5621,7.8827,14.505,-0.33026,-5.5803,0.037079,0.037038,-1.6281,0.0223,250.68
7.6021,7.849,14.28,-0.30379,-5.5899,0.031984,0.031953,-1.6235,0.026,215.31
7.6421,7.8235,14.058,-0.33733,-5.5617,0.032284,0.032252,-1.6298,0.0194,287.21
7.6822,7.7992,13.841,-0.25329,-5.6179,0.023692,0.023673,-1.6147,0.0326,172.5
7.7221,7.8058,13.623,-0.17649,-5.6429,0.018494,0.018483,-1.6011,0.0437,129.19
7.7622,7.7527,13.411,-0.25149,-5.5742,0.02599,0.025968,-1.6145,0.0313,178.27
7.8022,7.7536,13.19,-0.17631,-5.5972,0.019894,0.01988,-1.6012,0.0418,133.97
7.8422,7.7717,12.959,-0.16177,-5.5965,0.017995,0.017983,-1.5987,0.0427,131.12
7.8822,7.7614,12.746,-0.14702,-5.5894,0.016596,0.016585,-1.5962,0.0437,127.95
7.9222,7.767,12.504,-0.10075,-5.6009,0.013197,0.01319,-1.5881,0.0491,114.09
7.9622,7.7748,12.279,-0.056095,-5.6151,0.010198,0.010195,-1.5802,0.0541,103.8
8.0022,7.764,12.067,-0.044579,-5.5953,0.0096989,0.0096948,-1.5782,0.0543,103.05
8.0423,7.7542,11.83,-0.049401,-5.599,0.0097985,0.0097948,-1.5791,0.0521,107.47
8.0823,7.7736,11.599,-0.030527,-5.6156,0.0081994,0.0081963,-1.5758,0.0532,105.56
8.1223,7.7497,11.397,-0.056602,-5.5716,0.0099985,0.0099942,-1.5804,0.0485,114.89
8.1623,7.7553,11.167,-0.025235,-5.5705,0.0083987,0.0083963,-1.5749,0.0514,108.38
8.2023,7.7407,10.948,-0.0099018,-5.542,0.0075995,0.0075968,-1.5721,0.0522,106.17
8.2424,7.764,10.701,0.040924,-5.5511,0.0039994,0.0039988,-1.5632,0.0573,96.88
8.2823,7.7678,10.471,0.05078,-5.5461,0.0035005,0.0034994,-1.5614,0.057,97.304
8.3227,7.7774,10.248,0.05814,-5.5277,0.0032998,0.0032992,-1.5601,0.0566,97.668
8.3624,7.863,10.022,0.068661,-5.514,0.0026003,0.0025997,-1.5582,0.0566,97.429
8.4024,7.852,9.8013,0.086039,-5.4782,0.00079984,0.00080032,-1.555,0.0576,95.12
8.4424,7.8691,9.5611,0.14049,-5.4784,-0.0036,-0.0036008,-1.5454,0.0627,87.404
8.4824,7.8414,9.3373,0.088105,-5.4451,0.00059992,0.00059954,-1.5546,0.0551,98.836
8.5224,7.8537,9.1022,0.1102,-5.4594,0,0,-1.5506,0.0563,96.99
8.5624,7.8666,8.8852,0.11286,-5.4437,-0.00049955,-0.00050018,-1.5501,0.0555,98.107
8.6024,7.8761,8.6632,0.13266,-5.4527,-0.0017001,-0.0017,-1.5466,0.0567,96.195
8.6425,7.9548,8.4706,0.046914,-5.3788,0.0038997,0.0038988,-1.5618,0.0457,117.7
8.6824,7.923,8.2702,-0.0098199,-5.3364,0.0085987,0.0085957,-1.5721,0.0382,139.7
8.7225,7.8958,8.0509,-0.0061244,-5.3343,0.0079988,0.0079962,-1.5715,0.0379,140.75
8.7624,7.8829,7.8336,-0.01838,-5.3295,0.0084984,0.0084949,-1.5737,0.0357,149.29
8.8025,7.8649,7.5957,0.0016277,-5.3319,0.0069989,0.0069965,-1.5701,0.0373,142.95
8.8425,7.8428,7.4022,-0.031596,-5.2846,0.0091979,0.0091945,-1.5762,0.0329,160.63
8.8825,7.8385,7.1803,-0.025295,-5.2644,0.0085987,0.0085957,-1.5751,0.0331,159.05
8.9226,7.8319,6.9737,-0.016325,-5.2441,0.0076985,0.007696,-1.5734,0.0335,156.54
8.9625,7.822,6.7567,-0.0068957,-5.2224,0.0069989,0.0069965,-1.5717,0.0341,153.15
9.0025,7.8171,6.5354,0.014819,-5.2343,0.0053991,0.0053987,-1.5676,0.036,145.4
9.0426,7.8121,6.325,0.028637,-5.2386,0.0037994,0.0037994,-1.5651,0.0369,141.97
9.0825,7.8184,6.0912,0.060901,-5.243,0.0014994,0.0014999,-1.5591,0.0401,130.76
9.1226,7.8223,5.8528,0.0836,-5.2508,0,0,-1.5549,0.0421,124.74
9.1626,7.8236,5.6288,0.10423,-5.2607,-0.00099984,-0.0009997,-1.551,0.0436,120.68
9.2026,7.823,5.4071,0.1147,-5.2395,-0.0021,-0.0021002,-1.549,0.044,119.11
9.2427,7.8266,5.1863,0.13311,-5.2542,-0.0030009,-0.0030006,-1.5457,0.0452,116.28
9.2826,7.8039,5.035,0.10894,-5.1451,-0.0045009,-0.0045012,-1.5499,0.0421,122.24
9.3227,7.7856,4.8739,0.089781,-5.0576,-0.0051008,-0.0051022,-1.5534,0.0394,128.39
9.3626,7.7395,4.6802,0.095982,-5.0389,-0.0059006,-0.0059025,-1.5522,0.0394,127.92
9.4027,7.7437,4.4883,0.1055,-5.013,-0.0073017,-0.0073038,-1.5503,0.0399,125.67
9.4428,7.7413,4.3674,0.10369,-4.9687,-0.0080012,-0.0080048,-1.5505,0.0388,128.09
9.4826,7.7366,4.1915,0.094204,-4.9121,-0.0077009,-0.0077047,-1.5522,0.0368,133.5
9.5227,7.7254,3.9978,0.092647,-4.9059,-0.0075016,-0.0075046,-1.5525,0.036,136.3
9.5626,7.7255,3.8059,0.089965,-4.878,-0.0075016,-0.0075046,-1.5529,0.035,139.4
9.6027,7.7238,3.6227,0.091623,-4.8425,-0.0081015,-0.0081056,-1.5525,0.0345,140.39
9.6427,7.7264,3.41,0.099179,-4.8744,-0.0080012,-0.0080048,-1.5511,0.0346,140.91
9.6827,7.7258,3.1963,0.10356,-4.9092,-0.0072013,-0.0072045,-1.5503,0.0343,143.16
9.7228,7.7196,2.9697,0.10024,-4.9925,-0.0031006,-0.0030992,-1.5505,0.033,151.32
9.7628,7.721,2.7571,0.10428,-5.0083,-0.0030002,-0.0029998,-1.5498,0.0327,153.19
9.8028,7.7171,2.5365,0.105,-5.0569,-0.00079984,-0.00080032,-1.55,0.0317,159.56
9.8429,7.7439,2.2031,0.12914,-5.2058,9.9627e-05,0.00010002,-1.546,0.0344,151.38
9.8828,7.7385,1.9913,0.12611,-5.2344,0.0017001,0.0017,-1.5468,0.033,158.66
9.9228,7.7158,1.7913,0.11174,-5.2756,0.0045991,0.0046012,-1.5499,0.0298,177.07
9.9628,7.7077,1.5891,0.10678,-5.2877,0.0052993,0.0053015,-1.551,0.0284,186.22
10.003,7.7062,1.3858,0.10665,-5.3012,0.0057996,0.0058024,-1.5511,0.0276,192.11
10.043,7.7012,1.2508,0.088548,-5.1623,0.0026003,0.0025997,-1.5535,0.0252,204.88
10.083,7.7003,1.0538,0.10185,-5.181,0.0032001,0.0032006,-1.5514,0.026,199.31
10.123,7.7032,0.84913,0.11299,-5.1873,0.0032997,0.0033006,-1.5493,0.0269,192.88
10.163,7.7087,0.63778,0.1255,-5.2018,0.0036,0.0036008,-1.5469,0.028,185.83
10.203,7.7092,0.45186,0.13491,-5.1823,0.0028002,0.0028005,-1.545,0.0288,180
10.243,7.7107,0.25263,0.14004,-5.1698,0.0022999,0.0023009,-1.5439,0.0289,178.95
10.283,7.7052,0.16977,0.12362,-4.9203,-0.0052004,-0.0052022,-1.5461,0.0268,183.65
10.323,7.7422,-0.20092,0.15786,-5.2197,0.0021,0.0021002,-1.5407,0.0297,175.83
10.363,7.7467,-0.38553,0.16473,-5.1849,0.00090021,0.00089968,-1.5391,0.0301,172.34
10.403,7.7543,-0.59038,0.17095,-5.1805,0.00039992,0.00040016,-1.5378,0.0302,171.63
******-------------------------------------------------------------------------------------------------------------------****** 
TargetID: ID23
Relevancy: 0
tj = Inf
Label: -1
Comment: Target is irrelevant as it is not crossing the estimated holding line
DATA:
24.327,19.152,-3.3254,-1.802,2.1993,0.3285,0.33182,2.2573,0.7569,3.7564
24.367,19.087,-3.2587,-1.7912,2.0476,0.404,0.40108,2.2972,0.7729,3.5199
24.407,18.988,-3.1784,-1.8434,1.923,0.42501,0.41873,2.3435,0.794,3.355
24.447,18.85,-3.0743,-1.9909,1.834,0.39145,0.39562,2.3896,0.8102,3.3411
24.487,18.758,-2.9876,-2.0476,1.7995,0.37206,0.36904,2.4206,0.8078,3.3745
24.527,18.683,-2.9343,-1.9837,1.6393,0.4669,0.44975,2.4607,0.8185,3.144
24.567,18.588,-2.8611,-2.0255,1.5288,0.47781,0.46579,2.495,0.8199,3.0951
24.607,18.506,-2.787,-2.0638,1.4519,0.47343,0.4688,2.5182,0.8088,3.1198
24.647,18.412,-2.7204,-2.0613,1.3884,0.49769,0.47942,2.5488,0.8066,3.0812
24.687,18.336,-2.6478,-2.0716,1.3748,0.49256,0.46403,2.5663,0.7909,3.1436
24.727,18.264,-2.576,-2.1193,1.2992,0.47091,0.46085,2.5813,0.7741,3.2112
24.767,18.188,-2.4576,-2.2725,1.4928,0.31557,0.30897,2.5604,0.7219,3.7664
24.807,18.107,-2.3668,-2.3213,1.5079,0.28302,0.28058,2.5604,0.694,3.9886
24.847,18.021,-2.3055,-2.3079,1.468,0.30681,0.30036,2.5751,0.6819,4.0112
24.887,17.892,-2.2275,-2.431,1.4653,0.23348,0.23145,2.5952,0.6745,4.2082
24.927,17.854,-2.1898,-2.1936,1.3162,0.44263,0.42644,2.6012,0.6572,3.8925
24.967,17.768,-2.1279,-2.2021,1.257,0.44982,0.43976,2.6135,0.6453,3.9293
25.007,17.682,-2.0738,-2.1717,1.2199,0.48019,0.4588,2.6298,0.6376,3.9067
25.047,17.569,-1.9934,-2.2609,1.2157,0.42954,0.41945,2.6395,0.6243,4.1118
25.087,17.508,-1.9119,-2.2762,1.2546,0.40081,0.39281,2.6299,0.5977,4.3485
25.127,17.434,-1.8225,-2.3455,1.3432,0.31851,0.31076,2.6215,0.5735,4.713
25.167,17.36,-1.7528,-2.3342,1.315,0.33502,0.33015,2.6222,0.5572,4.8082
25.207,17.319,-1.6848,-2.2814,1.3221,0.35273,0.34311,2.6164,0.5378,4.9029
25.247,17.234,-1.6176,-2.3197,1.3236,0.31704,0.30932,2.6231,0.5276,5.0621
25.287,17.088,-1.5477,-2.4392,1.3208,0.24673,0.2421,2.6453,0.5278,5.2554
25.327,16.972,-1.4836,-2.5101,1.3093,0.20066,0.1976,2.6608,0.5239,5.4038
25.367,16.877,-1.4208,-2.5508,1.3001,0.16865,0.16649,2.6702,0.5166,5.5421
25.407,16.787,-1.3445,-2.5707,1.3199,0.15491,0.15245,2.6697,0.5032,5.7427
25.447,16.666,-1.2599,-2.6574,1.3392,0.10176,0.10131,2.6733,0.4926,6.041
25.487,16.536,-1.1701,-2.7639,1.3908,0.025556,0.025513,2.6754,0.4817,6.4232
25.527,16.946,-1.466,-2.8842,1.4131,-0.0087142,-0.0087043,2.6869,0.4765,6.7403
25.568,16.842,-1.4256,-2.8648,1.3049,0.072889,0.07393,2.7062,0.4765,6.6066
25.608,16.724,-1.381,-2.8862,1.2488,0.07348,0.074518,2.7252,0.4765,6.5998
25.648,16.606,-1.3387,-2.9065,1.1923,0.074072,0.075106,2.7442,0.4765,6.593
25.688,16.487,-1.2973,-2.9257,1.1354,0.074567,0.075591,2.7634,0.4765,6.5862
25.728,16.367,-1.2597,-2.9439,1.0784,0.075161,0.076177,2.7824,0.4765,6.5796
******-------------------------------------------------------------------------------------------------------------------****** 
TargetID: ID02
Relevancy: 1
tj = 3.521
Label: 0
Comment: Target is relevant and going straight, since the velocity ratio is almost not changing
DATA:
0.52003,19.766,27.666,-0.45471,-8.2891,0.031984,0.031961,-1.6243,0.0797,104.16
0.56009,19.708,27.394,-0.78356,-8.1818,0.090275,0.090114,-1.6627,0.0401,204.97
0.60004,19.658,27.087,-0.97241,-7.9682,0.12525,0.12496,-1.6871,0.0417,192.5
0.64014,19.523,26.788,-0.81216,-7.4562,0.30035,0.30174,-1.6793,0.1921,39.044
0.68015,19.503,26.489,-0.74839,-7.3975,0.30665,0.30814,-1.6716,0.1921,38.705
0.72017,19.454,26.211,-1.2346,-7.122,0.41476,0.41158,-1.7225,0.0813,88.908
0.76006,19.399,25.923,-1.3242,-6.9794,0.42895,0.42572,-1.7373,0.0503,141.23
0.80022,19.399,25.573,-1.2378,-7.3274,0.30153,0.29996,-1.7244,0.0245,303.31
0.8401,19.271,25.438,-1.0737,-7.256,0.25605,0.25476,-1.7055,0.0742,98.854
0.88014,19.132,24.716,-1.0768,-7.1935,0.25534,0.25435,-1.7089,0.0602,120.82
0.92013,19.049,24.21,-1.1381,-7.0854,0.26069,0.25991,-1.7203,0.0416,172.5
0.96019,19.242,23.883,-0.70429,-7.1827,0.21392,0.21467,-1.6685,0.1062,67.958
1.0002,19.274,23.496,-0.55909,-7.2587,0.19263,0.19324,-1.6477,0.1285,56.656
1.0403,19.298,23.199,-0.22134,-7.4319,0.11407,0.11379,-1.5959,0.2024,36.735
1.0801,19.291,23.224,-0.69297,-7.1263,0.17163,0.171,-1.6597,0.0919,77.91
1.1203,19.443,22.776,-0.34888,-7.365,0.12136,0.12161,-1.6181,0.1367,53.937
1.1602,19.436,22.481,-0.30724,-7.337,0.12395,0.12421,-1.6126,0.1367,53.719
1.2002,19.431,22.188,-0.26571,-7.3088,0.12653,0.12681,-1.6071,0.1367,53.501
1.2403,19.429,21.895,-0.22488,-7.2803,0.12901,0.12931,-1.6017,0.1367,53.283
1.2803,19.428,21.604,-0.18426,-7.2517,0.13159,0.13191,-1.5962,0.1367,53.065
1.3203,19.429,21.313,-0.14415,-7.2228,0.13408,0.13441,-1.5907,0.1367,52.847
1.3603,19.408,21.025,-0.84617,-7.1827,0.15754,0.15755,-1.6233,0.096223,75.163
1.4003,19.365,20.74,-1.2369,-7.0685,0.18105,0.18075,-1.656,0.055654,128.94
1.4403,19.313,20.46,-1.3145,-6.8805,0.20453,0.20391,-1.6886,0.015139,462.7
1.4804,19.264,20.19,-1.0795,-6.6185,0.22802,0.22709,-1.7213,-0.0254,-264.01
1.5203,19.286,19.792,-0.47973,-7.1176,0.08407,0.083888,-1.634,0.0652,109.41
1.5604,19.196,19.703,-0.58115,-6.9098,0.1032,0.10291,-1.6494,0.0479,144.76
1.6003,19.161,19.509,-0.38321,-6.9694,0.0732,0.073036,-1.6218,0.0728,95.878
1.6403,19.138,19.301,-0.33553,-7.0285,0.060134,0.060018,-1.6153,0.0753,93.446
1.6805,19.128,19.108,-0.32008,-7.001,0.052249,0.05216,-1.6136,0.0713,98.293
1.7203,19.09,18.891,-0.3063,-6.986,0.046361,0.046288,-1.6121,0.0684,102.23
1.7605,19.011,18.798,-0.46675,-6.7845,0.058334,0.05822,-1.6361,0.0437,155.62
1.8004,18.985,18.661,-0.50979,-6.6572,0.063618,0.063479,-1.6434,0.0342,195.23
1.8404,18.917,18.543,-0.54194,-6.5457,0.068203,0.068036,-1.6491,0.0291,225.71
1.8805,18.784,18.53,-0.82979,-6.2748,0.097434,0.096973,-1.696,-0.0144,-439.55
1.9205,18.757,18.25,-0.70028,-6.3977,0.067601,0.06745,-1.6755,0.0029,2219.3
1.9604,18.785,18.299,-0.57919,-6.5066,0.047251,0.047161,-1.6563,0.0188,347.46
2.0005,18.753,18.004,-0.37926,-6.6145,0.035375,0.035318,-1.6256,0.045,147.23
2.0406,18.754,17.684,-0.18972,-6.7362,0.026687,0.026652,-1.5971,0.0668,100.88
2.0806,18.749,17.414,-0.12695,-6.7695,0.02289,0.022865,-1.588,0.0725,93.389
2.1206,18.748,17.147,-0.066414,-6.7949,0.020293,0.020271,-1.5792,0.0767,88.594
2.1605,18.854,16.932,-0.1059,-6.7267,0.019491,0.019474,-1.5852,0.0699,96.246
2.2005,18.861,16.657,-0.042252,-6.7894,0.018893,0.018876,-1.5757,0.0745,91.135
2.2407,18.889,16.404,-0.070539,-6.7694,0.018493,0.018477,-1.5799,0.0672,100.74
2.2805,18.926,16.168,-0.050296,-6.7796,0.018493,0.018475,-1.5769,0.0663,102.26
2.3206,18.819,15.87,0.01252,-6.8292,0.018294,0.018276,-1.5677,0.0709,96.321
2.3605,18.842,15.635,0.12021,-6.8726,0.020193,0.02017,-1.5519,0.0803,85.599
2.4007,18.848,15.297,0.29653,-7.0845,0.033183,0.033122,-1.5267,0.0962,73.708
2.4406,18.89,14.983,0.37871,-7.1502,0.040476,0.040382,-1.5152,0.1017,70.405
2.4807,18.928,14.663,0.46226,-7.2417,0.050465,0.050318,-1.5037,0.1068,67.944
2.5207,18.959,14.417,0.44835,-7.2296,0.048867,0.048728,-1.5056,0.1017,71.224
2.5606,19.012,14.126,0.44849,-7.2295,0.047769,0.047636,-1.5057,0.0979,73.988
2.6006,19.061,13.852,0.45182,-7.218,0.04587,0.045748,-1.5052,0.0948,76.288
2.6407,19.079,13.593,0.43263,-7.182,0.042374,0.04227,-1.5078,0.09,79.945
2.6807,19.089,13.328,0.42724,-7.1781,0.041975,0.041872,-1.5085,0.0866,83.035
2.7207,19.093,13.092,0.41903,-7.1377,0.038879,0.038789,-1.5095,0.0835,85.629
2.7606,19.117,12.806,0.44291,-7.153,0.040677,0.040578,-1.5062,0.0835,85.829
2.8007,19.141,12.52,0.4671,-7.1682,0.042476,0.042367,-1.5028,0.0835,86.029
2.8407,19.154,12.264,0.44379,-7.1309,0.038779,0.038689,-1.506,0.0788,90.668
2.8808,19.179,11.987,0.43241,-7.1091,0.035283,0.035208,-1.5076,0.0753,94.584
2.9207,19.202,11.702,0.45394,-7.1218,0.036781,0.036699,-1.5046,0.0753,94.77
2.9608,19.227,11.417,0.47542,-7.1345,0.03818,0.038092,-1.5016,0.0753,94.958
3.0007,19.252,11.131,0.4972,-7.1471,0.039578,0.039483,-1.4986,0.0753,95.145
3.0409,19.297,10.817,0.50691,-7.2262,0.041377,0.041273,-1.4979,0.0732,98.962
3.0808,19.299,10.618,0.43844,-7.0837,0.028489,0.028438,-1.507,0.0649,109.36
3.1208,19.333,10.326,0.41897,-7.0645,0.025091,0.025052,-1.5098,0.0607,116.59
3.1608,19.308,10.205,0.37013,-6.8568,0.013797,0.013785,-1.5158,0.0555,123.73
3.2008,19.327,9.9323,0.38571,-6.8592,0.014197,0.014184,-1.5136,0.0555,123.78
3.2409,19.347,9.6573,0.40063,-6.8614,0.014697,0.014683,-1.5114,0.0555,123.84
3.2809,19.367,9.3824,0.41571,-6.8637,0.015097,0.015081,-1.5092,0.0555,123.9
3.3209,19.388,9.1087,0.43109,-6.8659,0.015497,0.01548,-1.5069,0.0555,123.95
3.3609,19.41,8.8342,0.44621,-6.8681,0.015996,0.015979,-1.5047,0.0555,124.01
3.4009,19.432,8.559,0.46128,-6.8702,0.016396,0.016378,-1.5025,0.0555,124.07
3.4409,19.455,8.2835,0.47626,-6.8723,0.016795,0.016777,-1.5003,0.0555,124.12
3.4809,19.479,8.0088,0.49158,-6.8744,0.017296,0.017275,-1.4981,0.0555,124.18
3.521,19.492,7.7435,0.52675,-6.8985,0.017895,0.017874,-1.4932,0.0576,120.11
3.561,19.518,7.4661,0.54222,-6.9017,0.018295,0.018273,-1.491,0.0576,120.19
3.6011,19.544,7.1903,0.55814,-6.9047,0.018795,0.018771,-1.4887,0.0576,120.26
3.6409,19.571,6.9151,0.57446,-6.9078,0.019295,0.01927,-1.4864,0.0576,120.34
3.6812,19.599,6.6385,0.59043,-6.9109,0.019695,0.019668,-1.4841,0.0576,120.42
3.7211,19.627,6.3627,0.60665,-6.9139,0.020195,0.020166,-1.4818,0.0576,120.49
3.761,19.656,6.0859,0.62261,-6.9168,0.020595,0.020564,-1.4795,0.0576,120.57
3.801,19.685,5.81,0.63883,-6.9197,0.021094,0.021063,-1.4771,0.0576,120.65
3.841,19.517,6.4616,0.40119,-5.701,-0.04815,-0.048372,-1.5058,0.0414,138.05
3.881,19.462,6.5315,0.32028,-5.2827,-0.054177,-0.054493,-1.5171,0.0345,153.4
3.921,19.477,6.2977,0.3016,-5.2746,-0.049366,-0.049625,-1.5199,0.032,165.1
3.9611,19.45,6.1952,0.24686,-5.0882,-0.04466,-0.044881,-1.5283,0.0264,192.96
4.001,19.448,6.012,0.22558,-5.0168,-0.041354,-0.041547,-1.5316,0.024,209.24
4.0411,19.516,5.2366,0.2458,-5.8017,-0.015006,-0.015,-1.5284,0.024,241.96
4.0812,19.534,4.6098,0.26787,-6.3652,0.0058993,0.0058996,-1.5287,0.0233,273.43
4.1212,19.521,4.3615,0.25177,-6.352,0.0062993,0.0062997,-1.5312,0.0216,294.31
4.1611,19.533,4.108,0.25736,-6.351,0.0064985,0.0064998,-1.5303,0.0216,294.27
4.2011,19.562,3.5101,0.29855,-6.9172,0.027585,0.027599,-1.5277,0.0226,306.36
4.2412,19.575,3.233,0.30564,-6.9356,0.028184,0.0282,-1.5268,0.0226,307.18
4.2811,19.589,2.955,0.31263,-6.9538,0.028784,0.028799,-1.5259,0.0226,308
4.3212,19.603,2.6783,0.32033,-6.972,0.029483,0.029499,-1.5249,0.0226,308.82
4.3611,19.618,2.3988,0.32752,-6.9903,0.030082,0.0301,-1.524,0.0226,309.65
4.4012,19.632,2.1188,0.33481,-7.0085,0.030782,0.030799,-1.5231,0.0226,310.47
4.4412,19.647,1.8379,0.342,-7.0268,0.031381,0.031399,-1.5222,0.0226,311.29
4.4812,19.663,1.5563,0.3492,-7.0451,0.031981,0.031999,-1.5213,0.0226,312.11
4.5213,19.679,1.2734,0.35629,-7.0633,0.03268,0.032699,-1.5204,0.0226,312.93
4.5613,19.694,0.98962,0.36328,-7.0816,0.033279,0.033299,-1.5195,0.0226,313.76
******-------------------------------------------------------------------------------------------------------------------****** 
TargetID: ID24
Relevancy: 0
tj = Inf
Label: -1
Comment: Target is irrelevant as it is not crossing the estimated holding line
DATA:
23.447,17.02,-3.5127,-2.3314,1.928,0.69928,0.81016,2.3774,0.3259,9.2829
23.487,16.918,-3.4363,-2.3594,1.8553,0.68469,0.79272,2.4023,0.3451,8.6973
23.527,16.801,-3.3426,-2.4475,1.9203,0.62712,0.71136,2.4149,0.3402,9.1443
23.567,16.711,-3.2598,-2.3929,1.8561,0.57563,0.64814,2.4227,0.3313,9.141
23.607,16.638,-3.1868,-2.3223,1.772,0.55931,0.63091,2.4279,0.3214,9.0886
23.647,16.556,-3.1028,-2.3698,1.8379,0.52369,0.5842,2.4273,0.3027,9.9073
23.687,16.479,-3.0211,-2.3492,1.8527,0.48601,0.53791,2.4231,0.2809,10.651
23.727,16.392,-2.9377,-2.3755,1.8908,0.47866,0.52869,2.4209,0.2625,11.566
23.767,16.276,-2.8433,-2.3511,1.8923,0.40283,0.43707,2.4231,0.249,12.12
23.807,16.18,-2.7634,-2.3878,1.8983,0.40819,0.44366,2.4294,0.2438,12.512
23.847,16.098,-2.6821,-2.3276,1.8609,0.39229,0.42557,2.4264,0.2286,13.036
23.887,16.012,-2.6054,-2.3182,1.8394,0.38551,0.41808,2.4303,0.2227,13.288
23.927,15.936,-2.5225,-2.2976,1.8531,0.36223,0.391,2.4246,0.2065,14.294
23.967,15.873,-2.459,-2.2632,1.7879,0.40056,0.43794,2.4283,0.2033,14.187
24.007,15.786,-2.374,-2.2824,1.8458,0.37684,0.40939,2.4212,0.1867,15.722
24.047,15.691,-2.2799,-2.2639,1.8954,0.33084,0.35523,2.4097,0.1662,17.765
24.087,15.605,-2.2007,-2.2447,1.8708,0.35564,0.38464,2.4084,0.1577,18.529
24.127,15.514,-2.1143,-2.1953,1.8473,0.33928,0.36603,2.4041,0.1468,19.544
24.167,15.423,-2.0354,-2.2163,1.841,0.30656,0.32799,2.4146,0.1514,19.031
24.207,15.337,-1.9458,-2.204,1.8777,0.27228,0.28888,2.4064,0.1379,20.996
24.247,15.25,-1.863,-2.2002,1.8844,0.25302,0.26727,2.4059,0.1325,21.863
24.287,15.182,-1.7865,-2.1998,1.8936,0.25817,0.27326,2.4029,0.126,23.036
24.327,15.126,-1.743,-2.1762,1.7613,0.35076,0.38183,2.4198,0.1375,20.361
24.367,15.042,-1.6725,-2.1726,1.7359,0.35211,0.38394,2.4253,0.1375,20.225
24.407,15.086,-1.6788,-2.1433,1.7987,0.28674,0.31225,2.4014,0.114,24.545
24.447,15.006,-1.5922,-2.1078,1.8216,0.23923,0.25672,2.3936,0.104,26.787
24.487,14.962,-1.5169,-2.0521,1.8487,0.22803,0.24428,2.3739,0.0864,31.967
24.527,14.941,-1.4568,-2.0361,2.0392,0.096975,0.09987,2.3407,0.0582,49.514
24.567,14.764,-1.2499,-2.042,2.2056,-0.026078,-0.025916,2.3208,0.0409,73.49
24.607,14.687,-1.1555,-2.047,2.2856,-0.085098,-0.083426,2.3111,0.0324,94.698
24.647,14.649,-1.1024,-2.0083,2.2021,-0.0075092,-0.0074951,2.3111,0.0323,92.27
24.687,14.585,-1.0303,-1.9995,2.1709,0.01258,0.012622,2.3135,0.0332,88.898
24.727,14.517,-0.95324,-1.9927,2.1581,0.019451,0.019553,2.3137,0.0326,90.103
24.767,14.382,-0.83273,-2.0521,2.2273,-0.048883,-0.048296,2.3213,0.0358,84.596
24.807,14.199,-0.70865,-2.1833,2.2846,-0.13005,-0.12632,2.3481,0.0504,62.7
24.847,14.05,-0.58052,-2.2701,2.3447,-0.20983,-0.20102,2.3615,0.0569,57.357
24.887,13.652,-0.41779,-2.7357,2.4847,-0.52361,-0.48336,2.4446,0.1023,36.125
24.927,13.525,-0.31434,-2.7798,2.5099,-0.54968,-0.50687,2.4482,0.1018,36.791
24.967,13.366,-0.22041,-2.8788,2.4552,-0.55457,-0.51248,2.4756,0.1158,32.673
25.007,13.231,-0.1305,-2.8954,2.5073,-0.55442,-0.51301,2.4674,0.1071,35.762
25.047,13.117,-0.037499,-2.9117,2.4998,-0.53874,-0.49991,2.4702,0.1063,36.102
25.087,13.008,0.04823,-2.9146,2.4684,-0.49555,-0.46238,2.4741,0.1063,35.93
25.127,12.897,0.13947,-2.9236,2.457,-0.47484,-0.44443,2.4764,0.1053,36.267
25.167,12.784,0.23367,-2.9372,2.4583,-0.46878,-0.4394,2.4777,0.1038,36.9
25.207,12.472,0.34865,-3.2716,2.5506,-0.72487,-0.66703,2.5224,0.1247,33.267
25.247,12.403,0.43103,-3.2071,2.5223,-0.63239,-0.58601,2.5144,0.1181,34.549
25.287,12.313,0.53525,-3.1695,2.5908,-0.62765,-0.58194,2.495,0.1047,39.099
25.327,12.25,0.63645,-3.1047,2.5876,-0.57007,-0.53109,2.4829,0.0965,41.882
25.367,12.163,0.73449,-3.0767,2.5829,-0.52881,-0.49473,2.4771,0.0915,43.903
25.407,12.016,0.84861,-3.1728,2.563,-0.5725,-0.53433,2.4975,0.1011,40.343
25.447,11.922,0.9502,-3.1576,2.5642,-0.55226,-0.51649,2.4938,0.0974,41.762
25.487,11.798,1.0457,-3.174,2.5545,-0.53389,-0.50062,2.4969,0.097,42.003
25.527,11.865,1.0914,-2.8821,2.3995,-0.21761,-0.21073,2.4636,0.0778,48.203
25.568,11.909,1.1557,-2.6605,2.2951,-0.022949,-0.022858,2.4318,0.0596,58.954
25.608,11.936,1.2277,-2.4852,2.217,0.096243,0.09807,2.4038,0.0441,75.518
25.648,11.918,1.3051,-2.4012,2.1148,0.17963,0.18666,2.4003,0.0424,75.464
25.688,13.45,-0.0057382,-1.776,2.3524,0.37982,0.27985,2.368,0.0251,117.43
25.728,13.465,0.059391,-1.5991,2.3419,0.4103,0.28774,2.3435,0.0125,226.86
25.768,13.382,0.18116,-2.241,1.8263,0.23436,0.30117,2.3333,0.0073,396.01
25.807,13.344,0.25554,-2.144,1.9029,0.1973,0.2427,2.3122,-0.0036,-796.3
25.848,13.305,0.32582,-2.0961,1.8641,0.20873,0.26297,2.2991,-0.0101,-277.73
25.887,13.299,0.40639,-1.5655,2.2481,0.21377,0.17465,2.28,-0.0192,-142.68
25.928,13.174,0.58505,-1.9302,1.9345,0.16652,0.19857,2.2661,-0.0258,-105.92
25.968,13.094,0.69698,-1.8702,1.8923,0.17374,0.2105,2.254,-0.0316,-84.195
26.008,13.06,0.76749,-1.8376,1.8358,0.19114,0.23926,2.2437,-0.0361,-71.953
26.048,13.024,0.83426,-1.7783,1.7891,0.20686,0.26786,2.2225,-0.0467,-54.015
26.088,12.969,0.94957,-1.6842,2.0633,0.094572,0.10406,2.2062,-0.0544,-48.959
26.128,12.919,1.0546,-1.6169,2.1746,0.033353,0.034421,2.1939,-0.0595,-45.544
26.168,12.883,1.1492,-1.5527,2.2318,0.0043923,0.0044106,2.1766,-0.0676,-40.218
26.208,12.838,1.2533,-1.4973,2.316,-0.043352,-0.041734,2.1644,-0.0725,-38.039
26.248,12.806,1.3517,-1.4411,2.3663,-0.069066,-0.065097,2.1485,-0.0794,-34.894
26.288,12.762,1.4394,-1.39,2.4309,-0.095295,-0.088049,2.1314,-0.087,-32.187
26.328,12.723,1.5578,-1.3085,2.576,-0.17543,-0.15346,2.1105,-0.0963,-30.003
26.368,12.703,1.6518,-1.2554,2.6404,-0.19937,-0.17203,2.0919,-0.1042,-28.058
26.408,12.679,1.7545,-1.2049,2.6702,-0.19974,-0.17277,2.0715,-0.113,-25.925
26.448,12.66,1.841,-1.1677,2.6811,-0.18848,-0.16443,2.0546,-0.1196,-24.451
26.488,12.64,1.9332,-1.1333,2.6493,-0.15056,-0.1348,2.0352,-0.1277,-22.565
26.528,12.61,2.04,-1.1005,2.6964,-0.15306,-0.13683,2.0178,-0.1343,-21.685
26.568,12.581,2.1463,-1.0777,2.704,-0.14544,-0.13087,2.0065,-0.1374,-21.185
26.608,12.553,2.2546,-1.0315,2.7402,-0.14684,-0.13241,1.9868,-0.1452,-20.165
26.648,12.531,2.3627,-0.99325,2.757,-0.1405,-0.12749,1.9698,-0.1513,-19.369
26.688,12.5,2.4951,-0.95055,2.8927,-0.19003,-0.16847,1.9545,-0.156,-19.519
26.728,12.488,2.6287,-1.2673,2.781,-0.15931,-0.17453,1.9402,-0.1611,-18.97
26.768,12.452,2.7459,-1.2516,2.8071,-0.15685,-0.17125,1.9339,-0.1611,-19.078
26.808,12.429,2.8511,-0.90179,2.9169,-0.14477,-0.13261,1.9205,-0.1649,-18.515
26.848,12.443,2.9359,-0.85623,2.8417,-0.10731,-0.10033,1.9024,-0.1708,-17.376
26.888,12.413,3.0516,-0.84402,2.8584,-0.10506,-0.098471,1.8957,-0.1708,-17.45
26.928,12.384,3.1666,-0.8313,2.8752,-0.10281,-0.096607,1.8888,-0.1708,-17.523
26.968,12.316,3.4582,-1.2493,3.1724,-0.23093,-0.25422,1.8803,-0.1714,-19.892
27.008,12.284,3.5899,-1.229,3.2121,-0.22613,-0.24774,1.8734,-0.1714,-20.065
******-------------------------------------------------------------------------------------------------------------------****** 
TargetID: ID03
Relevancy: 1
tj = 8.3624
Label: 0
Comment: Target is relevant and going straight, since the velocity ratio is almost not changing
DATA:
1.1203,19.455,28.095,0.5898,-8.3097,0,0,-1.4999,0,Inf
1.1602,19.478,27.763,0.59,-8.3097,0,0,-1.4999,0,Inf
1.2002,19.479,27.449,0.55465,-8.2613,0.092908,0.092887,-1.5036,0.0116,713.78
1.2403,19.531,27.101,0.6447,-8.2884,0.12922,0.12917,-1.493,0.0238,349.3
1.2803,19.557,26.769,0.65208,-8.284,0.14712,0.14707,-1.492,0.0238,349.14
1.3203,19.391,26.655,0.2113,-7.9297,0.18797,0.18806,-1.5445,0.007,1133.2
1.3603,19.741,28.57,-0.26534,-7.6118,0.17173,0.17091,-1.5991,-0.0512,-148.76
1.4003,20.114,28.368,-0.62349,-7.2705,0.17721,0.17669,-1.6493,-0.0733,-99.552
1.4403,19.997,28.247,-1.0965,-7.1595,0.16212,0.16177,-1.7162,-0.1802,-40.194
1.4804,19.837,28.111,-1.1359,-7.0067,0.14232,0.14205,-1.7256,-0.1261,-56.29
1.5203,19.786,27.831,-1.1745,-6.9913,0.15932,0.159,-1.7307,-0.1261,-56.219
1.5604,19.657,27.659,-1.4038,-6.7446,0.17194,0.17164,-1.7689,-0.1569,-43.908
1.6003,19.549,27.303,-1.6883,-6.8914,0.072711,0.072675,-1.8084,-0.2203,-32.207
1.6403,19.519,26.998,-1.4795,-7.1679,0.014996,0.014994,-1.7738,-0.1553,-47.128
1.6805,19.375,26.718,-1.931,-7.0374,-0.014603,-0.014604,-1.8391,-0.2467,-29.581
1.7203,19.374,26.379,-1.6141,-7.3983,-0.045532,-0.04555,-1.7872,-0.1705,-44.412
1.7605,19.255,26.283,-1.7036,-6.9159,0.10838,0.10853,-1.8123,-0.1964,-36.266
1.8004,19.175,26.009,-1.7564,-6.8974,0.11687,0.11703,-1.8201,-0.1964,-36.24
1.8404,19.115,25.825,-1.7941,-6.6772,0.18795,0.18839,-1.8333,-0.2085,-33.161
1.8805,19.03,25.562,-1.845,-6.6457,0.19763,0.1981,-1.8416,-0.2085,-33.079
1.9205,18.862,25.448,-2.1806,-6.3176,0.26113,0.26084,-1.8933,-0.26,-25.705
1.9604,18.764,25.198,-2.2398,-6.2704,0.27186,0.27159,-1.9037,-0.26,-25.609
2.0005,18.662,24.951,-2.2978,-6.2229,0.2824,0.28214,-1.9141,-0.26,-25.514
2.0406,18.498,24.7,-2.3266,-5.9947,0.35544,0.35511,-1.9281,-0.2676,-24.03
2.0806,18.394,24.463,-2.3791,-5.9361,0.36706,0.36677,-1.9388,-0.2676,-23.898
2.1206,18.288,24.23,-2.4303,-5.8771,0.37869,0.37844,-1.9495,-0.2676,-23.766
2.1605,18.417,23.947,-2.1682,-5.7484,0.47087,0.47325,-1.9315,-0.2518,-24.399
2.2005,18.318,23.721,-2.2076,-5.6781,0.48404,0.48649,-1.9416,-0.2518,-24.194
2.2407,18.216,23.498,-2.2456,-5.6079,0.497,0.49952,-1.9517,-0.2518,-23.99
2.2805,18.114,23.278,-2.2827,-5.5375,0.50997,0.51255,-1.9618,-0.2518,-23.787
2.3206,17.984,23.155,-3.7593,-1.8421,0.46866,0.46982,-1.9673,-0.24409,-17.151
2.3605,17.851,23.033,-2.4366,-5.4718,0.42747,0.42721,-1.9728,-0.2364,-25.337
2.4007,17.744,22.818,-2.4715,-5.4092,0.43711,0.4369,-1.9823,-0.2364,-25.157
2.4406,17.617,22.738,-2.3165,-5.3532,0.43152,0.43118,-1.9608,-0.2079,-28.056
2.4807,17.516,22.527,-2.344,-5.2922,0.44035,0.44005,-1.969,-0.2079,-27.841
2.5207,17.415,22.317,-2.3711,-5.231,0.44927,0.44903,-1.9774,-0.2079,-27.625
2.5606,17.313,22.111,-2.3969,-5.1698,0.4581,0.45791,-1.9857,-0.2079,-27.409
2.6006,17.209,21.907,-2.4218,-5.1087,0.46684,0.46671,-1.994,-0.2079,-27.194
2.6407,17.104,21.705,-2.4458,-5.0475,0.47558,0.4755,-2.0023,-0.2079,-26.979
2.6807,16.999,21.506,-2.4689,-4.9865,0.48423,0.48421,-2.0106,-0.2079,-26.764
2.7207,16.893,21.31,-2.491,-4.9254,0.49289,0.49292,-2.0189,-0.2079,-26.549
2.7606,16.787,21.115,-2.5125,-4.8643,0.50145,0.50155,-2.0272,-0.2079,-26.334
2.8007,17.475,20.778,-1.6996,-4.88,0.53012,0.53959,-1.9361,-0.1453,-35.564
2.8407,17.393,20.587,-1.704,-4.8146,0.53808,0.54775,-1.9419,-0.1453,-35.15
2.8808,17.311,20.399,-1.708,-4.7492,0.54605,0.5559,-1.9478,-0.1453,-34.735
2.9207,17.229,20.213,-1.7113,-4.684,0.55402,0.56406,-1.9536,-0.1453,-34.321
2.9608,17.147,20.03,-1.7139,-4.6189,0.56189,0.57211,-1.9594,-0.1453,-33.907
3.0007,17.064,19.849,-1.7158,-4.554,0.56977,0.58017,-1.9652,-0.1453,-33.493
3.0409,16.982,19.672,-1.7171,-4.4892,0.57765,0.58822,-1.9711,-0.1453,-33.079
3.0808,16.898,19.497,-1.7175,-4.4245,0.58543,0.59617,-1.9769,-0.1453,-32.665
3.1208,16.815,19.326,-1.7172,-4.36,0.59311,0.60401,-1.9826,-0.1453,-32.25
3.1608,16.732,19.155,-1.7167,-4.2955,0.6009,0.61196,-1.9885,-0.1453,-31.837
3.2008,16.648,18.99,-1.715,-4.2314,0.60859,0.6198,-1.9943,-0.1453,-31.423
3.2409,16.566,18.825,-1.7131,-4.1673,0.61628,0.62763,-2.0001,-0.1453,-31.009
3.2809,16.483,18.663,-1.7105,-4.1034,0.62398,0.63547,-2.0059,-0.1453,-30.596
3.3209,16.416,18.5,-1.6515,-4.004,0.62222,0.6336,-2.0043,-0.14611,-29.643
3.3609,16.351,18.343,-1.5934,-3.9065,0.62047,0.63173,-2.0027,-0.14692,-28.716
3.4009,16.289,18.188,-1.5359,-3.8102,0.61871,0.62985,-2.0011,-0.14773,-27.808
3.4409,16.228,18.038,-1.4795,-3.7158,0.61695,0.62798,-1.9995,-0.14854,-26.926
3.4809,16.17,17.891,-1.4239,-3.6231,0.6152,0.62611,-1.9979,-0.14935,-26.065
3.521,16.114,17.747,-1.3688,-3.5315,0.61344,0.62423,-1.9963,-0.15016,-25.223
3.561,16.061,17.608,-1.3149,-3.442,0.61168,0.62236,-1.9947,-0.15097,-24.405
3.6011,16.009,17.472,-1.2616,-3.3538,0.60992,0.62048,-1.9931,-0.15178,-23.607
3.6409,15.96,17.34,-1.2094,-3.2677,0.60817,0.61862,-1.9916,-0.15259,-22.834
3.6812,15.912,17.21,-1.1576,-3.1823,0.6064,0.61673,-1.9899,-0.15341,-22.073
3.7211,15.867,17.085,-1.1072,-3.0995,0.60465,0.61487,-1.9884,-0.15422,-21.342
3.761,15.824,16.963,-1.0575,-3.0182,0.6029,0.613,-1.9868,-0.15502,-20.629
3.801,15.783,16.843,-1.0085,-2.9383,0.60114,0.61113,-1.9852,-0.15583,-19.935
3.841,15.743,16.727,-0.96032,-2.8599,0.59939,0.60925,-1.9836,-0.15665,-19.259
3.881,15.706,16.615,-0.9131,-2.7834,0.59763,0.60738,-1.982,-0.15745,-18.604
3.921,15.67,16.505,-0.86661,-2.7083,0.59588,0.60551,-1.9804,-0.15827,-17.967
3.9611,15.636,16.398,-0.82093,-2.6347,0.59412,0.60363,-1.9788,-0.15908,-17.348
4.001,15.604,16.294,-0.77624,-2.5631,0.59236,0.60176,-1.9772,-0.15989,-16.75
4.0411,15.574,16.193,-0.73224,-2.4928,0.5906,0.59989,-1.9756,-0.1607,-16.168
4.0812,15.546,16.094,-0.6891,-2.4242,0.58885,0.59801,-1.974,-0.16151,-15.604
4.1212,15.519,15.998,-0.64685,-2.3572,0.58709,0.59614,-1.9724,-0.16232,-15.059
4.1611,15.494,15.906,-0.60553,-2.2921,0.58534,0.59427,-1.9708,-0.16313,-14.533
4.2011,15.471,15.815,-0.56497,-2.2284,0.58358,0.5924,-1.9692,-0.16394,-14.023
4.2412,15.449,15.727,-0.52513,-2.1662,0.58182,0.59052,-1.9676,-0.16475,-13.529
4.2811,15.429,15.642,-0.48632,-2.1059,0.58007,0.58865,-1.966,-0.16556,-13.054
4.3212,15.41,15.559,-0.44821,-2.047,0.57831,0.58678,-1.9644,-0.16637,-12.595
4.3611,15.393,15.478,-0.41106,-1.9899,0.57656,0.58491,-1.9628,-0.16718,-12.154
4.4012,15.377,15.399,-0.3746,-1.9341,0.57479,0.58303,-1.9612,-0.16799,-11.727
4.4412,15.363,15.323,-0.33915,-1.8803,0.57304,0.58116,-1.9597,-0.1688,-11.319
4.4812,15.35,15.249,-0.30442,-1.8279,0.57128,0.57929,-1.9581,-0.16961,-10.926
4.5213,15.338,15.177,-0.27053,-1.7772,0.56953,0.57741,-1.9565,-0.17042,-10.548
4.5613,15.328,15.107,-0.2375,-1.728,0.56777,0.57554,-1.9549,-0.17123,-10.187
4.6013,15.319,15.039,-0.20536,-1.6806,0.56601,0.57367,-1.9533,-0.17204,-9.8413
4.6412,15.312,14.972,-0.17404,-1.6348,0.56426,0.5718,-1.9517,-0.17285,-9.5112
4.6813,15.305,14.908,-0.14354,-1.5906,0.5625,0.56993,-1.9501,-0.17366,-9.1962
4.7213,15.3,14.845,-0.11386,-1.5479,0.56074,0.56805,-1.9485,-0.17448,-8.8959
4.7612,15.296,14.784,-0.085086,-1.507,0.55899,0.56618,-1.9469,-0.17528,-8.6112
4.8013,15.293,14.724,-0.057059,-1.4676,0.55723,0.56431,-1.9453,-0.1761,-8.3403
4.8413,15.292,14.666,-0.02995,-1.4299,0.55548,0.56243,-1.9437,-0.17691,-8.0845
4.8813,15.291,14.61,-0.0036371,-1.3938,0.55372,0.56056,-1.9421,-0.17772,-7.8426
4.9213,15.291,14.555,0.0218,-1.3593,0.55197,0.55869,-1.9405,-0.17853,-7.6149
4.9614,15.293,14.501,0.046467,-1.3263,0.55021,0.55681,-1.9389,-0.17934,-7.4003
5.0013,15.295,14.449,0.070193,-1.2952,0.54845,0.55495,-1.9373,-0.18015,-7.2
5.0414,15.298,14.397,0.093209,-1.2654,0.54669,0.55307,-1.9357,-0.18096,-7.0118
5.0813,15.302,14.347,0.11524,-1.2375,0.54494,0.5512,-1.9341,-0.18177,-6.8377
5.1215,15.308,14.298,0.13657,-1.211,0.54318,0.54932,-1.9325,-0.18258,-6.675
5.1614,15.313,14.25,0.15694,-1.1863,0.54143,0.54745,-1.9309,-0.18339,-6.5253
5.2014,15.32,14.203,0.17653,-1.1632,0.53967,0.54558,-1.9294,-0.1842,-6.387
5.2415,15.327,14.157,0.19529,-1.1416,0.53791,0.54371,-1.9278,-0.18501,-6.2603
5.2815,15.336,14.112,0.2132,-1.1217,0.53615,0.54183,-1.9262,-0.18582,-6.1446
5.3215,15.345,14.068,0.23025,-1.1035,0.5344,0.53996,-1.9246,-0.18663,-6.0399
5.3615,15.354,14.024,0.24647,-1.0868,0.53264,0.53809,-1.923,-0.18744,-5.9453
5.4015,15.364,13.981,0.26185,-1.0718,0.53089,0.53622,-1.9214,-0.18825,-5.8607
5.4415,15.375,13.938,0.27641,-1.0583,0.52913,0.53434,-1.9198,-0.18906,-5.7856
5.4815,15.386,13.896,0.29011,-1.0466,0.52737,0.53247,-1.9182,-0.18987,-5.7197
5.5215,15.398,13.854,0.30297,-1.0364,0.52561,0.5306,-1.9166,-0.19068,-5.6626
5.5615,15.411,13.813,0.31499,-1.0279,0.52386,0.52872,-1.915,-0.19149,-5.6139
5.6016,15.423,13.772,0.32618,-1.0209,0.5221,0.52685,-1.9134,-0.19231,-5.5732
5.6416,15.437,13.731,0.33653,-1.0156,0.52035,0.52498,-1.9118,-0.19312,-5.5403
5.6816,15.45,13.691,0.34604,-1.0119,0.51859,0.5231,-1.9102,-0.19393,-5.5148
5.7215,15.464,13.65,0.35467,-1.0099,0.51684,0.52124,-1.9086,-0.19474,-5.4964
5.7616,15.479,13.61,0.36252,-1.0094,0.51508,0.51936,-1.907,-0.19555,-5.4849
5.8016,15.493,13.569,0.3695,-1.0106,0.51332,0.51749,-1.9054,-0.19636,-5.4801
5.8417,15.508,13.529,0.37566,-1.0134,0.51156,0.51561,-1.9038,-0.19717,-5.4817
5.8816,15.523,13.488,0.38095,-1.0178,0.50981,0.51374,-1.9022,-0.19798,-5.4895
5.9216,15.539,13.447,0.38542,-1.0239,0.50805,0.51187,-1.9006,-0.19879,-5.5035
5.9617,15.554,13.406,0.38906,-1.0316,0.50629,0.50999,-1.899,-0.1996,-5.5236
6.0017,15.57,13.365,0.39184,-1.0409,0.50454,0.50812,-1.8975,-0.20041,-5.5495
6.0417,15.586,13.323,0.39379,-1.0518,0.50278,0.50625,-1.8959,-0.20122,-5.5813
6.0817,15.601,13.281,0.39489,-1.0643,0.50103,0.50438,-1.8943,-0.20203,-5.619
6.1217,15.617,13.238,0.39516,-1.0785,0.49927,0.50251,-1.8927,-0.20284,-5.6624
6.1617,15.633,13.194,0.39459,-1.0942,0.49751,0.50063,-1.8911,-0.20365,-5.7118
6.2017,15.649,13.15,0.39318,-1.1116,0.49576,0.49876,-1.8895,-0.20446,-5.7669
6.2418,15.664,13.105,0.39092,-1.1307,0.494,0.49688,-1.8879,-0.20527,-5.8283
6.2817,15.68,13.06,0.38784,-1.1513,0.49224,0.49502,-1.8863,-0.20608,-5.8951
6.3218,15.695,13.013,0.3839,-1.1736,0.49048,0.49314,-1.8847,-0.2069,-5.9683
6.3617,15.711,12.966,0.37915,-1.1974,0.48873,0.49127,-1.8831,-0.2077,-6.0472
6.4019,15.726,12.917,0.37352,-1.223,0.48697,0.48939,-1.8815,-0.20852,-6.1329
6.4418,15.741,12.868,0.36709,-1.2501,0.48522,0.48753,-1.8799,-0.20932,-6.2242
6.4818,15.755,12.817,0.35979,-1.2789,0.48346,0.48565,-1.8783,-0.21014,-6.3222
6.5217,15.769,12.766,0.35168,-1.3092,0.48171,0.48378,-1.8767,-0.21094,-6.4264
6.5618,15.783,12.712,0.3427,-1.3412,0.47995,0.48191,-1.8751,-0.21176,-6.5373
6.6018,15.797,12.658,0.33288,-1.3749,0.47819,0.48003,-1.8735,-0.21257,-6.6548
6.6419,15.81,12.602,0.32224,-1.4101,0.47643,0.47816,-1.8719,-0.21338,-6.7789
6.6819,15.823,12.545,0.31075,-1.447,0.47468,0.47629,-1.8703,-0.21419,-6.9097
6.7219,15.835,12.487,0.29842,-1.4854,0.47292,0.47441,-1.8688,-0.215,-7.0472
6.7619,15.846,12.426,0.28527,-1.5255,0.47117,0.47254,-1.8672,-0.21581,-7.1914
6.8019,15.858,12.365,0.27126,-1.5673,0.46941,0.47067,-1.8656,-0.21662,-7.3427
6.8419,15.868,12.301,0.25641,-1.6106,0.46765,0.4688,-1.864,-0.21743,-7.5008
6.8819,15.878,12.236,0.24072,-1.6556,0.4659,0.46692,-1.8624,-0.21824,-7.6659
6.9219,15.887,12.169,0.22422,-1.7021,0.46414,0.46505,-1.8608,-0.21905,-7.8376
6.9619,15.896,12.099,0.20683,-1.7504,0.46238,0.46318,-1.8592,-0.21986,-8.0169
7.0019,15.904,12.028,0.18864,-1.8002,0.46063,0.46131,-1.8576,-0.22067,-8.2025
7.0421,15.911,11.955,0.1695,-1.8519,0.45886,0.45943,-1.856,-0.22148,-8.3963
7.082,15.917,11.88,0.14968,-1.9048,0.45711,0.45756,-1.8544,-0.22229,-8.5954
7.122,15.923,11.803,0.12898,-1.9594,0.45536,0.45569,-1.8528,-0.2231,-8.8018
7.162,15.928,11.723,0.10742,-2.0158,0.4536,0.45382,-1.8512,-0.22391,-9.0153
7.202,15.932,11.641,0.084984,-2.0738,0.45184,0.45194,-1.8496,-0.22472,-9.236
7.2421,15.935,11.557,0.061728,-2.1334,0.45009,0.45007,-1.848,-0.22553,-9.4633
7.282,15.937,11.471,0.037679,-2.1945,0.44833,0.4482,-1.8464,-0.22634,-9.6969
7.322,15.938,11.382,0.012774,-2.2573,0.44658,0.44632,-1.8448,-0.22715,-9.9374
7.362,15.938,11.29,-0.013004,-2.3217,0.44482,0.44445,-1.8432,-0.22796,-10.185
7.4021,15.937,11.196,-0.039653,-2.3879,0.44306,0.44257,-1.8416,-0.22878,-10.439
7.4421,15.934,11.099,-0.06708,-2.4556,0.4413,0.4407,-1.84,-0.22959,-10.7
7.4821,15.931,10.999,-0.095319,-2.5248,0.43955,0.43883,-1.8385,-0.2304,-10.966
7.5221,15.927,10.897,-0.12445,-2.5957,0.43779,0.43696,-1.8369,-0.23121,-11.24
7.5621,15.921,10.792,-0.15439,-2.6682,0.43604,0.43509,-1.8353,-0.23202,-11.519
7.6021,15.914,10.683,-0.1852,-2.7424,0.43428,0.43321,-1.8337,-0.23283,-11.805
7.6421,15.906,10.572,-0.21684,-2.8182,0.43253,0.43134,-1.8321,-0.23364,-12.098
7.6822,15.897,10.458,-0.24943,-2.8958,0.43076,0.42946,-1.8305,-0.23445,-12.397
7.7221,15.886,10.341,-0.28262,-2.9746,0.42901,0.4276,-1.8289,-0.23526,-12.701
7.7622,15.874,10.22,-0.31682,-3.0553,0.42725,0.42572,-1.8273,-0.23607,-13.012
7.8022,15.861,10.096,-0.35184,-3.1376,0.4255,0.42385,-1.8257,-0.23688,-13.329
7.8422,15.846,9.9687,-0.38767,-3.2215,0.42374,0.42198,-1.8241,-0.23769,-13.651
7.8822,15.83,9.8382,-0.4243,-3.3069,0.42199,0.42011,-1.8225,-0.2385,-13.979
7.9222,15.812,9.704,-0.46187,-3.3942,0.42023,0.41823,-1.8209,-0.23931,-14.314
7.9622,15.793,9.5664,-0.50023,-3.4829,0.41847,0.41636,-1.8193,-0.24012,-14.654
8.0022,15.772,9.4253,-0.53941,-3.5733,0.41672,0.41449,-1.8177,-0.24093,-14.999
8.0423,15.75,9.2803,-0.57951,-3.6654,0.41496,0.41261,-1.8161,-0.24174,-15.351
8.0823,15.726,9.1319,-0.62034,-3.7589,0.4132,0.41074,-1.8145,-0.24255,-15.707
8.1223,15.7,8.9797,-0.66204,-3.8541,0.41145,0.40887,-1.8129,-0.24336,-16.069
8.1623,15.673,8.8235,-0.70462,-3.9511,0.40969,0.40699,-1.8113,-0.24417,-16.437
8.2023,15.644,8.6636,-0.74797,-4.0494,0.40794,0.40512,-1.8097,-0.24498,-16.809
8.2424,15.613,8.499,-0.79237,-4.1499,0.40617,0.40324,-1.8081,-0.2458,-17.189
8.2823,15.58,8.3315,-0.83729,-4.2513,0.40442,0.40138,-1.8066,-0.2466,-17.571
8.3227,15.546,8.1577,-0.88363,-4.3556,0.40265,0.39949,-1.8049,-0.24742,-17.963
8.3624,15.51,7.9827,-0.93002,-4.4598,0.40091,0.39763,-1.8034,-0.24823,-18.353
8.4024,15.472,7.8022,-0.97762,-4.5664,0.39915,0.39576,-1.8018,-0.24904,-18.752
8.4424,15.431,7.6175,-1.026,-4.6745,0.3974,0.39389,-1.8002,-0.24985,-19.155
8.4824,15.389,7.4281,-1.0753,-4.7844,0.39564,0.39201,-1.7986,-0.25066,-19.564
8.5224,15.345,7.2347,-1.1254,-4.8958,0.39388,0.39014,-1.797,-0.25147,-19.977
8.5624,15.299,7.0363,-1.1764,-5.009,0.39212,0.38827,-1.7954,-0.25228,-20.395
8.6024,15.251,6.8337,-1.2281,-5.1236,0.39037,0.3864,-1.7938,-0.25309,-20.818
8.6425,15.201,6.6263,-1.2808,-5.2401,0.38861,0.38452,-1.7922,-0.2539,-21.246
8.6824,15.144,6.4188,-1.3291,-5.1899,0.40736,0.40302,-1.8023,-0.2539,-21.1
******-------------------------------------------------------------------------------------------------------------------****** 
TargetID: ID25
Target can not be processed due to lack of Data
******-------------------------------------------------------------------------------------------------------------------****** 
TargetID: ID26
Relevancy: 1
tj = 20.4459
Label: 0
Comment: Target is relevant and going straight, since target is crossing Ego X-axis in EFC
DATA:
19.726,16.706,14.209,-2.2318,-8.2329,0.28417,0.28421,-1.8355,0.007,1218.6
19.766,16.616,13.881,-2.225,-8.2186,0.30557,0.30561,-1.8352,0.007,1216.3
19.806,16.527,13.552,-2.2187,-8.204,0.32686,0.32691,-1.8349,0.007,1214.1
19.846,16.439,13.223,-2.2126,-8.1895,0.34816,0.34821,-1.8347,0.007,1211.9
19.886,16.355,12.878,-2.2314,-8.2427,0.28919,0.28914,-1.8349,-0.0037,-2307.9
19.926,16.262,12.551,-2.2449,-8.232,0.29179,0.29186,-1.8373,-0.0091,-937.65
19.966,16.131,12.304,-2.2298,-8.028,0.35543,0.35543,-1.8414,0.0126,661.26
20.006,16.042,11.983,-2.2205,-8.0101,0.37693,0.37692,-1.8408,0.0126,659.7
20.046,15.932,11.689,-2.2781,-7.9142,0.38532,0.38532,-1.8507,-0.0027,-3050.2
20.086,15.881,11.315,-2.1652,-8.0635,0.31482,0.31472,-1.8328,0.021,397.58
20.126,15.897,10.831,-1.7923,-8.5065,0.16911,0.16908,-1.7783,0.0982,88.526
20.166,15.826,10.49,-1.76,-8.5193,0.18561,0.18557,-1.7743,0.0982,88.586
20.206,15.756,10.15,-1.7277,-8.532,0.20221,0.20216,-1.7704,0.0982,88.648
20.246,15.674,9.8465,-1.6197,-8.5245,0.092896,0.092894,-1.7585,0.12,72.309
20.286,15.628,9.4572,-1.5798,-8.6102,0.058099,0.058097,-1.7522,0.1159,75.53
20.326,15.623,8.9992,-1.4235,-8.8553,0.0091998,0.0091996,-1.7302,0.1317,68.102
20.366,15.567,8.6444,-1.3798,-8.8817,0.0176,0.0176,-1.7249,0.1317,68.247
20.406,15.513,8.288,-1.3362,-8.9079,0.026101,0.0261,-1.7197,0.1317,68.394
20.446,15.46,7.9319,-1.2915,-8.9339,0.034501,0.034499,-1.7143,0.1317,68.541
20.486,15.368,7.6041,-1.4122,-8.8418,0.0064003,0.0063998,-1.7292,0.1038,86.26
20.526,15.313,7.25,-1.3777,-8.862,0.0116,0.0116,-1.725,0.1038,86.402
20.566,15.224,6.9241,-1.516,-8.775,0.0028002,0.0028005,-1.7419,0.0744,119.69
20.606,15.164,6.5732,-1.4917,-8.7908,0.0064999,0.0064999,-1.7389,0.0744,119.85
20.646,15.105,6.2208,-1.4677,-8.8064,0.0102,0.0102,-1.7359,0.0744,120
20.686,15.047,5.8679,-1.4435,-8.822,0.0139,0.013899,-1.733,0.0744,120.15
20.726,14.975,5.4849,-1.4949,-8.8702,-0.017,-0.017001,-1.7378,0.0635,141.66
20.766,14.915,5.1297,-1.4747,-8.8879,-0.0141,-0.0141,-1.7352,0.0635,141.88
20.806,14.857,4.7743,-1.4542,-8.9055,-0.0112,-0.0112,-1.7327,0.0635,142.1
20.846,14.791,4.3924,-1.757,-9.867,-0.027653,-0.027653,-1.7331,0.059699,167.88
20.886,14.724,4.0083,-1.4796,-9.0222,-0.044101,-0.044102,-1.7334,0.0559,163.55
20.926,14.664,3.5664,-1.4919,-9.182,-0.074903,-0.074904,-1.7319,0.0531,175.19
20.966,14.588,3.1701,-1.5311,-9.2466,-0.089404,-0.089405,-1.735,0.0473,198.15
21.006,14.529,2.6632,-1.5464,-9.515,-0.1311,-0.13111,-1.732,0.0456,211.4
21.046,14.498,2.0318,-1.5137,-10.012,-0.19279,-0.19283,-1.721,0.05,202.52
21.086,14.438,1.6295,-1.5023,-10.071,-0.18929,-0.18933,-1.719,0.05,203.65
21.126,14.312,1.3579,-1.6561,-9.843,-0.17601,-0.17598,-1.7373,0.0314,317.88
21.166,14.246,0.96254,-1.6518,-9.8903,-0.17401,-0.17398,-1.7361,0.0314,319.34
21.206,14.18,0.56578,-1.6471,-9.9377,-0.17201,-0.17198,-1.7349,0.0314,320.8
21.246,14.114,0.16712,-1.6423,-9.9851,-0.17001,-0.16998,-1.7337,0.0314,322.27
21.286,14.049,-0.23405,-1.6377,-10.032,-0.16801,-0.16798,-1.7325,0.0314,323.73
21.326,13.983,-0.63691,-1.6327,-10.08,-0.16611,-0.16608,-1.7313,0.0314,325.2
21.366,13.918,-1.0408,-1.627,-10.127,-0.16401,-0.16398,-1.73,0.0314,326.66
******-------------------------------------------------------------------------------------------------------------------****** 
TargetID: ID05
Target can not be processed due to lack of Data
******-------------------------------------------------------------------------------------------------------------------****** 
TargetID: ID06
Relevancy: 1
tj = 20.766
Label: 0
Comment: Target is relevant and going straight, since target is crossing Ego X-axis in EFC
DATA:
19.166,7.2825,21.669,-1.2769,-8.7622,0.087897,0.0879,-1.7155,0.0225,393.54
19.206,7.6816,21.149,-0.35556,-9.1424,-0.0255,-0.025499,-1.6096,0.0178,514
19.246,7.6074,20.78,-0.63518,-9.1637,0.079996,0.079993,-1.6399,-0.0317,-289.77
19.286,7.5816,20.413,-0.64828,-9.1835,0.091195,0.091192,-1.6412,-0.0317,-290.42
19.326,7.5736,20.046,-0.55074,-9.1707,0.15611,0.15607,-1.6306,0.0053,1733.4
19.366,7.5958,19.648,-0.46745,-9.2568,0.10539,0.10539,-1.6211,0.0094,986.02
19.406,7.5248,19.281,-0.46955,-9.241,0.12519,0.12518,-1.6214,0.0297,311.55
19.446,7.4859,18.907,-0.44465,-9.2544,0.094795,0.094791,-1.6187,0.0421,220.07
19.486,7.4903,18.538,-0.35505,-9.2733,0.080797,0.080807,-1.6092,0.0621,149.44
19.526,7.4955,18.155,-0.22705,-9.3133,0.072897,0.072895,-1.5951,0.0903,103.17
19.566,7.4868,17.785,-0.13759,-9.3198,0.066098,0.0661,-1.5856,0.1101,84.657
19.606,7.3928,17.466,-0.29023,-9.2298,0.062598,0.062605,-1.6023,0.08,115.43
19.646,7.4258,17.079,-0.16028,-9.2782,0.063902,0.063895,-1.588,0.098,94.69
19.686,7.467,16.697,0.063913,-9.3358,0.056998,0.057004,-1.564,0.1363,68.496
19.726,7.4715,16.31,-0.0010641,-9.3361,0.043301,0.043297,-1.5709,0.1087,85.889
19.766,7.5203,15.908,0.11894,-9.394,0.043001,0.042997,-1.5581,0.1177,79.82
19.806,7.482,15.545,-0.014352,-9.3471,0.032899,0.032899,-1.5723,0.0865,108.06
19.846,8.1696,16.497,-0.15579,-9.274,0.027693,0.027688,-1.5871,0.058,159.92
19.886,8.1765,16.115,-0.14804,-9.2808,0.024595,0.024591,-1.5864,0.0541,171.57
19.926,8.1761,15.751,-0.13252,-9.2635,0.024395,0.02439,-1.5847,0.0537,172.52
19.966,8.1511,15.387,-0.16594,-9.2436,0.021896,0.021893,-1.5884,0.0464,199.25
20.006,8.1062,15.044,-0.24717,-9.1788,0.022295,0.022292,-1.5974,0.0336,273.28
20.046,8.0953,14.675,-0.19496,-9.2002,0.020696,0.020694,-1.5917,0.0405,227.22
20.086,8.0663,14.325,-0.23856,-9.1485,0.021396,0.021393,-1.5965,0.0333,274.82
20.126,8.0063,13.989,-0.36698,-9.0597,0.025294,0.02529,-1.6109,0.0147,616.81
20.166,8.0027,13.603,-0.34659,-9.0797,0.023295,0.023292,-1.6086,0.0165,550.69
20.206,8.0194,13.212,-0.25652,-9.1351,0.020496,0.020493,-1.5985,0.0272,335.98
20.246,8.0066,12.843,-0.26181,-9.1154,0.021096,0.021093,-1.5992,0.0253,360.44
20.286,8.0693,12.499,-0.36704,-9.0632,0.024196,0.024191,-1.6109,0.012,755.89
20.326,7.9568,12.175,-0.67656,-8.9045,0.040289,0.040276,-1.646,-0.0262,-340.85
20.366,8.0906,11.822,-0.8587,-8.8161,0.051181,0.051164,-1.6671,-0.0472,-187.66
20.406,8.0237,11.459,-1.046,-8.7604,0.056977,0.056957,-1.6887,-0.0682,-129.36
20.446,7.8852,10.79,-1.0853,-8.7719,0.052083,0.052073,-1.6933,-0.0699,-126.45
20.486,7.8487,10.547,-1.1594,-8.7318,0.056081,0.056066,-1.702,-0.0747,-117.92
20.526,7.7887,10.206,-1.2162,-8.6729,0.067672,0.067651,-1.7092,-0.0778,-112.57
20.566,7.7008,9.8717,-1.3369,-8.6066,0.077065,0.077039,-1.7239,-0.0882,-98.75
20.606,7.6588,9.5044,-1.3343,-8.5879,0.085257,0.085225,-1.7238,-0.0839,-103.59
20.646,7.5797,9.1816,-1.4111,-8.5058,0.10783,0.10767,-1.7338,-0.089,-96.876
20.686,7.5268,8.5469,-1.2449,-8.5526,0.095749,0.095725,-1.7143,-0.0669,-129.19
20.726,7.4653,8.1867,-1.1999,-8.5628,0.092554,0.092528,-1.709,-0.0586,-147.55
20.766,7.4199,7.8379,-1.2009,-8.5148,0.10454,0.10451,-1.7098,-0.0563,-152.74
20.806,7.4082,7.4532,-1.121,-8.5893,0.084262,0.084239,-1.6997,-0.0447,-193.78
20.846,7.3735,7.0967,-1.0975,-8.5548,0.093552,0.093524,-1.6974,-0.0402,-214.55
20.886,7.3194,6.7598,-1.1148,-8.4811,0.10923,0.1092,-1.7003,-0.0403,-212.26
20.926,7.314,6.3929,-0.99656,-8.5083,0.099843,0.09981,-1.6863,-0.0258,-332.03
20.966,7.2874,6.0349,-0.93114,-8.513,0.094749,0.094716,-1.6787,-0.0177,-483.83
21.006,7.2951,5.6416,-0.78179,-8.6129,0.071472,0.07145,-1.6605,-0.001,-8648.3
21.046,7.2815,5.1594,-0.70981,-8.6233,0.066276,0.066262,-1.6523,0.0067,1291.4
21.086,7.3041,4.7331,-0.58949,-8.7068,0.050986,0.050978,-1.6379,0.019,459.3
21.126,7.3128,4.3537,-0.49129,-8.7928,0.036492,0.036488,-1.6263,0.0285,309
21.166,7.3009,3.9729,-0.46294,-8.831,0.030895,0.030891,-1.6229,0.0309,286.18
21.206,7.2874,3.6318,-0.43084,-8.868,0.025896,0.025894,-1.6191,0.0333,266.62
21.246,7.3567,3.6082,-0.43855,-8.8503,0.024995,0.024992,-1.62,0.0319,277.78
21.286,7.2922,3.0077,-0.39178,-8.9069,0.018898,0.018896,-1.6145,0.0357,249.73
21.326,7.2897,2.6615,-0.358,-8.9597,0.014399,0.014397,-1.6106,0.0381,235.35
21.366,7.2725,2.6055,-0.38752,-8.9441,0.014099,0.014097,-1.6139,0.0345,259.49
21.406,7.2517,2.2671,-0.38256,-8.9744,0.011099,0.011098,-1.6132,0.0341,263.42
21.446,7.1602,1.9458,-0.49973,-9.0622,-0.0002,-0.00019937,-1.6259,0.0209,434.26
21.486,7.1065,1.5445,-0.53368,-9.0885,-0.0039004,-0.0038995,-1.6294,0.0172,529.31
21.526,7.0733,1.204,-0.54128,-9.0473,9.9627e-05,0.00010002,-1.6306,0.0162,559.47
21.566,7.0463,0.86418,-0.54147,-9.0588,-0.00049955,-0.00050018,-1.6305,0.0159,570.75
21.606,7.0138,0.50973,-0.55205,-9.1159,-0.0064003,-0.0063998,-1.6312,0.0144,634.2
21.646,6.9938,0.1501,-0.53442,-9.1429,-0.0075005,-0.0074989,-1.6291,0.016,572.41
21.686,6.9733,-0.20839,-0.5194,-9.1627,-0.008,-0.0079991,-1.6273,0.0173,530.49
21.726,6.9745,-0.6587,-0.48848,-9.3631,-0.018702,-0.018695,-1.6226,0.0206,455.14
21.766,6.9633,-1.0397,-0.46272,-9.4154,-0.019601,-0.019594,-1.6196,0.0232,406.33
21.806,6.9383,-1.3586,-0.45546,-9.333,-0.014301,-0.014297,-1.6193,0.0232,402.76
******-------------------------------------------------------------------------------------------------------------------****** 
TargetID: ID07
Target can not be processed due to lack of Data
******-------------------------------------------------------------------------------------------------------------------****** 
TargetID: ID09
Relevancy: 0
tj = Inf
Label: -1
Comment: Target is irrelevant as it is not crossing the estimated holding line
DATA:
0,17.531,42.485,-1.255,-7.5375,0.022,0.022001,-1.7358,0.0027,2830.1
0.039952,17.601,41.78,-1.0052,-7.6367,0.072696,0.072694,-1.7016,0.0141,546.28
0.079901,17.691,41.401,-0.76769,-7.6915,0.13628,0.13628,-1.6701,0.0397,194.7
0.1199,17.686,41.017,-0.73899,-7.7421,0.16258,0.16257,-1.6657,0.0404,192.51
0.15995,17.657,40.708,-0.72636,-7.7415,0.17757,0.17756,-1.6641,0.0404,192.46
0.19989,17.627,40.398,-0.71373,-7.7409,0.19247,0.19245,-1.6624,0.0404,192.42
0.23997,17.659,40.048,1.9048,-9.4579,0.2009,0.20088,-1.6416,0.059563,161.98
0.27996,17.747,39.663,2.0663,-9.5485,0.20931,0.20929,-1.6209,0.078689,124.15
0.32014,17.792,39.304,-0.2375,-8.0073,0.21776,0.21773,-1.6001,0.0979,81.827
0.35996,17.843,38.916,-0.076788,-8.1001,0.20437,0.20434,-1.58,0.1211,66.891
0.40011,17.863,38.612,0.071157,-8.106,0.19837,0.19846,-1.5623,0.1402,57.82
0.44003,17.889,38.256,0.20473,-8.1576,0.19457,0.19454,-1.5454,0.1604,50.874
0.48002,17.897,37.93,0.25782,-8.1732,0.20897,0.20893,-1.5389,0.1604,50.98
0.52003,17.905,37.583,0.3598,-8.2021,0.19237,0.19234,-1.5267,0.176,46.648
0.56009,17.793,37.308,0.24184,-8.1148,0.16798,0.16795,-1.5407,0.1651,49.173
0.60004,17.662,37.079,0.028056,-7.9723,0.15568,0.15574,-1.5675,0.1289,61.849
0.64014,17.663,36.761,0.069473,-7.976,0.16468,0.16474,-1.5623,0.1289,61.88
0.68015,17.667,36.442,0.11079,-7.9797,0.17367,0.17375,-1.5572,0.1289,61.912
0.72017,17.672,36.123,0.15221,-7.983,0.18267,0.18275,-1.552,0.1289,61.943
0.76006,17.679,35.804,0.21641,-7.9881,0.18264,0.18269,-1.5535,0.12944,61.735
0.80022,17.689,35.483,0.27844,-7.9919,0.18261,0.18263,-1.5549,0.12999,61.519
0.8401,17.702,35.165,0.33748,-7.9941,0.18258,0.18257,-1.5564,0.13053,61.298
0.88014,17.716,34.845,0.39417,-7.9949,0.18255,0.18251,-1.5578,0.13108,61.069
0.92013,17.733,34.525,0.44822,-7.9943,0.18252,0.18245,-1.5593,0.13162,60.833
0.96019,17.752,34.205,0.49978,-7.9922,0.18249,0.18239,-1.5608,0.13216,60.59
1.0002,17.773,33.885,0.54867,-7.9887,0.18246,0.18233,-1.5622,0.13271,60.339
1.0403,17.796,33.565,0.59509,-7.9836,0.18243,0.18227,-1.5637,0.13325,60.08
1.0801,17.821,33.247,0.6387,-7.9772,0.18239,0.18221,-1.5651,0.13379,59.814
1.1203,17.847,32.926,0.68005,-7.9693,0.18236,0.18215,-1.5666,0.13434,59.537
1.1602,17.875,32.609,0.71852,-7.96,0.18233,0.18209,-1.5681,0.13488,59.254
1.2002,17.904,32.29,0.75457,-7.9492,0.1823,0.18203,-1.5695,0.13543,58.961
1.2403,17.935,31.972,0.78803,-7.9369,0.18227,0.18197,-1.571,0.13597,58.659
1.2803,17.968,31.655,0.81891,-7.9232,0.18224,0.18191,-1.5725,0.13652,58.347
1.3203,18.001,31.338,0.84718,-7.9081,0.18221,0.18185,-1.5739,0.13706,58.028
1.3603,18.035,31.022,0.87286,-7.8915,0.18218,0.18179,-1.5754,0.1376,57.699
1.4003,18.071,30.707,0.896,-7.8734,0.18215,0.18173,-1.5768,0.13815,57.36
1.4403,18.107,30.392,0.91654,-7.8539,0.18212,0.18167,-1.5783,0.13869,57.012
1.4804,18.144,30.078,0.93451,-7.8329,0.18209,0.18161,-1.5798,0.13924,56.655
1.5203,18.182,29.766,0.94987,-7.8106,0.18206,0.18155,-1.5812,0.13978,56.289
1.5604,18.22,29.453,0.96269,-7.7867,0.18203,0.18149,-1.5827,0.14032,55.913
1.6003,18.259,29.142,0.97291,-7.7614,0.18199,0.18143,-1.5841,0.14087,55.528
1.6403,18.298,28.833,0.98056,-7.7347,0.18196,0.18137,-1.5856,0.14141,55.133
1.6805,18.337,28.523,0.98564,-7.7064,0.18193,0.18131,-1.5871,0.14196,54.728
1.7203,18.377,28.216,0.98812,-7.6768,0.1819,0.18125,-1.5885,0.1425,54.317
1.7605,18.416,27.909,0.98804,-7.6456,0.18187,0.18119,-1.59,0.14305,53.893
1.8004,18.456,27.604,0.98537,-7.6131,0.18184,0.18113,-1.5914,0.14359,53.462
1.8404,18.495,27.3,0.98012,-7.5791,0.18181,0.18107,-1.5929,0.14413,53.022
1.8805,18.534,26.997,0.97229,-7.5436,0.18178,0.18101,-1.5944,0.14468,52.572
1.9205,18.573,26.696,0.96187,-7.5067,0.18175,0.18095,-1.5958,0.14522,52.113
1.9604,18.611,26.397,0.94892,-7.4684,0.18172,0.18089,-1.5973,0.14577,51.648
2.0005,18.649,26.098,0.93333,-7.4285,0.18169,0.18083,-1.5988,0.14631,51.171
2.0406,18.686,25.802,0.91516,-7.3872,0.18166,0.18077,-1.6002,0.14685,50.687
2.0806,18.722,25.507,0.89444,-7.3445,0.18163,0.18071,-1.6017,0.1474,50.195
2.1206,18.757,25.214,0.87115,-7.3003,0.18159,0.18065,-1.6031,0.14794,49.696
2.1605,18.792,24.923,0.84528,-7.2548,0.18156,0.18059,-1.6046,0.14849,49.189
2.2005,18.825,24.634,0.81686,-7.2077,0.18153,0.18053,-1.6061,0.14903,48.674
2.2407,18.857,24.346,0.7857,-7.159,0.1815,0.18047,-1.6075,0.14958,48.15
2.2805,18.888,24.061,0.75219,-7.1092,0.18147,0.18041,-1.609,0.15012,47.622
2.3206,18.917,23.777,0.71594,-7.0577,0.18144,0.18035,-1.6104,0.15066,47.085
2.3605,18.945,23.497,0.67723,-7.005,0.18141,0.18029,-1.6119,0.15121,46.543
2.4007,18.971,23.217,0.63575,-6.9505,0.18138,0.18023,-1.6134,0.15175,45.993
2.4406,18.996,22.94,0.59187,-6.8948,0.18135,0.18017,-1.6148,0.1523,45.439
2.4807,19.019,22.665,0.5453,-6.8375,0.18132,0.18011,-1.6163,0.15284,44.878
2.5207,19.039,22.393,0.49621,-6.7788,0.18129,0.18005,-1.6177,0.15338,44.313
2.5606,19.058,22.123,0.44461,-6.7188,0.18126,0.17999,-1.6192,0.15393,43.744
2.6006,19.075,21.855,0.39039,-6.6572,0.18123,0.17993,-1.6207,0.15447,43.171
2.6407,19.089,21.59,0.33347,-6.5941,0.18119,0.17987,-1.6221,0.15502,42.593
2.6807,19.102,21.327,0.27406,-6.5296,0.18116,0.17981,-1.6236,0.15556,42.012
2.7207,19.111,21.068,0.21215,-6.4638,0.18113,0.17975,-1.6251,0.1561,41.429
2.7606,19.118,20.811,0.14764,-6.3965,0.1811,0.17969,-1.6265,0.15665,40.844
2.8007,19.123,20.556,0.080464,-6.3276,0.18107,0.17963,-1.628,0.15719,40.257
2.8407,19.125,20.304,0.01076,-6.2573,0.18104,0.17957,-1.6294,0.15774,39.67
2.8808,19.124,20.055,-0.061761,-6.1854,0.18101,0.17951,-1.6309,0.15828,39.081
2.9207,19.12,19.809,-0.13648,-6.1124,0.18098,0.17945,-1.6324,0.15882,38.495
2.9608,19.113,19.566,-0.21412,-6.0376,0.18095,0.17939,-1.6338,0.15937,37.908
3.0007,19.103,19.326,-0.29395,-5.9617,0.18092,0.17933,-1.6353,0.15991,37.326
3.0409,19.089,19.089,-0.37684,-5.8839,0.18089,0.17927,-1.6367,0.16046,36.745
3.0808,19.073,18.855,-0.46183,-5.8051,0.18086,0.17921,-1.6382,0.161,36.17
3.1208,18.946,18.953,-0.75742,-5.3745,0.15172,0.15051,-1.7001,0.1594,34.05
3.1608,18.872,18.86,-0.78476,-5.371,0.081445,0.08111,-1.7102,0.1698,31.967
3.2008,18.849,18.644,-0.75911,-5.3901,0.10541,0.10484,-1.7033,0.1698,32.057
3.2409,18.83,18.426,-0.73385,-5.409,0.12927,0.12839,-1.6966,0.1698,32.147
3.2809,18.812,18.208,-0.70846,-5.4277,0.15303,0.15177,-1.6898,0.1698,32.236
3.3209,18.794,17.99,-0.68269,-5.4464,0.17678,0.17507,-1.683,0.1698,32.327
3.3609,18.779,17.77,-0.65679,-5.465,0.20043,0.19818,-1.6762,0.1698,32.416
3.4009,18.765,17.55,-0.63096,-5.4835,0.22399,0.22112,-1.6695,0.1698,32.507
3.4409,18.753,17.328,-0.60499,-5.5018,0.24744,0.24387,-1.6627,0.1698,32.597
3.4809,18.741,17.106,-0.57858,-5.5201,0.27079,0.26644,-1.6559,0.1698,32.687
3.521,18.73,16.885,-0.55179,-5.5382,0.29415,0.28892,-1.6491,0.1698,32.778
3.561,18.723,16.661,-0.5254,-5.5562,0.31712,0.31093,-1.6424,0.1698,32.868
3.6011,18.716,16.438,-0.49855,-5.5741,0.3402,0.33295,-1.6356,0.1698,32.959
3.6409,18.71,16.214,-0.47124,-5.5919,0.36288,0.35448,-1.6287,0.1698,33.049
******-------------------------------------------------------------------------------------------------------------------****** 
TargetID: ID32
Relevancy: 0
tj = Inf
Label: -1
Comment: Target is irrelevant as it is not crossing the estimated holding line
DATA:
3.0007,7.0922,16.975,-0.2,-6.8597,0,0,-1.5999,0,Inf
3.0409,7.7926,19.759,-0.84139,-6.2243,0.045548,0.045489,-1.7022,0.0079,795.06
3.0808,6.7469,18.135,-0.844,-6.1388,0.025906,0.02586,-1.7057,0.0059,1050.3
3.1208,6.6919,17.88,-0.29806,-6.2434,0.032497,0.032426,-1.6161,0.0412,151.71
3.1608,6.8332,17.623,-0.11146,-6.2852,0.039698,0.039584,-1.5856,0.0567,110.87
3.2008,6.8318,17.373,-0.098362,-6.2677,0.043298,0.04316,-1.5832,0.0567,110.56
3.2409,6.9083,17.098,-0.46898,-6.1072,0.10531,0.10485,-1.6396,-0.0209,-293.07
3.2809,6.8907,16.853,-0.47591,-6.0808,0.11247,0.11194,-1.6405,-0.0209,-291.84
3.3209,6.9575,16.521,-0.10411,-5.8864,0.17787,0.17871,-1.5885,0.0934,63.033
3.3609,7.0643,16.293,0.039912,-5.977,0.17816,0.17899,-1.5641,0.0927,64.478
3.4009,7.0722,16.053,0.061482,-5.9345,0.1918,0.19279,-1.5604,0.0927,64.022
3.4409,7.0813,15.815,0.082636,-5.8919,0.20533,0.20648,-1.5568,0.0927,63.565
3.4809,7.0906,15.579,0.10387,-5.8492,0.21864,0.21998,-1.553,0.0927,63.109
3.521,7.0993,15.341,0.32936,-6.0095,0.20646,0.20771,-1.545,0.087533,68.757
3.561,7.1166,15.098,0.53348,-6.1533,0.19432,0.19551,-1.537,0.082389,74.967
3.6011,7.1418,14.848,0.7178,-6.2819,0.18215,0.18326,-1.529,0.077229,81.871
3.6409,7.1737,14.596,0.8808,-6.3942,0.17005,0.17109,-1.521,0.072097,89.527
3.6812,7.2122,14.336,1.0251,-6.492,0.15781,0.15877,-1.513,0.066908,98.231
3.7211,7.2555,14.076,1.1472,-6.573,0.14572,0.14661,-1.505,0.061782,108
3.761,7.3034,13.812,1.2494,-6.6387,0.1336,0.13442,-1.4971,0.056645,119.26
3.801,7.3551,13.545,1.3315,-6.6888,0.12146,0.1222,-1.4891,0.051495,132.44
3.841,7.4097,13.277,1.3933,-6.7234,0.1093,0.10997,-1.4811,0.046342,148.16
3.881,7.4663,13.008,1.4345,-6.7422,0.097176,0.097768,-1.4731,0.0412,167.31
3.921,7.5242,12.737,1.4555,-6.7454,0.085018,0.085536,-1.4651,0.036046,191.44
3.9611,7.5826,12.467,1.4561,-6.733,0.072854,0.073297,-1.4571,0.030888,223.02
4.001,7.6405,12.199,1.4363,-6.705,0.060731,0.061101,-1.4491,0.025749,266.31
4.0411,7.6973,11.931,1.396,-6.6612,0.048567,0.048863,-1.4411,0.020591,330.52
4.0812,7.752,11.665,1.3354,-6.6017,0.036407,0.036629,-1.4331,0.015436,436.36
4.1212,7.8039,11.403,1.2544,-6.5267,0.024262,0.02441,-1.4252,0.010286,646.11
4.1611,7.852,11.144,1.1533,-6.4363,0.012144,0.012218,-1.4172,0.0051489,1269.9
4.2011,7.8958,10.889,1.0316,-6.33,0,0,-1.4092,0,Inf
******-------------------------------------------------------------------------------------------------------------------****** 
TargetID: ID33
Target can not be processed due to lack of Data
******-------------------------------------------------------------------------------------------------------------------****** 
TargetID: ID35
Target can not be processed due to lack of Data
******-------------------------------------------------------------------------------------------------------------------****** 
TargetID: ID11
Relevancy: 1
tj = 3.4809
Label: 0
Comment: Target is relevant and going straight, since target is crossing Ego X-axis in EFC
DATA:
0,7.7987,31.201,NaN,NaN,NaN,NaN,-1.4264,NaN,NaN
0.039952,8.006,30.435,NaN,NaN,NaN,NaN,-1.4007,NaN,NaN
0.079901,7.634,30.213,NaN,NaN,NaN,NaN,-1.4944,NaN,NaN
0.1199,8.2776,29.97,0.7752,-8.4248,0,0,-1.479,0,Inf
0.15995,8.4324,29.598,1.0311,-8.4612,0.0157,0.015701,-1.4496,0.0266,320.44
0.19989,8.2976,29.304,0.63269,-8.4192,0.13878,0.13883,-1.496,-0.0344,-245.43
0.23997,8.5626,30.144,-0.38212,-7.9039,0.11576,0.11569,-1.6171,-0.098,-80.746
0.27996,8.6544,29.762,-0.23934,-8.0933,0.068498,0.068424,-1.5992,-0.1173,-69.027
0.32014,8.7662,29.798,-0.42711,-8.0443,0.073629,0.073593,-1.6223,-0.1341,-60.072
0.35996,8.658,29.516,-0.56795,-7.9698,0.092787,0.092737,-1.64,-0.1279,-62.471
0.40011,8.5897,29.212,-0.65752,-7.951,0.11898,0.11873,-1.6508,-0.1285,-62.087
0.44003,8.5426,28.905,-0.7242,-7.9277,0.14377,0.14341,-1.6589,-0.1309,-60.815
0.48002,8.3958,28.599,-1.3012,-7.6788,0.083315,0.0833,-1.737,-0.2579,-30.199
0.52003,8.2972,28.316,-1.4068,-7.6357,0.089377,0.089276,-1.7512,-0.2574,-30.164
0.56009,8.2749,28.041,-1.3286,-7.658,0.08531,0.085293,-1.7409,-0.2246,-34.606
0.60004,8.2064,27.735,-1.412,-7.6308,0.096574,0.096452,-1.7518,-0.2291,-33.873
0.64014,8.1816,27.575,-1.4777,-7.5964,0.10028,0.10025,-1.7607,-0.2334,-33.157
0.68015,8.1302,27.27,-1.5731,-7.5315,0.12894,0.12872,-1.7739,-0.2473,-31.112
0.72017,7.8185,26.703,-1.1637,-7.7054,0.046179,0.04617,-1.7198,-0.1363,-57.174
0.76006,8.0509,26.236,-1.3065,-7.6173,0.079637,0.079502,-1.7393,-0.1909,-40.485
0.80022,7.9941,25.94,-1.3567,-7.5535,0.098076,0.097967,-1.7468,-0.193,-39.764
0.8401,7.9687,25.582,-1.3912,-7.5208,0.10459,0.10457,-1.7519,-0.1928,-39.67
0.88014,7.9194,25.379,-1.4217,-7.4898,0.11167,0.11164,-1.7564,-0.1902,-40.082
0.92013,8.043,25.055,-1.3793,-7.4604,0.1154,0.11552,-1.7536,-0.184,-41.233
0.96019,7.9639,24.78,-1.4245,-7.4417,0.11337,0.11333,-1.7578,-0.1778,-42.614
1.0002,7.9139,24.466,-1.473,-7.4196,0.12306,0.12288,-1.7645,-0.1791,-42.236
1.0403,7.9426,24.114,-1.2966,-7.494,0.082023,0.082011,-1.7406,-0.1328,-57.269
1.0801,7.8961,23.787,-1.2118,-7.508,0.074735,0.074725,-1.7295,-0.1095,-69.454
1.1203,7.7725,23.532,-1.2512,-7.4813,0.077841,0.077702,-1.7351,-0.1076,-70.495
1.1602,7.7098,23.235,-1.2815,-7.4479,0.083282,0.083198,-1.7397,-0.1079,-70.04
1.2002,7.6793,22.939,-1.2176,-7.4486,0.078228,0.078218,-1.7314,-0.0918,-82.216
1.2403,7.8011,22.603,-0.99819,-7.5401,0.052963,0.052958,-1.7014,-0.0507,-150.02
1.2803,7.7843,22.3,-0.97914,-7.5245,0.055259,0.055255,-1.6991,-0.0456,-166.4
1.3203,7.7961,21.976,-0.83913,-7.5595,0.045372,0.045368,-1.6805,-0.022,-345.73
1.3603,7.8011,21.616,-0.80428,-7.5855,0.037581,0.037578,-1.6757,-0.0164,-465.12
1.4003,7.8259,21.314,-0.67644,-7.6235,0.029398,0.029384,-1.6587,0.003,2551.2
1.4403,7.807,20.998,-0.58027,-7.6951,0.016497,0.016495,-1.6457,0.0166,464.88
1.4804,7.7992,20.697,-0.54653,-7.6894,0.0179,0.017894,-1.6414,0.0206,374.21
1.5203,7.7448,20.409,-0.70403,-7.6243,0.023892,0.02389,-1.6624,-0.0024,-3190.3
1.5604,7.7396,20.094,-0.64115,-7.5851,0.033285,0.03328,-1.6544,0.0062,1227.8
1.6003,7.6579,19.809,-0.6219,-7.5655,0.033612,0.033578,-1.6521,0.0087,872.53
1.6403,7.6759,19.457,-0.57047,-7.5847,0.027699,0.027687,-1.6453,0.0149,510.48
1.6805,7.6739,19.147,-0.52572,-7.5421,0.033883,0.03388,-1.6397,0.0201,376.14
1.7203,7.6968,18.97,-0.4361,-7.5424,0.029587,0.029582,-1.6279,0.031,243.71
1.7605,7.7375,18.656,-0.36069,-7.529,0.027189,0.027184,-1.618,0.0393,191.8
1.8004,7.7778,18.334,-0.26676,-7.5175,0.0235,0.023487,-1.6057,0.0496,151.66
1.8404,7.8494,19.429,-0.29439,-7.5039,0.023991,0.023973,-1.6089,0.0448,167.63
1.8805,7.8389,19.143,-0.26228,-7.4841,0.021692,0.021678,-1.6048,0.0469,159.67
1.9205,7.8724,18.847,-0.24964,-7.4827,0.0194,0.019383,-1.6032,0.0467,160.32
1.9604,7.8896,18.537,-0.22058,-7.466,0.017895,0.017885,-1.5994,0.0485,154.01
2.0005,7.9486,18.222,-0.13979,-7.4865,0.011899,0.011893,-1.5889,0.0565,132.53
2.0406,7.9617,17.908,-0.086868,-7.4181,0.010898,0.010895,-1.5819,0.061,121.62
2.0806,8.0297,17.57,-0.018117,-7.4282,0.0046996,0.0046991,-1.573,0.0673,110.38
2.1206,8.0489,17.283,-0.054894,-7.413,0.0082991,0.0082963,-1.5778,0.0606,122.33
2.1605,8.04,17,-0.058141,-7.3903,0.0083987,0.0083963,-1.5782,0.0578,127.86
2.2005,8.0387,16.716,-0.064034,-7.3343,0.0090982,0.0090959,-1.579,0.0552,132.87
2.2407,8.0451,16.418,-0.041617,-7.308,0.0071989,0.0071973,-1.5761,0.0559,130.74
2.2805,8.0423,16.078,-9.1769e-05,-7.2816,0.0040997,0.0040996,-1.5706,0.0586,124.26
2.3206,8.0412,15.784,0.017161,-7.25,0.0023996,0.0023996,-1.5683,0.0587,123.51
2.3605,8.0248,15.505,-0.010266,-7.1921,0.0044996,0.0044983,-1.572,0.0536,134.18
2.4007,7.997,15.239,-0.018296,-7.1317,0.0053002,0.005298,-1.5731,0.0508,140.39
2.4406,8.0714,14.947,-0.015805,-7.1064,0.0047999,0.0047984,-1.5728,0.0494,143.85
2.4807,8.0204,14.684,-0.044027,-7.0547,0.0086001,0.0085958,-1.5765,0.0444,158.89
2.5207,8.0584,14.413,-0.052702,-6.9952,0.0094982,0.0094946,-1.5778,0.0422,165.77
2.5606,8.0848,14.112,0.028475,-6.9967,0.00079984,0.00080032,-1.5667,0.0499,140.22
2.6006,8.0685,13.873,0.018521,-6.9203,0.0019,0.0018994,-1.568,0.0469,147.56
2.6407,8.0257,13.639,-0.040955,-6.832,0.0088983,0.0088951,-1.5762,0.0389,175.63
2.6807,7.9449,13.406,-0.098589,-6.747,0.015295,0.015286,-1.5845,0.031,217.67
2.7207,7.9221,13.043,-0.11091,-6.7198,0.016394,0.016385,-1.5863,0.0283,237.48
2.7606,7.9203,12.778,-0.074598,-6.6756,0.013896,0.013889,-1.5811,0.0316,211.27
2.8007,7.9357,12.537,-0.038455,-6.6877,0.0086983,0.0086957,-1.576,0.034,196.7
2.8407,7.9454,12.275,-0.010257,-6.6779,0.0051992,0.0051979,-1.572,0.036,185.5
2.8808,7.9628,11.988,0.024332,-6.6853,0.0016004,0.0016,-1.5671,0.0387,172.75
2.9207,7.9893,11.699,0.061156,-6.6877,-0.0017997,-0.0018,-1.5618,0.0415,161.16
2.9608,8.0161,11.411,0.10547,-6.6963,-0.005601,-0.0056017,-1.5554,0.0451,148.5
3.0007,8.0462,11.119,0.15293,-6.711,-0.0090017,-0.0090052,-1.5486,0.0487,137.84
3.0409,8.0466,10.846,0.15055,-6.7137,-0.0067004,-0.0067028,-1.5488,0.047,142.88
3.0808,8.0571,10.57,0.16421,-6.7053,-0.0068015,-0.0068029,-1.5467,0.0471,142.41
3.1208,8.0368,10.322,0.13083,-6.6542,-0.0045009,-0.0045012,-1.5514,0.0425,156.6
3.1608,8.0286,10.06,0.11184,-6.6231,-0.0028998,-0.0029005,-1.5541,0.0396,167.27
3.2008,8.0309,9.793,0.11492,-6.6057,-0.0031005,-0.0031006,-1.5536,0.0388,170.28
3.2409,8.0367,9.5223,0.12107,-6.5959,-0.0039003,-0.0039009,-1.5527,0.0385,171.35
3.2809,8.0348,9.2614,0.1128,-6.5731,-0.0035004,-0.0035008,-1.5539,0.0367,179.13
3.3209,8.0356,9.0002,0.080004,-6.5374,-0.0013998,-0.0013999,-1.5587,0.0326,200.55
3.3609,8.035,8.733,0.075829,-6.5331,-0.00099984,-0.0009997,-1.5593,0.0313,208.74
3.4009,8.032,8.4731,0.039741,-6.5008,0.0013001,0.0012998,-1.5646,0.027,240.77
3.4409,8.0301,8.2065,0.025355,-6.4955,0.0022003,0.0021995,-1.5667,0.025,259.82
3.4809,8.0231,7.9464,-0.0065558,-6.4738,0.004099,0.0040988,-1.5715,0.0212,305.37
3.521,8.0302,7.9004,0.043476,-6.3262,0.00090021,0.00089968,-1.5639,0.0266,237.83
3.561,8.0271,7.6475,0.020138,-6.289,0.0030998,0.0030999,-1.5674,0.0238,264.24
3.6011,8.0216,7.3975,0.00028462,-6.2539,0.0048996,0.0048985,-1.5704,0.0213,293.61
3.6409,8.0152,7.1471,-0.019568,-6.2227,0.0066986,0.0066963,-1.5734,0.0189,329.24
3.6812,8.005,6.9032,-0.045403,-6.1804,0.0092976,0.0092931,-1.5774,0.016,386.28
3.7211,7.9962,6.6501,-0.059275,-6.1637,0.010297,0.010292,-1.5796,0.0142,434.08
3.761,7.9898,6.3608,-0.0581,-6.1688,0.0093973,0.0093931,-1.5795,0.0141,437.53
3.801,7.9813,6.1091,-0.067687,-6.1564,0.0097972,0.0097933,-1.581,0.0129,477.27
3.841,7.934,5.9466,-0.16919,-6.0013,0.024182,0.024155,-1.5971,0.0021,2858.9
3.881,7.9209,5.7368,-0.17518,-5.9515,0.026079,0.026047,-1.5981,0.0019,3133.7
3.921,7.9208,5.4615,-0.1378,-5.9387,0.021685,0.021663,-1.5922,0.0064,928.17
3.9611,7.9228,5.3786,-0.16871,-5.5262,0.038148,0.038069,-1.5978,0.003,1842.9
4.001,7.9012,5.1765,-0.20271,-5.4337,0.046419,0.046303,-1.6036,-0.001,-5437.5
4.0411,7.8646,4.9911,-0.21844,-5.3561,0.049705,0.049569,-1.6067,-0.0027,-1985.4
4.0812,7.8386,4.8234,-0.21793,-5.265,0.050001,0.049859,-1.6071,-0.0027,-1951.7
4.1212,7.8277,4.6074,-0.21306,-5.2342,0.048505,0.048369,-1.6065,-0.0019,-2757.1
4.1611,7.8197,4.3907,-0.19984,-5.2099,0.045216,0.045096,-1.6044,-0.0001,-52138
4.2011,7.6176,1.3989,0.019932,-5.207,-0.0054013,-0.0053966,-1.5664,0.0014,3719.3
4.2412,7.3908,2.1093,0.087624,-4.6763,-0.029649,-0.029477,-1.5479,-0.0036,-1299.2
4.2811,7.3656,2.1483,0.060555,-4.4004,-0.018821,-0.018744,-1.5541,-0.0031,-1419.6
4.3212,7.5941,0.3179,0.19946,-5.9389,-0.048587,-0.048288,-1.533,-0.0136,-436.93
4.3611,7.6539,0.20398,0.19974,-5.8054,-0.051301,-0.050952,-1.5317,-0.0149,-389.86
4.4012,7.6582,0.076624,0.16447,-5.8586,-0.016009,-0.015977,-1.5413,-0.0854,-68.629
4.4412,7.6687,-0.22282,0.15326,-5.8953,-0.011505,-0.011488,-1.5438,-0.0801,-73.624
4.4812,7.6924,-0.47678,0.15822,-5.8859,-0.010204,-0.01019,-1.543,-0.0681,-86.461
4.5213,7.6267,-0.67475,0.026835,-5.5656,0.017489,0.01753,-1.5677,-0.0881,-63.175
4.5613,7.6771,-0.88418,0.07264,-5.5183,0.0082978,0.0083069,-1.5585,-0.055,-100.34
4.6013,7.6302,1.0783,-0.14551,-3.6133,0.080101,0.081824,-1.6283,-0.055,-65.749
4.6412,7.5655,1.2966,-0.075185,-3.4799,0.03231,0.032402,-1.5924,-0.0484,-71.915
4.6813,7.5619,1.1479,-0.018024,-3.4801,0.013285,0.013343,-1.5792,-0.0277,-125.64
4.7213,7.7924,9.2199,0.067791,-5.2552,-0.023123,-0.023041,-1.5554,-0.0151,-348.06
4.7612,7.7296,9.481,0.15467,-5.2132,-0.050018,-0.04961,-1.5354,-0.0103,-506.36
4.8013,7.7079,6.8895,0.13833,-5.1369,-0.033747,-0.033836,-1.5478,-0.0103,-498.91
4.8413,7.6918,6.3415,0.19949,-5.2031,-0.0504,-0.050601,-1.5382,0.0298,174.73
4.8813,7.6425,6.4413,-0.21577,-4.8626,0.063509,0.063225,-1.6073,-0.1487,-32.733
4.9213,7.6293,6.3329,-0.16414,-4.9042,0.058342,0.058095,-1.5971,-0.1378,-35.609
4.9614,7.6301,5.9443,0.097638,-5.1506,0.010795,0.010787,-1.5506,0.0165,312.21
5.0013,7.6411,6.8803,0.13101,-5.182,-0.025827,-0.025881,-1.5485,0.0165,314.16
5.0414,7.7062,6.8593,0.21229,-5.2357,-0.037254,-0.037375,-1.5348,0.0208,251.92
5.0813,7.661,7.7548,0.38485,-5.3144,-0.072472,-0.073246,-1.5107,0.0982,54.26
5.1215,7.6306,7.3134,0.18457,-5.2117,-0.066132,-0.065104,-1.5237,0.0975,53.486
5.1614,7.6494,7.4453,0.30151,-5.1559,-0.057417,-0.057983,-1.5236,0.0964,53.575
5.2014,7.6644,6.418,0.32181,-5.2097,-0.059124,-0.059633,-1.5192,0.1147,45.507
5.2415,7.7195,5.3451,0.17829,-5.113,-0.050239,-0.04958,-1.5259,0.1014,50.455
5.2815,7.834,5.2942,-0.021407,-4.8147,0.032549,0.032369,-1.5682,-0.0418,-115.19
5.3215,7.8157,5.2048,0.065612,-4.8805,0.026865,0.02705,-1.5629,-0.0243,-200.86
5.3615,7.8189,5.0647,0.076469,-4.8662,0.031451,0.031705,-1.5615,-0.0182,-267.41
5.4015,7.8183,4.9141,0.07668,-4.9059,0.025169,0.025328,-1.5602,-0.013,-377.42
5.4415,7.8405,4.7413,0.11065,-4.9862,0.016986,0.017057,-1.5519,0.0101,493.81
5.4815,7.8307,4.5302,0.1156,-4.9831,0.025867,0.026032,-1.5526,0.0082,607.86
5.5215,7.8219,4.3604,0.097113,-4.9704,0.026067,0.026232,-1.5563,-0.0006,-8285.6
5.5615,7.9165,4.2869,-0.19476,-4.6985,0.069842,0.069125,-1.5978,-0.0886,-53.076
5.6016,7.903,4.0989,-0.21864,-4.6425,0.078068,0.077163,-1.6014,-0.0886,-52.457
5.6416,7.94,3.9275,-0.054126,-4.8111,0.046808,0.047328,-1.5914,-0.0622,-77.355
5.6816,7.8705,3.72,-0.095251,-4.8789,0.0511,0.051688,-1.6001,-0.0715,-68.25
5.7215,7.8184,3.6004,-0.13926,-4.8549,0.047318,0.047814,-1.6085,-0.0807,-60.185
5.7616,7.7812,3.3915,-0.16469,-4.8764,0.048916,0.049434,-1.6138,-0.0832,-58.644
5.8016,7.7876,3.195,-0.16931,-4.9124,0.041939,0.042315,-1.613,-0.077,-63.835
5.8417,7.8406,2.9893,-0.13073,-4.9902,0.030366,0.030564,-1.6025,-0.0572,-87.272
5.8816,7.77,2.8295,-0.17735,-4.9583,0.034161,0.034405,-1.6128,-0.0678,-73.178
5.9216,7.8172,2.6451,-0.14035,-4.951,0.027872,0.02804,-1.6043,-0.0531,-93.277
5.9617,7.8196,2.4568,-0.14168,-4.9451,0.022581,0.022691,-1.6036,-0.0497,-99.539
6.0017,7.8128,2.348,-0.098065,-4.9265,0.01589,0.015946,-1.5937,-0.0353,-139.59
******-------------------------------------------------------------------------------------------------------------------****** 
TargetID: ID36
Relevancy: 0
tj = Inf
Label: -1
Comment: Target is irrelevant as it is not crossing the estimated holding line
DATA:
6.0817,8.0901,-3.5504,0.13119,-5.1484,-0.0033004,-0.0033014,-1.5459,-0.0301,-171.1
6.1217,8.1892,1.143,0.39656,-5.529,-0.0064013,-0.006407,-1.5002,-0.023,-241.01
6.1617,8.1223,1.0663,0.30679,-5.4301,9.9627e-05,0.00010002,-1.5144,-0.0474,-114.74
6.2017,8.0399,1.0028,0.2002,-5.3022,0.0084968,0.0085126,-1.5345,-0.1027,-51.665
6.2418,7.947,0.86681,0.030696,-5.2194,0.028267,0.028437,-1.5698,-0.2079,-25.106
6.2817,7.7351,0.67606,-0.19311,-4.941,0.08786,0.08943,-1.6257,-0.3452,-14.324
6.3218,7.874,0.30639,0.025127,-5.3053,0.022381,0.022315,-1.5623,-0.0936,-56.682
6.3617,7.894,0.91208,-0.091351,-5.0239,0.0042994,0.0043032,-1.5898,-0.0936,-53.683
6.4019,7.8771,0.75426,-0.015943,-4.9991,0.0051988,0.0052049,-1.575,-0.0766,-65.262
6.4418,7.7669,-0.89792,1.2779,-3.6621,-0.14621,-0.15755,-1.2924,0.0024,1616.1
6.4818,7.7713,-0.20163,-0.1078,-3.8777,0.017781,0.017893,-1.6039,-0.0027,-1436.7
6.5217,8.2561,-2.0965,0.099485,-5.2527,-0.019014,-0.019064,-1.5551,0.0122,430.63
6.5618,8.0044,-2.0472,-0.18092,-5.4238,0.0019996,0.0020008,-1.6044,-0.088,-61.668
6.6018,7.9534,-2.0298,-0.27464,-5.4758,-0.0030999,-0.0030984,-1.6204,-0.1528,-35.881
6.6419,8.0561,-2.3545,-0.36454,-5.6578,-0.039159,-0.039288,-1.6404,-0.1811,-31.306
6.6819,8.0448,-2.5015,-0.48648,-5.5338,-0.019916,-0.019948,-1.6612,-0.2328,-23.862
6.7219,8.0161,-2.6032,-0.51398,-5.3475,0.018884,0.018855,-1.6639,-0.2297,-23.388
6.7619,7.9401,-2.7363,-0.56371,-5.2528,0.041024,0.040881,-1.6715,-0.2389,-22.114
6.8019,7.956,-2.8902,-0.46501,-5.2701,0.028983,0.029117,-1.6632,-0.1991,-26.573
6.8419,7.6921,-2.4698,-9.5001,18.584,-0.021231,-0.022263,-1.5191,-0.12903,-161.76
6.8819,7.4544,-2.0196,0.86002,-3.8078,-0.071481,-0.073679,-1.3749,-0.0589,-66.277
6.9219,8.0047,-1.3385,0.27677,-4.6134,0.020483,0.020379,-1.5054,-0.1116,-41.413
6.9619,7.7728,0.82411,0.33655,-4.1756,0.0071976,0.0071809,-1.488,-0.1076,-38.932
7.0019,7.916,0.78555,0.33461,-4.5698,0.0076978,0.0076818,-1.4956,-0.0443,-103.43
7.0421,7.8791,0.50868,0.32636,-5.4416,0.083112,0.081848,-1.4948,0.0369,147.73
7.082,7.9175,0.53126,0.33771,-5.6455,0.10979,0.10789,-1.4926,0.0707,79.994
7.122,7.7817,-0.87035,0.33951,-5.1956,0.15196,0.14746,-1.475,0.0622,83.708
7.162,8.1188,-1.4119,0.29499,-5.4496,0.11681,0.11454,-1.4957,0.0958,56.969
7.202,8.0913,-1.6708,0.34963,-5.3733,0.091664,0.090193,-1.4888,0.1284,41.936
******-------------------------------------------------------------------------------------------------------------------****** 
