******-------------------------------------------------------------------------------------------------------------------****** 
Duration of the scene is: 48.4938 seconds
Original Targets Numbers in the hole Scene: 11
Number of Targets in the hole Scene after preprocessing: 29
Number of static portions: 2
******-------------------------------------------------------------------------------------------------------------------****** 
TargetID: ID31
Relevancy: 0
tj = Inf
Label: -1
Comment: Target is irrelevant as it is not crossing the estimated holding line
DATA:
10.082,-9.6171,19.805,NaN,NaN,NaN,NaN,-0.6286,NaN,NaN
10.122,-9.307,19.906,NaN,NaN,NaN,NaN,-0.5265,NaN,NaN
10.162,-9.1258,19.8,NaN,NaN,NaN,NaN,-0.5265,NaN,NaN
10.202,-8.9331,19.695,NaN,NaN,NaN,NaN,-0.5265,NaN,NaN
10.242,NaN,NaN,NaN,NaN,NaN,NaN,-1.5557,NaN,NaN
10.282,NaN,NaN,NaN,NaN,NaN,NaN,-1.6064,NaN,NaN
10.322,NaN,NaN,NaN,NaN,NaN,NaN,-1.6198,NaN,NaN
10.362,NaN,NaN,NaN,NaN,NaN,NaN,-1.3953,NaN,NaN
10.402,NaN,NaN,NaN,NaN,NaN,NaN,-0.9221,NaN,NaN
10.442,NaN,NaN,NaN,NaN,NaN,NaN,-0.7852,NaN,NaN
10.482,NaN,NaN,NaN,NaN,NaN,NaN,-0.6756,NaN,NaN
10.522,NaN,NaN,NaN,NaN,NaN,NaN,-0.9134,NaN,NaN
10.562,NaN,NaN,NaN,NaN,NaN,NaN,-0.9584,NaN,NaN
10.602,NaN,NaN,NaN,NaN,NaN,NaN,-0.9584,NaN,NaN
10.642,NaN,NaN,NaN,NaN,NaN,NaN,-0.9585,NaN,NaN
10.682,-8.3656,17.577,1.8036,-4.1339,0,0,-1.1594,0,Inf
10.722,-8.2944,17.411,1.8039,-4.1338,0,0,-1.1593,0,Inf
10.762,-8.2222,17.246,1.8036,-4.1339,0,0,-1.1594,0,Inf
10.802,-8.4222,16.854,1.285,-4.472,-0.017606,-0.017195,-1.2911,-0.0081,-574.43
10.842,-8.3653,16.676,1.2842,-4.4747,-0.018345,-0.017855,-1.2915,-0.0081,-574.74
10.882,-8.3191,16.497,1.2834,-4.4776,-0.018986,-0.018413,-1.2918,-0.0081,-575.04
10.922,-8.2673,16.319,1.2824,-4.4804,-0.019633,-0.018965,-1.2922,-0.0081,-575.34
10.962,-8.2106,16.139,1.2818,-4.4831,-0.020285,-0.019512,-1.2924,-0.0081,-575.65
11.017,-8.1643,15.96,1.2809,-4.4859,-0.020843,-0.019952,-1.2928,-0.0081,-575.95
11.043,-8.1065,15.78,1.28,-4.4887,-0.02151,-0.020481,-1.2931,-0.0081,-576.25
11.084,-8.0548,15.601,1.2792,-4.4915,-0.022086,-0.020903,-1.2935,-0.0081,-576.55
11.123,-8.0013,15.423,1.278,-4.4944,-0.022666,-0.021319,-1.2939,-0.0081,-576.86
11.163,-7.943,15.243,1.2772,-4.4972,-0.023149,-0.021631,-1.2943,-0.0081,-577.16
******-------------------------------------------------------------------------------------------------------------------****** 
TargetID: ID36
Target can not be processed due to lack of Data
******-------------------------------------------------------------------------------------------------------------------****** 
TargetID: ID40
Target can not be processed due to lack of Data
******-------------------------------------------------------------------------------------------------------------------****** 
TargetID: ID44
Target can not be processed due to lack of Data
******-------------------------------------------------------------------------------------------------------------------****** 
TargetID: ID45
Target can not be processed due to lack of Data
******-------------------------------------------------------------------------------------------------------------------****** 
TargetID: ID15
Relevancy: 1
tj = 30.8082
Label: 0
Comment: Target is relevant and going straight, since target is crossing Ego X-axis in EFC
DATA:
27.688,-0.16229,36.095,NaN,NaN,NaN,NaN,-1.1023,NaN,NaN
27.728,0.31701,35.891,NaN,NaN,NaN,NaN,-0.87,NaN,NaN
27.768,0.98232,35.786,NaN,NaN,NaN,NaN,-0.6092,NaN,NaN
27.808,-0.60619,34.579,NaN,NaN,NaN,NaN,-1.7516,NaN,NaN
27.848,-0.29228,34.281,NaN,NaN,NaN,NaN,-1.5699,NaN,NaN
27.888,0.41432,34.224,NaN,NaN,NaN,NaN,-1.24,NaN,NaN
27.928,0.78149,33.949,NaN,NaN,NaN,NaN,-1.1367,NaN,NaN
27.968,0.94408,33.595,NaN,NaN,NaN,NaN,-1.1367,NaN,NaN
28.008,1.1069,33.24,NaN,NaN,NaN,NaN,-1.1366,NaN,NaN
28.048,0.66723,32.631,NaN,NaN,NaN,NaN,-1.3273,NaN,NaN
28.088,0.9404,32.298,NaN,NaN,NaN,NaN,-1.2765,NaN,NaN
28.128,1.057,31.915,NaN,NaN,NaN,NaN,-1.2765,NaN,NaN
28.168,1.8986,31.829,3.5664,-9.2693,0,0,-1.2035,0,Inf
28.208,2.1844,31.519,3.9007,-9.1372,0.040278,0.048905,-1.1672,0.0036,2759.7
28.248,1.9959,30.941,3.1094,-9.5918,0.061221,0.074336,-1.2572,-0.0007,-14405
28.288,2.2801,30.63,3.444,-9.4455,0.018879,0.022925,-1.2211,0.0038,2645.7
28.332,2.5549,30.311,3.7159,-9.3262,0.024993,0.030348,-1.1916,0.0118,850.79
28.368,2.9435,30.04,4.1748,-9.1022,0.058711,0.071281,-1.1407,0.0335,298.92
28.408,3.0859,29.647,4.1205,-9.1864,0.10331,0.12541,-1.149,0.0262,384.28
28.448,3.251,29.28,4.137,-9.1972,0.10052,0.12203,-1.1479,0.0262,384.92
28.488,3.525,28.959,4.3819,-9.1153,0.14316,0.17376,-1.1224,0.0494,204.73
28.528,3.6706,28.58,4.3422,-9.1475,0.13548,0.16447,-1.1274,0.0425,238.25
28.568,3.7307,28.152,4.0827,-9.291,0.10959,0.13305,-1.1566,0.0061,1663.7
28.608,3.6456,27.647,3.4579,-9.5962,0.076141,0.092465,-1.2249,-0.082,-124.39
28.648,3.871,27.302,3.6345,-9.5316,0.061311,0.074463,-1.2066,-0.0539,-189.26
28.688,4.1842,27.008,4.028,-9.3315,0.045309,0.055027,-1.1634,0.0059,1722.7
28.728,4.3413,26.633,4.027,-9.3582,0.056634,0.068776,-1.1644,0.0032,3183.7
28.768,4.4795,26.273,4.0211,-9.3739,0.067686,0.082213,-1.1657,-0.0028,-3642.8
28.808,4.8101,25.979,4.4936,-9.121,0.061499,0.074666,-1.1129,0.071,143.21
28.848,4.9982,25.626,4.5597,-9.0942,0.074785,0.09084,-1.1062,0.0749,135.82
28.888,5.815,26.031,4.7348,-9.0202,0.096611,0.11729,-1.0867,0.1129,90.233
28.928,5.9619,25.668,4.7105,-9.0469,0.099118,0.12021,-1.09,0.1012,100.79
28.968,6.0613,25.221,4.4691,-9.197,0.10423,0.12655,-1.1177,0.0633,161.54
29.008,6.2529,24.854,4.5303,-9.2026,0.12046,0.14625,-1.1125,0.0668,153.55
29.048,6.4932,24.524,4.7226,-9.1338,0.13784,0.16733,-1.0926,0.0875,117.51
29.088,6.4456,23.939,4.0016,-9.5395,0.12082,0.14671,-1.1728,-0.0092,-1124.4
29.128,6.7046,23.633,4.3311,-9.4291,0.14483,0.17585,-1.1392,0.0305,340.21
29.168,6.8087,23.23,4.1917,-9.5443,0.14716,0.17841,-1.156,0.0091,1145.5
29.208,7.0171,22.89,4.3381,-9.4755,0.1545,0.18759,-1.1404,0.0254,410.29
29.248,6.9565,22.441,3.8473,-9.8035,0.15049,0.18245,-1.1968,-0.0364,-289.32
29.288,7.1704,22.066,3.9969,-9.7721,0.1626,0.19711,-1.1825,-0.0204,-517.54
29.328,7.2428,21.654,3.7808,-9.9169,0.16584,0.2007,-1.2055,-0.0438,-242.31
29.368,7.5011,21.317,4.0872,-9.7925,0.1854,0.22471,-1.1742,-0.0106,-1001.1
29.408,7.7638,20.968,4.3498,-9.7053,0.20153,0.24419,-1.1481,0.0164,648.51
29.448,7.9993,20.588,4.5016,-9.7009,0.23071,0.27946,-1.1348,0.03,356.48
29.488,8.138,20.191,4.4456,-9.825,0.24878,0.30058,-1.1443,0.0189,570.58
29.528,8.3785,19.815,4.6166,-9.7936,0.27386,0.33072,-1.1285,0.0326,332.12
29.568,8.5602,19.418,4.6241,-9.8133,0.28926,0.35018,-1.1286,0.0314,345.48
29.608,8.6843,19.002,4.5117,-9.9728,0.28907,0.34903,-1.1441,0.0166,659.39
29.648,8.848,18.591,4.4763,-10.007,0.29203,0.35357,-1.1483,0.0124,884.06
29.688,8.9186,18.153,4.2453,-10.208,0.27309,0.3299,-1.175,-0.0109,-1014.3
29.728,9.0255,17.744,4.1188,-10.273,0.24631,0.2977,-1.188,-0.0227,-487.57
29.768,9.1732,17.323,4.0774,-10.341,0.24294,0.29366,-1.1938,-0.0264,-421.04
29.808,9.4381,17.385,5.059,-9.8103,0.29822,0.3613,-1.0918,0.0672,164.25
29.848,9.6644,16.982,5.1543,-9.9049,0.30721,0.37023,-1.0881,0.0692,161.35
29.888,9.8759,16.607,5.1931,-9.8441,0.29011,0.35061,-1.0826,0.0706,157.65
29.928,10.161,16.228,5.3647,-9.831,0.29567,0.35643,-1.0685,0.0804,139.3
29.968,10.302,15.808,5.2724,-9.9238,0.28708,0.34617,-1.0798,0.0694,161.92
30.008,10.503,15.402,5.2925,-9.9486,0.28079,0.33865,-1.0793,0.0683,164.99
30.048,10.827,15.041,5.5012,-9.8476,0.29762,0.35964,-1.0586,0.0835,135.09
30.088,11.046,14.643,5.5476,-9.8808,0.27872,0.33618,-1.0566,0.0831,136.36
30.128,11.379,14.29,5.7619,-9.7484,0.27617,0.33381,-1.0344,0.0989,114.5
30.168,11.542,13.873,5.6875,-9.8451,0.25063,0.30252,-1.0446,0.0886,128.33
30.208,11.793,13.48,5.7578,-9.8202,0.23383,0.28235,-1.0383,0.0916,124.28
30.248,11.991,13.072,5.7161,-9.8376,0.19889,0.24037,-1.0426,0.0864,131.69
30.288,12.197,12.676,5.7002,-9.8276,0.16483,0.19936,-1.0437,0.0833,136.39
30.328,12.475,12.282,5.8067,-9.7807,0.14673,0.17755,-1.0337,0.0898,126.66
30.372,12.648,11.889,5.7196,-9.7608,0.084841,0.10281,-1.04,0.0823,137.46
30.408,12.872,11.5,5.7388,-9.7264,0.05896,0.071495,-1.0372,0.0824,137.05
30.448,13.104,11.114,5.7663,-9.6788,0.027166,0.032967,-1.0332,0.0836,134.76
30.488,13.351,10.734,5.808,-9.6132,-0.011594,-0.014083,-1.0274,0.0861,130.45
30.528,13.683,10.375,6.018,-9.4837,-0.030006,-0.036466,-1.0056,0.1006,111.65
30.568,13.859,9.9889,5.9142,-9.4625,-0.081388,-0.099035,-1.013,0.0923,120.9
30.608,14.104,9.6081,5.9536,-9.4141,-0.098933,-0.12044,-1.0079,0.094,118.5
30.648,14.339,9.2297,5.97,-9.37,-0.11843,-0.14425,-1.0047,0.094,118.19
30.688,14.54,8.8512,5.9133,-9.3324,-0.15621,-0.19046,-1.0076,0.0893,123.72
30.728,14.727,8.4722,5.8332,-9.3076,-0.18555,-0.22641,-1.0128,0.0827,132.82
30.768,14.958,8.1034,5.8471,-9.2568,-0.19979,-0.24389,-1.0095,0.0829,132.07
30.808,15.295,7.7345,6.0487,-9.1691,-0.19506,-0.23808,-0.9896,0.0965,113.83
30.848,15.538,7.368,6.0738,-9.1292,-0.19639,-0.23972,-0.9857,0.0965,113.63
30.888,15.83,6.9903,6.1817,-9.0915,-0.18098,-0.22081,-0.9755,0.1022,107.57
30.928,16.142,6.6159,6.3206,-9.0344,-0.17242,-0.21031,-0.9621,0.1105,99.782
30.968,16.369,6.2553,6.2936,-8.9906,-0.19531,-0.23839,-0.9621,0.1072,102.37
31.008,16.593,5.8868,6.2477,-8.9476,-0.23035,-0.28143,-0.9636,0.1033,105.64
31.048,16.839,5.5227,6.2566,-8.9186,-0.22732,-0.27771,-0.9614,0.102,106.81
31.088,17.031,5.1582,6.1434,-8.8799,-0.27267,-0.33356,-0.9685,0.0937,115.24
31.128,17.277,4.7973,6.1589,-8.8494,-0.26565,-0.32492,-0.9656,0.093,115.93
31.168,17.523,4.4374,6.1698,-8.815,-0.26431,-0.32328,-0.9629,0.0923,116.57
31.208,17.773,4.0623,6.1815,-8.8113,-0.24896,-0.30437,-0.9617,0.091,118.28
31.248,18.021,3.7004,6.1973,-8.8022,-0.22756,-0.27804,-0.9598,0.0894,120.41
31.288,18.285,3.3416,6.2511,-8.7684,-0.21831,-0.26667,-0.9538,0.0919,117.18
31.328,18.536,2.9911,6.2715,-8.7285,-0.21955,-0.2682,-0.9501,0.0919,116.95
31.368,18.788,2.6425,6.2923,-8.6881,-0.2207,-0.26961,-0.9464,0.0919,116.73
31.423,19.041,2.295,6.3126,-8.6479,-0.22184,-0.27103,-0.9427,0.0919,116.5
31.448,19.296,1.9488,6.332,-8.6082,-0.22299,-0.27245,-0.939,0.0919,116.28
31.488,19.538,1.5924,6.3241,-8.596,-0.21606,-0.26393,-0.9389,0.0892,119.64
31.528,19.793,1.2483,6.3428,-8.5575,-0.2172,-0.26534,-0.9353,0.0892,119.42
31.568,20.048,0.90597,6.3614,-8.5188,-0.21826,-0.26665,-0.9318,0.0892,119.19
31.608,19.843,1.3991,6.8698,-8.7274,0.032912,0.039912,-0.9031,0.1067,104.09
31.648,20.121,1.1633,6.9592,-8.4179,-0.16481,-0.2016,-0.8841,0.1179,92.638
31.688,20.513,0.92647,6.7971,-8.1663,-0.53505,-0.62957,-0.862,0.1325,80.188
31.728,20.86,0.78086,6.8099,-7.8746,-0.79359,-0.91829,-0.8352,0.1521,68.447
31.768,21.178,0.56415,6.8244,-7.7008,-0.90416,-1.0382,-0.8194,0.1596,64.471
31.808,21.46,0.27342,6.8278,-7.6156,-0.91252,-1.0466,-0.813,0.1596,64.087
31.848,21.743,-0.013782,6.8307,-7.5304,-0.92081,-1.0549,-0.8067,0.1596,63.702
31.888,21.628,0.094421,6.7627,-7.3425,-1.0298,-1.1875,-0.8025,0.1546,64.568
31.928,21.78,-0.064107,6.3536,-7.0635,-1.4702,-1.6478,-0.801,0.1457,65.207
31.968,21.969,-0.1909,6.0433,-6.7894,-1.8725,-2.0378,-0.7924,0.1443,62.989
32.008,21.995,-0.15244,5.8291,-6.5111,-2.2054,-2.3829,-0.7866,0.1379,63.373
32.048,22.222,-0.3044,5.6805,-6.314,-2.4317,-2.5818,-0.7757,0.1406,60.407
32.088,22.448,-0.54798,5.036,-5.6463,-2.1583,-2.297,-0.7724,0.139,54.431
32.128,22.668,-0.78165,4.9417,-5.5379,-2.1644,-2.2906,-0.7694,0.1369,54.216
32.168,22.908,-1.0297,4.9712,-5.4931,-2.0572,-2.1892,-0.7656,0.1362,54.395
32.209,23.134,-1.2404,4.8851,-5.3731,-2.0735,-2.1918,-0.7601,0.1362,53.318
32.248,23.356,-1.4464,4.7971,-5.2546,-2.09,-2.1936,-0.7547,0.1362,52.239
32.289,23.576,-1.6475,4.7073,-5.1374,-2.1066,-2.1943,-0.7493,0.1362,51.159
32.329,23.728,-1.722,5.5079,-4.9913,-2.5898,-3.1232,-0.7362,0.1423,52.235
32.369,23.933,-1.9018,5.4304,-4.8649,-2.6156,-3.1559,-0.7305,0.1423,51.236
32.411,24.134,-2.0765,5.3521,-4.7403,-2.6419,-3.1895,-0.7249,0.1423,50.242
32.448,24.332,-2.2458,5.2731,-4.6172,-2.6689,-3.2243,-0.7192,0.1423,49.254
32.488,24.525,-2.4096,5.1937,-4.4956,-2.6968,-3.2604,-0.7135,0.1423,48.272
32.528,24.715,-2.5687,5.1135,-4.3759,-2.7256,-3.298,-0.7078,0.1423,47.296
32.569,24.901,-2.7225,5.033,-4.2579,-2.7554,-3.3372,-0.7022,0.1423,46.328
32.608,25.438,-3.0844,5.9157,-4.3065,-1.3384,-1.8159,-0.6827,0.1504,48.652
32.648,25.836,-3.3905,6.1494,-4.6843,-0.70391,-0.89877,-0.6752,0.1503,51.432
32.688,26.179,-3.6716,6.315,-4.9473,-0.23632,-0.2914,-0.6719,0.1473,54.461
32.729,26.432,-3.8664,6.3331,-4.9008,-0.23764,-0.29308,-0.666,0.1473,54.365
32.769,26.685,-4.0591,6.3511,-4.8541,-0.23904,-0.29488,-0.6601,0.1473,54.268
32.809,26.939,-4.2504,6.3684,-4.8078,-0.24036,-0.29656,-0.6543,0.1473,54.172
32.848,27.193,-4.4398,6.3855,-4.7613,-0.24167,-0.29824,-0.6484,0.1473,54.075
32.889,27.448,-4.6274,6.4022,-4.7148,-0.2429,-0.29982,-0.6425,0.1473,53.978
32.929,27.704,-4.8125,6.4188,-4.668,-0.24421,-0.3015,-0.6366,0.1473,53.881
32.969,27.96,-4.9962,6.4349,-4.6215,-0.24552,-0.30318,-0.6307,0.1473,53.785
33.009,28.217,-5.1772,6.4509,-4.5745,-0.24674,-0.30475,-0.6248,0.1473,53.688
33.049,28.474,-5.3572,6.4663,-4.5278,-0.24805,-0.30644,-0.6189,0.1473,53.591
33.089,28.732,-5.5355,6.4814,-4.4812,-0.24927,-0.30801,-0.613,0.1473,53.494
33.129,28.991,-5.7118,6.4963,-4.4344,-0.25049,-0.30958,-0.6071,0.1473,53.398
33.169,29.25,-5.8866,6.5105,-4.3879,-0.25171,-0.31115,-0.6012,0.1473,53.3
33.209,29.51,-6.0593,6.5246,-4.3412,-0.25293,-0.31272,-0.5954,0.1473,53.204
******-------------------------------------------------------------------------------------------------------------------****** 
TargetID: ID22
Relevancy: 0
tj = Inf
Label: -1
Comment: Target is irrelevant as it is not crossing the estimated holding line
DATA:
20.806,18.156,2.8323,NaN,NaN,NaN,NaN,-1.0557,NaN,NaN
20.846,18.433,2.8947,NaN,NaN,NaN,NaN,-1.0654,NaN,NaN
20.886,18.526,2.6516,NaN,NaN,NaN,NaN,-1.0781,NaN,NaN
20.926,19.254,2.3201,3.7189,-6.1374,0,0,-1.026,0,Inf
20.966,19.461,2.4906,3.741,-6.151,-0.0078733,-0.0055223,-1.0245,0.0007,10285
21.006,19.114,3.2658,3.9262,-6.1814,0.0084156,0.005977,-1.0046,0.0306,239.31
21.046,19.287,2.9954,4.1088,-6.1364,-0.059958,-0.043393,-0.983,0.1042,70.873
21.086,19.447,2.7411,4.1114,-6.1164,-0.065726,-0.048225,-0.9814,0.0976,75.511
21.126,19.693,2.5039,4.2929,-6.1282,0.059628,0.043912,-0.9576,0.161,46.474
21.166,19.611,2.6314,4.3721,-6.1185,0.08583,0.063805,-0.9464,0.1768,42.534
21.21,19.695,2.327,4.3644,-5.9234,-0.20725,-0.16056,-0.9457,0.1599,46.014
21.246,19.873,2.1011,4.3379,-5.8628,-0.36165,-0.28821,-0.9515,0.119,61.287
21.286,20.045,1.8318,4.2496,-5.7196,-0.72693,-0.60974,-0.969,0.0495,143.95
21.326,20.173,1.6484,4.1592,-5.4052,-1.2441,-1.1288,-0.9866,-0.0098,-695.94
21.366,20.3,1.4647,4.0787,-5.0908,-1.6173,-1.58,-1.0002,-0.0478,-136.47
21.406,20.433,1.2023,4.0443,-4.9507,-1.5701,-1.5455,-0.9884,-0.0141,-453.38
21.446,20.594,0.93411,3.9772,-5.1396,-1.2481,-1.1829,-0.9893,-0.013,-499.9
21.486,20.771,0.656,3.9344,-5.3996,-0.87604,-0.79689,-0.9914,-0.0132,-506.13
21.526,20.839,0.44909,3.3967,-5.8678,-0.73173,-0.56649,-1.0103,-0.0464,-146.12
21.566,21.044,0.30343,3.5753,-5.7033,-0.6716,-0.52804,-0.9773,0.0248,271.42
21.606,21.189,0.072448,3.6801,-5.8386,-0.62554,-0.48748,-0.97684,0.024823,278.04
21.646,21.338,-0.16378,3.7791,-5.9641,-0.57947,-0.44691,-0.97638,0.024845,284.18
21.686,21.491,-0.40468,3.8721,-6.0794,-0.53343,-0.40636,-0.97592,0.024868,289.84
21.726,21.648,-0.65007,3.9592,-6.1849,-0.48738,-0.3658,-0.97546,0.024891,295.03
21.766,21.808,-0.89957,4.0404,-6.2805,-0.44131,-0.32523,-0.975,0.024914,299.75
21.806,21.971,-1.1525,4.1156,-6.366,-0.39527,-0.28468,-0.97454,0.024936,303.99
21.846,22.137,-1.4088,4.1849,-6.4417,-0.34921,-0.24412,-0.97409,0.024959,307.77
21.886,22.306,-1.6679,4.2483,-6.5073,-0.30316,-0.20356,-0.97363,0.024982,311.08
21.926,22.477,-1.9296,4.3058,-6.5631,-0.25708,-0.16298,-0.97317,0.025005,313.92
21.966,22.651,-2.1932,4.3574,-6.6089,-0.21101,-0.12241,-0.97271,0.025027,316.3
22.006,22.826,-2.4582,4.403,-6.6447,-0.16498,-0.081877,-0.97225,0.02505,318.21
22.046,23.003,-2.7247,4.4427,-6.6706,-0.11892,-0.041309,-0.97179,0.025073,319.66
22.086,23.181,-2.9919,4.4765,-6.6866,-0.072867,-0.00075127,-0.97133,0.025096,320.64
22.126,23.361,-3.2597,4.5043,-6.6926,-0.026801,0.039818,-0.97087,0.025118,321.17
22.166,23.542,-3.5275,4.5263,-6.6886,0.019271,0.080392,-0.97041,0.025141,321.24
22.213,23.754,-3.8405,4.5444,-6.6713,0.073194,0.12788,-0.96987,0.025168,320.73
22.246,23.907,-4.0636,4.5524,-6.6506,0.11173,0.16182,-0.96949,0.025187,319.99
22.286,24.087,-4.3257,4.5565,-6.6172,0.15721,0.20187,-0.96904,0.025209,318.71
22.326,24.269,-4.5896,4.5548,-6.5736,0.20326,0.24243,-0.96858,0.025232,316.96
22.366,24.451,-4.8516,4.5472,-6.5199,0.24931,0.28299,-0.96812,0.025255,314.75
22.406,24.633,-5.1112,4.5336,-6.4563,0.29535,0.32353,-0.96766,0.025277,312.1
22.446,24.814,-5.368,4.5141,-6.3828,0.3414,0.36409,-0.9672,0.0253,309
22.486,24.99,-5.678,4.568,-6.5037,0.42449,0.45867,-0.973,0.019,418.3
22.526,25.161,-6.0248,4.6253,-6.6913,0.53763,0.58925,-0.9835,0.0084,968.37
22.566,25.336,-6.3102,4.6433,-6.7445,0.53792,0.59386,-0.9852,0.0072,1137.3
22.606,25.512,-6.5781,4.6411,-6.7547,0.49486,0.54864,-0.9848,0.0075,1092.7
22.646,25.701,-6.8397,4.6241,-6.7742,0.45227,0.50361,-0.9865,0.0051,1608.2
22.686,25.917,-7.111,4.6746,-6.8018,0.44085,0.49368,-0.9828,0.007,1179
22.726,26.104,-7.3626,4.6451,-6.7687,0.34859,0.39068,-0.9806,0.0081,1013.5
22.766,26.278,-7.7093,4.6841,-6.9359,0.4097,0.46266,-0.9896,-0.0003,-27898
22.806,26.459,-7.9776,4.6297,-6.8983,0.31894,0.3607,-0.9898,-0.0008,-10385
22.846,26.593,-8.2978,4.6271,-7.0241,0.34833,0.39546,-0.999,-0.0079,-1064.7
22.886,26.739,-8.5958,4.5443,-7.0206,0.26408,0.30001,-1.0046,-0.0126,-663.73
22.926,26.875,-8.9213,4.4454,-7.0659,0.18614,0.2113,-1.015,-0.0215,-388.28
22.966,27.042,-9.2102,4.4134,-7.0775,0.15364,0.17472,-1.018,-0.0233,-357.98
23.006,27.214,-9.4727,4.3669,-7.0344,0.060017,0.068146,-1.0171,-0.0228,-363.14
23.046,27.38,-9.7865,4.3056,-7.0554,0.0015892,0.0018044,-1.0229,-0.0278,-297.32
23.086,27.541,-10.069,4.2774,-7.0503,-0.022586,-0.025703,-1.0248,-0.0284,-290.37
23.126,27.749,-10.282,4.2802,-6.9351,-0.11756,-0.13347,-1.014,-0.0181,-450.25
******-------------------------------------------------------------------------------------------------------------------****** 
TargetID: ID23
Relevancy: 0
tj = Inf
Label: -1
Comment: Target is irrelevant as it is not crossing the estimated holding line
DATA:
40.211,-2.0194,41.024,NaN,NaN,NaN,NaN,-0.9576,NaN,NaN
40.251,-1.8217,40.745,NaN,NaN,NaN,NaN,-0.9576,NaN,NaN
40.291,-1.6242,40.467,NaN,NaN,NaN,NaN,-0.9576,NaN,NaN
40.331,-1.5078,40.172,NaN,NaN,NaN,NaN,-1.0116,NaN,NaN
40.371,-1.2353,39.978,NaN,NaN,NaN,NaN,-0.9453,NaN,NaN
40.411,0.051781,40.253,NaN,NaN,NaN,NaN,-0.4371,NaN,NaN
40.451,0.44833,40.069,NaN,NaN,NaN,NaN,-0.4371,NaN,NaN
40.491,-0.3813,39.232,NaN,NaN,NaN,NaN,-0.926,NaN,NaN
40.531,0.43425,39.221,NaN,NaN,NaN,NaN,-0.6968,NaN,NaN
40.573,-0.49327,38.405,NaN,NaN,NaN,NaN,-1.1599,NaN,NaN
40.612,-0.35813,38.09,NaN,NaN,NaN,NaN,-1.1599,NaN,NaN
40.652,-0.23535,37.721,NaN,NaN,NaN,NaN,-1.1698,NaN,NaN
40.692,-0.22682,37.296,NaN,NaN,NaN,NaN,-1.2201,NaN,NaN
40.732,-0.15506,36.903,NaN,NaN,NaN,NaN,-1.2405,NaN,NaN
40.772,0.37161,36.698,2.7772,-8.6157,0,0,-1.259,0,Inf
40.812,0.32263,36.24,2.3968,-8.8743,0.01129,0.014149,-1.307,0.009,1021.4
40.852,0.81071,36.06,3.2596,-8.4627,0.012046,0.014994,-1.2031,0.0335,270.71
40.892,0.85485,35.643,3.0501,-8.6978,0.10968,0.13552,-1.2333,0.0377,244.49
40.932,1.0471,35.33,3.2269,-8.6528,0.12752,0.1564,-1.2136,0.049,188.47
40.972,1.1849,34.97,3.2565,-8.7322,0.16298,0.19828,-1.2135,0.0548,170.07
41.012,1.3261,34.621,3.2886,-8.7598,0.15977,0.19268,-1.2113,0.0548,170.74
41.052,1.264,34.161,2.8729,-9.0324,0.11726,0.14009,-1.2626,0.0024,3949.3
41.092,1.3023,33.76,2.7057,-9.1621,0.078543,0.092867,-1.2836,-0.0208,-459.29
41.132,1.4094,33.393,2.7097,-9.204,0.070878,0.08286,-1.2845,-0.0208,-461.28
41.171,1.4499,33.023,2.5594,-9.2612,0.02786,0.032186,-1.3012,-0.0514,-186.93
41.212,1.5891,32.665,2.6021,-9.2752,0.020881,0.023822,-1.2973,-0.044,-218.94
41.252,1.7433,32.327,2.7097,-9.2312,0.012493,0.014061,-1.2853,-0.0286,-336.39
41.292,1.9453,32.012,2.912,-9.1187,0.00037854,0.00042029,-1.2617,0.0026,3681.7
41.332,2.1998,31.723,3.2339,-8.9198,-0.018621,-0.020341,-1.223,0.0549,172.82
41.372,2.4006,31.405,3.4305,-8.7941,-0.027174,-0.02919,-1.1989,0.0866,109
41.412,2.6084,31.099,3.6493,-8.6248,-0.05234,-0.055215,-1.1704,0.1223,76.575
41.452,2.6867,30.707,3.4948,-8.737,-0.026335,-0.027259,-1.1903,0.09,104.56
41.492,2.8287,30.36,3.5285,-8.7331,-0.030392,-0.03081,-1.1869,0.09,104.66
41.532,2.9995,30.018,3.5914,-8.6901,-0.038562,-0.038237,-1.179,0.0967,97.239
41.572,3.1476,29.676,3.6177,-8.6565,-0.053031,-0.051359,-1.1749,0.0967,97.022
41.623,3.3357,29.358,3.7517,-8.5697,-0.05827,-0.055085,-1.1583,0.1124,83.229
41.652,3.2756,28.878,3.2241,-8.8995,-0.018406,-0.016965,-1.2232,0.0293,323.05
41.692,3.4292,28.542,3.3108,-8.8581,-0.021469,-0.019271,-1.2131,0.04,236.42
41.732,3.4241,28.096,2.9294,-9.0756,0.0029826,0.0026049,-1.2586,-0.0138,-691.06
41.772,3.6572,27.793,3.2013,-8.9377,-0.015963,-0.013537,-1.2269,0.0228,416.39
41.812,3.8895,27.5,3.4404,-8.7783,-0.052314,-0.043035,-1.1974,0.053,177.89
41.852,3.8635,26.997,3.0184,-9.1304,0.051432,0.040975,-1.2514,-0.0021,-4579.2
41.892,3.9777,26.622,2.9941,-9.1636,0.068542,0.052854,-1.255,-0.0054,-1785.3
41.932,4.3329,26.396,3.4846,-8.8429,-0.01576,-0.011749,-1.1954,0.054,176.01
41.972,4.6233,26.141,3.8146,-8.589,-0.097432,-0.070158,-1.153,0.0932,100.84
42.012,5.0712,25.989,4.3919,-8.0826,-0.27123,-0.18825,-1.073,0.1658,55.481
42.052,5.3852,25.757,4.6687,-7.8068,-0.36009,-0.24058,-1.0318,0.1979,45.964
42.092,6.0369,26.119,4.9691,-7.5779,-0.41761,-0.26979,-0.9931,0.2274,39.85
42.132,6.2476,25.817,5.028,-7.5176,-0.43327,-0.26873,-0.984,0.2274,39.771
42.172,6.3802,25.465,4.9683,-7.5724,-0.39972,-0.23741,-0.9926,0.2122,42.68
42.212,6.5858,25.165,5.0235,-7.5162,-0.41378,-0.23528,-0.9842,0.2122,42.603
42.252,6.6918,24.769,4.8856,-7.636,-0.38116,-0.20687,-1.0039,0.1891,47.939
42.292,6.8071,24.39,4.7818,-7.7082,-0.37921,-0.19623,-1.0178,0.1719,52.769
42.332,6.9945,24.089,4.8322,-7.6606,-0.37949,-0.18707,-1.0103,0.1723,52.567
******-------------------------------------------------------------------------------------------------------------------****** 
TargetID: ID26
Target can not be processed due to lack of Data
******-------------------------------------------------------------------------------------------------------------------****** 
TargetID: ID27
Relevancy: 0
tj = Inf
Label: -1
Comment: Target is irrelevant as it is not crossing the estimated holding line
DATA:
39.811,-7.9429,62.816,NaN,NaN,NaN,NaN,-1.3383,NaN,NaN
39.851,-7.8823,62.632,NaN,NaN,NaN,NaN,-1.3384,NaN,NaN
39.891,-8.8586,61.842,NaN,NaN,NaN,NaN,-2.1626,NaN,NaN
39.931,-9.0469,61.562,NaN,NaN,NaN,NaN,-2.1626,NaN,NaN
39.971,-8.8199,61.391,NaN,NaN,NaN,NaN,-2.0119,NaN,NaN
40.011,-8.9378,61.139,NaN,NaN,NaN,NaN,-2.0118,NaN,NaN
40.051,-8.2252,61.289,NaN,NaN,NaN,NaN,-1.496,NaN,NaN
40.091,-8.2025,61.092,NaN,NaN,NaN,NaN,-1.496,NaN,NaN
40.131,-7.5669,61.193,NaN,NaN,NaN,NaN,-1.0517,NaN,NaN
40.171,-7.475,61.031,NaN,NaN,NaN,NaN,-1.0517,NaN,NaN
40.211,-7.9619,60.541,NaN,NaN,NaN,NaN,-1.4331,NaN,NaN
40.251,-7.9339,60.345,NaN,NaN,NaN,NaN,-1.433,NaN,NaN
40.291,-7.9056,60.133,NaN,NaN,NaN,NaN,-1.4312,NaN,NaN
40.331,-7.8643,59.937,NaN,NaN,NaN,NaN,-1.4313,NaN,NaN
40.371,-7.2768,59.919,NaN,NaN,NaN,NaN,-1.1923,NaN,NaN
40.411,-7.2005,59.736,NaN,NaN,NaN,NaN,-1.1923,NaN,NaN
40.451,-7.3676,59.425,NaN,NaN,NaN,NaN,-1.2968,NaN,NaN
40.491,-7.3114,59.232,NaN,NaN,NaN,NaN,-1.2968,NaN,NaN
40.531,-7.2522,59.038,NaN,NaN,NaN,NaN,-1.2968,NaN,NaN
40.573,-7.1884,58.846,NaN,NaN,NaN,NaN,-1.2968,NaN,NaN
40.612,-7.3303,58.543,NaN,NaN,NaN,NaN,-1.3518,NaN,NaN
40.652,-7.2835,58.339,NaN,NaN,NaN,NaN,-1.3519,NaN,NaN
40.692,-7.0813,58.183,NaN,NaN,NaN,NaN,-1.309,NaN,NaN
40.732,-7.0286,57.979,NaN,NaN,NaN,NaN,-1.309,NaN,NaN
40.772,-6.7057,57.897,NaN,NaN,NaN,NaN,-1.2321,NaN,NaN
40.812,-6.6342,57.696,NaN,NaN,NaN,NaN,-1.2321,NaN,NaN
40.852,-6.3665,57.563,NaN,NaN,NaN,NaN,-1.1829,NaN,NaN
40.892,-6.2751,57.366,NaN,NaN,NaN,NaN,-1.1829,NaN,NaN
40.932,-6.1922,57.167,NaN,NaN,NaN,NaN,-1.1829,NaN,NaN
40.972,-6.1047,56.971,NaN,NaN,NaN,NaN,-1.183,NaN,NaN
41.012,-5.9926,56.767,NaN,NaN,NaN,NaN,-1.1746,NaN,NaN
41.052,-5.9025,56.566,NaN,NaN,NaN,NaN,-1.1747,NaN,NaN
41.092,-5.7171,56.433,NaN,NaN,NaN,NaN,-1.1427,NaN,NaN
41.132,-5.625,56.232,NaN,NaN,NaN,NaN,-1.1427,NaN,NaN
41.171,-5.7924,55.865,NaN,NaN,NaN,NaN,-1.2075,NaN,NaN
41.212,-5.7005,55.656,NaN,NaN,NaN,NaN,-1.2075,NaN,NaN
41.252,-5.6196,55.445,NaN,NaN,NaN,NaN,-1.2076,NaN,NaN
41.292,-5.5278,55.236,NaN,NaN,NaN,NaN,-1.2077,NaN,NaN
41.332,-5.6934,55.015,NaN,NaN,NaN,NaN,-1.2387,NaN,NaN
41.372,-5.6142,54.81,NaN,NaN,NaN,NaN,-1.2388,NaN,NaN
41.412,-5.6214,54.543,NaN,NaN,NaN,NaN,-1.2517,NaN,NaN
41.452,-5.5347,54.329,NaN,NaN,NaN,NaN,-1.2517,NaN,NaN
41.492,-5.3416,54.157,NaN,NaN,NaN,NaN,-1.2283,NaN,NaN
41.532,-5.2543,53.945,NaN,NaN,NaN,NaN,-1.2283,NaN,NaN
41.572,-4.9761,53.676,1.7089,-5.7634,0,0,-1.2825,0,Inf
41.623,-4.8998,53.448,1.7082,-5.7636,0,0,-1.2827,0,Inf
41.652,-4.824,53.217,1.7083,-5.7636,0,0,-1.2826,0,Inf
41.692,-4.7564,52.99,1.7075,-5.7638,0,0,-1.2828,0,Inf
41.732,-4.6751,52.76,1.7074,-5.7638,0,0,-1.2828,0,Inf
41.772,-4.6034,52.532,1.7066,-5.7641,0,0,-1.2829,0,Inf
41.812,-4.7797,52.076,1.5395,-6.2524,0.26493,0.21763,-1.3284,0.0191,337.13
41.852,-4.7147,51.827,1.5529,-6.2887,0.27657,0.22009,-1.3277,0.0191,339.14
41.892,-4.7359,51.527,1.4863,-6.3852,0.24389,0.18838,-1.3429,0.0138,475.07
41.932,-4.6669,51.273,1.4987,-6.4241,0.25349,0.18929,-1.3424,0.0138,478.02
41.972,-4.8706,50.85,1.1693,-6.6971,0.25901,0.18624,-1.3972,-0.0148,-459.35
42.012,-4.8176,50.582,1.1733,-6.7465,0.2703,0.18738,-1.3978,-0.0148,-462.69
42.052,-4.7615,50.311,1.1773,-6.796,0.2824,0.18844,-1.3985,-0.0148,-466.03
42.092,-4.7145,50.039,1.1815,-6.8454,0.29528,0.1894,-1.399,-0.0148,-469.37
42.132,-4.6545,49.763,1.1852,-6.8948,0.30875,0.19001,-1.3997,-0.0148,-472.7
42.172,-4.6117,49.491,1.1887,-6.9444,0.32278,0.19027,-1.4004,-0.0148,-476.04
42.212,-4.5575,49.212,1.1924,-6.9938,0.33694,0.19003,-1.401,-0.0148,-479.37
42.252,-4.5003,48.931,1.196,-7.0432,0.35166,0.18937,-1.4017,-0.0148,-482.7
42.292,-4.3596,48.636,1.3667,-7.1292,0.41694,0.21384,-1.3803,0.008,907.37
42.332,-4.3104,48.352,1.3786,-7.1802,0.43339,0.21164,-1.38,0.008,913.91
42.372,-4.0611,48.158,1.6519,-7.0518,0.44285,0.20569,-1.3396,0.039,185.71
******-------------------------------------------------------------------------------------------------------------------****** 
TargetID: ID32
Target can not be processed due to lack of Data
******-------------------------------------------------------------------------------------------------------------------****** 
TargetID: ID37
Relevancy: 0
tj = Inf
Label: -1
Comment: Target is irrelevant as it is not crossing the estimated holding line
DATA:
32.569,23.817,-4.7862,NaN,NaN,NaN,NaN,-1.1342,NaN,NaN
32.608,24.015,-5.2109,NaN,NaN,NaN,NaN,-1.1342,NaN,NaN
32.648,24.213,-5.635,NaN,NaN,NaN,NaN,-1.1342,NaN,NaN
32.688,24.411,-6.0591,NaN,NaN,NaN,NaN,-1.1342,NaN,NaN
32.729,25.114,-6.3242,5.1599,-9.1957,0,0,-1.0594,0,Inf
32.769,25.379,-6.5282,5.3721,-8.8498,-0.048007,-0.05829,-1.0251,-0.0142,-729.06
32.809,25.652,-6.8248,5.4119,-8.6102,-0.13998,-0.16992,-1.0094,-0.0358,-284.07
32.848,25.9,-7.1556,5.3935,-8.5123,-0.19906,-0.24159,-1.0057,-0.0462,-218.12
32.889,26.167,-7.3965,5.4957,-8.2563,-0.28054,-0.34037,-0.983,-0.0416,-238.42
32.929,26.441,-7.6551,5.5558,-8.0293,-0.38551,-0.46754,-0.9647,-0.0323,-302.29
32.969,26.703,-7.9638,5.6092,-7.9825,-0.32651,-0.39606,-0.9576,-0.0186,-524.53
33.009,26.974,-8.2892,5.6277,-7.9449,-0.32201,-0.39061,-0.9539,-0.011,-885.1
33.049,27.208,-8.611,5.6198,-7.9363,-0.30402,-0.36881,-0.954,-0.0108,-900.42
33.089,27.442,-8.8957,5.6619,-7.8205,-0.34783,-0.42188,-0.9434,0.008,1206.9
33.129,27.689,-9.2122,5.6897,-7.7785,-0.33433,-0.40648,-0.94,0.0138,698.35
33.169,28.493,-9.7458,5.4599,-8.0061,-0.29675,-0.35794,-0.9693,-0.0516,-187.8
33.209,29.553,-10.724,5.4298,-8.0647,-0.22508,-0.26996,-0.9724,-0.0583,-166.76
33.249,29.871,-10.945,5.6278,-7.9048,-0.15427,-0.18573,-0.9481,-0.026,-373.21
33.289,30.091,-11.253,5.6317,-7.902,-0.1281,-0.15445,-0.9483,-0.0264,-367.56
33.329,30.3,-11.603,5.5926,-7.9631,-0.082513,-0.099743,-0.9564,-0.0378,-257.43
33.369,30.552,-11.902,5.6255,-7.9399,-0.062809,-0.076007,-0.9528,-0.0329,-295.77
33.409,30.933,-12.47,5.6331,-7.9897,0.011771,0.014305,-0.957,-0.0387,-252.61
33.464,31.067,-13.025,5.4188,-8.369,0.138,0.16882,-1.0002,-0.0914,-109.08
33.49,31.258,-13.369,5.3965,-8.4372,0.16872,0.2067,-1.0066,-0.0959,-104.44
33.53,31.407,-13.828,5.2357,-8.6695,0.21532,0.2643,-1.0335,-0.125,-81.022
******-------------------------------------------------------------------------------------------------------------------****** 
