******-------------------------------------------------------------------------------------------------------------------****** 
Duration of the scene is: 10.1715 seconds
Original Targets Numbers in the hole Scene: 4
Number of Targets in the hole Scene after preprocessing: 7
Number of static portions: 1
******-------------------------------------------------------------------------------------------------------------------****** 
TargetID: ID01
Relevancy: 0
tj = Inf
Label: -1
Comment: Target is irrelevant as it is not crossing the estimated holding line
DATA:
0.28131,0.781,55.095,NaN,NaN,NaN,NaN,-1.565,NaN,NaN
0.32773,0.7853,54.834,NaN,NaN,NaN,NaN,-1.565,NaN,NaN
0.35893,0.7873,54.575,NaN,NaN,NaN,NaN,-1.565,NaN,NaN
0.40562,0.7865,54.315,NaN,NaN,NaN,NaN,-1.565,NaN,NaN
0.45246,-0.494,53.923,NaN,NaN,NaN,NaN,-2.1633,NaN,NaN
0.48386,-0.6703,53.658,NaN,NaN,NaN,NaN,-2.1633,NaN,NaN
0.53026,-0.4733,53.282,NaN,NaN,NaN,NaN,-2.0213,NaN,NaN
0.56187,-0.6029,53.015,NaN,NaN,NaN,NaN,-2.0213,NaN,NaN
0.60832,-0.7336,52.747,NaN,NaN,NaN,NaN,-2.0213,NaN,NaN
0.63978,-0.1175,52.408,NaN,NaN,NaN,NaN,-1.7687,NaN,NaN
0.68639,-0.6096,52.136,NaN,NaN,NaN,NaN,-1.9125,NaN,NaN
0.71782,-0.705,51.865,NaN,NaN,NaN,NaN,-1.9125,NaN,NaN
0.7645,-0.8194,51.573,NaN,NaN,NaN,NaN,-1.9166,NaN,NaN
0.81133,-0.735,51.275,NaN,NaN,NaN,NaN,-1.8667,NaN,NaN
0.8425,-0.7227,51.013,NaN,NaN,NaN,NaN,-1.8394,NaN,NaN
0.88909,-0.802,50.74,NaN,NaN,NaN,NaN,-1.8394,NaN,NaN
0.92066,-0.69,50.475,NaN,NaN,NaN,NaN,-1.7873,NaN,NaN
0.96713,-0.7379,50.176,NaN,NaN,NaN,NaN,-1.7855,NaN,NaN
0.99852,-0.59081,49.901,NaN,NaN,NaN,NaN,-1.7351,NaN,NaN
1.0454,-0.62884,49.627,NaN,NaN,NaN,NaN,-1.7352,NaN,NaN
1.0919,-0.7116,49.351,NaN,NaN,NaN,NaN,-1.7434,NaN,NaN
1.1233,-0.70712,49.062,NaN,NaN,NaN,NaN,-1.7332,NaN,NaN
1.1701,-0.2329,48.894,-1.1214,-6.918,-0,-0,-1.7315,0,Inf
1.202,-0.29116,48.607,-1.1748,-6.9324,-0.011504,-0.011495,-1.7387,0.001,7031.2
1.248,-0.42875,48.317,-1.3169,-6.953,-0.044423,-0.044381,-1.7581,0.0018,3931.5
1.2793,-0.55324,48.035,-1.434,-6.9705,-0.098677,-0.098541,-1.7738,0.002,3558.3
1.326,-0.56259,47.759,-1.3566,-6.9739,-0.1378,-0.13761,-1.7631,0.006,1184.1
1.3574,-0.5837,47.483,-1.303,-6.9772,-0.15583,-0.15559,-1.7557,0.0094,755.09
1.4044,-0.64246,47.2,-1.3123,-6.9878,-0.16975,-0.16943,-1.7564,0.0095,748.41
1.4508,-0.65806,46.907,-1.2855,-7.0226,-0.19282,-0.19242,-1.7521,0.0176,405.64
1.4823,-0.71515,46.65,-1.2453,-7.0013,-0.19274,-0.19219,-1.7465,0.0171,415.86
1.529,-0.87288,46.366,-1.4386,-7.0222,-0.21298,-0.21233,-1.7725,-0.0099,-724.04
1.5603,-0.85819,46.078,-1.3037,-7.0446,-0.22546,-0.22479,-1.7541,0.0153,468.25
1.6067,-0.90487,45.782,-1.3112,-7.0777,-0.23823,-0.23742,-1.7543,0.0183,393.34
1.6384,-0.81749,45.495,-1.0233,-7.0728,-0.22264,-0.22181,-1.7148,0.0671,106.5
1.6855,-0.88108,45.21,-1.0616,-7.0928,-0.21152,-0.21057,-1.7197,0.0576,124.51
1.7315,-1.2006,44.911,-1.6504,-7.1276,-0.24861,-0.24733,-1.798,-0.0406,-180.2
1.763,-1.1128,44.627,-1.3031,-7.1346,-0.22365,-0.22252,-1.7515,0.0205,353.79
1.8095,-1.0127,44.35,-0.96755,-7.1061,-0.19632,-0.19526,-1.7061,0.073,98.241
1.8409,-1.09,44.061,-1.0424,-7.1276,-0.17956,-0.17846,-1.716,0.0583,123.56
1.8877,-1.0978,43.776,-0.95961,-7.1367,-0.16701,-0.16597,-1.7045,0.0692,104.06
1.919,-1.171,43.486,-1.0263,-7.1522,-0.15695,-0.15587,-1.7133,0.0563,128.34
1.9658,-1.2646,43.204,-1.1392,-7.1598,-0.15423,-0.15312,-1.7283,0.0357,203.08
2.0124,-1.202,42.922,-0.9091,-7.1425,-0.13861,-0.13755,-1.6972,0.0686,104.96
2.0437,-1.2772,42.638,-0.95713,-7.1525,-0.12832,-0.12726,-1.7036,0.058,124.42
2.0903,-1.3362,42.365,-0.96033,-7.1418,-0.11869,-0.11767,-1.7043,0.0524,137.52
2.1218,-1.3782,42.079,-0.94605,-7.1481,-0.12364,-0.12252,-1.7022,0.0524,137.6
2.1683,-1.2938,41.803,-0.69143,-7.1241,-0.10488,-0.10391,-1.6675,0.0851,84.107
2.2,-1.6151,41.528,-1.1872,-7.1315,-0.095277,-0.094312,-1.7356,0.01,722.97
2.2465,-1.7306,41.241,-1.3102,-7.1506,-0.11047,-0.1093,-1.7518,-0.0064,-1135.9
2.2777,-1.8618,40.934,-1.4993,-7.1965,-0.13635,-0.13486,-1.7764,-0.0269,-273.27
2.3252,-1.9351,40.625,-1.5782,-7.2392,-0.1545,-0.15272,-1.7857,-0.0314,-235.96
2.3714,-1.8963,40.343,-1.3549,-7.2341,-0.13622,-0.13459,-1.7561,-0.0039,-1887.2
2.4025,-2.6114,41.069,-1.132,-7.2186,-0.10566,-0.10458,-1.7279,0.0206,354.7
2.4491,-2.5116,40.759,-0.8759,-7.1959,-0.083776,-0.082842,-1.6933,0.0507,142.98
2.4807,-2.5314,40.459,-0.88565,-7.225,-0.075165,-0.074248,-1.694,0.0501,145.29
2.5272,-2.6907,40.182,-1.1368,-7.2654,-0.079823,-0.078794,-1.7272,0.0208,353.55
2.5587,-2.7984,39.9,-1.2576,-7.2813,-0.058825,-0.057984,-1.7427,0.0071,1040.7
2.6055,-2.6852,39.631,-0.94843,-7.2702,-0.044568,-0.043858,-1.7012,0.0395,185.62
2.652,-2.6967,39.336,-0.91449,-7.2739,-0.033877,-0.033324,-1.6964,0.0425,172.5
2.6834,-2.5881,39.065,-0.68485,-7.2656,-0.020888,-0.020517,-1.6651,0.0648,112.62
2.7301,-2.6129,38.763,-0.67637,-7.2827,-0.016557,-0.016245,-1.6637,0.0659,110.99
2.7613,-2.6766,38.47,-0.74834,-7.2915,-0.013736,-0.013463,-1.6733,0.0578,126.81
2.8081,-2.7318,38.184,-0.80913,-7.2937,-0.013137,-0.012862,-1.6815,0.05,146.77
2.8396,-2.747,37.888,-0.79137,-7.2955,-0.014358,-0.01404,-1.6791,0.0508,144.45
2.8862,-2.8649,37.608,-0.94056,-7.3049,-0.018411,-0.017987,-1.6991,0.0341,215.99
2.9174,-2.8723,37.318,-0.88806,-7.2942,-0.016198,-0.015804,-1.6922,0.0386,190.36
2.9643,-2.8967,37.027,-0.86245,-7.2909,-0.016206,-0.015796,-1.6888,0.04,183.54
3.0109,-2.9351,36.723,-0.84474,-7.3012,-0.01814,-0.017661,-1.6863,0.0419,175.41
3.0421,-2.8365,37.013,-0.7347,-7.3058,-0.019368,-0.018837,-1.6715,0.0522,140.66
3.0891,-2.8309,36.718,-0.66819,-7.2836,-0.010957,-0.010644,-1.6626,0.0579,126.32
3.1201,-2.8386,36.435,-0.61402,-7.2677,-0.0071055,-0.006895,-1.6553,0.061,119.57
3.1668,-2.8373,36.134,-0.5866,-7.3092,-0.015842,-0.015361,-1.6513,0.0627,116.95
3.1981,-2.9521,35.84,-0.69307,-7.3303,-0.015438,-0.014961,-1.6655,0.0515,142.97
3.2448,-2.9799,35.527,-0.67214,-7.3504,-0.016462,-0.01594,-1.6624,0.0536,137.71
3.2915,-2.984,35.234,-0.63323,-7.3367,-0.012096,-0.011704,-1.6572,0.0561,131.26
3.323,-2.9591,34.95,-0.55394,-7.3239,-0.012099,-0.011702,-1.6466,0.0617,119.04
3.3697,-2.9796,34.658,-0.56861,-7.3187,-0.010674,-0.010326,-1.6486,0.0583,125.91
3.4009,-2.9436,34.391,-0.47922,-7.2998,-0.010472,-0.010131,-1.6366,0.0645,113.42
3.4477,-2.9025,34.447,-0.50267,-7.3085,-0.011888,-0.011511,-1.6399,0.0605,121.09
3.479,-2.8773,34.151,-0.45864,-7.3289,-0.014021,-0.013582,-1.6338,0.0634,115.82
3.5261,-2.8378,33.87,-0.38834,-7.3023,-0.013408,-0.012994,-1.6244,0.0678,107.86
3.5725,-2.8578,33.577,-0.3679,-7.2657,-0.004773,-0.0046271,-1.6215,0.068,106.99
3.6038,-2.8506,33.29,-0.32829,-7.2491,-0.0065983,-0.0064012,-1.6163,0.0697,104.11
3.6504,-2.8652,32.979,-0.34587,-7.2765,-0.006192,-0.0060086,-1.6185,0.0672,108.4
3.6819,-2.8342,32.696,-0.28204,-7.264,-0.0083208,-0.0080798,-1.6099,0.071,102.39
3.7284,-2.8214,32.398,-0.26935,-7.2684,-0.0074055,-0.0071949,-1.6081,0.0707,102.88
3.7602,-2.8096,32.099,-0.25598,-7.2624,-0.0062883,-0.0061118,-1.6063,0.0706,102.93
3.8066,-2.8077,31.801,-0.23901,-7.2525,-0.0056783,-0.0055225,-1.6039,0.0707,102.64
3.8378,-2.9209,31.489,-0.38596,-7.2932,-0.0023315,-0.0022681,-1.6237,0.0566,129.04
3.8844,-2.9833,31.18,-0.45607,-7.2933,-0.00010149,-9.8943e-05,-1.6333,0.0493,148.23
3.9313,-3.0332,30.868,-0.50949,-7.3367,-0.0064853,-0.0063151,-1.6403,0.0439,167.53
3.9625,-3.0866,30.561,-0.54101,-7.3506,-0.0072949,-0.0071052,-1.6445,0.0405,181.99
4.0092,-3.1167,30.265,-0.54233,-7.3357,-0.0057753,-0.0056245,-1.6448,0.0392,187.65
4.0408,-3.1204,29.968,-0.50815,-7.3763,-0.016514,-0.016092,-1.6401,0.0417,177.31
4.0872,-3.1659,29.651,-0.55956,-7.3927,-0.015403,-0.015002,-1.6468,0.0369,200.92
4.1186,-3.228,29.343,-0.60226,-7.4015,-0.013376,-0.013025,-1.6524,0.0326,227.79
4.1654,-3.2411,29.04,-0.59164,-7.4513,-0.024533,-0.023881,-1.6508,0.0334,223.8
4.2119,-3.3393,28.542,-0.81739,-7.5438,-0.035882,-0.034929,-1.6797,0.0149,509.26
4.2432,-3.1492,28.185,-0.89932,-7.6053,-0.04675,-0.045478,-1.6897,0.0086,890.49
4.2901,-3.0506,27.788,-1.0133,-7.6507,-0.052899,-0.05137,-1.7038,-0.0007,-11025
4.3213,-3.2886,27.485,-1.0936,-7.642,-0.042038,-0.040783,-1.714,-0.0074,-1043.2
4.368,-3.378,27.172,-1.1502,-7.6346,-0.034566,-0.033452,-1.7212,-0.0123,-627.7
4.3994,-3.4773,26.857,-1.1999,-7.6503,-0.035416,-0.034193,-1.7272,-0.0158,-490.12
4.4461,-3.4919,26.565,-1.1669,-7.6409,-0.033446,-0.032166,-1.7231,-0.0127,-608.62
4.4774,-3.5378,26.253,-1.1662,-7.6816,-0.047411,-0.045417,-1.7226,-0.0115,-675.62
4.5244,-3.633,25.922,-1.2441,-7.7344,-0.058777,-0.055969,-1.7303,-0.0154,-508.69
4.5708,-3.6669,25.636,-1.1334,-7.6854,-0.04182,-0.039578,-1.7182,-0.0075,-1035.8
4.6023,-3.679,25.348,-1.0934,-7.6807,-0.040962,-0.038435,-1.7132,-0.0039,-1989.3
4.6489,-3.7236,25.028,-1.1142,-7.7316,-0.050584,-0.047008,-1.7151,-0.0043,-1816.6
4.6801,-3.7849,24.703,-1.1486,-7.7963,-0.062524,-0.057455,-1.7185,-0.0056,-1407.2
4.727,-3.8615,24.372,-1.1769,-7.8644,-0.072339,-0.065609,-1.721,-0.0061,-1303.6
4.7586,-3.8116,24.121,-1.0403,-7.8175,-0.059516,-0.053187,-1.7045,0.0049,1609.5
4.8049,-3.8257,23.815,-0.996,-7.9323,-0.071888,-0.063182,-1.6974,0.0116,689.19
4.8515,-4.0371,23.557,-0.83827,-7.8673,-0.044648,-0.038553,-1.678,0.0241,328.29
4.8832,-3.9961,23.154,-0.76002,-7.8656,-0.027323,-0.02311,-1.6678,0.0305,259.09
4.9297,-4.0463,22.835,-0.79331,-7.8779,-0.021912,-0.01812,-1.6717,0.0265,298.78
4.9615,-4.1038,22.551,-0.9283,-7.9871,-0.023442,-0.018924,-1.687,0.0159,505.71
5.0078,-4.0601,22.291,-0.80592,-7.9995,-0.0021132,-0.0016604,-1.6712,0.0269,298.89
5.0389,-4.09,22.05,-0.8669,-8.0791,0.0077579,0.0059178,-1.6775,0.0223,364.37
5.0856,-3.9981,21.823,-0.71188,-8.0521,0.043895,0.032402,-1.6579,0.0353,229
5.1171,-4.0543,21.468,-0.76802,-8.163,0.062252,0.04438,-1.6631,0.0319,257.02
5.1637,-4.1082,21.159,-0.80514,-8.119,0.051599,0.035464,-1.6684,0.0258,316.23
5.2104,-4.1338,20.867,-0.81205,-8.0458,0.034786,0.022999,-1.6705,0.0218,370.95
5.2418,-4.1612,20.634,-0.90662,-6.9673,0.027303,0.0177,-1.6692,0.021277,330.22
5.2886,-4.2017,20.298,-0.76763,-7.938,0.0162,0.0098368,-1.6672,0.0205,389.03
******-------------------------------------------------------------------------------------------------------------------****** 
TargetID: ID02
Relevancy: 0
tj = Inf
Label: -1
Comment: Target is irrelevant as it is not crossing the estimated holding line
DATA:
1.9658,-14.126,44.83,NaN,NaN,NaN,NaN,-1.1043,NaN,NaN
2.0124,-14.964,44.277,NaN,NaN,NaN,NaN,-1.8134,NaN,NaN
2.0437,-15.077,44.01,NaN,NaN,NaN,NaN,-1.8018,NaN,NaN
2.0903,-15.096,43.75,NaN,NaN,NaN,NaN,-1.7679,NaN,NaN
2.1218,-15.277,43.41,NaN,NaN,NaN,NaN,-1.8173,NaN,NaN
2.1683,-15.144,43.188,NaN,NaN,NaN,NaN,-1.7242,NaN,NaN
2.2,-15.28,42.858,NaN,NaN,NaN,NaN,-1.7565,NaN,NaN
2.2465,-14.86,42.773,NaN,NaN,NaN,NaN,-1.556,NaN,NaN
2.2777,-15.418,42.302,NaN,NaN,NaN,NaN,-1.7614,NaN,NaN
2.3252,-15.655,41.92,NaN,NaN,NaN,NaN,-1.8136,NaN,NaN
2.3714,-15.588,41.682,NaN,NaN,NaN,NaN,-1.7668,NaN,NaN
2.4025,-15.525,41.421,NaN,NaN,NaN,NaN,-1.7333,NaN,NaN
2.4491,-15.559,41.118,NaN,NaN,NaN,NaN,-1.7333,NaN,NaN
2.4807,-15.38,40.9,NaN,NaN,NaN,NaN,-1.6763,NaN,NaN
2.5272,-15.113,40.641,-1.0975,-7.5506,-0,-0,-1.7151,0,Inf
2.5587,-15.158,40.34,-1.0975,-7.5507,-0,-0,-1.7151,0,Inf
2.6055,-15.19,40.039,-1.098,-7.5505,-0,-0,-1.7152,0,Inf
2.652,-15.23,39.737,-1.0979,-7.5505,-0,-0,-1.7152,0,Inf
2.6834,-15.24,39.511,0.42262,-6.8184,-0.036743,-0.035688,-1.6978,0.0053573,1275.2
2.7301,-15.176,39.215,2.224,-5.9277,-0.091178,-0.08856,-1.6721,0.013294,476.24
2.7613,-15.092,39.037,3.1296,-5.4605,-0.12765,-0.12399,-1.6549,0.018612,338.15
2.8081,-14.922,38.794,4.0337,-4.955,-0.18231,-0.17707,-1.629,0.026581,240.37
2.8396,-14.79,38.642,4.3359,-4.7465,-0.219,-0.21271,-1.6117,0.031931,201.33
2.8862,-14.586,38.424,4.3332,-4.6311,-0.27342,-0.26557,-1.5859,0.039866,159.09
2.9174,-14.455,38.279,4.0309,-4.6831,-0.30983,-0.30093,-1.5687,0.045174,136.78
2.9643,-14.285,38.054,3.1211,-4.9567,-0.36463,-0.35416,-1.5428,0.053165,110.18
3.0109,-14.171,37.812,1.6788,-5.4601,-0.419,-0.40697,-1.5171,0.061093,93.504
3.0421,-14.138,37.635,0.41279,-5.9262,-0.45541,-0.44233,-1.4999,0.0664,89.467
3.0891,-14.112,37.397,0.4249,-5.8779,-0.48409,-0.46968,-1.4971,0.0664,88.754
3.1201,-14.113,37.198,-0.45544,-6.8801,-0.4514,-0.4379,-1.5137,0.048849,141.15
3.1668,-14.159,36.849,-1.416,-7.9693,-0.40224,-0.39013,-1.5387,0.022459,360.39
3.1981,-14.21,36.593,-1.8151,-8.418,-0.36935,-0.35816,-1.5555,0.0048035,1792.8
3.2448,-14.302,36.191,-2.0478,-8.6701,-0.32013,-0.31033,-1.5805,-0.021616,-412.14
3.2915,-14.394,35.791,-1.844,-8.4202,-0.27099,-0.26257,-1.6055,-0.047994,-179.6
3.323,-14.447,35.532,-1.4607,-7.9689,-0.23786,-0.23037,-1.6224,-0.06578,-123.16
3.3697,-14.495,35.183,-0.52553,-6.8779,-0.18865,-0.18254,-1.6474,-0.0922,-74.815
3.4009,-14.512,34.907,-0.55144,-6.8857,-0.19991,-0.19348,-1.6511,-0.0922,-74.922
3.4477,-14.557,34.579,-1.24,-7.1222,-0.21245,-0.20568,-1.6467,-0.078968,-91.547
3.479,-14.596,34.355,-1.225,-7.1472,-0.22083,-0.21383,-1.6438,-0.070129,-103.4
3.5261,-14.64,34.021,-0.48301,-6.9835,-0.23347,-0.22612,-1.6394,-0.0568,-123.24
3.5725,-14.651,33.741,-0.49985,-6.9967,-0.24477,-0.23721,-1.6417,-0.0568,-123.49
3.6038,-14.664,33.522,-0.36821,-6.9902,-0.24559,-0.23812,-1.641,-0.054861,-127.59
3.6504,-14.678,33.197,-0.21743,-6.9855,-0.24682,-0.23947,-1.64,-0.05198,-134.45
3.6819,-14.683,32.977,-0.14573,-6.9855,-0.24764,-0.24039,-1.6393,-0.050031,-139.65
3.7284,-14.688,32.652,-0.08465,-6.9904,-0.24886,-0.24174,-1.6382,-0.047155,-148.25
3.7602,-14.691,32.429,-0.073561,-6.9971,-0.2497,-0.24266,-1.6375,-0.045185,-154.86
3.8066,-14.695,32.104,-0.10222,-7.0117,-0.25092,-0.24401,-1.6365,-0.042312,-165.73
3.8378,-14.699,31.886,-0.15121,-7.0247,-0.25174,-0.24491,-1.6358,-0.040386,-173.98
3.8844,-14.708,31.557,-0.26944,-7.049,-0.25296,-0.24627,-1.6347,-0.037499,-188.12
3.9313,-14.725,31.227,-0.44216,-7.0793,-0.25419,-0.24763,-1.6337,-0.0346,-205
3.9625,-14.74,30.943,-0.45272,-7.0925,-0.26288,-0.25615,-1.635,-0.0346,-205.4
******-------------------------------------------------------------------------------------------------------------------****** 
TargetID: ID03
Target can not be processed due to lack of Data
******-------------------------------------------------------------------------------------------------------------------****** 
TargetID: ID05
Target can not be processed due to lack of Data
******-------------------------------------------------------------------------------------------------------------------****** 
TargetID: ID04
Target can not be processed due to lack of Data
******-------------------------------------------------------------------------------------------------------------------****** 
TargetID: ID07
Relevancy: 1
tj = 6.3648
Label: 0
Comment: Target is relevant and going straight, since the velocity ratio is almost not changing
DATA:
3.0891,13.115,49.602,NaN,NaN,NaN,NaN,-1.5403,NaN,NaN
3.1201,13.126,49.073,NaN,NaN,NaN,NaN,-1.5403,NaN,NaN
3.1668,14.008,48.502,NaN,NaN,NaN,NaN,-1.2778,NaN,NaN
3.1981,13.924,47.925,NaN,NaN,NaN,NaN,-1.3499,NaN,NaN
3.2448,14.048,47.373,NaN,NaN,NaN,NaN,-1.3498,NaN,NaN
3.2915,13.893,46.845,NaN,NaN,NaN,NaN,-1.4213,NaN,NaN
3.323,13.716,46.356,NaN,NaN,NaN,NaN,-1.4866,NaN,NaN
3.3697,13.644,45.778,NaN,NaN,NaN,NaN,-1.5126,NaN,NaN
3.4009,13.724,45.258,NaN,NaN,NaN,NaN,-1.5031,NaN,NaN
3.4477,13.631,44.749,NaN,NaN,NaN,NaN,-1.5295,NaN,NaN
3.479,14.298,44.296,0.94689,-13.456,-0,-0,-1.5005,0,Inf
3.5261,14.198,43.749,0.56572,-13.389,0.0084308,0.0081665,-1.5286,-0.0007,-19145
3.5725,14.208,43.221,0.51442,-13.362,-0.013506,-0.013091,-1.5323,0.0014,9551.7
3.6038,14.055,42.714,0.12095,-13.3,-0.0028428,-0.0027568,-1.5617,-0.0071,-1873.3
3.6504,14.164,42.158,0.33676,-13.352,-0.004466,-0.0043329,-1.5456,-0.0029,-4605.7
3.6819,14.167,41.615,0.30486,-13.352,0.021511,0.020884,-1.548,-0.0035,-3815.9
3.7284,14.416,41.042,0.81756,-13.434,0.044127,0.042863,-1.51,0.0153,879.68
3.7602,14.408,40.496,0.70152,-13.435,0.078802,0.076577,-1.5186,0.0085,1582.8
3.8066,14.436,39.961,0.70716,-13.435,0.096426,0.093753,-1.5182,0.0087,1546.4
3.8378,14.494,39.415,0.77119,-13.446,0.10865,0.10571,-1.5134,0.0127,1060.5
3.8844,14.43,38.911,0.58741,-13.392,0.11248,0.1095,-1.527,-0.0014,-9575.1
3.9313,14.396,38.384,0.42869,-13.356,0.11207,0.1091,-1.5386,-0.0131,-1020.1
3.9625,14.382,37.86,0.33996,-13.328,0.10689,0.10409,-1.5453,-0.0204,-653.54
4.0092,14.4,37.333,0.35018,-13.332,0.10162,0.098963,-1.5446,-0.019,-701.94
4.0408,14.539,36.782,0.65338,-13.381,0.098168,0.095618,-1.5221,0.0082,1633.7
4.0872,14.521,36.242,0.49787,-13.358,0.098187,0.095587,-1.5335,-0.0043,-3108.8
4.1186,14.6,35.695,0.65756,-13.381,0.095881,0.093299,-1.5216,0.0104,1288.2
4.1654,14.666,35.157,0.75141,-13.387,0.093866,0.091314,-1.5147,0.0182,736.71
4.2119,14.692,34.624,0.76656,-13.384,0.090953,0.088431,-1.5136,0.0183,732.56
4.2432,14.696,34.092,0.68921,-13.367,0.085207,0.082778,-1.5193,0.0108,1239.3
4.2901,14.857,33.535,1.0434,-13.423,0.085857,0.083322,-1.4932,0.0413,325.98
4.3213,14.945,32.992,1.1815,-13.429,0.084192,0.081584,-1.483,0.052,259.24
4.368,15.069,32.444,1.4021,-13.447,0.086507,0.083667,-1.4669,0.0684,197.66
4.3994,15.066,31.903,1.2559,-13.418,0.075115,0.072456,-1.4774,0.0558,241.52
4.4461,14.779,31.433,0.42633,-13.215,0.052407,0.050372,-1.5385,-0.0138,-958.11
4.4774,14.686,30.928,0.12376,-13.123,0.037188,0.035593,-1.5613,-0.0378,-347.19
4.5244,14.631,30.416,-0.034919,-13.067,0.02438,0.023205,-1.5735,-0.0491,-266.13
4.5708,14.561,29.907,-0.21678,-13.011,0.018395,0.01739,-1.5874,-0.0614,-211.93
4.6023,14.682,29.359,0.011326,-13.045,-0.000103,-9.6549e-05,-1.5699,-0.0404,-322.9
4.6489,15.216,28.849,-0.13154,-12.994,-0.00072563,-0.00067376,-1.5809,-0.0499,-260.41
4.6801,15.259,28.326,-0.080797,-12.984,-0.010107,-0.0092762,-1.577,-0.044,-295.11
4.727,15.221,27.809,-0.18318,-12.949,-0.010482,-0.0094945,-1.5849,-0.0491,-263.76
4.7586,15.287,27.289,-0.062952,-12.95,-0.022369,-0.019965,-1.5757,-0.0383,-338.13
4.8049,15.349,26.766,0.020647,-12.945,-0.031883,-0.027995,-1.5692,-0.0303,-427.23
4.8515,15.294,26.258,-0.10745,-12.906,-0.031384,-0.027057,-1.5791,-0.038,-339.65
4.8832,15.222,25.758,-0.27866,-12.851,-0.032298,-0.027293,-1.5925,-0.0485,-265.02
4.9297,15.173,25.254,-0.40536,-12.806,-0.035973,-0.029733,-1.6025,-0.0553,-231.69
4.9615,15.136,24.75,-0.50853,-12.758,-0.042928,-0.03463,-1.6107,-0.0602,-212.1
5.0078,15.159,24.244,-0.45464,-12.741,-0.059732,-0.046917,-1.6065,-0.0546,-233.49
5.0389,15.202,23.733,-0.36756,-12.736,-0.076361,-0.058253,-1.5997,-0.0464,-274.59
5.0856,15.271,23.224,-0.2348,-12.721,-0.095532,-0.070615,-1.5893,-0.0364,-349.53
5.1171,15.261,22.72,-0.28106,-12.696,-0.1045,-0.074638,-1.593,-0.0379,-335.07
5.1637,15.295,22.214,-0.22021,-12.694,-0.11922,-0.082042,-1.5882,-0.0324,-391.85
5.2104,15.33,21.704,-0.17376,-12.691,-0.13014,-0.086106,-1.5846,-0.0277,-458.21
5.2418,15.195,21.199,-0.44393,-12.664,-0.12136,-0.07701,-1.6059,-0.0433,-292.66
5.2886,15.161,20.685,-0.5215,-12.658,-0.12075,-0.073347,-1.612,-0.0455,-278.44
5.3198,15.09,20.18,-0.67929,-12.629,-0.12996,-0.075299,-1.6246,-0.0528,-239.53
5.3668,15.122,19.675,-0.55955,-12.647,-0.14487,-0.079804,-1.6151,-0.0425,-297.87
5.3978,15.183,19.163,-0.46574,-12.653,-0.15765,-0.082337,-1.6077,-0.0346,-365.95
5.4447,15.284,19.281,-0.36426,-12.654,-0.17182,-0.08491,-1.6003,-0.0273,-463.7
5.4908,15.272,18.784,-0.34471,-12.654,-0.17298,-0.080532,-1.5988,-0.0248,-510.44
5.5228,15.174,18.298,-0.52107,-12.616,-0.17395,-0.076105,-1.6128,-0.034,-371.39
5.5696,15.132,17.804,-0.62106,-12.599,-0.17902,-0.073196,-1.6208,-0.0389,-324.26
5.6007,14.992,17.31,-0.57053,-12.616,-0.19371,-0.073595,-1.6168,-0.0337,-374.76
5.6472,15.123,16.809,-0.31505,-12.564,-0.27446,-0.096644,-1.5971,-0.0183,-686.78
5.6786,15.172,16.305,-0.23548,-12.564,-0.28488,-0.0924,-1.5908,-0.0125,-1005.3
5.7256,15.164,15.803,-0.34673,-12.531,-0.2775,-0.082479,-1.5997,-0.0186,-673.97
5.772,15.104,15.303,-0.43619,-12.527,-0.29616,-0.079776,-1.6069,-0.0224,-559.56
5.8034,15.047,14.807,-0.60506,-12.511,-0.26707,-0.064663,-1.6203,-0.0319,-392.66
5.8501,14.993,14.307,-0.67893,-12.532,-0.25319,-0.054268,-1.6261,-0.0347,-361.67
5.8815,14.981,13.812,-0.79787,-12.406,-0.40727,-0.076837,-1.6369,-0.0412,-301.73
5.9281,14.924,13.322,-0.84995,-12.388,-0.41565,-0.067297,-1.6412,-0.0426,-291.49
5.9597,14.914,12.827,-0.84652,-12.375,-0.42451,-0.057466,-1.6411,-0.041,-302.53
6.0061,14.911,12.324,-0.83089,-12.402,-0.39661,-0.043029,-1.6395,-0.0382,-325.39
6.0376,14.965,11.833,-0.66771,-12.427,-0.40616,-0.033279,-1.6263,-0.0258,-482.36
6.0845,14.916,11.338,-0.71532,-12.398,-0.37928,-0.02114,-1.6302,-0.0274,-453.22
6.131,14.935,10.831,-0.68508,-12.446,-0.33333,-0.0096118,-1.6273,-0.0242,-515.09
6.1623,14.913,10.337,-0.69107,-12.419,-0.32197,-0.00082147,-1.6279,-0.0237,-524.83
6.2091,14.928,9.8338,-0.66136,-12.418,-0.32003,0.0076768,-1.6255,-0.0209,-595
6.2405,14.873,9.3367,-0.72543,-12.434,-0.27544,0.013954,-1.6304,-0.0239,-521.15
6.287,14.821,8.8276,-0.78499,-12.504,-0.16972,0.013181,-1.6343,-0.0258,-485.6
6.3185,14.848,8.3172,-0.73345,-12.488,-0.17641,0.018434,-1.6303,-0.0218,-573.83
6.3648,14.873,7.8236,-0.66813,-12.46,-0.22444,0.029462,-1.6254,-0.0174,-717.15
6.4116,14.932,7.3292,-0.53804,-12.445,-0.25592,0.040544,-1.6152,-0.0089,-1399.7
6.443,15.012,6.8382,-0.39262,-12.385,-0.35516,0.065932,-1.6042,-0.0002,-61958
6.4896,15.062,6.3427,-0.29464,-12.371,-0.37297,0.079628,-1.5964,0.0059,2097.4
6.521,15.142,5.8501,-0.14897,-12.332,-0.42881,0.10348,-1.5849,0.0145,850.52
6.5679,15.124,5.3086,-0.19078,-12.41,-0.30349,0.082011,-1.5876,0.0116,1069.9
6.599,15.123,4.8201,-0.18374,-12.399,-0.3058,0.091376,-1.5871,0.0116,1069
6.6459,15.128,4.3267,-0.17808,-12.389,-0.30757,0.10083,-1.5866,0.0116,1068.1
******-------------------------------------------------------------------------------------------------------------------****** 
TargetID: ID08
Target can not be processed due to lack of Data
******-------------------------------------------------------------------------------------------------------------------****** 
