******-------------------------------------------------------------------------------------------------------------------****** 
Duration of the scene is: 17.0353 seconds
Original Targets Numbers in the hole Scene: 3
Number of Targets in the hole Scene after preprocessing: 3
Number of static portions: 1
******-------------------------------------------------------------------------------------------------------------------****** 
TargetID: ID01
Relevancy: 1
tj = 12.6362
Label: 0
Comment: Target is relevant and going straight, since the velocity ratio is almost not changing
DATA:
7.441,18.406,46.068,NaN,NaN,NaN,NaN,-1.7975,NaN,NaN
7.4724,18.256,45.747,NaN,NaN,NaN,NaN,-1.822,NaN,NaN
7.5201,18.165,45.421,NaN,NaN,NaN,NaN,-1.822,NaN,NaN
7.5661,19.322,44.556,NaN,NaN,NaN,NaN,-1.3221,NaN,NaN
7.5981,19.008,44.328,NaN,NaN,NaN,NaN,-1.465,NaN,NaN
7.644,19.325,43.815,NaN,NaN,NaN,NaN,-1.3891,NaN,NaN
7.6753,19.403,43.42,NaN,NaN,NaN,NaN,-1.3891,NaN,NaN
7.7219,19.611,42.973,NaN,NaN,NaN,NaN,-1.3594,NaN,NaN
7.7532,19.523,42.66,NaN,NaN,NaN,NaN,-1.402,NaN,NaN
7.8001,19.576,42.256,NaN,NaN,NaN,NaN,-1.4024,NaN,NaN
7.8466,19.39,42.003,NaN,NaN,NaN,NaN,-1.4619,NaN,NaN
7.8778,19.174,41.785,NaN,NaN,NaN,NaN,-1.5277,NaN,NaN
7.926,18.937,41.549,NaN,NaN,NaN,NaN,-1.5899,NaN,NaN
7.9563,18.729,41.282,NaN,NaN,NaN,NaN,-1.6363,NaN,NaN
8.0027,18.685,40.95,NaN,NaN,NaN,NaN,-1.6415,NaN,NaN
8.0342,18.835,40.508,NaN,NaN,NaN,NaN,-1.6021,NaN,NaN
8.081,18.727,40.178,NaN,NaN,NaN,NaN,-1.6192,NaN,NaN
8.1121,18.869,39.741,NaN,NaN,NaN,NaN,-1.5849,NaN,NaN
8.1599,18.95,39.36,NaN,NaN,NaN,NaN,-1.5693,NaN,NaN
8.2055,18.957,39.004,NaN,NaN,NaN,NaN,-1.5693,NaN,NaN
8.2368,19.549,38.734,0.065383,-8.9238,-0,-0,-1.5635,0,Inf
8.2834,19.341,38.49,-0.23425,-8.7403,0.034101,0.03289,-1.5976,0.0064,1366.2
8.3149,19.329,38.14,-0.23218,-8.7387,0.039506,0.038081,-1.5974,0.0064,1365.9
8.3614,19.325,37.791,-0.22974,-8.7372,0.044911,0.043275,-1.5971,0.0064,1365.7
8.3929,19.197,37.496,-0.3765,-8.6479,0.12426,0.11967,-1.6141,0.0059,1467.1
8.44,19.166,37.151,-0.38151,-8.6308,0.15199,0.14631,-1.6148,0.0086,1004.6
8.4861,19.16,36.806,-0.37862,-8.627,0.17525,0.16863,-1.6144,0.0086,1004.1
8.5175,19.149,36.463,-0.37496,-8.6232,0.19839,0.19086,-1.614,0.0086,1003.6
8.5644,19.068,36.087,-2.765,-7.5298,0.19358,0.18617,-1.624,0.00854,939.27
8.596,18.97,35.854,-3.2603,-7.2934,0.19034,0.18301,-1.6308,0.0084997,939.91
8.6427,18.832,35.508,-2.3518,-7.6803,0.18555,0.17834,-1.6408,0.00844,951.7
8.6741,18.782,35.256,-0.64566,-8.432,0.18234,0.17521,-1.6475,0.0084,1006.8
8.7203,19.038,34.773,-0.37513,-8.5513,0.1525,0.14642,-1.6144,0.0141,607.06
8.767,18.889,34.521,-0.45884,-8.4923,0.15771,0.15145,-1.625,0.0221,384.83
8.7992,18.878,34.18,-0.45142,-8.4891,0.17141,0.16454,-1.6241,0.0221,384.67
8.8451,18.898,33.823,-0.40624,-8.5023,0.16452,0.15779,-1.6183,0.0252,337.78
8.8764,18.821,33.486,-0.63919,-8.4001,0.17297,0.1659,-1.6465,-0.0184,-457.85
8.9232,18.715,33.161,-0.8911,-8.2943,0.17309,0.16599,-1.6776,-0.0593,-140.68
8.9545,18.794,32.778,-0.69741,-8.3514,0.1385,0.13282,-1.6539,-0.0337,-248.68
9.0015,18.824,32.423,-0.63546,-8.3502,0.13124,0.12589,-1.6466,-0.0263,-318.42
9.0324,18.761,32.09,-0.79053,-8.27,0.14036,0.13474,-1.6659,-0.0503,-165.16
9.0796,18.743,31.756,-0.76509,-8.2489,0.12972,0.12462,-1.6633,-0.0462,-179.31
9.1261,18.868,31.383,-0.41835,-8.342,0.099203,0.095352,-1.6208,0.0018,4640.3
9.1573,18.81,31.045,-0.5488,-8.2819,0.10872,0.10462,-1.6368,-0.0164,-506.1
9.2039,18.692,30.746,-0.77525,-8.1707,0.12434,0.11981,-1.6654,-0.046,-178.42
9.2353,18.682,30.413,-0.77414,-8.1499,0.11339,0.10938,-1.6657,-0.0445,-183.97
9.2728,18.43,30.159,-1.3253,-7.8832,0.17128,0.16542,-1.7371,-0.1143,-69.937
9.3132,18.562,29.801,-0.94165,-8.0021,0.10623,0.10275,-1.6881,-0.0635,-126.89
9.361,18.449,29.522,-1.0836,-7.9071,0.12007,0.11631,-1.7072,-0.0794,-100.52
9.4069,18.776,29.096,-0.32634,-8.1306,0.041418,0.040173,-1.611,0.0114,713.79
9.438,18.858,28.741,-0.11998,-8.1621,0.031547,0.030647,-1.5855,0.0337,242.23
9.4848,18.952,28.416,0.12502,-8.1833,0.020276,0.019721,-1.5556,0.0575,142.33
9.5175,18.869,28.1,-0.077156,-8.1286,0.037281,0.036309,-1.5802,0.0344,236.31
9.5627,19.006,27.726,0.16871,-8.2024,0.026525,0.025871,-1.5503,0.0585,140.24
9.5944,18.792,27.41,0.022997,-8.1473,0.030962,0.030235,-1.5679,0.0411,198.23
9.6412,18.801,28.926,-0.025819,-8.1257,0.0278,0.027171,-1.5732,0.0357,227.61
9.6722,18.763,28.621,-0.22528,-8.0426,0.035657,0.034895,-1.5978,0.0145,554.88
9.7194,18.687,28.388,-0.29916,-8.0032,0.042399,0.041534,-1.6069,0.0075,1067.8
9.7659,18.715,28.049,-0.24579,-8.0145,0.03531,0.034644,-1.6004,0.0124,646.63
9.7972,18.765,27.687,-0.12415,-8.0686,0.02571,0.025265,-1.5854,0.0245,329.37
9.8434,18.746,27.365,-0.1164,-8.0491,0.023378,0.023002,-1.5845,0.0253,318.18
9.876,18.74,27.049,-0.12308,-8.0275,0.022762,0.022423,-1.5854,0.0239,335.92
9.9214,18.743,26.742,-0.18527,-7.9709,0.025559,0.025217,-1.5932,0.0171,466.26
9.9532,18.72,26.428,-0.19971,-7.9468,0.02454,0.02424,-1.5952,0.0151,526.44
10.001,18.736,26.099,-0.18539,-7.9481,0.022216,0.02197,-1.5934,0.0159,500.02
10.046,18.685,25.824,-0.24131,-7.883,0.02531,0.025069,-1.6006,0.009,876.29
10.078,18.702,25.494,-0.20609,-7.8945,0.021782,0.021605,-1.5962,0.012,658.1
10.125,18.714,25.16,-0.17722,-7.9019,0.019157,0.019031,-1.5926,0.0143,552.72
10.156,18.721,24.861,-0.18833,-7.8784,0.019446,0.019344,-1.5941,0.0114,691.29
10.202,18.694,24.557,-0.20871,-7.8501,0.020436,0.020352,-1.5967,0.0092,853.57
10.234,18.609,24.291,-0.32651,-7.7702,0.028427,0.028344,-1.6119,-0.0028,-2777.5
10.281,18.551,23.996,-0.33901,-7.7444,0.027917,0.027862,-1.6136,-0.0043,-1802.7
10.327,18.562,23.671,-0.30535,-7.7494,0.024094,0.024084,-1.6094,-0.0009,-8617.2
10.359,18.567,23.35,-0.29181,-7.7487,0.022082,0.022101,-1.6077,0.0004,19386
10.405,18.583,23.019,-0.25863,-7.7605,0.019474,0.019514,-1.6035,0.0036,2156.9
10.436,18.601,22.547,-0.26211,-7.7315,0.020859,0.020925,-1.6041,0.003,2578.6
10.483,18.613,22.198,-0.24841,-7.7336,0.018555,0.018635,-1.6023,0.0042,1842.3
10.514,18.615,21.883,-0.22867,-7.7278,0.01775,0.01784,-1.5998,0.0059,1310.4
10.561,18.654,21.543,-0.17225,-7.7424,0.016447,0.016545,-1.5925,0.0113,685.34
10.592,18.635,21.245,-0.13648,-7.7237,0.015944,0.016046,-1.588,0.0145,532.75
10.64,18.631,20.945,-0.17047,-7.6934,0.017734,0.017854,-1.5924,0.0108,712.52
10.686,18.631,20.634,-0.17194,-7.6843,0.016837,0.016954,-1.5926,0.0102,753.55
10.717,18.62,20.321,-0.17165,-7.6846,0.015942,0.016052,-1.5926,0.0099,776.42
10.764,18.61,20.035,-0.14141,-7.688,0.015141,0.01525,-1.5887,0.0123,625.15
10.796,18.618,19.704,-0.23864,-7.5975,0.021318,0.021466,-1.6015,0.0028,2714.7
10.843,18.607,19.435,-0.2746,-7.5826,0.020327,0.020463,-1.6064,-0.001,-7587.5
10.873,18.597,19.138,-0.26725,-7.5419,0.02222,0.022365,-1.6055,-0.0002,-37733
10.92,18.597,18.83,-0.25794,-7.5248,0.022022,0.022162,-1.6044,0.0007,10756
10.967,18.592,18.532,-0.24645,-7.5002,0.022321,0.022461,-1.6029,0.0018,4169
11,18.595,18.221,-0.22376,-7.4816,0.022131,0.022256,-1.6,0.004,1871.2
11.045,18.575,17.923,-0.26783,-7.4318,0.025424,0.025558,-1.606,-0.0006,-12394
11.076,18.594,17.588,-0.23057,-7.407,0.02393,0.024051,-1.6011,0.0032,2315.8
11.123,18.606,17.279,-0.18843,-7.3499,0.024532,0.024645,-1.5956,0.0073,1007.2
11.154,18.678,16.93,-0.096582,-7.3438,0.015567,0.015626,-1.5834,0.0168,437.17
11.201,18.688,16.632,-0.075704,-7.2981,0.014673,0.014719,-1.5807,0.0184,396.66
11.232,18.681,16.326,-0.05648,-7.2447,0.012484,0.012511,-1.5782,0.0197,367.76
11.279,18.687,16.05,-0.045746,-7.1316,0.012091,0.012104,-1.5768,0.0205,347.89
11.326,18.695,15.773,-0.026014,-7.0565,0.0094979,0.0094995,-1.5741,0.0222,317.86
11.357,18.816,15.519,-0.039586,-6.9956,0.0119,0.011893,-1.576,0.02,349.79
11.404,18.681,15.256,-0.11495,-6.8517,0.02631,0.026259,-1.5866,0.0118,580.74
11.436,18.676,14.994,-0.12594,-6.7613,0.029037,0.02893,-1.5883,0.0102,662.99
11.481,18.681,14.735,-0.11569,-6.6448,0.027752,0.027612,-1.5871,0.0113,588.13
11.513,18.676,14.471,-0.076851,-6.556,0.018652,0.01853,-1.5817,0.0151,434.2
11.56,18.635,14.25,-0.11745,-6.3958,0.029312,0.029043,-1.5879,0.0102,627.15
11.606,18.653,13.983,-0.084751,-6.2823,0.019506,0.01928,-1.5834,0.0136,461.97
11.637,18.682,13.734,-0.016771,-6.1248,-0.0046312,-0.00457,-1.5738,0.0212,288.91
11.685,18.697,13.481,-0.0028233,-6.0348,-0.012905,-0.012701,-1.5719,0.0221,273.07
11.716,18.709,13.241,0.035971,-5.8966,-0.032829,-0.032224,-1.5664,0.026,226.8
11.762,18.716,13.005,0.06714,-5.77,-0.055064,-0.053894,-1.5622,0.0285,202.47
11.794,18.708,12.789,0.083543,-5.6373,-0.069605,-0.067859,-1.56,0.0293,192.42
11.84,18.723,12.549,0.12892,-5.5463,-0.095824,-0.093095,-1.5533,0.0332,167.1
11.887,18.795,12.29,0.20355,-5.4489,-0.13678,-0.1327,-1.542,0.0417,130.76
11.918,18.826,12.049,0.28131,-5.3897,-0.1804,-0.1738,-1.5303,0.0493,109.47
11.965,18.863,11.812,0.3215,-5.312,-0.20362,-0.19557,-1.5239,0.0526,101.17
11.997,18.899,11.577,0.3982,-5.2243,-0.2503,-0.23956,-1.5121,0.0598,87.616
12.043,18.931,11.347,0.4375,-5.1669,-0.27144,-0.25821,-1.5057,0.0627,82.702
12.074,18.974,11.112,0.49183,-5.1579,-0.29123,-0.27398,-1.4967,0.0677,76.533
12.121,19.027,10.879,0.62392,-5.0303,-0.37621,-0.35538,-1.4762,0.0808,62.733
12.153,19.051,10.684,0.61721,-4.9503,-0.38654,-0.35991,-1.4771,0.0778,64.121
12.199,19.104,10.464,0.75448,-4.8039,-0.48489,-0.45528,-1.4558,0.091,53.438
12.246,19.131,10.213,0.75165,-4.9736,-0.38851,-0.35559,-1.4514,0.0907,55.458
12.277,19.155,10.025,0.83779,-4.8629,-0.45178,-0.41213,-1.4375,0.0981,50.301
12.324,19.195,9.8132,0.86427,-4.7792,-0.46416,-0.42192,-1.4316,0.0993,48.909
12.355,19.227,9.6029,0.92069,-4.67,-0.52596,-0.4769,-1.4232,0.1022,46.574
12.402,19.271,9.3603,0.90625,-4.8175,-0.41774,-0.36614,-1.42,0.101,48.535
12.433,19.309,9.1115,0.91486,-4.9066,-0.35504,-0.30304,-1.4153,0.1012,49.32
12.48,19.366,8.8944,0.96458,-4.8578,-0.38727,-0.32663,-1.4068,0.1044,47.439
12.527,19.411,8.6549,0.96481,-4.9437,-0.3155,-0.25811,-1.4033,0.1038,48.526
12.559,19.479,8.4127,0.99766,-5.0136,-0.26222,-0.20849,-1.3947,0.107,47.774
12.605,19.533,8.1933,0.85007,-5.1237,-0.2131,-0.15511,-1.3905,0.1069,48.585
12.636,19.617,7.9513,1.1158,-5.0256,-0.27046,-0.20546,-1.3731,0.1162,44.303
12.683,19.744,7.6962,1.2563,-5.003,-0.33302,-0.24886,-1.3505,0.1284,40.174
12.714,20.734,6.3721,5.2509,-6.3727,-0.63037,-0.45523,-0.9022,0.1323,62.414
12.761,20.975,6.0901,4.9039,-6.1777,-0.62726,-0.44077,-0.9221,0.1179,66.9
12.792,20.705,6.3433,4.3165,-5.3333,-0.63389,-0.43749,-0.9199,0.0694,98.865
12.84,20.731,6.3466,3.8117,-4.8903,-0.64505,-0.43693,-0.9453,0.0098,632.68
12.886,20.775,6.3149,3.2592,-4.4286,-0.65789,-0.43963,-0.9836,-0.0608,-90.438
12.917,20.91,6.1084,3.3042,-4.4934,-0.65248,-0.41736,-0.9817,-0.0582,-95.834
12.963,21.121,5.6935,3.2436,-5.6031,-0.043155,-0.023988,-1.0482,-0.3564,-18.166
12.995,21.242,5.4661,3.1317,-5.6264,-0.069806,-0.037203,-1.0663,-0.364,-17.69
13.042,21.25,5.3785,2.6946,-5.2155,-0.27214,-0.14261,-1.11,-0.3878,-15.138
13.073,21.361,5.1503,2.6728,-5.3162,-0.23835,-0.11814,-1.1185,-0.3789,-15.704
13.12,21.414,5.0512,2.787,-4.6932,-1.1687,-0.65033,-1.116,-0.3168,-17.23
13.166,21.495,4.8632,2.7087,-4.6784,-1.1819,-0.62854,-1.1287,-0.3168,-17.064
13.198,21.918,4.571,2.4062,-5.3901,-1.3299,-0.43376,-1.0795,-0.2398,-24.616
13.245,22.248,4.4062,2.3561,-5.3868,-2.576,-0.63174,-1.0252,-0.1489,-39.486
13.276,22.462,4.2164,2.4952,-5.361,-2.472,-0.57559,-1.0103,-0.1182,-50.028
******-------------------------------------------------------------------------------------------------------------------****** 
TargetID: ID05
Target can not be processed due to lack of Data
******-------------------------------------------------------------------------------------------------------------------****** 
TargetID: ID03
Target can not be processed due to lack of Data
******-------------------------------------------------------------------------------------------------------------------****** 
