******-------------------------------------------------------------------------------------------------------------------****** 
Duration of the scene is: 20.1618 seconds
Original Targets Numbers in the hole Scene: 2
Number of Targets in the hole Scene after preprocessing: 4
Number of static portions: 1
******-------------------------------------------------------------------------------------------------------------------****** 
TargetID: ID01
Target can not be processed due to lack of Data
******-------------------------------------------------------------------------------------------------------------------****** 
TargetID: ID03
Target can not be processed due to lack of Data
******-------------------------------------------------------------------------------------------------------------------****** 
TargetID: ID04
Relevancy: 0
tj = Inf
Label: -1
Comment: Target is irrelevant as it is not crossing the estimated holding line
DATA:
7.9605,4.2441,42.869,NaN,NaN,NaN,NaN,-1.6811,NaN,NaN
8.0006,4.4807,42.49,NaN,NaN,NaN,NaN,-1.6214,NaN,NaN
8.0407,5.2806,42.164,0.104,-8.6374,0,0,-1.5588,0,Inf
8.0807,5.1622,41.809,-0.12864,-8.609,0.010367,0.010232,-1.5857,0.0013,6623
8.1205,4.9903,41.459,-0.42939,-8.5634,0.0057376,0.0056618,-1.6209,-0.0007,-12249
8.1607,5.1555,41.098,-0.11927,-8.5679,-0.024661,-0.024338,-1.5847,0.0084,1020.1
8.201,5.1717,40.742,-0.085764,-8.5601,-0.0030198,-0.0029806,-1.5808,0.0113,757.57
8.2406,4.9127,40.403,-0.55803,-8.5173,0.028788,0.028409,-1.6362,-0.0235,-363.22
8.2806,4.9255,40.056,-0.49354,-8.5202,0.0081534,0.0080458,-1.6286,-0.0154,-554.19
8.3205,4.9733,39.695,-0.37043,-8.531,0.0016101,0.0015892,-1.6142,0.0025,3415.6
8.3605,4.967,39.354,-0.34817,-8.5244,0.008455,0.0083443,-1.6116,0.0052,1640.7
8.4006,4.815,39.022,-0.65941,-8.4858,0.023352,0.023047,-1.6483,-0.0424,-200.74
8.4408,5.0953,38.659,0.047836,-8.5007,-0.0051332,-0.0050666,-1.5652,0.0717,118.56
8.4806,5.1134,38.316,0.10746,-8.4917,0.017414,0.017186,-1.5582,0.0775,109.58
8.5206,5.1371,37.967,0.16487,-8.4911,0.03231,0.031886,-1.5513,0.0833,101.95
8.5617,5.1884,37.623,0.30191,-8.4868,0.040869,0.040328,-1.5352,0.1008,84.248
8.6006,5.1021,37.287,0.063619,-8.4708,0.056366,0.055625,-1.5632,0.057,148.61
8.6407,4.9152,36.958,-0.43011,-8.4197,0.071974,0.071013,-1.6217,-0.0243,-346.94
8.6806,4.8973,36.622,-0.43751,-8.4072,0.076007,0.074978,-1.6227,-0.0243,-346.44
8.7206,5.1921,36.26,0.36325,-8.4613,0.026079,0.025722,-1.5279,0.0983,86.155
8.7606,5.3119,35.912,0.64844,-8.4683,0.033433,0.032965,-1.4943,0.1336,63.571
8.8006,5.3208,35.569,0.59996,-8.4769,0.043806,0.043193,-1.5002,0.1185,71.714
8.8406,5.6387,35.203,1.3165,-8.487,0.063355,0.062446,-1.4169,0.209,41.093
8.8806,5.5913,34.861,1.0911,-8.5051,0.063354,0.062439,-1.4432,0.1667,51.438
8.9206,5.491,34.523,0.7508,-8.5008,0.058028,0.057161,-1.4826,0.1163,73.378
8.9607,5.5136,34.182,0.76351,-8.5072,0.057937,0.057061,-1.4814,0.1119,76.331
9.0007,5.2049,33.869,0.041925,-8.4177,0.052917,0.052074,-1.5657,0.0184,457.49
9.0407,5.2703,33.524,0.17668,-8.45,0.035694,0.035105,-1.5499,0.0341,247.85
9.0806,5.2779,33.186,0.18778,-8.4459,0.037318,0.03668,-1.5486,0.0341,247.74
9.1206,5.1809,32.86,-0.012847,-8.417,0.028248,0.027749,-1.5723,0.0089,945.73
9.1606,5.1742,32.517,-0.042087,-8.4206,0.018366,0.018032,-1.5758,0.0056,1503.7
9.2009,5.0011,32.193,-0.38731,-8.3877,0.015446,0.015152,-1.6169,-0.034,-246.96
9.2406,4.9314,31.853,-0.51221,-8.3832,0.0070716,0.0069282,-1.6318,-0.0459,-182.98
9.2807,4.9985,31.504,-0.36481,-8.4126,-0.00050545,-0.00049444,-1.6141,-0.0275,-306.2
9.3206,5.0142,31.164,-0.31368,-8.4235,-0.0029337,-0.0028659,-1.608,-0.021,-401.4
9.3608,5.0043,30.827,-0.32164,-8.4223,-0.0029376,-0.0028626,-1.609,-0.021,-401.36
9.4007,5.0501,30.484,-0.24763,-8.4376,-0.0035493,-0.0034503,-1.6001,-0.0126,-669.94
9.4406,5.0975,30.137,-0.15081,-8.4559,-0.0023349,-0.0022642,-1.5886,-0.0022,-3844.2
9.4806,5.0948,29.799,-0.1514,-8.4567,-0.0022373,-0.0021616,-1.5887,-0.0022,-3844.6
9.5207,5.275,29.442,0.15293,-8.4754,0.0014269,0.0013728,-1.5528,0.0277,306.02
9.5606,5.4278,29.091,0.43493,-8.4855,0.0081709,0.0078249,-1.5196,0.0534,159.11
9.6007,5.449,28.756,0.4157,-8.483,0.012494,0.011898,-1.5218,0.0499,170.2
9.6408,5.4684,28.417,0.42696,-8.4871,0.015614,0.014774,-1.5205,0.0494,172.02
9.6808,5.4845,28.12,0.49895,-8.449,0.014739,0.013848,-1.5118,0.0517,163.71
9.7207,5.3816,27.788,0.26934,-8.441,0.01397,0.013013,-1.5389,0.0301,280.58
9.7608,5.437,27.447,0.34561,-8.4565,0.015383,0.014193,-1.53,0.0358,236.41
9.8006,5.4061,27.114,0.26117,-8.4451,0.012328,0.011247,-1.5399,0.0276,306.13
9.8409,5.4318,26.78,0.27056,-8.4456,0.011245,0.010126,-1.5388,0.0276,306.16
9.8806,5.5406,26.429,0.43434,-8.4649,0.013121,0.011633,-1.5195,0.0411,206.23
9.9207,5.5917,26.093,0.48247,-8.4681,0.014395,0.012542,-1.5139,0.0439,193.21
9.9607,5.6308,25.757,0.50003,-8.4645,0.013229,0.011294,-1.5118,0.0443,191.41
10.001,5.5523,25.411,0.28572,-8.4908,0.030289,0.025284,-1.5371,0.026,326.75
10.041,5.6757,25.064,0.43557,-8.5368,0.046272,0.037691,-1.5199,0.0361,236.78
10.081,5.6644,24.726,0.37753,-8.5253,0.035456,0.028121,-1.5265,0.0315,270.91
10.121,5.6558,24.391,0.3277,-8.5206,0.03349,0.025813,-1.5323,0.027,315.81
10.161,5.7147,24.052,0.38526,-8.5306,0.036585,0.027351,-1.5256,0.0305,279.98
10.201,5.7616,23.708,0.41342,-8.5295,0.029449,0.0213,-1.5223,0.0325,262.75
10.241,5.9105,23.355,0.57923,-8.5469,0.030738,0.02144,-1.5031,0.0444,192.94
10.281,5.836,23.035,0.4438,-8.5168,0.014565,0.0097669,-1.5187,0.0333,256.11
10.321,5.8159,22.712,0.37387,-8.5105,0.019513,0.012538,-1.5269,0.0266,320.25
10.361,5.8688,22.375,0.40193,-8.5077,0.011935,0.0073203,-1.5236,0.0283,300.96
10.401,5.7796,22.061,0.27317,-8.4763,-0.0052525,-0.0030642,-1.5386,0.0179,473.78
10.441,5.7366,21.735,0.18297,-8.4612,-0.01312,-0.0072518,-1.5492,0.011,769.38
10.481,6.5719,21.428,0.079035,-8.4289,-0.035504,-0.018508,-1.5615,0.0026,3242
10.521,6.5688,21.096,0.062543,-8.4305,-0.035451,-0.017359,-1.5634,0.0016,5269.2
10.561,6.5051,20.776,-0.036049,-8.4068,-0.046417,-0.021262,-1.5751,-0.0058,-1449.5
10.601,6.517,20.447,-0.037491,-8.4112,-0.049604,-0.021113,-1.5752,-0.0055,-1529.3
10.641,6.5488,20.106,-0.020127,-8.4242,-0.044894,-0.01768,-1.5733,-0.0035,-2406.9
10.681,6.5562,20.671,-0.009489,-8.446,-0.011171,-0.0040474,-1.5721,-0.0022,-3839.1
10.721,6.5008,20.345,-0.10522,-8.4355,-0.02014,-0.006669,-1.5836,-0.0093,-907.11
10.761,6.4858,20.01,-0.1371,-8.4296,-0.042155,-0.012648,-1.5877,-0.0111,-759.53
10.801,6.5654,19.688,-0.035394,-8.4226,-0.063971,-0.017238,-1.5759,-0.0034,-2477.3
10.841,6.5746,19.354,-0.038684,-8.425,-0.064026,-0.015292,-1.5763,-0.0032,-2632.8
10.881,6.6066,19.023,-0.010457,-8.4274,-0.065693,-0.01368,-1.573,-0.0007,-12039
10.921,6.6335,18.688,0.0057981,-8.4336,-0.055744,-0.009904,-1.5709,0.001,8433.6
10.961,6.6666,18.362,0.04546,-8.4397,-0.045925,-0.0067508,-1.5661,0.0044,1918.1
11.001,6.6272,18.024,-0.033983,-8.4352,-0.05001,-0.0058372,-1.5755,-0.0013,-6488.7
11.041,6.6079,17.692,-0.07786,-8.4377,-0.044386,-0.0038276,-1.5806,-0.0045,-1875.1
11.081,6.6055,17.359,-0.10334,-8.4394,-0.038974,-0.0021702,-1.5836,-0.0062,-1361.3
11.121,6.6507,17.031,-0.048451,-8.447,-0.036917,-0.00093415,-1.5771,-0.0016,-5279.5
11.161,6.6129,16.703,-0.11545,-8.4475,-0.025456,0.00013064,-1.5848,-0.0066,-1280
11.201,6.582,16.369,-0.17737,-8.4481,-0.021341,0.00075603,-1.5921,-0.0112,-754.46
11.241,6.6201,16.03,-0.13694,-8.4616,-0.0029636,0.00019583,-1.587,-0.0073,-1159.3
11.281,6.5812,15.693,-0.20513,-8.471,0.026597,-0.0025669,-1.5946,-0.0121,-700.29
11.321,6.5822,15.353,-0.19862,-8.4776,0.020351,-0.0025684,-1.5939,-0.011,-770.9
11.361,6.5483,15.019,-0.25427,-8.4964,0.061063,-0.0095625,-1.5999,-0.0145,-586.22
11.401,6.5586,14.687,-0.24325,-8.488,0.042967,-0.0079869,-1.5988,-0.0136,-624.37
******-------------------------------------------------------------------------------------------------------------------****** 
TargetID: ID02
Relevancy: 0
tj = Inf
Label: -1
Comment: Target is irrelevant as it is not crossing the estimated holding line
DATA:
0.88003,23.127,-48.037,NaN,NaN,NaN,NaN,1.9983,NaN,NaN
0.92009,NaN,NaN,NaN,NaN,NaN,NaN,1.4758,NaN,NaN
0.9601,NaN,NaN,NaN,NaN,NaN,NaN,2.8977,NaN,NaN
1.0004,NaN,NaN,NaN,NaN,NaN,NaN,1.187,NaN,NaN
1.0401,NaN,NaN,NaN,NaN,NaN,NaN,1.1088,NaN,NaN
1.08,NaN,NaN,NaN,NaN,NaN,NaN,1.1013,NaN,NaN
1.1201,NaN,NaN,NaN,NaN,NaN,NaN,1.1012,NaN,NaN
1.16,NaN,NaN,NaN,NaN,NaN,NaN,1.2277,NaN,NaN
1.2002,NaN,NaN,NaN,NaN,NaN,NaN,1.2277,NaN,NaN
1.2401,NaN,NaN,NaN,NaN,NaN,NaN,1.2578,NaN,NaN
1.28,NaN,NaN,NaN,NaN,NaN,NaN,1.297,NaN,NaN
1.3201,NaN,NaN,NaN,NaN,NaN,NaN,1.29,NaN,NaN
1.3601,25.316,-44.212,2.2082,7.1113,0,0,1.2697,0,Inf
1.401,25.443,-43.896,2.2844,7.1657,0.00030028,0.00030036,1.2622,0.0001,75210
1.4402,25.498,-43.611,2.2066,7.1557,0.0010995,0.0010999,1.2717,0.0018,4160.1
1.4801,25.45,-43.3,1.9062,7.1824,0.0156,0.015601,1.3113,0.0204,364.27
1.5202,25.529,-43.005,1.9057,7.2008,0.0163,0.016301,1.3121,0.0216,344.85
1.5601,25.525,-42.671,1.6604,7.3107,0.050699,0.050703,1.3474,0.0688,108.97
1.6003,25.572,-42.379,1.594,7.3268,0.051699,0.051703,1.3565,0.0776,96.626
1.6403,25.604,-41.988,1.6669,7.4691,0.063507,0.063502,1.3511,0.0815,93.9
1.6801,25.672,-41.688,1.6446,7.4846,0.063407,0.063402,1.3544,0.0815,94.026
1.7201,25.824,-41.331,1.8424,7.5899,0.089012,0.089005,1.3325,0.0481,162.38
1.7604,25.893,-40.999,1.7941,7.6772,0.1208,0.12081,1.3411,0.0616,127.99
1.8001,26.009,-40.65,2.0098,7.7494,0.15644,0.15641,1.3169,0.0216,370.64
1.8402,26.089,-40.34,2.0085,7.7712,0.15864,0.15861,1.3177,0.0216,371.6
1.8801,26.202,-39.991,2.0561,7.8629,0.21431,0.21433,1.3148,0.0196,414.66
1.9201,26.282,-39.678,2.0564,7.8876,0.21851,0.21854,1.3155,0.0196,415.88
1.9601,26.362,-39.359,1.9789,8.0775,0.25616,0.2562,1.3179,0.021674,383.71
2.0002,26.441,-39.033,1.9462,8.1678,0.29389,0.29394,1.3203,0.023751,353.52
2.0406,26.519,-38.702,1.9589,8.1576,0.33195,0.33202,1.3227,0.025847,324.58
2.0802,26.598,-38.381,2.0158,8.049,0.36922,0.3693,1.325,0.0279,297.4
2.1204,26.696,-38.032,2.7465,9.1504,0.37896,0.37912,1.3238,0.026261,363.8
2.1607,26.81,-37.658,2.7764,9.2371,0.38872,0.38897,1.3225,0.024618,391.8
2.2003,26.909,-37.307,2.1186,8.3274,0.39832,0.39866,1.3213,0.023,373.6
2.2401,26.966,-36.956,1.9829,8.3891,0.31876,0.31864,1.3384,0.0439,196.36
2.2801,27.104,-36.567,2.0847,8.5137,0.34917,0.34942,1.3303,0.0347,252.6
2.3201,27.158,-36.21,2.0062,8.5874,0.34147,0.34172,1.341,0.0448,196.84
2.3602,27.195,-35.827,1.8025,8.6625,0.29009,0.29029,1.3654,0.0713,124.1
2.4005,27.266,-35.469,1.7851,8.7294,0.29389,0.29409,1.3688,0.0722,123.41
2.4402,27.248,-35.046,1.5089,9.0172,0.3491,0.34897,1.4047,0.1106,82.664
2.4802,27.28,-34.707,1.5515,9.0856,0.34015,0.34023,1.402,0.1045,88.202
2.5202,27.405,-34.326,1.6308,9.2689,0.36306,0.36297,1.3963,0.0994,94.681
2.5602,26.995,-35.184,0.25296,8.085,0.091085,0.091219,1.5382,0.2384,33.93
2.6002,27.031,-34.855,0.32065,8.2791,0.070013,0.070065,1.5311,0.2253,36.775
2.6401,26.951,-34.659,-0.31669,7.7003,0.058907,0.058964,1.6109,0.299,25.775
2.6801,27.006,-34.279,-0.27918,7.8616,0.035403,0.035422,1.6057,0.2842,27.68
2.7202,27.039,-33.946,-0.36463,7.8638,0.028397,0.028414,1.6167,0.2842,27.7
2.7602,27.075,-33.667,-0.37719,7.9606,0.016699,0.016695,1.6184,0.2816,28.301
2.8002,27.032,-33.933,-0.69808,7.7508,0.024196,0.024217,1.6599,0.3111,25.015
2.8402,27.029,-33.6,-0.86934,7.6285,0.042785,0.042857,1.683,0.3218,23.859
2.8802,27.006,-33.269,-0.94479,7.6375,0.044284,0.044362,1.6926,0.3187,24.147
2.9203,27.009,-32.902,-0.98697,7.6906,0.0416,0.041656,1.6973,0.3113,24.907
2.9607,27.004,-32.582,-0.96363,7.7011,0.048391,0.048399,1.6953,0.2998,25.888
3.0006,26.908,-32.447,-1.1495,7.1875,0.18327,0.18458,1.7233,0.3142,23.166
3.0403,26.888,-32.118,-1.1423,7.2217,0.16756,0.16768,1.7277,0.3072,23.8
3.0802,26.974,-31.755,-1.0941,7.0585,0.23717,0.2394,1.7165,0.2884,24.767
3.1202,27.085,-31.786,-0.76701,7.3222,0.1494,0.15057,1.6691,0.2385,30.869
3.1603,27.135,-31.324,-0.64079,7.483,0.11744,0.11749,1.6562,0.219,34.294
3.2005,27.272,-30.893,-0.46714,7.5148,0.09963,0.099994,1.6292,0.1904,39.545
3.2402,27.344,-30.183,-0.39924,7.5935,0.081153,0.081411,1.6208,0.1775,42.839
3.2802,27.383,-29.809,-0.44702,7.6416,0.081424,0.081616,1.6267,0.1764,43.394
3.3205,27.463,-29.374,-0.38597,7.7605,0.065877,0.065899,1.6205,0.1653,47.006
3.3602,27.557,-28.949,-0.17279,7.9619,0.034993,0.035034,1.5915,0.1383,57.583
3.4003,27.634,-28.589,-0.10079,8.0555,0.026597,0.026619,1.5826,0.1272,63.334
3.4403,27.641,-28.431,-0.29469,7.9965,0.03779,0.037846,1.6064,0.141,56.751
3.4802,27.719,-27.952,-0.2232,8.1576,0.028195,0.028224,1.5973,0.1303,62.63
3.5203,28.09,-27.587,-0.15923,8.2788,0.022794,0.022815,1.5894,0.1205,68.717
3.5603,28.175,-27.104,-0.074706,8.4085,0.019397,0.01941,1.5792,0.1099,76.514
3.6006,28.488,-26.639,-0.017173,8.5126,0.018495,0.018508,1.5723,0.1018,83.621
3.6404,28.609,-26.162,0.15263,8.733,0.023494,0.023513,1.5528,0.0852,102.52
3.6803,28.714,-25.76,0.58777,8.6329,0.0026997,0.0027003,1.5028,0.0426,203.12
3.7203,28.799,-25.337,0.64615,8.8221,0.022696,0.022711,1.4972,0.0385,229.76
3.7603,28.834,-24.915,0.66471,8.8989,0.028594,0.028617,1.4956,0.0362,246.51
3.8003,28.928,-24.45,0.73336,9.1083,0.05268,0.052755,1.4893,0.0321,284.67
3.8403,29.025,-24.023,0.89545,9.3331,0.080661,0.080823,1.4735,0.0206,455.14
3.8804,29.089,-23.597,0.90085,9.5131,0.10743,0.10771,1.4743,0.0226,422.82
3.9203,29.201,-23.127,0.97913,9.6915,0.12871,0.12909,1.4677,0.0177,550.33
3.9603,29.24,-22.733,0.95186,9.7012,0.12152,0.12186,1.4707,0.0195,499.89
4.0003,29.334,-22.247,1.0175,9.8674,0.1398,0.14022,1.4655,0.0158,627.83
4.0403,29.404,-21.854,1.0703,10.074,0.16986,0.17047,1.4619,0.0141,718.48
4.0805,29.496,-21.342,1.1478,10.263,0.19283,0.19357,1.4562,0.0102,1012.4
4.1202,29.568,-20.884,1.1678,10.37,0.19902,0.19979,1.4554,0.0095,1098.5
4.1604,29.632,-20.426,1.2111,10.533,0.21421,0.21507,1.4529,0.0077,1376.9
4.2003,29.681,-19.959,1.1938,10.678,0.22791,0.22881,1.4559,0.0118,910.58
4.2403,29.768,-19.422,1.2286,10.857,0.24251,0.24344,1.4546,0.011,993.34
4.2803,29.837,-18.961,1.2691,10.973,0.25171,0.25267,1.4521,0.0088,1255.2
4.3205,29.903,-18.483,1.249,11.174,0.26539,0.26645,1.4558,0.0133,845.39
4.3604,29.967,-18.009,1.2486,11.28,0.26372,0.26469,1.457,0.014,810.67
4.4005,30.024,-17.506,1.3062,11.488,0.2847,0.28579,1.4538,0.0113,1023.2
4.4403,30.096,-17.024,1.3016,11.593,0.28211,0.28316,1.4553,0.0123,948.41
4.4804,30.174,-16.511,1.3088,11.779,0.29672,0.29779,1.4564,0.015,790.08
4.5203,30.212,-16.048,1.2745,11.89,0.28786,0.28881,1.4604,0.0177,675.61
4.5612,30.173,-15.744,1.1981,11.728,0.24254,0.24316,1.4659,0.0199,592.39
4.6005,30.221,-15.285,1.1693,11.774,0.23057,0.23107,1.4688,0.0218,542.74
4.6404,30.251,-14.839,1.1658,11.825,0.22372,0.22409,1.4697,0.0215,552.68
4.6805,30.292,-14.356,1.1229,11.925,0.21519,0.21539,1.4742,0.025,479.12
4.7206,30.308,-13.906,1.0496,11.948,0.19463,0.19468,1.4807,0.03,399.79
4.7605,30.332,-13.52,1.0031,11.828,0.16846,0.16838,1.484,0.0312,380.48
4.8004,30.359,-13.013,0.98229,11.976,0.16878,0.16866,1.4868,0.0329,365.23
4.8404,30.397,-12.575,1.0079,11.946,0.16271,0.16251,1.4846,0.0285,420.66
4.8803,30.443,-12.062,1.0125,12.085,0.16643,0.16619,1.4851,0.028,433.11
4.9204,30.461,-11.61,0.9568,12.06,0.14904,0.14873,1.4898,0.031,390.25
4.9605,30.513,-11.093,0.98915,12.204,0.15698,0.15661,1.488,0.0285,429.62
5.0004,30.549,-10.685,0.99151,12.159,0.1478,0.14737,1.4876,0.0265,460.35
5.0404,30.583,-10.166,0.99515,12.307,0.15194,0.15144,1.4883,0.0259,476.74
5.0803,30.618,-9.661,0.96758,12.39,0.14756,0.147,1.4911,0.0278,447.03
5.1203,30.66,-9.0726,0.99256,12.66,0.16213,0.16147,1.4907,0.0268,473.85
5.1604,30.674,-8.6011,0.92035,12.653,0.14411,0.14344,1.4965,0.0312,406.63
******-------------------------------------------------------------------------------------------------------------------****** 
