******-------------------------------------------------------------------------------------------------------------------****** 
Duration of the scene is: 19.7614 seconds
Original Targets Numbers in the hole Scene: 3
Number of Targets in the hole Scene after preprocessing: 3
Number of static portions: 2
******-------------------------------------------------------------------------------------------------------------------****** 
TargetID: ID01
Relevancy: 1
tj = 12.5209
Label: 0
Comment: Target is relevant and going straight, since the velocity ratio is almost not changing
DATA:
8.4406,22.723,46.595,NaN,NaN,NaN,NaN,-1.4591,NaN,NaN
8.4807,22.768,46.228,NaN,NaN,NaN,NaN,-1.4591,NaN,NaN
8.5206,23.204,45.673,NaN,NaN,NaN,NaN,-1.329,NaN,NaN
8.5606,24.346,44.779,NaN,NaN,NaN,NaN,-1.0836,NaN,NaN
8.6006,23.895,44.676,NaN,NaN,NaN,NaN,-1.2496,NaN,NaN
8.6407,23.752,44.37,NaN,NaN,NaN,NaN,-1.3226,NaN,NaN
8.6806,23.783,44.049,NaN,NaN,NaN,NaN,-1.3535,NaN,NaN
8.7207,23.861,43.664,NaN,NaN,NaN,NaN,-1.3535,NaN,NaN
8.7606,23.793,43.376,NaN,NaN,NaN,NaN,-1.4048,NaN,NaN
8.8006,23.858,42.999,NaN,NaN,NaN,NaN,-1.4048,NaN,NaN
8.8407,23.719,42.738,NaN,NaN,NaN,NaN,-1.4566,NaN,NaN
8.8807,23.902,42.345,NaN,NaN,NaN,NaN,-1.4296,NaN,NaN
8.9207,24.047,41.965,NaN,NaN,NaN,NaN,-1.4144,NaN,NaN
8.9606,24.082,41.635,NaN,NaN,NaN,NaN,-1.4233,NaN,NaN
9.0007,24.083,41.305,NaN,NaN,NaN,NaN,-1.4377,NaN,NaN
9.0409,24.136,40.932,NaN,NaN,NaN,NaN,-1.4377,NaN,NaN
9.0807,24.183,40.558,NaN,NaN,NaN,NaN,-1.4377,NaN,NaN
9.1207,24.209,40.201,NaN,NaN,NaN,NaN,-1.4448,NaN,NaN
9.1607,24.27,39.826,NaN,NaN,NaN,NaN,-1.4448,NaN,NaN
9.2007,24.317,39.451,NaN,NaN,NaN,NaN,-1.4448,NaN,NaN
9.2407,24.114,39.194,NaN,NaN,NaN,NaN,-1.4822,NaN,NaN
9.2807,24.808,38.816,0.99568,-9.3102,0,0,-1.4643,0,Inf
9.3207,24.671,38.532,0.69695,-9.2424,0.047697,0.044653,-1.4956,-0.0387,-239.5
9.3607,24.709,38.149,0.66543,-9.3183,0.080409,0.075303,-1.4995,-0.0731,-127.8
9.4007,24.798,37.805,0.64724,-9.3641,0.13827,0.1296,-1.502,-0.091,-103.15
9.4407,24.643,37.508,0.33062,-9.2932,0.17734,0.16622,-1.535,-0.1119,-83.101
9.4807,24.432,37.231,-0.0053802,-9.1937,0.17637,0.16544,-1.5714,-0.1307,-70.342
9.5207,24.34,36.905,-0.19297,-9.1626,0.16098,0.15101,-1.5917,-0.1406,-65.182
9.5607,24.33,36.539,-0.24499,-9.1861,0.18065,0.16952,-1.5973,-0.1406,-65.358
9.6007,24.318,36.17,-0.29802,-9.2093,0.20021,0.18792,-1.6029,-0.1406,-65.534
9.6407,24.135,35.87,-0.62684,-9.0788,0.15967,0.14994,-1.6396,-0.175,-52.002
9.6807,24.213,35.474,-0.64633,-9.0623,0.13171,0.12373,-1.6418,-0.1852,-49.057
9.7207,24.213,35.077,-0.74804,-9.0153,0.13593,0.12772,-1.6534,-0.207,-43.702
9.7607,24.093,34.749,-1.0611,-8.8729,0.14548,0.13675,-1.6897,-0.2507,-35.645
9.8007,24.099,34.371,-1.1279,-8.8416,0.12301,0.11565,-1.6975,-0.2579,-34.561
9.8407,24.081,34.008,-1.1794,-8.8417,0.10362,0.097466,-1.7033,-0.2524,-35.341
9.8807,24.029,33.652,-1.2539,-8.824,0.092184,0.08673,-1.712,-0.2516,-35.424
9.9207,23.985,33.3,-1.3409,-8.803,0.10082,0.09489,-1.722,-0.2516,-35.392
9.9607,23.938,32.948,-1.4284,-8.7812,0.10934,0.10296,-1.732,-0.2516,-35.36
10.001,23.918,32.584,-1.5012,-8.7392,0.076595,0.072131,-1.7408,-0.2561,-34.624
10.041,23.844,32.235,-1.5888,-8.7125,0.083073,0.078246,-1.7511,-0.2561,-34.581
10.081,24.12,31.792,-1.0962,-8.8959,0.029954,0.028221,-1.6934,-0.1882,-47.626
10.121,24.078,31.436,-1.1622,-8.8798,0.033347,0.031424,-1.701,-0.1882,-47.585
10.161,24.081,31.06,0.94532,-9.7679,0.029567,0.027872,-1.695,-0.17626,-55.676
10.201,24.126,30.666,0.99483,-9.7999,0.02579,0.024322,-1.6891,-0.16433,-59.94
10.241,24.133,30.288,-1.0126,-8.9761,0.022011,0.02077,-1.6831,-0.1524,-59.272
10.281,24.092,29.928,-1.0677,-8.9667,0.023758,0.022422,-1.6893,-0.1524,-59.252
10.321,24.048,29.562,-1.1477,-9.2863,0.0038917,0.0036539,-1.6894,-0.14515,-64.464
10.361,24.001,29.187,-1.1791,-9.4295,-0.015981,-0.015121,-1.6895,-0.1379,-68.913
10.401,23.954,28.81,-1.1617,-9.3961,-0.035844,-0.033886,-1.6895,-0.13065,-72.466
10.441,23.909,28.438,-1.0956,-9.1862,-0.055709,-0.052653,-1.6896,-0.1234,-74.97
10.481,23.391,28.187,-1.7038,-9.1961,-0.13072,-0.12357,-1.7539,-0.1573,-59.457
10.521,23.441,27.771,-1.5435,-9.2976,-0.13069,-0.12362,-1.7354,-0.1378,-68.395
10.561,23.357,27.392,-1.5998,-9.354,-0.14751,-0.1396,-1.7403,-0.1363,-69.624
10.601,23.447,26.974,-1.4254,-9.4366,-0.13659,-0.12932,-1.7208,-0.1176,-81.154
10.641,23.593,26.569,-1.0447,-9.4757,-0.071671,-0.067881,-1.6807,-0.0833,-114.44
10.681,23.889,26.107,-0.60319,-9.5351,-0.038802,-0.036771,-1.634,-0.0479,-199.46
10.721,23.869,25.719,-0.60315,-9.5914,-0.040429,-0.038344,-1.6336,-0.0459,-209.38
10.761,23.985,25.31,-0.35243,-9.6244,-0.0054364,-0.0051597,-1.6074,-0.0242,-397.97
10.801,23.973,24.917,-0.33376,-9.6747,-0.0061523,-0.0058436,-1.6053,-0.0216,-448.17
10.841,23.971,24.529,-0.34252,-9.7028,-0.0070716,-0.0067236,-1.6061,-0.0216,-449.48
10.881,24.025,24.108,-0.21765,-9.7829,-0.00051244,-0.00048782,-1.593,-0.0108,-906.05
10.921,23.657,23.69,-0.10252,-9.8747,0.018743,0.017848,-1.5812,-0.0016,-6172
10.961,23.653,23.264,0.054895,-9.9795,0.04096,0.039027,-1.5653,0.009,1108.8
11.001,23.842,22.854,0.39049,-10.076,0.087648,0.083643,-1.532,0.0325,310.26
11.041,23.932,22.45,0.50628,-10.136,0.10141,0.096858,-1.5208,0.0394,257.58
11.081,23.91,22.05,0.44972,-10.169,0.086499,0.08265,-1.5265,0.0342,297.63
11.121,23.953,21.636,0.49244,-10.224,0.089687,0.085717,-1.5226,0.0358,285.91
11.161,23.989,21.22,0.59175,-10.268,0.099356,0.095122,-1.5131,0.0422,243.73
11.201,24.007,20.806,0.58072,-10.303,0.09034,0.086465,-1.5144,0.0403,256.07
11.241,23.981,20.404,0.51853,-10.319,0.076405,0.073194,-1.5205,0.035,295.2
11.281,24.031,19.99,0.56303,-10.332,0.07423,0.071169,-1.5163,0.037,279.65
11.321,24.088,19.57,0.5898,-10.376,0.076442,0.073361,-1.5139,0.037,280.88
11.361,24.165,19.158,0.70666,-10.387,0.082247,0.079068,-1.5028,0.0443,235.02
11.401,24.213,18.743,0.72167,-10.421,0.07975,0.076657,-1.5016,0.0437,239.03
11.441,24.259,18.321,0.74495,-10.452,0.079924,0.076885,-1.4996,0.0436,240.34
11.481,24.326,17.9,0.81717,-10.465,0.081722,0.078691,-1.4928,0.0469,223.82
11.521,24.399,17.488,0.8616,-10.455,0.079756,0.076859,-1.4885,0.048,218.54
11.561,24.464,17.079,0.89715,-10.435,0.07378,0.071192,-1.485,0.0486,215.51
11.601,24.595,16.675,1.0894,-10.424,0.081434,0.078681,-1.4666,0.0609,172.1
11.641,24.671,16.264,1.2003,-10.428,0.080992,0.078234,-1.4561,0.0671,156.43
11.681,24.714,15.853,1.2366,-10.39,0.067059,0.064879,-1.4523,0.0683,153.2
11.721,24.768,15.436,1.2254,-10.388,0.05721,0.055371,-1.4533,0.065,160.93
11.761,24.831,15.024,1.2478,-10.413,0.063702,0.061678,-1.4515,0.0639,164.13
11.801,24.877,14.614,1.2414,-10.42,0.057721,0.055889,-1.4522,0.0611,171.74
11.841,24.896,14.212,1.1533,-10.378,0.030881,0.029919,-1.4601,0.0526,198.51
11.881,24.871,14.323,1.0843,-10.391,0.027728,0.026866,-1.4667,0.0454,230.13
11.921,24.89,13.909,1.067,-10.376,0.017768,0.017228,-1.4682,0.0426,244.85
11.961,24.826,14.654,1.0728,-10.327,0.0011167,0.0010834,-1.4673,0.0417,248.97
12.001,24.843,14.25,1.0994,-10.266,-0.019787,-0.019213,-1.4645,0.0429,240.67
12.041,24.857,13.852,1.089,-10.186,-0.046253,-0.044957,-1.4652,0.0411,249.25
12.081,24.885,13.446,1.0281,-10.149,-0.055198,-0.053645,-1.4709,0.0349,292.29
12.121,24.917,12.962,0.98919,-10.105,-0.061566,-0.059854,-1.4743,0.0308,329.65
12.161,24.917,12.565,0.95472,-9.9988,-0.088577,-0.086145,-1.4772,0.0271,370.64
12.201,24.943,12.167,0.90949,-9.9422,-0.094977,-0.092365,-1.4813,0.0226,441.76
12.241,24.942,11.768,0.88545,-9.8737,-0.10501,-0.10217,-1.4833,0.02,495.67
12.281,25.008,10.311,0.7488,-9.8324,-0.09744,-0.094722,-1.4955,0.0083,1188.1
12.321,24.997,9.9228,0.67965,-9.7467,-0.10422,-0.10134,-1.5019,0.0018,5428
12.361,24.99,9.524,0.59312,-9.746,-0.088922,-0.086448,-1.5106,-0.006,-1627.3
12.401,25,9.0827,0.59455,-9.762,-0.079086,-0.076886,-1.5105,-0.0053,-1845.3
12.441,24.952,8.6876,0.44063,-9.797,-0.057703,-0.056079,-1.5262,-0.0196,-500.35
12.481,24.948,8.2844,0.41784,-9.8157,-0.050502,-0.049085,-1.5286,-0.0207,-474.62
12.521,24.929,7.9449,0.29659,-9.8447,-0.036711,-0.035681,-1.5409,-0.0318,-309.72
12.561,24.933,7.5119,0.32227,-9.9307,-0.028704,-0.027896,-1.5386,-0.0273,-363.95
12.601,24.895,8.2035,0.232,-10.009,-0.018762,-0.018238,-1.548,-0.0351,-285.23
12.641,24.908,7.7959,0.25028,-10.036,-0.01582,-0.01538,-1.5462,-0.0313,-320.73
12.681,24.905,7.4134,0.15584,-10.023,-0.016224,-0.015776,-1.5555,-0.0406,-246.91
12.721,24.889,6.9099,0.061515,-10.023,-0.01592,-0.015471,-1.5644,-0.049,-204.55
12.761,24.882,6.4998,0.042427,-10.029,-0.014803,-0.014397,-1.5668,-0.0494,-203.03
12.801,24.851,6.0749,-1.1755,-10.923,-0.012319,-0.01198,-1.5762,-0.058099,-189.1
12.841,24.817,5.6494,-0.15108,-10.05,-0.0098343,-0.009562,-1.5857,-0.0668,-150.47
******-------------------------------------------------------------------------------------------------------------------****** 
