******-------------------------------------------------------------------------------------------------------------------****** 
Duration of the scene is: 24.9275 seconds
Original Targets Numbers in the hole Scene: 12
Number of Targets in the hole Scene after preprocessing: 13
Number of static portions: 1
******-------------------------------------------------------------------------------------------------------------------****** 
TargetID: ID02
Relevancy: 1
tj = 7.2415
Label: 0
Comment: Target is relevant and going straight, since the velocity ratio is almost not changing
DATA:
0.92026,4.1113,35.433,NaN,NaN,NaN,NaN,-1.2202,NaN,NaN
0.96028,5.2812,35.153,NaN,NaN,NaN,NaN,-0.5532,NaN,NaN
1.0003,5.4955,35.022,NaN,NaN,NaN,NaN,-0.5533,NaN,NaN
1.0404,5.4281,35.22,NaN,NaN,NaN,NaN,-0.8587,NaN,NaN
1.0803,5.3419,35.109,NaN,NaN,NaN,NaN,-1.0007,NaN,NaN
1.1203,5.1041,35.041,NaN,NaN,NaN,NaN,-1.2928,NaN,NaN
1.1604,6.0193,34.705,NaN,NaN,NaN,NaN,-0.8405,NaN,NaN
1.2004,6.1226,34.586,NaN,NaN,NaN,NaN,-0.8404,NaN,NaN
1.2404,5.3813,34.705,NaN,NaN,NaN,NaN,-1.1757,NaN,NaN
1.2805,5.3491,34.546,NaN,NaN,NaN,NaN,-1.2547,NaN,NaN
1.3204,5.258,34.432,NaN,NaN,NaN,NaN,-1.3571,NaN,NaN
1.3604,5.3509,34.373,NaN,NaN,NaN,NaN,-1.1179,NaN,NaN
1.4004,5.3964,34.273,NaN,NaN,NaN,NaN,-1.1179,NaN,NaN
1.4405,5.4987,34.135,NaN,NaN,NaN,NaN,-1.1692,NaN,NaN
1.4804,5.341,33.983,NaN,NaN,NaN,NaN,-1.3559,NaN,NaN
1.5206,5.3286,33.947,NaN,NaN,NaN,NaN,-1.3669,NaN,NaN
1.5605,5.3441,33.836,NaN,NaN,NaN,NaN,-1.3721,NaN,NaN
1.6005,5.3615,33.717,NaN,NaN,NaN,NaN,-1.372,NaN,NaN
1.6405,5.4333,33.563,NaN,NaN,NaN,NaN,-1.3471,NaN,NaN
1.6806,5.4114,33.426,NaN,NaN,NaN,NaN,-1.3638,NaN,NaN
1.7206,5.4972,33.278,NaN,NaN,NaN,NaN,-1.3412,NaN,NaN
1.7607,5.5873,33.122,NaN,NaN,NaN,NaN,-1.3132,NaN,NaN
1.8006,5.634,32.975,NaN,NaN,NaN,NaN,-1.3108,NaN,NaN
1.8406,5.6668,32.828,NaN,NaN,NaN,NaN,-1.3061,NaN,NaN
1.8806,5.6458,32.669,NaN,NaN,NaN,NaN,-1.3256,NaN,NaN
1.9206,5.6184,32.562,NaN,NaN,NaN,NaN,-1.3501,NaN,NaN
1.9606,5.5898,32.405,NaN,NaN,NaN,NaN,-1.368,NaN,NaN
2.0008,6.2413,32.144,NaN,NaN,NaN,NaN,-1.1698,NaN,NaN
2.0407,6.7559,32.089,1.4319,-3.4172,-0,0,-1.174,0,Inf
2.0807,6.8796,31.938,1.5212,-3.4444,0.017547,0.017252,-1.1547,-0.001,-3765.4
2.1207,6.9826,31.801,1.5703,-3.4483,0.063603,0.062583,-1.144,-0.0006,-6315
2.1607,7.0504,31.663,1.5712,-3.4498,0.06725,0.066136,-1.144,-0.0006,-6318
2.2008,7.0383,31.525,1.4924,-3.5089,0.18872,0.18477,-1.167,-0.0129,-295.59
2.2409,7.0919,31.384,1.4953,-3.5211,0.19554,0.19132,-1.1675,-0.0129,-296.55
2.2808,7.1856,31.24,1.5543,-3.6117,0.32672,0.32209,-1.1671,-0.0247,-159.19
2.3207,7.2595,31.095,1.5601,-3.6349,0.33416,0.32925,-1.1682,-0.0247,-160.14
2.3608,6.8083,32.1,1.3288,-3.7364,0.36029,0.33005,-1.19,-0.0455,-87.156
2.4008,6.8672,31.951,1.3292,-3.7631,0.36833,0.33704,-1.1918,-0.0455,-87.714
2.4408,6.9561,31.788,1.3917,-3.8069,0.35593,0.32661,-1.1832,-0.0404,-100.33
2.4809,6.9677,31.646,1.3268,-3.8265,0.35775,0.32823,-1.1999,-0.048,-84.374
2.5208,6.9991,31.494,1.5801,-3.7406,0.33634,0.34873,-1.2069,-0.0508,-79.933
2.5609,7.0691,31.324,1.3473,-3.8918,0.37001,0.339,-1.2004,-0.0459,-89.725
2.6009,7.1637,31.148,1.4093,-3.9442,0.39568,0.3612,-1.1891,-0.0369,-113.51
2.6409,7.4067,31.445,1.2351,-3.9122,0.34642,0.31674,-1.2223,-0.0633,-64.811
2.6808,7.4239,31.312,1.1817,-3.9543,0.3341,0.30424,-1.24,-0.074,-55.772
2.721,7.485,31.156,1.1773,-3.9349,0.32362,0.29746,-1.2405,-0.0728,-56.418
2.7609,7.5241,31,1.1373,-4.0858,0.3989,0.36021,-1.254,-0.0828,-51.221
2.8009,7.5467,30.85,1.0872,-4.0215,0.34399,0.3161,-1.2664,-0.0907,-45.931
2.8409,7.5831,30.681,1.0949,-4.0447,0.32632,0.30081,-1.2686,-0.0897,-46.714
2.881,7.5938,30.529,1.0359,-4.0365,0.29012,0.26918,-1.2858,-0.1011,-41.22
2.921,7.6077,30.386,0.94544,-4.0085,0.24301,0.22726,-1.3105,-0.119,-34.609
2.9611,7.6007,30.278,0.82642,-4.0204,0.20857,0.19419,-1.3438,-0.1428,-28.743
3.001,7.629,30.104,0.86297,-4.0649,0.21682,0.2028,-1.3369,-0.1297,-32.039
3.041,7.6823,29.923,0.91658,-4.1007,0.22473,0.21109,-1.3256,-0.1158,-36.286
3.081,7.7142,29.758,0.90321,-4.1271,0.22604,0.21238,-1.3303,-0.1158,-36.484
3.121,7.7792,29.565,0.94101,-4.2685,0.26902,0.24847,-1.326,-0.1093,-39.991
3.1611,7.7785,29.436,0.84821,-4.2356,0.23817,0.2213,-1.3482,-0.1225,-35.263
3.2012,8.036,29.134,1.4246,-4.3912,0.36849,0.33867,-1.2211,-0.0198,-233.15
3.2411,8.0997,28.888,2.2995,-4.4581,0.65883,0.57686,-1.0378,0.1502,33.396
3.2811,8.1671,28.732,2.0289,-4.5717,0.63982,0.56474,-1.0983,0.0921,54.307
3.3211,8.2515,28.553,1.9821,-4.6507,0.66691,0.58843,-1.1122,0.0767,65.912
3.3613,8.304,28.378,1.9772,-4.8119,0.72349,0.63183,-1.1242,0.0652,79.79
3.4012,8.4078,28.185,1.9565,-4.8209,0.74529,0.65517,-1.1267,0.0597,87.149
3.4413,8.4963,27.99,1.979,-4.8954,0.77112,0.67767,-1.1278,0.0556,94.969
3.4812,8.653,27.762,2.0575,-5.1153,0.8762,0.75924,-1.1273,0.049,112.52
3.5211,8.7385,27.553,2.0407,-5.1283,0.89071,0.77848,-1.1301,0.0429,128.66
3.5612,8.8103,27.351,2.057,-5.2013,0.89858,0.7871,-1.1333,0.0379,147.58
3.6013,8.9257,27.14,2.1085,-5.2814,0.92326,0.80892,-1.1304,0.0387,146.94
3.6412,8.9951,26.923,2.1649,-5.3401,0.91389,0.80329,-1.1271,0.0395,145.88
3.6813,9.0524,26.728,2.167,-5.372,0.87887,0.77656,-1.1317,0.0352,164.56
3.7212,8.9498,26.525,2.212,-4.9908,0.47682,0.49327,-1.1885,-0.0114,-478.86
3.7612,9.0291,26.32,2.2259,-5.0346,0.47811,0.49414,-1.1889,-0.0114,-482.87
3.8012,9.1016,26.107,1.9103,-5.2958,0.52525,0.47912,-1.1898,-0.0128,-439.83
3.8413,9.1842,25.897,1.9266,-5.3411,0.52603,0.4803,-1.1903,-0.0128,-443.59
3.8813,9.2683,25.685,1.9427,-5.3866,0.52697,0.48151,-1.1909,-0.0128,-447.36
3.9214,9.3511,25.471,1.9591,-5.4319,0.52787,0.48277,-1.1914,-0.0128,-451.12
3.9613,9.4364,25.256,1.9754,-5.4772,0.52866,0.48393,-1.1919,-0.0128,-454.89
4.0013,9.5238,25.038,1.9913,-5.5227,0.52945,0.48509,-1.1925,-0.0128,-458.65
4.0413,9.6084,24.819,2.0078,-5.568,0.53036,0.48632,-1.1929,-0.0128,-462.42
4.0813,9.4565,24.784,1.607,-5.1212,0.20021,0.19006,-1.2524,-0.0498,-107.78
4.1213,9.5059,24.584,1.5644,-5.1774,0.23274,0.22037,-1.261,-0.0543,-99.606
4.1615,9.4182,24.479,1.3704,-5.1029,0.17624,0.16692,-1.2957,-0.0758,-69.706
4.2014,9.4867,24.277,1.3168,-5.0532,0.13388,0.12804,-1.306,-0.0813,-64.231
4.2415,9.5292,24.081,1.2913,-5.0698,0.1358,0.12988,-1.3114,-0.0825,-63.415
4.2816,9.5452,23.901,1.2323,-5.0464,0.1176,0.11268,-1.3226,-0.0873,-59.503
4.3214,9.5027,23.752,1.0616,-4.9563,0.072398,0.069676,-1.3543,-0.1056,-48
4.3615,9.5179,23.574,0.98047,-4.9293,0.057064,0.055002,-1.3701,-0.1128,-44.555
4.4016,9.5344,23.377,0.9315,-4.9738,0.078068,0.075124,-1.3798,-0.1161,-43.585
4.4415,9.5669,23.181,0.87894,-5.0176,0.094295,0.090639,-1.3904,-0.1194,-42.664
4.4815,9.4896,23.032,0.70777,-4.9544,0.069426,0.066892,-1.4237,-0.1373,-36.451
4.5215,9.4401,22.889,0.52025,-4.9766,0.083809,0.080709,-1.4605,-0.1552,-32.24
4.5616,9.4463,22.683,0.46839,-5.0386,0.086948,0.083742,-1.472,-0.1585,-31.927
4.6016,9.4495,22.487,0.41999,-5.0899,0.08887,0.085608,-1.4824,-0.1605,-31.821
4.6417,9.4458,22.283,0.33431,-5.1306,0.080556,0.077667,-1.5003,-0.1676,-30.677
4.6816,9.4549,22.075,0.29876,-5.1961,0.080758,0.077879,-1.5081,-0.1679,-30.999
4.7216,9.4628,21.866,0.2684,-5.2376,0.074271,0.071662,-1.5149,-0.1679,-31.235
4.7616,9.4677,21.655,0.23776,-5.2788,0.067783,0.065435,-1.5216,-0.1679,-31.472
4.8016,9.4604,21.437,0.18697,-5.3554,0.064843,0.062619,-1.532,-0.17,-31.521
4.8417,9.4624,21.221,0.15448,-5.4003,0.057644,0.055694,-1.5388,-0.17,-31.779
4.8818,9.442,21.014,0.087997,-5.442,0.045879,0.044358,-1.552,-0.1734,-31.388
4.9216,9.3777,20.849,-0.064127,-5.3769,0.0071089,0.0068858,-1.5823,-0.1859,-28.926
4.9617,9.3456,20.646,-0.13547,-5.4093,-0.0060947,-0.0059067,-1.5962,-0.1892,-28.6
5.0017,9.2693,20.451,-0.27076,-5.4274,-0.036771,-0.035692,-1.6226,-0.1995,-27.239
5.0417,9.2685,20.234,-0.30568,-5.4582,-0.043602,-0.042309,-1.629,-0.1986,-27.526
5.0808,9.2349,20.02,-0.36628,-5.4908,-0.054487,-0.052884,-1.6402,-0.2003,-27.474
5.1218,9.2058,19.801,-0.41999,-5.5296,-0.064254,-0.062378,-1.6498,-0.2012,-27.562
5.1618,9.1811,19.579,-0.47323,-5.5758,-0.075995,-0.073862,-1.6591,-0.2017,-27.743
5.2018,9.1446,19.368,-0.53118,-5.5868,-0.081355,-0.078999,-1.6694,-0.2029,-27.659
5.2409,9.0135,19.211,-0.75478,-5.493,-0.11549,-0.11219,-1.7127,-0.2204,-25.157
5.2818,8.8787,19.057,-0.96495,-5.4214,-0.1519,-0.14759,-1.7536,-0.2361,-23.323
5.3217,8.8,18.85,-1.0517,-5.4131,-0.16197,-0.15763,-1.7696,-0.2397,-23.005
5.361,8.7575,18.628,-1.1007,-5.4269,-0.16167,-0.15731,-1.7777,-0.2391,-23.16
5.4018,8.7202,18.414,-1.1572,-5.4448,-0.17516,-0.17075,-1.7874,-0.2389,-23.3
5.4419,8.6786,18.191,-1.2002,-5.4664,-0.16961,-0.165,-1.7937,-0.2374,-23.574
5.4809,8.6037,17.986,-1.2734,-5.4413,-0.16462,-0.16034,-1.8072,-0.2395,-23.333
5.5219,8.5281,17.783,-1.3489,-5.4382,-0.1692,-0.16478,-1.8204,-0.2413,-23.22
5.5619,8.457,17.578,-1.4136,-5.4201,-0.15967,-0.15541,-1.8319,-0.2422,-23.127
5.6011,8.3868,17.368,-1.4643,-5.4126,-0.15033,-0.14625,-1.8406,-0.2419,-23.18
5.6419,8.3089,17.165,-1.529,-5.4026,-0.14851,-0.14444,-1.852,-0.2427,-23.135
5.6819,8.2393,16.961,-1.5838,-5.392,-0.14282,-0.13887,-1.8616,-0.2425,-23.175
5.7219,8.2136,16.749,-1.5866,-5.3903,-0.12911,-0.12549,-1.8617,-0.2371,-23.699
5.7619,7.971,16.181,-1.7035,-5.3557,-0.1307,-0.12696,-1.8822,-0.2424,-23.185
5.8011,7.9261,15.961,-1.716,-5.3474,-0.1111,-0.10788,-1.8842,-0.2386,-23.537
5.842,7.8535,15.756,-1.7666,-5.3346,-0.10182,-0.098766,-1.8932,-0.2382,-23.591
5.8811,7.8137,15.517,-1.7675,-5.351,-0.099628,-0.096713,-1.8924,-0.2333,-24.155
5.922,7.7627,15.3,-1.7828,-5.343,-0.087036,-0.084467,-1.8951,-0.2299,-24.5
5.9611,7.7116,15.085,-1.7963,-5.3548,-0.081022,-0.078517,-1.8965,-0.2261,-24.98
6.0021,7.6393,14.868,-1.8203,-5.3409,-0.073429,-0.07124,-1.9011,-0.2241,-25.179
6.0411,7.6038,14.635,-1.7971,-5.3419,-0.053321,-0.051714,-1.8967,-0.2177,-25.889
6.0821,7.5328,14.426,-1.823,-5.3074,-0.022449,-0.021756,-1.9022,-0.2163,-25.944
6.1211,7.48,14.204,-1.8173,-5.2956,-0.0060942,-0.0059053,-1.9015,-0.2119,-26.422
6.1621,7.4026,13.982,-1.8233,-5.2845,0.010461,0.010135,-1.9028,-0.2088,-26.773
6.2012,7.3534,13.762,-1.8231,-5.2908,0.0030471,0.0029516,-1.9026,-0.2045,-27.365
6.2422,7.275,13.553,-1.8663,-5.2752,0.0031482,0.0030508,-1.9108,-0.2045,-27.362
6.2812,7.2509,13.319,-1.8032,-5.2598,0.038699,0.037467,-1.9001,-0.1955,-28.441
6.3223,7.2426,13.077,-1.7347,-5.2654,0.052005,0.050334,-1.8877,-0.1858,-29.837
6.3612,7.2315,12.836,-1.6693,-5.2707,0.060641,0.058678,-1.8759,-0.1764,-31.342
6.4022,7.1999,12.606,-1.6317,-5.265,0.070292,0.067999,-1.8694,-0.1699,-32.443
6.4412,7.1659,12.381,-1.5997,-5.2599,0.073848,0.07143,-1.864,-0.164,-33.523
6.4821,7.1284,12.158,-1.5686,-5.2473,0.0834,0.080646,-1.8589,-0.1583,-34.597
6.5212,7.0951,11.913,-1.5487,-5.2782,0.063894,0.061812,-1.8544,-0.1531,-35.929
6.5624,7.0437,11.696,-1.5274,-5.2536,0.081675,0.078975,-1.8514,-0.1485,-36.843
6.6013,7.0249,11.466,-1.4785,-5.2438,0.090212,0.087204,-1.8429,-0.1412,-38.585
6.6423,6.994,11.247,-1.4364,-5.2124,0.11135,0.10757,-1.8363,-0.1349,-40.079
6.6813,6.9566,11.025,-1.4027,-5.1934,0.11999,0.11587,-1.8309,-0.1293,-41.605
6.7213,6.9031,10.816,-1.3945,-5.1692,0.12538,0.12105,-1.8303,-0.1263,-42.391
6.7613,6.8669,10.608,-1.3641,-5.1262,0.1446,0.13951,-1.8262,-0.1213,-43.731
6.8014,6.8315,10.39,-1.3253,-5.0964,0.15599,0.15042,-1.82,-0.1154,-45.632
6.8414,6.8109,10.179,-1.2482,-5.0257,0.19231,0.18516,-1.8075,-0.106,-48.852
6.8823,6.7773,9.9688,-1.2128,-4.9985,0.1911,0.18396,-1.802,-0.1007,-51.078
6.9224,6.7614,9.7514,-1.1666,-4.983,0.18308,0.17624,-1.7941,-0.094,-54.444
6.9624,6.7387,9.5261,-1.1356,-5.0081,0.15226,0.14672,-1.7882,-0.0888,-57.829
7.0015,6.7222,9.2969,-1.1024,-5.0304,0.12857,0.12398,-1.7818,-0.0834,-61.748
7.0415,6.6938,9.078,-1.0862,-5.0489,0.10762,0.10386,-1.7788,-0.08,-64.556
7.0815,6.7133,8.8554,-1.0027,-4.9999,0.12767,0.12307,-1.7638,-0.0696,-73.268
7.1224,6.7354,8.6323,-0.9127,-4.9542,0.13776,0.13268,-1.7474,-0.0588,-85.673
7.1615,6.7169,8.4261,-0.85412,-4.9061,0.14276,0.13742,-1.7372,-0.0516,-96.509
7.2015,6.7087,8.2076,-0.8201,-4.91,0.12597,0.12134,-1.7309,-0.0469,-106.14
7.2415,6.6952,7.991,-0.79474,-4.915,0.11173,0.10768,-1.7263,-0.0433,-114.98
7.2825,6.6633,7.7955,-0.79876,-4.8828,0.11315,0.10904,-1.7281,-0.0433,-114.26
7.3215,6.6629,7.5709,-0.75676,-4.8963,0.09759,0.094105,-1.7199,-0.0376,-131.77
7.3625,6.6743,7.3415,-0.69835,-4.9138,0.081724,0.078857,-1.7084,-0.0302,-164.34
7.4015,6.6769,7.1194,-0.65558,-4.9191,0.072064,0.069562,-1.7001,-0.0248,-200.11
7.4416,6.6514,6.9227,-0.65377,-4.9111,0.066368,0.064083,-1.7002,-0.0243,-203.89
7.4815,6.6289,6.7207,-0.64987,-4.8998,0.063928,0.061733,-1.6998,-0.0235,-210.33
7.5226,6.6295,6.5616,-0.58695,-4.8007,0.075098,0.073061,-1.696,-0.0209,-231.41
7.5616,6.6045,6.3726,-0.62534,-4.7727,0.078478,0.075706,-1.6974,-0.0212,-227.05
7.6018,6.6263,6.1509,-0.55251,-4.7765,0.066173,0.063869,-1.6828,-0.0126,-381.61
7.6416,6.6512,5.9331,-0.47759,-4.7689,0.056107,0.054175,-1.6678,-0.004,-1198.2
7.6817,6.7129,5.7059,-0.34743,-4.7261,0.044518,0.043004,-1.6419,0.0106,447.07
7.7216,6.7232,5.517,-0.30426,-4.653,0.043503,0.04202,-1.6337,0.0149,312.95
7.7616,6.7657,5.3037,-0.20961,-4.6031,0.028963,0.027999,-1.6146,0.0252,182.85
7.8016,6.7976,5.0975,-0.1369,-4.558,0.015443,0.014944,-1.5999,0.0328,139.03
7.8426,6.8349,4.8933,-0.056247,-4.4977,-0.001524,-0.001476,-1.5834,0.0413,108.91
7.8817,6.8668,4.6996,0.011437,-4.4375,-0.017868,-0.01734,-1.5694,0.0481,92.257
7.9219,6.9145,4.497,0.10608,-4.3662,-0.044328,-0.043139,-1.5495,0.0579,75.431
7.9617,8.1513,3.5881,2.4295,-5.579,-0.49236,-0.49004,-1.1792,0.0579,105.1
8.0028,8.1501,3.638,1.4516,-4.6089,-0.32269,-0.32002,-1.2845,-0.0269,-179.63
8.0417,8.2544,3.2463,1.8387,-4.8521,-0.4308,-0.42832,-1.2283,0.0717,72.368
8.0817,8.2141,3.2835,1.5514,-4.1626,-0.44875,-0.4506,-1.242,0.0763,58.221
8.1217,8.2795,3.1713,0.57664,-3.2222,-0.24165,-0.23897,-1.4174,-0.1049,-31.205
8.1627,8.3489,2.9292,0.79597,-3.5489,-0.29229,-0.28937,-1.3735,-0.06,-60.619
8.2018,8.4352,2.5675,1.2889,-4.1039,-0.35068,-0.34766,-1.2869,0.0492,87.43
8.242,8.4845,2.3666,1.3419,-4.1867,-0.3218,-0.31847,-1.279,0.049,89.724
8.2818,8.5038,2.3103,1.1114,-4.0172,-0.34979,-0.32389,-1.2784,0.0597,69.817
8.3218,8.4665,2.3179,-2.3244,3.1079,-0.24184,-0.2243,-1.2414,0.049631,78.197
8.3618,8.3696,2.456,-1.8741,2.5173,-0.13405,-0.12483,-1.2044,0.039576,79.298
8.4019,8.3685,2.416,2.4682,-5.7998,-0.026027,-0.025163,-1.1673,0.0295,213.67
8.4419,8.8704,1.7032,2.1497,-6.0824,-0.10017,-0.096307,-1.227,0.1108,58.223
8.4818,8.9512,1.5845,2.286,-5.9889,-0.13224,-0.12676,-1.2006,0.1491,42.994
8.5219,9.0715,1.326,3.6343,-6.8636,0.021773,0.027481,-1.1822,0.16567,46.879
8.5619,9.2347,1.0401,4.4299,-7.3694,0.17572,0.18166,-1.1639,0.18223,47.184
8.6019,9.4186,0.74122,4.6735,-7.5067,0.32968,0.33585,-1.1455,0.19879,44.482
8.642,9.6017,0.44357,4.3638,-7.2745,0.48399,0.4904,-1.1271,0.21539,39.384
8.6819,9.7605,0.16419,3.5059,-6.6765,0.63742,0.64407,-1.1088,0.2319,32.519
******-------------------------------------------------------------------------------------------------------------------****** 
TargetID: ID18
Target can not be processed due to lack of Data
******-------------------------------------------------------------------------------------------------------------------****** 
TargetID: ID03
Relevancy: 0
tj = Inf
Label: -1
Comment: Target is irrelevant as it is not crossing the estimated holding line
DATA:
13.043,29.492,-16.377,0.74764,-2.5967,1.1536,0.0022193,-0.995,-0.2934,-9.21
13.083,29.66,-16.556,2.5613,-1.7776,1.3021,0.96334,-0.9934,-0.2796,-11.151
13.123,29.753,-16.705,2.9007,-2.2686,1.6411,1.2076,-1.0043,-0.2798,-13.161
13.163,28.857,-15.298,1.8542,-2.5903,1.881,0.59054,-0.9996,-0.2584,-12.328
13.203,28.962,-15.443,2.1477,-3.0951,2.1967,0.77848,-1.0069,-0.2552,-14.762
13.243,28.935,-15.448,1.8757,-2.8214,1.4535,0.51562,-1.0198,-0.2559,-13.24
13.283,28.995,-15.563,1.7918,-2.7485,1.1893,0.43394,-1.0306,-0.2556,-12.837
13.324,29.022,-15.618,1.736,-2.673,1.0011,0.36869,-1.0281,-0.236,-13.505
13.364,29.078,-15.695,1.6836,-2.6294,0.83832,0.31216,-1.0304,-0.2263,-13.797
13.404,29.148,-15.806,1.6451,-2.5871,0.68842,0.26149,-1.0322,-0.2168,-14.141
13.444,29.184,-15.859,1.5697,-2.498,0.49414,0.18878,-1.0313,-0.2034,-14.505
13.484,29.216,-15.902,1.5171,-2.4473,0.37085,0.14285,-1.0318,-0.1932,-14.903
13.524,29.306,-16.024,1.4112,-2.474,0.43969,0.15326,-1.0335,-0.1873,-15.207
13.564,29.443,-16.125,1.6949,-2.5577,0.5478,0.22449,-1.0064,-0.1492,-20.565
13.604,29.526,-16.232,1.6262,-2.4319,0.45456,0.18665,-1.0021,-0.1382,-21.169
13.644,29.618,-16.265,1.7381,-2.4251,0.36641,0.15522,-0.9648,-0.089,-33.524
13.684,29.69,-16.386,1.6289,-2.3727,0.29881,0.12773,-0.9846,-0.1088,-26.452
13.724,29.834,-16.47,1.808,-2.4442,0.37586,0.16755,-0.9511,-0.0695,-43.744
13.764,29.927,-16.577,1.7698,-2.3984,0.38016,0.17112,-0.9535,-0.0709,-42.04
13.804,30.134,-16.775,1.8821,-2.3954,0.45825,0.21578,-0.9331,-0.0481,-63.334
13.844,30.266,-16.873,2.051,-2.5105,0.53149,0.26224,-0.915,-0.0298,-108.79
13.884,30.37,-16.959,2.115,-2.5019,0.55158,0.27844,-0.898,-0.0115,-284.88
13.924,30.474,-17.066,2.26,-2.6224,0.59876,0.31549,-0.8872,-0.0004,-8654.7
13.964,30.639,-17.037,2.2571,-2.3174,0.42454,0.22045,-0.8201,0.0608,53.207
14.004,31.331,-17.799,2.3552,-2.2317,0.50861,0.29582,-0.8306,0.0465,69.777
14.044,31.435,-17.9,2.2083,-2.4033,0.53254,0.2702,-0.8276,0.0474,68.857
14.084,31.971,-18.499,2.8367,-2.4648,0.69467,0.48679,-0.8295,0.0433,86.788
14.124,32.099,-18.677,2.8517,-2.4416,0.76139,0.54963,-0.8353,0.0361,103.99
14.164,32.14,-18.802,2.708,-2.4275,0.71856,0.51684,-0.8537,0.0172,211.44
14.204,32.177,-18.94,2.6624,-2.554,0.68936,0.49936,-0.8758,-0.0035,-1054.1
14.244,32.058,-18.785,2.6014,-2.6642,0.66391,0.46442,-0.8785,-0.0065,-572.86
14.284,32.21,-18.953,2.7799,-2.8669,0.71194,0.51336,-0.8773,-0.0061,-654.65
******-------------------------------------------------------------------------------------------------------------------****** 
TargetID: ID04
Target can not be processed due to lack of Data
******-------------------------------------------------------------------------------------------------------------------****** 
TargetID: ID06
Target can not be processed due to lack of Data
******-------------------------------------------------------------------------------------------------------------------****** 
TargetID: ID19
Target can not be processed due to lack of Data
******-------------------------------------------------------------------------------------------------------------------****** 
TargetID: ID12
Target can not be processed due to lack of Data
******-------------------------------------------------------------------------------------------------------------------****** 
TargetID: ID13
Relevancy: 1
tj = 4.6816
Label: 0
Comment: Target is relevant and going straight, since the velocity ratio is almost not changing
DATA:
0.40014,7.9224,28.118,NaN,NaN,NaN,NaN,-1.449,NaN,NaN
0.44011,7.9414,27.985,NaN,NaN,NaN,NaN,-1.4491,NaN,NaN
0.48011,7.9588,27.852,NaN,NaN,NaN,NaN,-1.4491,NaN,NaN
0.52015,8.6533,27.522,NaN,NaN,NaN,NaN,-0.8775,NaN,NaN
0.56027,8.2632,27.618,NaN,NaN,NaN,NaN,-1.5906,NaN,NaN
0.60017,8.2593,27.487,NaN,NaN,NaN,NaN,-1.5906,NaN,NaN
0.64017,8.3793,27.362,NaN,NaN,NaN,NaN,-1.6024,NaN,NaN
0.6802,8.3587,27.237,NaN,NaN,NaN,NaN,-1.6115,NaN,NaN
0.7202,8.3535,27.104,NaN,NaN,NaN,NaN,-1.6115,NaN,NaN
0.76021,8.3738,26.967,NaN,NaN,NaN,NaN,-1.6372,NaN,NaN
0.80036,8.3452,26.78,NaN,NaN,NaN,NaN,-1.6446,NaN,NaN
0.84025,8.2538,26.618,NaN,NaN,NaN,NaN,-1.6762,NaN,NaN
0.88038,8.2281,26.426,NaN,NaN,NaN,NaN,-1.6742,NaN,NaN
0.92026,8.2973,26.256,NaN,NaN,NaN,NaN,-1.6447,NaN,NaN
0.96028,8.3548,26.055,NaN,NaN,NaN,NaN,-1.6163,NaN,NaN
1.0003,8.2353,25.941,NaN,NaN,NaN,NaN,-1.6559,NaN,NaN
1.0404,8.3027,25.783,NaN,NaN,NaN,NaN,-1.6498,NaN,NaN
1.0803,8.3076,25.607,NaN,NaN,NaN,NaN,-1.6513,NaN,NaN
1.1203,8.299,25.477,NaN,NaN,NaN,NaN,-1.6517,NaN,NaN
1.1604,8.9895,25.302,-0.04568,-4.1052,-0.009327,-0.0092735,-1.582,-0.0005,-8210.9
1.2004,8.9529,25.162,-0.10962,-4.1096,0.037809,0.037594,-1.5977,-0.0037,-1111.1
1.2404,9.0849,24.897,0.04418,-4.4824,0.060684,0.060288,-1.5606,-0.0307,-146.01
1.2805,9.7726,24.698,-0.13059,-4.559,-0.02953,-0.029303,-1.5996,-0.0617,-73.92
1.3204,9.7421,24.537,-0.14366,-4.5572,-0.00050126,-0.00049838,-1.6023,-0.0523,-87.179
1.3604,9.7458,24.335,-0.16902,-4.7251,-0.01677,-0.016639,-1.6066,-0.0611,-77.383
1.4004,9.7206,24.132,-0.20823,-4.8299,-0.021899,-0.021716,-1.614,-0.0677,-71.409
1.4405,9.7305,23.933,-0.18296,-4.8811,0.003012,0.002988,-1.6082,-0.0576,-84.802
1.4804,9.6927,23.756,-0.2159,-4.8798,0.0069293,0.0068699,-1.615,-0.0514,-95.03
1.5206,9.6226,23.568,-0.28731,-4.8809,-0.0027134,-0.0026871,-1.6296,-0.055,-88.897
1.5605,9.597,23.37,-0.33802,-4.9651,-0.017895,-0.017711,-1.6387,-0.0633,-78.619
1.6005,9.5799,23.166,-0.34248,-5.0178,-0.012266,-0.012138,-1.639,-0.0593,-84.815
1.6405,9.5249,22.983,-0.457,-5.0664,-0.039672,-0.039299,-1.6609,-0.0851,-59.777
1.6806,9.4987,22.783,-0.50393,-5.0827,-0.0454,-0.044848,-1.6698,-0.09,-56.751
1.7206,9.5695,22.534,-0.40876,-5.206,-0.055592,-0.054882,-1.6493,-0.0704,-74.177
1.7607,9.5725,22.327,-0.36644,-5.2454,-0.028793,-0.028426,-1.6406,-0.0539,-97.554
1.8006,9.5355,22.116,-0.55354,-5.2682,-0.089134,-0.087837,-1.6758,-0.1021,-51.883
1.8406,9.5095,21.907,-0.55946,-5.2815,-0.074302,-0.073215,-1.6766,-0.0967,-54.923
1.8806,9.4925,21.711,-0.58532,-5.2628,-0.060588,-0.059665,-1.6814,-0.0959,-55.217
1.9206,9.4523,21.512,-0.6569,-5.2122,-0.071407,-0.070297,-1.6964,-0.1085,-48.419
1.9606,9.4247,21.31,-0.68242,-5.2044,-0.06001,-0.059039,-1.701,-0.1081,-48.557
2.0008,9.3971,21.11,-0.69974,-5.1885,-0.045589,-0.04485,-1.705,-0.1074,-48.748
2.0407,9.3993,20.903,-0.68021,-5.2002,-0.032579,-0.032038,-1.7009,-0.0989,-53.029
2.0807,9.419,20.674,-0.63807,-5.194,-0.025724,-0.025288,-1.6931,-0.09,-58.145
2.1207,9.4163,20.471,-0.58412,-5.1885,-0.0047409,-0.0046592,-1.6829,-0.0758,-68.882
2.1607,9.428,20.286,-0.52607,-5.1531,0.018154,0.017839,-1.6726,-0.0618,-83.816
2.2008,9.2767,20.134,-0.77918,-4.9495,0.042053,0.041307,-1.7268,-0.1112,-45.058
2.2409,9.2416,19.934,-0.79679,-4.9527,0.043616,0.042773,-1.7302,-0.1102,-45.521
2.2808,9.2637,19.725,-0.72755,-4.9822,0.037641,0.036926,-1.7157,-0.0931,-54.082
2.3207,9.2478,19.524,-0.73256,-4.9465,0.051566,0.050572,-1.7176,-0.0917,-54.531
2.3608,9.1694,19.337,-0.81094,-4.8752,0.06982,0.068473,-1.7354,-0.1043,-47.385
2.4008,9.1748,19.14,-0.77,-4.8593,0.073666,0.07221,-1.7277,-0.0943,-52.173
2.4408,9.0917,18.955,-0.88705,-4.7902,0.072692,0.071195,-1.7537,-0.1134,-42.96
2.4809,9.0712,18.759,-0.88238,-4.769,0.078375,0.076693,-1.7535,-0.1096,-44.251
2.5208,9.0434,18.557,-0.90289,-4.7953,0.068108,0.066468,-1.7567,-0.1088,-44.849
2.5609,8.9693,18.374,-0.96934,-4.7674,0.072783,0.07099,-1.7711,-0.1169,-41.617
2.6009,8.934,18.177,-0.98639,-4.7651,0.069464,0.067711,-1.7747,-0.116,-41.95
2.6409,8.906,17.982,-0.98457,-4.7447,0.069088,0.067413,-1.7752,-0.1128,-42.959
2.6808,8.9113,17.772,-0.92703,-4.7729,0.061319,0.059799,-1.7624,-0.1,-48.621
2.721,8.9236,17.563,-0.85895,-4.8045,0.053443,0.05209,-1.7475,-0.0862,-56.62
2.7609,8.9132,17.37,-0.84328,-4.7891,0.059423,0.057894,-1.7449,-0.0818,-59.447
2.8009,8.8982,17.165,-0.81138,-4.8053,0.060218,0.058559,-1.7379,-0.0746,-65.326
2.8409,8.8816,16.955,-0.7937,-4.8218,0.056686,0.055091,-1.7337,-0.0697,-70.11
2.881,8.8526,16.769,-0.79507,-4.7738,0.067961,0.066157,-1.7361,-0.0694,-69.734
2.921,8.8232,16.578,-0.80632,-4.7589,0.069297,0.067419,-1.7389,-0.0694,-69.549
2.9611,8.7825,16.388,-0.8169,-4.744,0.07072,0.068793,-1.7416,-0.0694,-69.363
3.001,8.7441,16.198,-0.82778,-4.7289,0.072144,0.070165,-1.7443,-0.0694,-69.176
3.041,8.6992,16.023,-0.85823,-4.6571,0.088537,0.086079,-1.7527,-0.0729,-64.958
3.081,8.6442,15.85,-0.89893,-4.6395,0.090744,0.088007,-1.7618,-0.0767,-61.614
3.121,8.5345,15.669,-0.9903,-4.5695,0.10181,0.098968,-1.7838,-0.0883,-52.951
3.1611,8.4923,15.487,-1.0024,-4.5485,0.10373,0.10084,-1.7873,-0.0883,-52.748
3.2012,8.6441,15.258,-0.77849,-4.6343,0.066301,0.064415,-1.7375,-0.0569,-82.588
3.2411,8.6149,15.072,-0.78594,-4.6152,0.067314,0.065401,-1.7397,-0.0569,-82.278
3.2811,8.5768,14.877,-0.8035,-4.626,0.062762,0.060936,-1.7425,-0.0574,-81.799
3.3211,8.5169,14.689,-0.84138,-4.6265,0.058209,0.056517,-1.7507,-0.0608,-77.342
3.3613,8.4332,14.496,-0.89872,-4.6495,0.041329,0.040056,-1.7616,-0.0656,-72.189
3.4012,8.3452,14.315,-0.95683,-4.6176,0.045552,0.044197,-1.775,-0.0717,-65.77
3.4413,8.2899,14.133,-0.98226,-4.6078,0.043424,0.04213,-1.7807,-0.0732,-64.363
3.4812,8.2446,13.949,-0.99398,-4.5974,0.044134,0.04282,-1.7836,-0.0732,-64.257
3.5211,8.2007,13.765,-1.006,-4.5868,0.044848,0.043504,-1.7865,-0.0732,-64.151
3.5612,8.1398,13.572,-1.0318,-4.6002,0.029755,0.028834,-1.7913,-0.0742,-63.537
3.6013,8.0751,13.39,-1.0667,-4.5892,0.027407,0.026576,-1.7992,-0.0768,-61.348
3.6412,8.1354,13.157,-0.94963,-4.6653,0.010664,0.010333,-1.7716,-0.0604,-78.825
3.6813,8.0594,12.967,-1.0022,-4.659,0.0088339,0.0085629,-1.7827,-0.0652,-73.091
3.7212,8.0154,12.792,-0.93712,-4.7256,-0.01107,-0.010728,-1.7666,-0.0546,-88.235
3.7612,8.0078,12.603,-0.84768,-4.7731,-0.012698,-0.012302,-1.7466,-0.0425,-114.07
3.8012,7.9855,12.414,-0.83584,-4.7661,-0.0039612,-0.0038386,-1.7444,-0.0404,-119.77
3.8413,7.988,12.219,-0.74075,-4.8254,-0.010565,-0.010235,-1.7232,-0.0281,-173.74
3.8813,7.9598,12.018,-0.75527,-4.8648,-0.021339,-0.020666,-1.7249,-0.0284,-173.35
3.9214,7.9178,11.815,-0.77162,-4.8797,-0.022254,-0.021551,-1.7277,-0.0294,-168.04
3.9613,7.823,11.628,-0.9297,-4.7975,-0.016764,-0.016237,-1.7623,-0.047,-103.97
4.0013,7.8031,11.424,-0.92394,-4.8186,-0.019102,-0.0185,-1.7603,-0.0451,-108.79
4.0413,7.7472,11.222,-0.95971,-4.8609,-0.038901,-0.037694,-1.7659,-0.0472,-104.97
4.0813,7.706,11.024,-0.96279,-4.8858,-0.046214,-0.04478,-1.7655,-0.0461,-108.02
4.1213,7.5234,10.852,-0.91652,-4.9444,-0.05062,-0.049006,-1.7543,-0.0392,-128.28
4.1615,7.5047,10.639,-0.90262,-4.9579,-0.04228,-0.040937,-1.751,-0.0368,-136.94
4.2014,7.4617,10.423,-0.90285,-5.0076,-0.055965,-0.05423,-1.7493,-0.0353,-144.15
4.2415,7.3945,10.227,-0.93422,-5.0382,-0.070693,-0.068504,-1.7544,-0.0371,-138.11
4.2816,7.4335,9.9881,-0.8432,-5.109,-0.060691,-0.05875,-1.7345,-0.0262,-197.64
4.3214,7.4012,9.781,-0.83016,-5.1144,-0.053223,-0.051573,-1.7319,-0.0243,-213.23
4.3615,7.4247,9.5532,-0.75277,-5.1546,-0.041161,-0.039856,-1.7159,-0.0154,-338.27
4.4016,7.38,9.3507,-0.77567,-5.1612,-0.04205,-0.040745,-1.7201,-0.0173,-301.68
4.4415,7.3945,9.1303,-0.70338,-5.1649,-0.024783,-0.024013,-1.7062,-0.0094,-554.53
4.4815,7.4052,8.9123,-0.62817,-5.1901,-0.016763,-0.016238,-1.6913,-0.0012,-4356.6
4.5215,7.4432,8.683,-0.53573,-5.24,-0.014528,-0.014072,-1.6727,0.0088,598.56
4.5616,7.4855,8.4517,-0.43917,-5.2871,-0.010869,-0.01053,-1.6537,0.0189,280.71
4.6016,7.4468,8.2394,-0.45276,-5.3158,-0.016759,-0.016238,-1.6558,0.0172,310.18
4.6417,7.3951,8.0285,-0.48477,-5.3506,-0.025595,-0.024801,-1.6612,0.0138,389.32
4.6816,7.3572,7.8152,-0.50696,-5.3679,-0.029339,-0.028444,-1.665,0.0114,472.97
4.7216,7.3396,7.5837,-0.50384,-5.4295,-0.036362,-0.035234,-1.6634,0.012,454.4
4.7616,7.3117,7.3647,-0.51186,-5.4749,-0.04276,-0.041434,-1.6642,0.0113,486.61
4.8016,7.3001,7.1289,-0.50151,-5.5319,-0.046112,-0.044683,-1.6613,0.0125,444.37
4.8417,7.2943,6.8848,-0.48593,-5.5909,-0.047229,-0.045765,-1.6576,0.0144,389.72
4.8818,7.2961,6.6441,-0.45655,-5.633,-0.043573,-0.042222,-1.6518,0.0173,326.68
4.9216,7.3842,6.4054,-0.40369,-5.6856,-0.037707,-0.036511,-1.6418,0.0225,253.33
4.9617,7.3677,6.1778,-0.40022,-5.7125,-0.036995,-0.035822,-1.6408,0.0225,254.51
5.0017,7.3499,5.9453,-0.40075,-5.7405,-0.037073,-0.035922,-1.6406,0.0221,260.38
5.0417,7.3278,5.7199,-0.40662,-5.7187,-0.030758,-0.029821,-1.6419,0.0213,269.16
5.0808,7.2576,5.518,-0.48534,-5.6938,-0.033296,-0.032282,-1.6559,0.0136,420.18
5.1218,7.3384,5.6616,-0.34412,-5.7122,-0.017679,-0.017127,-1.6312,0.0267,214.33
5.1618,8.3274,5.0515,2.9461,-6.5461,0.17883,0.17294,-1.1458,0.0267,268.86
5.2018,8.3934,5.0344,2.9326,-6.5391,0.16103,0.15544,-1.1461,0.0424,169.02
5.2409,8.4123,4.9087,2.8681,-6.4096,0.19381,0.18691,-1.1462,0.0215,326.61
5.2818,8.6054,4.619,2.9405,-6.5223,0.24075,0.23195,-1.1426,0.0289,247.56
5.3217,8.5727,4.4148,2.7293,-6.4719,0.19333,0.18624,-1.1673,-0.0021,-3344.7
5.361,8.5569,4.3422,2.1158,-6.119,0.10633,0.10269,-1.2351,-0.1027,-63.042
5.4018,8.6144,4.0735,2.1053,-6.125,0.12102,0.11683,-1.2365,-0.0947,-68.392
5.4419,8.5971,3.9528,1.7678,-5.7231,-0.04319,-0.041904,-1.2725,-0.12,-49.915
5.4809,8.6115,3.7115,1.6446,-5.5955,-0.068624,-0.066636,-1.2871,-0.1239,-47.071
5.5219,8.5004,3.5243,2.9338,-6.5527,-0.26321,-0.2588,-1.1597,-0.1239,-57.946
5.5619,8.4892,3.4555,2.4368,-6.2395,-0.23251,-0.22899,-1.2098,-0.1837,-36.464
5.6011,8.7779,2.5238,2.077,-5.7244,-0.17424,-0.16966,-1.2273,-0.3016,-20.191
5.6419,8.7791,2.4254,1.7389,-5.474,-0.1699,-0.16554,-1.2686,-0.397,-14.467
5.6819,8.8287,2.2421,1.5466,-5.3711,-0.16335,-0.15909,-1.2958,-0.4335,-12.893
5.7219,8.4144,3.5009,2.6472,-6.8561,-0.22157,-0.21225,-1.1969,-0.4377,-16.791
5.7619,8.639,2.8798,2.5754,-7.1442,-0.16472,-0.15831,-1.2209,-0.45,-16.876
5.8011,8.9063,2.1492,2.5873,-7.2559,-0.080014,-0.077134,-1.2257,-0.4057,-18.988
5.842,9.0049,1.8152,2.4782,-7.2954,-0.067549,-0.065635,-1.2455,-0.4184,-18.415
5.8811,9.0835,1.651,2.553,-7.1435,-0.056054,-0.054112,-1.2257,-0.2887,-26.276
5.922,9.1469,1.5505,2.6707,-7.0121,0.063255,0.061554,-1.2091,-0.2061,-36.407
5.9611,9.2256,1.3762,2.7377,-6.9754,0.16299,0.15973,-1.2027,-0.1671,-44.844
******-------------------------------------------------------------------------------------------------------------------****** 
TargetID: ID21
Target can not be processed due to lack of Data
******-------------------------------------------------------------------------------------------------------------------****** 
TargetID: ID14
Target can not be processed due to lack of Data
******-------------------------------------------------------------------------------------------------------------------****** 
TargetID: ID15
Relevancy: 1
tj = 2.5609
Label: 0
Comment: Target is relevant and going straight, since target is crossing Ego X-axis in EFC
DATA:
0,9.1931,21.554,-0.59897,-3.8207,-0.21644,-0.2165,-1.7275,-0.0062,-623.77
0.039952,9.6281,22.801,0.029259,-4.2285,0.062647,0.062286,-1.5576,0.0687,61.551
0.080124,9.6752,22.561,0.045761,-4.476,0.12432,0.12302,-1.5493,0.06,74.603
0.12004,9.6933,22.346,0.061891,-4.6476,0.15354,0.1517,-1.5445,0.0579,80.277
0.16,9.696,22.127,0.052621,-4.7842,0.15038,0.14869,-1.5478,0.0582,82.208
0.20004,9.7108,21.899,-0.1715,-4.9155,-0.016913,-0.016911,-1.6069,-0.0036,-1366.2
0.24007,9.6796,21.701,-0.23281,-4.9841,-0.04135,-0.041384,-1.6203,-0.0005,-9979.1
0.28008,9.6305,21.522,-0.2311,-4.9687,-0.047767,-0.047813,-1.6205,0.0234,212.57
0.32023,9.6358,21.372,-0.22855,-4.9775,-0.025628,-0.025579,-1.6167,0.0341,146.12
0.36011,9.605,21.175,-0.29223,-5.0044,-0.069735,-0.069835,-1.6337,0.0254,197.36
0.40014,9.6057,20.976,-0.21177,-5.1133,-0.036239,-0.036245,-1.6145,0.0439,116.58
0.44011,9.6011,20.77,-0.20922,-5.2018,-0.028734,-0.028718,-1.6128,0.0439,118.59
0.48011,9.5951,20.559,-0.20624,-5.2902,-0.021127,-0.0211,-1.611,0.0439,120.6
0.52015,9.5253,20.378,-0.42083,-5.2617,-0.12126,-0.12151,-1.6576,-0.0045,-1173
0.56027,8.8121,20.404,-1.0548,-5.0015,-0.35733,-0.36324,-1.7969,-0.1867,-27.378
0.60017,8.776,20.236,-1.2414,-5.0952,-0.39377,-0.38889,-1.8098,-0.1971,-26.607
0.64017,8.726,20.035,-1.2997,-5.1563,-0.40492,-0.39991,-1.8177,-0.1971,-26.979
0.6802,8.6659,19.819,-1.2301,-5.2627,-0.44728,-0.45043,-1.8201,-0.1947,-27.758
0.7202,8.6048,19.609,-1.2912,-5.3294,-0.45938,-0.46234,-1.8279,-0.1947,-28.164
0.76021,8.567,19.373,-1.2844,-5.4888,-0.48022,-0.48335,-1.8201,-0.1817,-31.024
0.80036,8.5653,19.126,-1.3484,-5.6346,-0.44911,-0.44334,-1.8057,-0.1591,-36.416
0.84025,8.5151,18.903,-1.4036,-5.7061,-0.45936,-0.45345,-1.812,-0.1591,-36.934
0.88038,8.4364,18.698,-1.6327,-5.4911,-0.47767,-0.47531,-1.8768,-0.22,-26.04
0.92026,8.3686,18.487,-1.6585,-5.4308,-0.43226,-0.43313,-1.8826,-0.2179,-26.06
0.96028,8.3242,18.276,-1.6695,-5.418,-0.37545,-0.37582,-1.8831,-0.2122,-26.717
1.0003,8.3759,18.01,-1.4487,-5.5484,-0.30018,-0.30036,-1.8376,-0.1671,-34.317
1.0404,8.3529,17.77,-1.3666,-5.5929,-0.24434,-0.24429,-1.8199,-0.1461,-39.407
1.0803,8.2835,17.549,-1.3904,-5.6127,-0.22787,-0.22767,-1.8224,-0.1428,-40.493
1.1203,8.2719,17.334,-1.107,-5.7883,-0.17441,-0.17356,-1.7668,-0.0862,-68.367
1.1604,8.2587,16.674,-1.2049,-5.7621,-0.1681,-0.16707,-1.7822,-0.1042,-56.494
1.2004,8.1908,16.448,-1.2395,-5.7634,-0.16603,-0.16553,-1.7877,-0.1052,-56.038
1.2404,8.1824,16.203,-1.2167,-5.8335,-0.15854,-0.15748,-1.7812,-0.0972,-61.307
1.2805,8.1322,15.969,-1.2387,-5.8416,-0.15595,-0.15532,-1.7844,-0.0966,-61.816
1.3204,8.0492,15.755,-1.3095,-5.8445,-0.15998,-0.15929,-1.7959,-0.1025,-58.434
1.3604,7.9497,15.531,-1.3876,-5.8399,-0.16544,-0.16465,-1.8088,-0.1091,-55.018
1.4004,7.8842,15.295,-1.406,-5.8513,-0.15251,-0.15168,-1.8109,-0.1072,-56.136
1.4405,7.8348,15.062,-1.4117,-5.8545,-0.13474,-0.13392,-1.8112,-0.1039,-57.963
1.4804,7.7507,14.84,-1.4715,-5.8404,-0.12683,-0.12596,-1.8212,-0.1083,-55.613
1.5206,7.7888,14.594,-1.1895,-6.0565,-0.12057,-0.11941,-1.7682,-0.0605,-102.02
1.5605,7.7567,14.342,-1.1709,-6.0647,-0.10546,-0.10463,-1.7646,-0.0558,-110.69
1.6005,7.7721,14.145,-0.93434,-6.2483,-0.097604,-0.09662,-1.7222,-0.0203,-311.22
1.6405,7.7906,13.826,-0.70393,-6.3723,-0.072904,-0.072143,-1.683,0.0112,572.42
1.6806,7.8241,13.557,-0.49184,-6.4653,-0.04409,-0.043605,-1.6481,0.038,170.63
1.7206,7.8351,13.259,-0.39916,-6.4952,-0.026453,-0.026167,-1.633,0.0473,137.58
1.7607,7.822,12.988,-0.41971,-6.5065,-0.028995,-0.028647,-1.6361,0.0435,149.88
1.8006,7.8793,12.704,-0.30644,-6.4769,-0.0084533,-0.0083481,-1.6183,0.0554,117.04
1.8406,7.8323,12.466,-0.31239,-6.4601,-0.0032213,-0.0031787,-1.6192,0.0535,120.89
1.8806,7.8057,12.21,-0.29576,-6.452,0.0031219,0.0030781,-1.6165,0.054,119.61
1.9206,7.9149,11.922,-0.15194,-6.4696,0.0072502,0.0071471,-1.594,0.0694,93.248
1.9606,7.9023,11.691,-0.11907,-6.4004,0.011883,0.011707,-1.589,0.0722,88.663
2.0008,7.8989,11.447,-0.096808,-6.3271,0.011991,0.011803,-1.5857,0.0731,86.564
2.0407,7.9283,11.199,-0.020879,-6.289,0.010279,0.010114,-1.5738,0.0807,77.931
2.0807,7.2176,10.946,-0.031046,-6.2517,0.0061505,0.0060474,-1.5755,0.0767,81.509
2.1207,7.1939,10.688,0.053757,-6.2742,0.0016133,0.0015862,-1.5622,0.0844,74.342
2.1607,7.201,10.438,0.069637,-6.2597,0.0028246,0.0027745,-1.5596,0.0837,74.792
2.2008,7.2407,10.304,0.14766,-6.2847,-0.0037348,-0.0036652,-1.5474,0.0902,69.695
2.2409,7.2367,10.063,0.18098,-6.235,-0.0069671,-0.0068347,-1.5421,0.0918,67.948
2.2808,7.2563,9.8045,0.26364,-6.2622,-0.0087875,-0.0086161,-1.5291,0.0988,63.439
2.3207,7.2735,9.5082,0.28358,-6.2796,-0.0042436,-0.0041572,-1.5258,0.0982,64.012
2.3608,7.2855,9.2006,0.29505,-6.2851,-0.0026272,-0.0025729,-1.524,0.0964,65.27
2.4008,7.3112,8.9927,0.39938,-6.3309,-0.00050521,-0.00049473,-1.5078,0.1056,60.071
2.4408,7.334,8.7457,0.42004,-6.2959,-0.0070779,-0.006923,-1.5045,0.1051,60.037
2.4809,7.3546,8.4935,0.44557,-6.2865,-0.0076873,-0.0075129,-1.5003,0.1051,59.964
2.5208,7.3773,8.2425,0.47163,-6.277,-0.0082976,-0.0081032,-1.4961,0.1051,59.892
2.5609,7.3947,7.9925,0.49813,-6.2673,-0.0089079,-0.0086935,-1.4918,0.1051,59.82
2.6009,7.3547,7.7853,0.45208,-6.2623,0.0063792,0.0062208,-1.499,0.0972,64.594
2.6409,7.2904,7.6171,0.38717,-6.1619,0.0057728,0.0056268,-1.5083,0.0888,69.528
2.6808,7.309,7.3711,0.40882,-6.158,0.0058757,0.0057247,-1.5047,0.0888,69.5
2.721,7.3241,7.1246,0.43078,-6.1539,0.0059777,0.0058221,-1.5012,0.0888,69.47
2.7609,7.3491,6.8786,0.45212,-6.1498,0.006081,0.005919,-1.4977,0.0888,69.442
2.8009,7.3592,6.6343,0.47428,-6.1455,0.0061839,0.0060168,-1.494,0.0888,69.412
2.8409,7.497,6.3432,0.60886,-6.2685,0.031424,0.0306,-1.4752,0.0989,63.681
2.881,7.5467,6.0663,0.7367,-6.3607,0.063537,0.061962,-1.458,0.1079,59.344
2.921,7.6078,5.7591,0.78934,-6.4606,0.079539,0.076877,-1.4461,0.1125,57.854
2.9611,7.6422,5.4901,0.83064,-6.4911,0.081074,0.078337,-1.4404,0.1132,57.81
3.001,7.6867,5.21,0.88219,-6.5352,0.090059,0.087024,-1.4332,0.1148,57.443
3.041,7.7504,4.9118,0.9602,-6.6146,0.10666,0.10284,-1.4226,0.1185,56.405
3.081,7.781,4.6555,0.98063,-6.6147,0.10442,0.10077,-1.4197,0.1173,57.008
3.121,7.8342,4.3776,1.0276,-6.656,0.11287,0.10885,-1.4134,0.1182,56.978
3.1611,7.8847,4.1032,1.0736,-6.693,0.11979,0.11549,-1.4073,0.1191,56.915
3.2012,8.2971,3.5366,2.8682,-6.6769,0.27169,0.2591,-1.1548,0.1202,60.457
3.2411,8.2719,3.4816,2.761,-6.0766,0.2838,0.26941,-1.1315,0.12,55.62
3.2811,8.2397,3.3133,2.2695,-5.627,0.25065,0.23785,-1.1739,-0.0303,-200.24
3.3211,8.3328,3.1188,2.0615,-5.5478,0.23012,0.21878,-1.2021,-0.1148,-51.555
3.3613,8.4572,2.7998,2.1719,-5.8044,0.33379,0.31566,-1.1964,-0.1042,-59.477
3.4012,8.5815,2.5543,2.0695,-5.8781,0.3177,0.3013,-1.2172,-0.151,-41.27
3.4413,8.7262,2.1426,1.9958,-5.953,0.30322,0.28896,-1.2349,-0.1827,-34.366
3.4812,8.7244,1.9658,1.8972,-6.0731,0.29222,0.27841,-1.2555,-0.2169,-29.334
3.5211,8.7913,1.7184,1.8092,-6.1722,0.28233,0.26928,-1.2738,-0.2401,-26.788
3.5612,8.8843,1.4882,2.898,-7.353,1.6105,1.7021,-1.243,-0.2066,-38.255
3.6013,8.977,1.1786,2.192,-7.835,1.6227,1.4771,-1.2539,-0.2124,-38.304
3.6412,8.9772,1.1181,3.1011,-7.6416,1.907,2.0368,-1.2392,-0.17,-48.511
3.6813,9.0812,0.88954,2.2096,-4.3757,2.0219,2.0241,-1.2355,-0.15134,-32.389
3.7212,9.1632,0.7203,2.0191,-4.7033,2.1365,2.0114,-1.2317,-0.13275,-38.556
3.7612,9.2519,0.46556,2.528,-8.6248,2.2513,1.9986,-1.228,-0.1141,-78.77
3.8012,9.3787,0.13065,2.6319,-8.9031,2.2888,2.0392,-1.2281,-0.1061,-87.502
3.8413,9.5328,-0.26737,2.7593,-9.1136,2.3113,2.0739,-1.226,-0.095,-100.23
3.8813,9.6566,-0.54863,3.7224,-8.8584,2.1774,2.3061,-1.2223,-0.082,-117.18
3.9214,9.7804,-0.79673,3.7748,-8.8295,2.1228,2.2462,-1.2154,-0.0651,-147.51
3.9613,9.8961,-1.0039,3.7963,-8.6998,2.028,2.1443,-1.2073,-0.048,-197.75
4.0013,10.019,-1.2092,3.8336,-8.5693,1.9465,2.0576,-1.1976,-0.0301,-311.88
4.0413,10.138,-1.3883,3.856,-8.3824,1.846,1.951,-1.1868,-0.0122,-756.29
4.0813,10.129,-1.2828,3.5339,-7.6352,1.3908,1.4494,-1.1801,-0.0022,-3824.3
4.1213,10.274,-1.5263,3.6096,-7.5497,1.3903,1.4616,-1.1686,0.0138,606.39
4.1615,10.438,-1.7428,3.7392,-7.4866,1.3923,1.4663,-1.152,0.0354,236.4
4.2014,10.604,-1.9436,3.8581,-7.388,1.3766,1.4518,-1.1343,0.0564,147.78
4.2415,10.86,-2.1304,4.0347,-7.3139,1.3996,1.482,-1.1126,0.0801,104.28
4.2816,11.055,-2.2999,4.1804,-7.1566,1.3796,1.4638,-1.0887,0.1055,78.56
4.3214,11.181,-2.5082,4.2573,-7.0387,1.3281,1.4072,-1.0727,0.1194,68.895
4.3615,11.354,-2.6731,4.3147,-6.877,1.2589,1.3324,-1.0555,0.1338,60.676
4.4016,11.611,-3.4175,4.6158,-7.7275,1.5326,1.6191,-1.0767,0.1048,85.889
4.4415,11.873,-3.6635,4.7705,-7.6969,1.5407,1.6298,-1.0604,0.1185,76.417
4.4815,12.098,-3.9164,4.9203,-7.6349,1.5308,1.6196,-1.0426,0.1329,68.345
4.5215,12.361,-4.1247,5.0248,-7.5172,1.4785,1.5633,-1.025,0.1462,61.847
4.5616,12.534,-4.3594,5.1073,-7.3699,1.3937,1.4688,-1.0067,0.1593,56.287
4.6016,12.73,-4.5363,5.1192,-7.15,1.2527,1.3139,-0.9887,0.1716,51.245
4.6417,12.926,-4.6831,5.1067,-6.8872,1.086,1.1318,-0.9688,0.1852,46.296
4.6816,12.907,-4.4986,4.0803,-6.0458,0.10237,0.098366,-0.9726,0.1748,41.727
4.7216,13.141,-4.4762,4.0101,-5.6513,-0.1239,-0.11863,-0.9476,0.1916,36.167
4.7616,13.245,-4.5587,3.8259,-5.4278,-0.35146,-0.32771,-0.9383,0.1915,34.677
******-------------------------------------------------------------------------------------------------------------------****** 
TargetID: ID16
Target can not be processed due to lack of Data
******-------------------------------------------------------------------------------------------------------------------****** 
TargetID: ID17
Target can not be processed due to lack of Data
******-------------------------------------------------------------------------------------------------------------------****** 
