******-------------------------------------------------------------------------------------------------------------------****** 
Duration of the scene is: 24.8873 seconds
Original Targets Numbers in the hole Scene: 4
Number of Targets in the hole Scene after preprocessing: 6
Number of static portions: 1
******-------------------------------------------------------------------------------------------------------------------****** 
TargetID: ID01
Target can not be processed due to lack of Data
******-------------------------------------------------------------------------------------------------------------------****** 
TargetID: ID04
Relevancy: 1
tj = 11.4834
Label: 0
Comment: Target is relevant and going straight, since target is crossing Ego X-axis in EFC
DATA:
4.9215,-0.79895,67.198,NaN,NaN,NaN,NaN,-1.5539,NaN,NaN
4.9614,-0.79229,66.718,NaN,NaN,NaN,NaN,-1.5538,NaN,NaN
5.0015,1.6245,65.979,NaN,NaN,NaN,NaN,-0.851,NaN,NaN
5.0414,2.0453,65.506,NaN,NaN,NaN,NaN,-0.8511,NaN,NaN
5.0815,0.81254,65.011,NaN,NaN,NaN,NaN,-1.228,NaN,NaN
5.1215,0.98374,64.536,NaN,NaN,NaN,NaN,-1.228,NaN,NaN
5.1615,0.75723,64.183,NaN,NaN,NaN,NaN,-1.3231,NaN,NaN
5.2015,0.87636,63.71,NaN,NaN,NaN,NaN,-1.323,NaN,NaN
5.2415,0.66099,63.262,NaN,NaN,NaN,NaN,-1.3978,NaN,NaN
5.2815,0.74799,62.788,NaN,NaN,NaN,NaN,-1.3979,NaN,NaN
5.3216,0.90267,62.353,NaN,NaN,NaN,NaN,-1.3818,NaN,NaN
5.3615,0.99162,61.881,NaN,NaN,NaN,NaN,-1.3818,NaN,NaN
5.4016,0.78843,61.423,NaN,NaN,NaN,NaN,-1.4334,NaN,NaN
5.4415,0.8486,60.953,NaN,NaN,NaN,NaN,-1.4333,NaN,NaN
5.4816,1.1654,60.489,NaN,NaN,NaN,NaN,-1.3912,NaN,NaN
5.5216,1.2522,60.02,NaN,NaN,NaN,NaN,-1.3913,NaN,NaN
5.5616,1.4641,59.641,1.4559,-11.725,-0,0,-1.4473,0,Inf
5.6016,1.5244,59.172,1.4555,-11.725,-0,0,-1.4473,0,Inf
5.6417,1.2485,58.7,0.88607,-11.656,-0.0054223,-0.0053778,-1.4949,0.003,3896.4
5.6816,1.2784,58.234,0.88809,-11.648,-0.0038157,-0.0037847,-1.4947,0.003,3894
5.7217,1.169,57.77,0.64475,-11.578,-0.044783,-0.044418,-1.5152,0.0026,4460
5.7616,1.1935,57.307,0.64549,-11.564,-0.042273,-0.041928,-1.5151,0.0026,4454.5
5.8017,1.2175,56.85,0.63811,-11.536,-0.045384,-0.045016,-1.5156,0.0025,4621.4
5.8416,1.2455,56.389,0.63795,-11.52,-0.042573,-0.042228,-1.5155,0.0025,4615.2
5.8817,1.1689,55.928,0.47261,-11.49,-0.022994,-0.022807,-1.5297,-0.0047,-2446.7
5.9217,1.19,55.469,0.46925,-11.474,-0.019881,-0.019719,-1.5299,-0.0047,-2443.3
5.9618,1.2435,55.011,0.51216,-11.434,-0.018375,-0.018225,-1.526,-0.0029,-3946.7
6.0018,1.2629,54.554,0.51017,-11.415,-0.015464,-0.015337,-1.5261,-0.0029,-3940.1
6.0418,1.2894,54.079,0.48884,-11.395,-0.0062256,-0.0061743,-1.5279,-0.0044,-2592.2
6.0818,1.3076,53.624,0.4862,-11.375,-0.0033138,-0.0032865,-1.5281,-0.0044,-2587.5
6.1221,1.3127,53.174,0.44395,-11.328,0.0017073,0.0016935,-1.5316,-0.0088,-1288.2
6.1617,1.3341,52.721,0.43821,-11.305,0.0047188,0.0046807,-1.532,-0.0088,-1285.6
6.2018,1.3809,52.262,0.47831,-11.282,0.0036152,0.0035849,-1.5284,-0.0047,-2402.6
6.2418,1.5393,51.811,0.73982,-11.239,-0.0099405,-0.0098596,-1.5051,0.0187,602.33
6.2819,1.5778,51.359,0.76509,-11.213,-0.0056229,-0.0055766,-1.5027,0.0206,545.59
6.3219,1.6082,50.911,0.77277,-11.188,-0.0035144,-0.0034854,-1.5018,0.0206,544.39
6.3619,1.6631,50.466,0.83697,-11.154,-0.0042169,-0.0041825,-1.4959,0.0258,433.55
6.4019,1.6884,49.994,0.77777,-11.151,0.001406,0.0013942,-1.5012,0.0213,524.78
6.4419,1.8995,49.549,1.172,-11.111,-0.019078,-0.018923,-1.4657,0.0564,198.1
6.4819,1.9034,49.099,1.0903,-11.09,-0.012551,-0.012449,-1.4728,0.0476,234.11
6.5219,1.9553,48.65,1.1172,-11.069,-0.012852,-0.012747,-1.4702,0.0487,228.44
6.5618,1.9585,48.198,1.0292,-11.053,-0.0086353,-0.0085649,-1.478,0.0398,278.9
6.6019,1.8768,47.756,0.77834,-11.018,-0.0005019,-0.00049819,-1.5003,0.0168,657.46
6.6419,1.8346,47.291,0.57295,-11.003,0.0044184,0.0043824,-1.5188,0.0008,13772
6.682,1.8717,46.85,0.60363,-10.982,-0.0055221,-0.0054772,-1.5159,0.0036,3055.3
6.7219,1.8937,46.398,0.57115,-10.963,-0.0096392,-0.0095602,-1.5187,0.0019,5777.6
6.762,1.8583,45.943,0.40868,-10.944,-0.0050202,-0.004979,-1.5335,-0.0099,-1106.2
6.8019,1.8878,45.492,0.40042,-10.922,-0.010543,-0.010457,-1.5342,-0.009,-1214.4
6.842,1.8136,45.054,0.1968,-10.885,-0.0027111,-0.0026889,-1.5527,-0.0245,-444.34
6.8819,1.8484,44.606,0.20994,-10.864,-0.0085345,-0.0084654,-1.5515,-0.0216,-503.05
6.9221,1.7936,44.177,0.07836,-10.823,-0.0036152,-0.0035849,-1.5636,-0.0312,-346.9
6.962,1.7961,43.725,0.030102,-10.813,-0.0036152,-0.0035849,-1.568,-0.0325,-332.69
7.0021,1.7412,43.297,-0.092281,-10.772,0.0018071,0.0017929,-1.5794,-0.0407,-264.67
7.042,1.7967,42.855,-0.025429,-10.749,-0.004619,-0.0045813,-1.5732,-0.0337,-318.97
7.0821,1.7805,42.416,-0.087458,-10.724,-0.0013052,-0.0012947,-1.579,-0.0364,-294.63
7.1221,1.7826,41.983,-0.10952,-10.689,-0.00040211,-0.00039878,-1.581,-0.0365,-292.86
7.1621,1.8169,41.559,-0.048323,-10.65,-0.004619,-0.0045813,-1.5753,-0.0313,-340.26
7.2021,1.8456,41.125,-0.028788,-10.619,-0.0054223,-0.0053778,-1.5735,-0.0283,-375.24
7.2421,1.8467,40.699,-0.041963,-10.584,-0.0035144,-0.0034854,-1.5748,-0.0283,-374
7.2821,1.8633,40.272,-0.036516,-10.548,-0.003213,-0.0031871,-1.5743,-0.0267,-395.05
7.3225,1.8215,39.851,-0.11802,-10.509,0.0037149,0.0036853,-1.582,-0.0314,-334.7
7.3622,1.8192,39.422,-0.15669,-10.469,0.0071286,0.0070712,-1.5858,-0.0324,-323.16
7.4022,1.8973,39.001,-0.035148,-10.426,-0.0027111,-0.0026889,-1.5742,-0.0233,-447.48
7.4421,1.9233,38.586,0.0073776,-10.384,-0.0055221,-0.0054772,-1.5701,-0.02,-519.22
7.4822,1.9319,38.178,0.017266,-10.326,-0.0057236,-0.0056761,-1.5691,-0.019,-543.45
7.5222,2.0312,37.745,0.12535,-10.292,-0.015363,-0.015237,-1.5586,-0.0103,-999.28
7.5622,2.0705,37.339,0.17686,-10.228,-0.020484,-0.020316,-1.5535,-0.0066,-1549.9
7.6022,2.1811,36.935,0.34055,-10.158,-0.038255,-0.037944,-1.5373,0.0039,2606.2
7.6423,2.2393,36.534,0.41521,-10.097,-0.046689,-0.046307,-1.5297,0.0086,1175.1
7.6822,2.3002,36.137,0.49386,-10.034,-0.056228,-0.055766,-1.5216,0.0133,755.34
7.7223,2.3387,35.743,0.53339,-9.9712,-0.061955,-0.061443,-1.5173,0.0155,644.23
7.7623,2.3347,35.349,0.50436,-9.91,-0.059947,-0.059451,-1.5199,0.0135,735.02
7.8023,2.4037,34.958,0.58767,-9.8472,-0.071488,-0.070913,-1.5113,0.0183,539.05
7.8423,2.3665,34.565,0.49626,-9.7863,-0.062155,-0.061651,-1.5202,0.0128,765.54
7.8823,2.2644,34.191,0.34533,-9.7078,-0.045085,-0.044714,-1.5352,0.003,3238
7.9223,2.3079,33.806,0.38675,-9.6505,-0.052214,-0.051787,-1.5307,0.0055,1756.1
7.9624,2.2445,33.426,0.27755,-9.5812,-0.03916,-0.038842,-1.5419,-0.0012,-7987.7
8.0024,2.3087,33.037,0.33784,-9.5315,-0.048797,-0.048403,-1.5354,0.0029,3288.8
8.0424,2.3686,32.657,0.39918,-9.4732,-0.059143,-0.058658,-1.5287,0.0067,1415.2
8.0823,2.4432,32.281,0.48023,-9.4144,-0.071897,-0.071306,-1.5198,0.0116,812.65
8.1224,2.57,31.917,0.64132,-9.3468,-0.096902,-0.096092,-1.5022,0.0208,450.42
8.1624,2.494,31.532,0.48681,-9.3031,-0.073201,-0.072608,-1.5186,0.0117,796.23
8.2024,2.4262,31.166,0.37844,-9.239,-0.05834,-0.057862,-1.5299,0.005,1849.3
8.2424,2.4726,30.793,0.41474,-9.1884,-0.064159,-0.063643,-1.5258,0.0073,1260
8.2825,2.5055,30.415,0.42223,-9.1449,-0.065263,-0.064738,-1.5247,0.0081,1130.2
8.3225,2.5522,30.047,0.45782,-9.0922,-0.071187,-0.070615,-1.5206,0.0104,875.36
8.3625,2.6198,29.671,0.50709,-9.0489,-0.078616,-0.077986,-1.5149,0.0137,661.54
8.4024,2.6401,29.314,0.51019,-8.9864,-0.080733,-0.08007,-1.5141,0.0139,647.55
8.4424,2.5765,28.962,0.41326,-8.9233,-0.066776,-0.066221,-1.5244,0.0077,1160.1
8.4824,2.6124,28.596,0.42858,-8.8796,-0.068676,-0.068125,-1.5227,0.0089,998.87
8.5229,2.7713,28.218,0.59307,-8.8524,-0.092169,-0.091435,-1.504,0.0194,457.33
8.5625,2.8883,27.86,0.71102,-8.8061,-0.10996,-0.10903,-1.4901,0.0265,333.39
8.6025,2.9557,27.516,0.77474,-8.7448,-0.1204,-0.11939,-1.4823,0.0298,294.6
8.6425,3.6904,27.965,0.68837,-8.7155,-0.099022,-0.09823,-1.4932,0.0232,376.84
8.6826,3.6931,27.629,0.64205,-8.6519,-0.087147,-0.086633,-1.4978,0.0194,447.2
8.7226,3.7587,27.273,0.67156,-8.6451,-0.090075,-0.08924,-1.4933,0.0214,405.19
8.7626,3.7652,26.932,0.6582,-8.5842,-0.089867,-0.089146,-1.4954,0.0198,434.82
8.8025,3.7189,26.604,0.56905,-8.5194,-0.078096,-0.077465,-1.5051,0.0135,632.47
8.8426,3.6941,26.272,0.51032,-8.4613,-0.070651,-0.07008,-1.5114,0.0093,911.47
8.8826,3.7374,25.927,0.53359,-8.4049,-0.078098,-0.077467,-1.5084,0.0115,732.33
8.9227,3.7341,25.594,0.50491,-8.3465,-0.075985,-0.075372,-1.5113,0.0095,880.19
8.9626,3.7653,25.268,0.51797,-8.2668,-0.084842,-0.084159,-1.5093,0.0108,766.94
9.0028,3.7583,24.958,0.49887,-8.1997,-0.082932,-0.082263,-1.5111,0.0086,955.21
9.0426,3.7521,24.646,0.4795,-8.1356,-0.080517,-0.079868,-1.513,0.0066,1234.8
9.0828,3.7552,24.332,0.46781,-8.0774,-0.079009,-0.078372,-1.514,0.0054,1498.3
9.1227,3.7081,24.021,0.40419,-8.0039,-0.069652,-0.069089,-1.5213,0.001,8014.1
9.1627,3.7265,23.701,0.40278,-7.9511,-0.068949,-0.068391,-1.5211,0.0011,7237.6
9.2027,3.7543,23.388,0.41056,-7.8983,-0.069755,-0.069191,-1.5198,0.0016,4943.1
9.2427,3.7099,23.096,0.3509,-7.8166,-0.060946,-0.060506,-1.5268,-0.0029,-2698.1
9.2827,3.7866,22.785,0.4093,-7.776,-0.073079,-0.072488,-1.5193,0.0013,5989.8
9.3228,3.7699,22.489,0.37953,-7.7151,-0.067746,-0.067198,-1.5226,-0.0012,-6437.1
9.3627,3.853,22.16,0.44781,-7.7026,-0.076703,-0.076085,-1.5139,0.0044,1753.6
9.4028,3.8752,21.856,0.44961,-7.6521,-0.076,-0.075387,-1.5133,0.0045,1703.4
9.4427,3.9214,21.536,0.44067,-7.6058,-0.079234,-0.078381,-1.5117,0.0057,1336.6
9.4828,3.9755,21.227,0.4943,-7.5717,-0.083652,-0.082981,-1.5069,0.0084,903.32
9.5228,4.01,20.926,0.50663,-7.5282,-0.084862,-0.084182,-1.5049,0.0091,829.14
9.5628,4.0259,20.627,0.50343,-7.4853,-0.082951,-0.082285,-1.505,0.0088,852.52
9.6028,4.0572,20.325,0.51151,-7.4447,-0.082449,-0.081788,-1.5035,0.0094,793.86
9.6429,4.1256,20.014,0.56192,-7.4268,-0.087686,-0.086985,-1.4967,0.0134,555.83
9.6828,4.2076,19.697,0.6176,-7.4105,-0.094032,-0.093285,-1.4892,0.0179,415.43
9.7229,4.1974,19.406,0.54751,-7.35,-0.084466,-0.083791,-1.4978,0.0119,619.36
9.7628,4.2416,19.11,0.56766,-7.3112,-0.087287,-0.086591,-1.4948,0.0134,547.25
9.8029,4.1763,19.547,0.51269,-7.2332,-0.082045,-0.0815,-1.5026,0.0081,895.23
9.8429,4.2073,19.248,0.51887,-7.1978,-0.082047,-0.081503,-1.5015,0.0088,820.05
9.8829,4.2402,19.118,0.32855,-7.1244,-0.056188,-0.055673,-1.5247,-0.0062,-1150.3
9.9229,4.2614,18.843,0.35515,-7.0514,-0.061919,-0.061498,-1.5228,-0.0048,-1470.9
9.9629,4.261,18.57,0.34015,-6.9933,-0.059907,-0.059498,-1.5244,-0.0058,-1207.2
10.003,4.2812,18.288,0.30529,-6.9894,-0.047533,-0.047195,-1.5289,-0.0091,-768.8
10.043,4.3313,18.009,0.34978,-6.9411,-0.056789,-0.056399,-1.5226,-0.0049,-1418.3
10.083,4.2973,17.455,0.30885,-6.8815,-0.050855,-0.05048,-1.5276,-0.0082,-840.05
10.123,4.268,17.179,0.26673,-6.8496,-0.041568,-0.041287,-1.5332,-0.0116,-590.93
10.163,4.0186,16.908,0.26944,-6.8132,-0.042396,-0.042088,-1.5327,-0.011,-619.87
10.203,3.9665,16.685,0.20787,-6.784,-0.030737,-0.030507,-1.5412,-0.0166,-408.87
10.243,3.937,16.42,0.15313,-6.7686,-0.019781,-0.019633,-1.5488,-0.0213,-317.85
10.283,3.8869,16.13,0.030248,-6.7108,-0.0048195,-0.0047811,-1.5665,-0.0328,-204.6
10.323,3.8971,15.891,0.005666,-6.6792,-0.0020077,-0.0019918,-1.57,-0.0345,-193.6
10.363,3.8917,15.628,0.01249,-6.6637,-0.0027111,-0.0026889,-1.569,-0.0331,-201.32
10.403,3.9155,15.345,0.039473,-6.6575,-0.0056228,-0.0055776,-1.5651,-0.0295,-225.68
10.443,3.9375,15.054,0.053745,-6.6594,-0.006427,-0.0063752,-1.5629,-0.0273,-243.94
10.483,3.9488,14.772,0.057944,-6.6552,-0.0059241,-0.005877,-1.5623,-0.0259,-256.97
10.523,3.9543,14.449,0.04002,-6.6699,-0.0026104,-0.0025894,-1.5649,-0.027,-247.04
10.563,3.9396,14.188,0.026711,-6.6676,-0.0016065,-0.001593,-1.5668,-0.0277,-240.71
10.603,3.932,13.867,0.011875,-6.6709,-0.00060269,-0.00059765,-1.569,-0.0284,-234.89
10.643,3.9003,13.61,-0.00020465,-6.6738,0.00020058,0.00019887,-1.5708,-0.0287,-232.54
10.683,3.8902,13.344,-0.01356,-6.6804,0.00080327,0.00079652,-1.5728,-0.0293,-228
10.723,3.8752,13.07,0.0073753,-6.6853,-0.00040211,-0.00039878,-1.5697,-0.0263,-254.19
10.763,3.8855,12.841,0.040091,-6.693,-0.0015058,-0.0014936,-1.5649,-0.0219,-305.62
10.803,3.9147,12.561,0.072732,-6.6865,-0.0020087,-0.0019918,-1.56,-0.0177,-377.79
10.843,3.961,12.274,0.20622,-6.7103,-0.0089376,-0.0088662,-1.5404,-0.0034,-1974.5
10.883,3.9879,12.003,0.24954,-6.7129,-0.010746,-0.01066,-1.534,0.0012,5597.9
10.923,4.0233,11.717,0.26685,-6.7202,-0.010042,-0.0099621,-1.5314,0.0032,2101.7
10.963,4.0439,11.436,0.31866,-6.7201,-0.01185,-0.011756,-1.5238,0.0084,800.91
11.003,4.0273,11.182,0.29349,-6.6907,-0.011648,-0.011557,-1.5273,0.0056,1195.9
11.043,4.0961,10.861,0.33789,-6.7587,-0.0074308,-0.0073716,-1.5211,0.0104,650.69
11.083,4.1295,10.603,0.37354,-6.724,-0.012152,-0.012055,-1.5157,0.0139,484.48
11.123,4.1505,10.333,0.37751,-6.7223,-0.010243,-0.010162,-1.515,0.0139,484.38
11.163,4.1975,10.046,0.41078,-6.7439,-0.008736,-0.0086673,-1.5102,0.0171,395.11
11.203,4.2074,9.7777,0.43178,-6.6958,-0.018077,-0.017938,-1.507,0.0196,342.33
11.243,4.2423,9.4815,0.47931,-6.7525,-0.011147,-0.011059,-1.5003,0.0237,285.63
11.283,4.2784,9.195,0.53462,-6.7984,-0.0051209,-0.0050804,-1.4925,0.0284,240.12
11.323,4.2802,8.9285,0.44708,-6.7647,-0.0031133,-0.0030877,-1.5049,0.0182,372.5
11.363,4.2817,8.6737,0.41622,-6.7642,0.0024098,0.0023896,-1.5093,0.0138,491.09
11.403,4.331,8.366,0.45032,-6.8246,0.0081335,0.0080647,-1.5046,0.017,402.32
11.443,4.3744,8.0724,0.48237,-6.8686,0.01265,0.012542,-1.5003,0.0197,349.52
11.483,4.3947,7.7939,0.49011,-6.8911,0.016063,0.015925,-1.4993,0.0197,350.68
11.523,4.4207,7.5112,0.50231,-6.9165,0.019174,0.019009,-1.4977,0.0203,341.61
11.563,4.4554,7.2202,0.52663,-6.9678,0.026199,0.02597,-1.4945,0.0218,320.53
11.603,4.4766,6.924,0.54294,-7.0596,0.041853,0.04147,-1.4928,0.0219,323.31
11.643,4.481,6.6449,0.51743,-7.1069,0.049176,0.048719,-1.4966,0.0178,400.32
11.683,4.4969,6.3545,0.51108,-7.1566,0.053891,0.053385,-1.4979,0.0161,445.64
11.724,4.5072,6.0688,0.49342,-7.1978,0.057101,0.056562,-1.5007,0.0133,542.46
11.763,4.5192,5.7785,0.4785,-7.2445,0.06011,0.05954,-1.5031,0.0109,666.08
11.803,4.5387,5.4963,0.45731,-7.2583,0.056799,0.056267,-1.5062,0.0082,886.92
11.844,4.5147,5.225,0.3391,-7.2817,0.05048,0.050017,-1.5228,-0.0049,-1487.7
11.884,4.5052,4.9093,0.28417,-7.3412,0.048073,0.047637,-1.5308,-0.0109,-674.01
11.923,4.4989,4.5915,0.24125,-7.3985,0.044862,0.044461,-1.537,-0.0153,-483.82
11.964,4.4777,4.2976,0.17403,-7.4216,0.036134,0.035818,-1.5464,-0.0218,-340.53
12.004,4.465,4.0127,0.12599,-7.4513,0.02911,0.028859,-1.5531,-0.0261,-285.53
12.044,4.4679,3.7057,0.12448,-7.5311,0.02911,0.028859,-1.5535,-0.0255,-295.38
12.084,4.4686,3.4017,0.10749,-7.5943,0.0262,0.025976,-1.556,-0.0264,-287.69
12.124,4.4511,3.137,0.073395,-7.6069,0.019877,0.019709,-1.5607,-0.029,-262.32
12.164,4.4414,2.9194,0.047354,-7.6552,0.015661,0.01553,-1.5642,-0.0308,-248.55
12.204,4.4298,2.6445,0.019578,-7.6683,0.010743,0.010653,-1.568,-0.0327,-234.51
12.244,4.42,2.3724,0.02325,-7.6826,0.010542,0.01046,-1.568,-0.0315,-243.89
12.284,4.4101,2.0895,0.006223,-7.6814,0.007831,0.0077693,-1.5702,-0.0319,-240.8
12.324,4.3535,1.8225,-0.075719,-7.6248,-0.0017073,-0.0016925,-1.5807,-0.0396,-192.55
12.364,4.3428,1.5304,-0.089536,-7.6581,-0.0035144,-0.0034854,-1.5824,-0.0395,-193.89
12.404,4.2946,1.2657,-0.15302,-7.6399,-0.010444,-0.010355,-1.5905,-0.0453,-168.69
12.444,4.2763,1.0393,-0.1736,-7.5926,-0.0095395,-0.0094588,-1.5934,-0.0456,-166.55
12.484,4.2161,0.74685,-0.24633,-7.6781,-0.020788,-0.020603,-1.6023,-0.0527,-145.77
12.524,4.1729,0.46341,-0.29097,-7.7117,-0.027015,-0.02677,-1.6078,-0.0558,-138.3
12.564,4.1088,0.23539,-0.34908,-7.6254,-0.031234,-0.030946,-1.6157,-0.0611,-124.93
12.604,4.0877,-0.064237,-0.69867,-7.3569,-0.028831,-0.028565,-1.6155,-0.0564,-131.03
12.644,4.0536,-0.35487,-0.99086,-7.1508,-0.026424,-0.026181,-1.6153,-0.051691,-139.66
12.684,4.0091,-0.63794,-1.2246,-7.0076,-0.024022,-0.0238,-1.6151,-0.046991,-151.39
12.724,3.9565,-0.91595,-1.4002,-6.9272,-0.021624,-0.021425,-1.6149,-0.042302,-167.07
12.764,3.8979,-1.1927,-1.5184,-6.909,-0.019221,-0.019044,-1.6147,-0.0376,-188.13
12.804,3.8358,-1.4695,-1.5787,-6.9534,-0.016821,-0.016667,-1.6145,-0.032907,-216.68
12.844,3.7722,-1.7504,-1.5812,-7.0606,-0.014413,-0.014281,-1.6143,-0.028196,-256.61
12.884,3.71,-2.0354,-1.526,-7.2297,-0.012017,-0.011907,-1.6141,-0.023508,-314.31
12.924,3.6509,-2.3296,-1.4127,-7.4621,-0.009611,-0.0095225,-1.6139,-0.018801,-403.95
12.964,3.5977,-2.6333,-1.2421,-7.7562,-0.0072132,-0.0071468,-1.6137,-0.014111,-556.67
13.004,3.5523,-2.9512,-1.0129,-8.1139,-0.0048068,-0.0047626,-1.6135,-0.0094033,-869.58
13.044,3.5174,-3.2837,-0.72653,-8.5333,-0.0024069,-0.0023847,-1.6133,-0.0047084,-1818.9
13.084,3.495,-3.6353,-0.38137,-9.0165,-0,0,-1.6131,0,Inf
13.124,3.7661,-4.3874,-0.33702,-9.0332,0.00010079,9.9456e-05,-1.6081,-0.0032,-2824.8
13.164,3.9064,-4.5958,-0.61529,-7.9685,0.065315,0.064719,-1.6459,-0.229,-34.901
13.204,3.8853,-4.9047,-0.63788,-7.9066,0.071553,0.071151,-1.6534,-0.2284,-34.73
13.244,3.6814,-5.0592,-0.86983,-7.6435,0.14138,0.14084,-1.6882,-0.3438,-22.376
13.284,3.6522,-5.291,-0.92734,-7.4429,0.17437,0.17388,-1.6999,-0.3484,-21.528
13.324,3.6805,-5.5922,-0.8447,-7.5861,0.072669,0.072241,-1.6838,-0.2529,-30.182
13.364,3.6803,-5.8495,-0.79616,-7.3084,0.12352,0.12303,-1.6832,-0.2341,-31.404
13.404,3.7087,-6.1181,-0.68272,-7.5361,0.016967,0.016838,-1.6616,-0.1525,-49.619
13.444,3.6466,-6.4464,-0.82676,-7.6066,0.0073301,0.0072711,-1.6793,-0.183,-41.811
13.484,3.6044,-6.8517,-0.95487,-8.263,-0.17052,-0.16837,-1.6818,-0.1673,-49.719
13.524,3.5256,-7.1874,-1.1057,-8.3544,-0.21103,-0.20823,-1.6976,-0.1871,-45.041
13.564,3.5269,-7.4905,-1.0622,-8.3607,-0.19062,-0.18818,-1.6928,-0.1637,-51.484
13.604,3.5049,-7.8445,-1.1274,-8.5724,-0.23528,-0.23207,-1.6965,-0.1604,-53.904
13.644,3.4771,-8.1941,-1.1671,-8.6494,-0.24211,-0.23881,-1.6999,-0.1559,-55.983
13.684,3.4073,-8.5123,-1.2264,-8.6734,-0.25034,-0.24693,-1.7061,-0.1563,-56.044
13.724,3.3955,-8.8549,-1.1567,-8.6707,-0.21988,-0.217,-1.6988,-0.1342,-65.182
13.764,3.2774,-9.2274,-1.3455,-8.808,-0.27644,-0.27312,-1.717,-0.1522,-58.543
13.804,3.3096,-9.56,-1.2123,-8.8176,-0.23465,-0.23156,-1.7027,-0.1239,-71.836
13.844,3.2513,-9.9085,-1.2677,-8.8732,-0.24777,-0.24487,-1.7078,-0.1243,-72.11
13.884,3.2392,-10.268,-1.2484,-8.9207,-0.23142,-0.22843,-1.7053,-0.1146,-78.6
13.924,3.1454,-10.624,-1.3627,-8.9627,-0.24977,-0.24689,-1.717,-0.123,-73.705
13.964,3.0853,-10.984,-1.4293,-9.0232,-0.2608,-0.25779,-1.7231,-0.1249,-73.144
14.004,2.9902,-11.333,-1.531,-9.0339,-0.26441,-0.26138,-1.7339,-0.1312,-69.838
14.044,2.9256,-11.688,-1.5829,-9.0733,-0.26812,-0.26507,-1.7387,-0.1315,-70.041
14.084,2.8644,-12.037,-1.6217,-9.0941,-0.2637,-0.26074,-1.7426,-0.1301,-71.003
14.124,2.8054,-12.424,-1.6741,-9.1155,-0.25818,-0.25568,-1.7479,-0.1296,-71.512
14.164,2.6835,-12.799,-1.8188,-9.1889,-0.28055,-0.27743,-1.7615,-0.1379,-67.927
14.204,2.7783,-13.12,-1.5933,-9.1656,-0.22329,-0.22088,-1.739,-0.1112,-83.661
14.244,2.6786,-13.486,-1.6891,-9.2018,-0.23252,-0.23001,-1.7484,-0.1158,-80.79
14.284,2.7029,-13.812,-1.5782,-9.1937,-0.19458,-0.19235,-1.7374,-0.1004,-92.91
14.324,2.6681,-14.212,-1.5844,-9.2148,-0.18297,-0.18109,-1.7379,-0.0965,-96.892
14.364,2.6592,-14.61,-1.5419,-9.2612,-0.17675,-0.17494,-1.7328,-0.0867,-108.29
14.404,2.7058,-15.022,-1.4298,-9.2738,-0.14856,-0.14707,-1.7212,-0.0725,-129.43
14.444,2.7262,-15.397,-1.3543,-9.2595,-0.12317,-0.12197,-1.7139,-0.0639,-146.45
14.484,2.7595,-15.785,-1.275,-9.2399,-0.097578,-0.096656,-1.7062,-0.056,-166.56
14.524,2.7489,-16.137,-1.2277,-9.2202,-0.08172,-0.080962,-1.7017,-0.05,-186.03
14.564,2.7784,-16.476,-1.1382,-9.1638,-0.056524,-0.056017,-1.6933,-0.0424,-217.79
14.604,2.7826,-16.816,-1.0803,-9.1468,-0.047689,-0.047268,-1.6875,-0.0362,-254.43
******-------------------------------------------------------------------------------------------------------------------****** 
TargetID: ID09
Relevancy: 1
tj = 22.4066
Label: 0
Comment: Target is relevant and going straight, since target is crossing Ego X-axis in EFC
DATA:
15.885,0.89608,74.239,NaN,NaN,NaN,NaN,-1.5929,NaN,NaN
15.925,0.87512,73.737,NaN,NaN,NaN,NaN,-1.5927,NaN,NaN
15.965,-0.25925,73.04,NaN,NaN,NaN,NaN,-1.9393,NaN,NaN
16.005,-0.4591,72.539,NaN,NaN,NaN,NaN,-1.9392,NaN,NaN
16.045,-1.5741,72.161,NaN,NaN,NaN,NaN,-2.1459,NaN,NaN
16.085,-1.8867,71.66,NaN,NaN,NaN,NaN,-2.1461,NaN,NaN
16.125,-2.2094,71.16,NaN,NaN,NaN,NaN,-2.1461,NaN,NaN
16.165,-2.5321,70.659,NaN,NaN,NaN,NaN,-2.1461,NaN,NaN
16.205,-1.3476,70.184,NaN,NaN,NaN,NaN,-1.8984,NaN,NaN
16.245,-1.5208,69.685,NaN,NaN,NaN,NaN,-1.8984,NaN,NaN
16.285,-0.30109,69.201,NaN,NaN,NaN,NaN,-1.6782,NaN,NaN
16.325,-0.35204,68.704,NaN,NaN,NaN,NaN,-1.6782,NaN,NaN
16.365,0.42187,68.279,NaN,NaN,NaN,NaN,-1.5441,NaN,NaN
16.405,0.43537,67.786,NaN,NaN,NaN,NaN,-1.5441,NaN,NaN
16.445,0.44957,67.293,NaN,NaN,NaN,NaN,-1.5441,NaN,NaN
16.485,0.46464,66.8,NaN,NaN,NaN,NaN,-1.5441,NaN,NaN
16.525,0.17775,66.379,-1.0333,-12.339,-0,0,-1.6543,0,Inf
16.565,0.13782,65.886,-1.0336,-12.339,-0,0,-1.6544,0,Inf
16.605,0.26905,65.353,-0.7906,-12.316,-0.0081345,-0.0080647,-1.6349,-0.0025,-4936.7
16.645,0.23434,64.861,-0.79076,-12.309,-0.0094407,-0.0093595,-1.635,-0.0025,-4933.9
16.685,0.34556,64.381,-0.57921,-12.215,0.0098418,0.0097572,-1.6182,-0.004,-3057.2
16.725,0.32109,63.892,-0.58009,-12.197,0.0075318,0.0074681,-1.6183,-0.004,-3052.6
16.765,0.43624,63.391,-0.38486,-12.166,0.0091372,0.009063,-1.6024,0.0001,1.2172e+05
16.805,0.42385,62.905,-0.38476,-12.146,0.0066267,0.006573,-1.6025,0.0001,1.2152e+05
16.845,0.36409,62.418,-0.44194,-12.103,0.01476,0.01464,-1.6073,-0.0015,-8074.3
16.885,0.3512,61.934,-0.44274,-12.08,0.012452,0.012348,-1.6074,-0.0015,-8059.1
16.925,0.44326,61.427,-0.27933,-12.081,-0.00231,-0.0022901,-1.5939,0.0079,1529.7
16.965,0.42889,60.944,-0.27432,-12.06,-0.0048206,-0.0047802,-1.5935,0.0079,1527
17.005,0.5583,60.452,-0.053748,-12.038,-0.013557,-0.013443,-1.5753,0.023,523.4
17.045,0.55929,59.971,-0.043139,-12.017,-0.015967,-0.015833,-1.5744,0.023,522.48
17.085,0.7133,59.491,0.24209,-11.975,-0.021891,-0.021709,-1.5506,0.0449,266.77
17.125,0.72342,59.012,0.2632,-11.953,-0.024201,-0.023999,-1.5488,0.0449,266.28
17.165,0.81192,58.504,0.39274,-11.955,-0.01677,-0.01663,-1.538,0.0549,217.87
17.205,0.82499,58.026,0.41894,-11.933,-0.018477,-0.018323,-1.5357,0.0549,217.49
17.245,0.77288,57.55,0.33475,-11.905,-0.0068283,-0.0067709,-1.5427,0.0471,252.86
17.285,0.78328,57.075,0.35723,-11.882,-0.0078331,-0.0077674,-1.5407,0.0471,252.39
17.325,0.82095,56.57,0.39929,-11.878,-0.0079329,-0.0078668,-1.5372,0.0515,230.77
17.365,0.83895,56.096,0.42269,-11.855,-0.0087362,-0.0086633,-1.5352,0.0515,230.35
17.405,0.82131,55.599,0.37133,-11.84,-0.0057236,-0.0056761,-1.5395,0.0482,245.76
17.445,0.83442,55.126,0.39383,-11.816,-0.0064271,-0.0063732,-1.5375,0.0482,245.29
17.485,1.0023,54.66,0.71615,-11.772,-0.022795,-0.022604,-1.51,0.0724,162.9
17.525,1.0302,54.19,0.74915,-11.747,-0.024,-0.023799,-1.5071,0.0724,162.58
17.565,1.0924,53.715,0.84752,-11.717,-0.0238,-0.0236,-1.4986,0.0785,149.65
17.605,1.1289,53.247,0.88214,-11.691,-0.024803,-0.024597,-1.4955,0.0785,149.35
17.645,1.2815,52.781,1.1279,-11.66,-0.030327,-0.030074,-1.4744,0.0938,124.89
17.685,1.329,52.315,1.1691,-11.633,-0.031431,-0.031169,-1.4707,0.0938,124.65
17.725,1.3762,51.845,1.1967,-11.615,-0.027816,-0.027583,-1.4681,0.0928,125.82
17.765,1.4686,51.373,1.306,-11.597,-0.029523,-0.029278,-1.4587,0.0976,119.58
17.805,1.4143,50.908,1.1631,-11.572,-0.025708,-0.025493,-1.4707,0.085,136.83
17.845,1.4585,50.446,1.2008,-11.546,-0.02641,-0.02619,-1.4672,0.085,136.56
17.885,1.458,49.968,1.1266,-11.535,-0.027615,-0.027385,-1.4735,0.0781,148.4
17.925,1.5459,49.502,1.2272,-11.516,-0.032436,-0.032165,-1.4647,0.0827,140.04
17.965,1.5713,49.045,1.2193,-11.487,-0.03364,-0.03336,-1.4651,0.0797,144.94
18.005,1.6772,48.569,1.3334,-11.483,-0.036151,-0.03585,-1.4552,0.0853,135.52
18.045,1.6847,48.112,1.2836,-11.463,-0.033942,-0.033659,-1.4593,0.0793,145.46
18.085,1.7359,47.64,1.2968,-11.45,-0.035147,-0.034854,-1.458,0.0785,146.79
18.125,1.7267,47.182,1.2214,-11.419,-0.036252,-0.035949,-1.4643,0.0719,159.72
18.165,1.7602,46.718,1.2128,-11.397,-0.03836,-0.03804,-1.4648,0.0698,164.21
18.205,1.7848,46.259,1.1924,-11.377,-0.038963,-0.038638,-1.4664,0.0668,171.24
18.245,1.8661,45.796,1.2624,-11.356,-0.043984,-0.043618,-1.4601,0.0698,163.69
18.285,1.8473,45.343,1.1689,-11.318,-0.044787,-0.044412,-1.4679,0.0626,181.76
18.325,1.9244,44.885,1.2354,-11.292,-0.050007,-0.049592,-1.4619,0.0654,173.69
18.366,1.9656,44.425,1.2351,-11.273,-0.051014,-0.050589,-1.4617,0.0641,176.91
18.405,2.0159,43.974,1.2598,-11.241,-0.05483,-0.054374,-1.4592,0.0642,176.19
18.445,2.0179,43.528,1.2084,-11.207,-0.05473,-0.054271,-1.4634,0.0596,189.13
18.485,2.1097,43.07,1.2844,-11.186,-0.05945,-0.058955,-1.4565,0.0631,178.44
18.525,2.1886,42.645,1.3845,-11.131,-0.069493,-0.068904,-1.447,0.0668,167.92
18.565,2.1917,42.197,1.3148,-11.101,-0.067483,-0.066922,-1.453,0.0616,181.48
18.605,2.2871,41.758,1.4071,-11.071,-0.072305,-0.071692,-1.4443,0.0653,170.91
18.646,2.3194,41.318,1.397,-11.037,-0.073509,-0.072898,-1.445,0.0632,176.02
18.686,2.3747,40.877,1.4219,-11.007,-0.074814,-0.074192,-1.4424,0.0632,175.61
18.726,2.3922,40.437,1.3841,-10.975,-0.074513,-0.073894,-1.4454,0.0599,184.67
18.766,2.4301,40.016,1.4057,-10.929,-0.078431,-0.077765,-1.4428,0.0594,185.5
18.806,2.4872,39.58,1.428,-10.898,-0.079737,-0.07906,-1.4404,0.0594,185.04
18.846,2.5467,39.124,1.4249,-10.897,-0.074915,-0.074292,-1.4408,0.0584,188.18
18.886,2.5688,38.688,1.3905,-10.866,-0.075015,-0.074392,-1.4436,0.0555,197.38
18.926,2.6924,38.257,1.5107,-10.83,-0.084055,-0.083348,-1.4322,0.0607,180.14
18.966,2.6644,37.825,1.4026,-10.796,-0.080037,-0.079372,-1.4417,0.054,201.61
19.006,2.7727,37.398,1.4995,-10.762,-0.087169,-0.086428,-1.4323,0.058,187.35
19.046,2.8399,36.967,1.5253,-10.727,-0.091285,-0.090518,-1.4295,0.0583,185.84
19.086,2.823,36.534,1.4258,-10.686,-0.090381,-0.089631,-1.4382,0.0526,204.96
19.126,2.8761,36.108,1.4338,-10.641,-0.096406,-0.095607,-1.437,0.0523,205.3
19.166,2.9223,35.688,1.4325,-10.589,-0.10304,-0.10216,-1.4362,0.0517,206.69
19.206,2.974,35.266,1.4393,-10.537,-0.11037,-0.10945,-1.4351,0.0514,206.9
19.246,3.0002,34.855,1.4201,-10.474,-0.1175,-0.11651,-1.436,0.0498,212.24
19.286,2.9196,34.446,1.2514,-10.398,-0.11398,-0.11304,-1.4511,0.0408,256.69
19.326,2.9486,34.038,1.2348,-10.333,-0.11981,-0.11881,-1.452,0.0395,263.46
19.366,2.9425,33.621,1.1527,-10.273,-0.1187,-0.11772,-1.4592,0.0354,292.02
19.406,2.9201,33.217,1.0649,-10.198,-0.118,-0.11701,-1.4667,0.0308,332.9
19.446,2.906,32.821,1.001,-10.12,-0.1183,-0.11731,-1.4722,0.0272,373.87
19.486,2.8721,32.425,0.90962,-10.04,-0.11438,-0.11344,-1.4806,0.0224,450.06
19.526,2.8642,32.03,0.85111,-9.9646,-0.11308,-0.11213,-1.4856,0.0194,515.51
19.566,2.8829,31.638,0.83456,-9.893,-0.11549,-0.11453,-1.4868,0.0184,539.57
19.606,2.8954,31.251,0.80827,-9.8079,-0.1189,-0.1179,-1.4886,0.0171,575.51
19.646,2.9482,30.865,0.83697,-9.7376,-0.12714,-0.12605,-1.4849,0.0186,525.46
19.686,3.0305,30.479,0.898,-9.6631,-0.1413,-0.14011,-1.4781,0.0218,445.17
19.726,3.0567,30.096,0.88619,-9.5936,-0.14261,-0.14138,-1.4785,0.0212,454.45
19.766,3.0054,29.717,0.78113,-9.5189,-0.12844,-0.12738,-1.4891,0.0154,620.19
19.806,3.0505,29.345,0.80038,-9.4363,-0.13729,-0.1361,-1.486,0.0165,573.95
19.846,3.1005,28.955,0.80471,-9.3736,-0.1402,-0.13904,-1.4853,0.0172,546.98
19.886,3.129,28.585,0.79894,-9.2962,-0.14331,-0.1421,-1.4851,0.017,548.85
19.926,3.1854,28.204,0.81728,-9.2314,-0.1481,-0.14691,-1.4827,0.0183,506.42
19.966,3.1614,27.845,0.75256,-9.1472,-0.1411,-0.13991,-1.4887,0.0147,624.36
20.006,3.2192,27.471,0.77321,-9.0827,-0.14599,-0.14482,-1.4861,0.0161,566.18
20.046,3.2495,27.109,0.77361,-9.0157,-0.147,-0.14581,-1.4854,0.0161,562.04
20.086,3.2824,26.749,0.77478,-8.9538,-0.14773,-0.14648,-1.4845,0.0163,551.37
20.126,3.3079,26.387,0.77041,-8.906,-0.14371,-0.14253,-1.4847,0.0158,565.78
20.166,3.2856,26.035,0.71016,-8.837,-0.13417,-0.13304,-1.4906,0.0123,720.77
20.206,3.39,25.709,0.82838,-8.756,-0.15808,-0.1567,-1.4762,0.0184,478
20.246,3.333,25.378,0.74336,-8.6841,-0.14161,-0.14038,-1.4852,0.0127,686.29
20.286,3.3635,25.032,0.74201,-8.6197,-0.14221,-0.14097,-1.4847,0.0127,681.23
20.326,3.3489,24.695,0.70204,-8.5734,-0.13036,-0.12923,-1.4889,0.0098,877.76
20.366,3.3589,24.362,0.69699,-8.5259,-0.12564,-0.12455,-1.489,0.0089,961.17
20.406,4.0985,25.757,0.65961,-8.4981,-0.11142,-0.1107,-1.4963,0.0051,1671.3
20.446,4.091,25.386,0.58438,-8.4926,-0.092696,-0.092059,-1.5045,0.0013,6548.2
20.486,4.1138,25.048,0.58134,-8.4387,-0.092698,-0.092062,-1.5045,0.0013,6506.7
20.526,4.0993,24.704,0.52842,-8.4155,-0.080018,-0.07945,-1.5102,-0.002,-4216.1
20.566,4.1615,24.341,0.56592,-8.4236,-0.079815,-0.079251,-1.5058,0.0009,9380.7
20.606,4.1883,24,0.57214,-8.4051,-0.076696,-0.076152,-1.5049,0.0012,7020.5
20.646,4.1558,23.658,0.49226,-8.3816,-0.062713,-0.062251,-1.5138,-0.0037,-2269.2
20.686,4.1559,23.323,0.46721,-8.356,-0.057282,-0.056855,-1.5165,-0.0053,-1579.1
20.726,4.2312,22.96,0.52325,-8.3735,-0.05869,-0.058254,-1.51,-0.001,-8389.9
20.766,4.2636,22.636,0.55662,-8.3489,-0.059797,-0.059355,-1.5058,0.0007,11953
20.806,4.3304,22.301,0.62593,-8.3452,-0.06211,-0.061657,-1.4976,0.0049,1707.9
20.846,4.3679,21.976,0.66112,-8.3344,-0.060199,-0.059758,-1.4933,0.0065,1286.2
20.886,4.4021,21.642,0.67404,-8.3252,-0.05698,-0.056561,-1.4916,0.0071,1176.4
20.926,4.424,21.298,0.66003,-8.3334,-0.048835,-0.048468,-1.4931,0.006,1393.2
20.966,4.4536,20.956,0.66089,-8.3454,-0.041798,-0.041478,-1.4929,0.0059,1418.9
21.006,4.4754,20.618,0.65733,-8.3568,-0.034661,-0.034392,-1.4932,0.0052,1612
21.046,4.4715,20.277,0.60619,-8.3663,-0.026017,-0.025811,-1.4992,0.0016,5242.6
21.086,4.3936,19.93,0.23235,-8.3574,-0.0038157,-0.0037847,-1.5431,-0.0251,-333.09
21.126,4.4709,19.57,0.29339,-8.4605,0.0044185,0.0043814,-1.536,-0.0213,-397.45
21.166,4.3839,19.206,0.071067,-8.4512,0.0053215,0.0052773,-1.5623,-0.0354,-238.74
21.206,4.4279,18.857,0.13187,-8.4951,0.0067275,0.0066705,-1.5551,-0.0303,-280.4
21.246,4.4663,18.505,0.16819,-8.5484,0.0093379,0.0092589,-1.5509,-0.0272,-314.34
21.286,4.5057,18.134,0.18793,-8.6191,0.012952,0.012842,-1.5487,-0.0249,-346.23
21.326,4.5101,17.786,0.18427,-8.6554,0.014458,0.014334,-1.5492,-0.0249,-347.69
21.366,4.5411,17.423,0.19339,-8.7174,0.016967,0.016821,-1.5482,-0.0239,-364.83
21.406,4.5602,17.081,0.21156,-8.7487,0.01918,0.019011,-1.5462,-0.0226,-387.22
21.446,4.5544,16.728,0.18734,-8.7709,0.018673,0.018513,-1.549,-0.0237,-370.16
21.486,4.5779,16.382,0.21149,-8.8142,0.021383,0.0212,-1.5463,-0.0222,-397.15
21.526,4.5459,16.051,0.14665,-8.8495,0.019481,0.019309,-1.5538,-0.0277,-319.52
21.566,4.3699,15.519,-0.17759,-8.7389,-0.0040173,-0.0039836,-1.5912,-0.0526,-166.17
21.606,4.2627,15.184,-0.19583,-8.7586,-0.0054233,-0.0053778,-1.5933,-0.0532,-164.68
21.646,4.2316,14.829,-0.17677,-8.7965,-0.0044185,-0.0043814,-1.591,-0.0502,-175.26
21.686,4.2242,13.79,-0.16523,-8.8436,-0.0041171,-0.0040831,-1.5895,-0.0475,-186.21
21.726,4.2025,13.49,-0.14945,-8.8959,-0.0038158,-0.0037837,-1.5876,-0.0447,-199.04
21.766,4.1771,13.196,-0.17637,-8.9497,-0.0071306,-0.0070703,-1.5906,-0.0455,-196.73
21.806,4.143,12.829,-0.14602,-8.9969,-0.0049204,-0.0048796,-1.5871,-0.0414,-217.35
21.847,4.1323,12.498,-0.17137,-9.0522,-0.007833,-0.0077684,-1.5898,-0.0419,-216.08
21.886,4.158,12.676,-0.12483,-9.0759,-0.0027111,-0.0026889,-1.5846,-0.0363,-250.05
21.926,4.1258,12.331,-0.15024,-9.1272,-0.0054223,-0.0053778,-1.5874,-0.037,-246.71
21.967,4.178,11.915,-0.098891,-9.2167,-0.0012054,-0.0011953,-1.5815,-0.0311,-296.38
22.007,4.1804,11.525,-0.088069,-9.265,0.00030137,0.00029833,-1.5803,-0.0287,-322.84
22.047,4.1449,11.182,-0.10196,-9.2916,-0.00090406,-0.00089598,-1.5818,-0.0288,-322.64
22.087,4.1522,10.809,-0.069121,-9.3148,0.0027111,0.0026889,-1.5782,-0.0246,-378.66
22.127,4.1175,10.444,-0.17269,-9.292,-0.004619,-0.0045813,-1.5895,-0.0333,-279.09
22.167,4.067,10.056,-0.33865,-9.264,-0.017372,-0.017232,-1.6077,-0.0479,-193.53
22.207,4.056,9.6775,-0.35063,-9.3068,-0.019384,-0.019225,-1.6088,-0.0473,-196.9
22.247,4.0391,9.3009,-0.36872,-9.341,-0.021289,-0.021118,-1.6106,-0.0473,-197.64
22.287,4.0091,8.9593,-0.39158,-9.3012,-0.018276,-0.018129,-1.6132,-0.0475,-195.99
22.327,3.9975,8.5707,-0.40371,-9.3426,-0.019783,-0.019624,-1.6144,-0.0467,-200.24
22.367,3.971,8.2049,-0.42399,-9.3439,-0.018576,-0.018428,-1.6165,-0.0467,-200.29
22.407,3.9561,7.8219,-0.43759,-9.3789,-0.019783,-0.019624,-1.6178,-0.0461,-203.67
22.447,3.9628,7.4177,-0.36842,-9.4771,-0.018178,-0.01803,-1.61,-0.0375,-252.91
22.487,3.9465,7.038,-0.3839,-9.5025,-0.018982,-0.018826,-1.6115,-0.0375,-253.61
22.527,3.9605,6.6253,-0.32673,-9.5994,-0.017073,-0.016933,-1.6051,-0.0307,-312.86
22.567,3.8636,6.2156,-0.31611,-9.6691,-0.017471,-0.017332,-1.6038,-0.0286,-338.26
22.607,4.0816,5.779,-0.10143,-9.7224,0.0017073,0.0016925,-1.5812,-0.0069,-1409.1
22.647,4.1291,5.323,-0.001174,-9.8784,0.0080327,0.0079652,-1.5708,0.002,4939.2
22.687,4.1032,4.8763,0.25194,-9.9468,0.025301,0.025082,-1.545,0.0249,399.6
22.727,4.1772,4.4467,0.39717,-10.037,0.03534,0.035029,-1.5306,0.0367,273.71
22.767,4.2055,3.9737,0.43645,-10.108,0.039354,0.039007,-1.527,0.0385,262.78
22.807,4.239,3.5298,0.49278,-10.219,0.048187,0.047757,-1.5218,0.0414,247.11
22.847,4.2564,3.0894,0.50545,-10.285,0.051399,0.050938,-1.5209,0.0406,253.63
22.887,4.2809,2.5498,0.50694,-10.367,0.052905,0.052432,-1.5211,0.0386,268.88
22.927,4.2796,2.0968,0.48702,-10.32,0.043668,0.043349,-1.5244,0.0342,302.1
22.967,4.2708,1.722,0.44728,-10.274,0.036041,0.035772,-1.5279,0.0298,345.1
23.007,4.2765,1.387,0.43903,-10.136,0.023293,0.023112,-1.5279,0.0294,345.09
23.047,4.1746,1.9321,0.33848,-10.201,0.015964,0.015838,-1.5379,0.0285,358.13
23.087,4.1971,1.1919,0.30826,-10.446,0.017973,0.01783,-1.5416,0.017,614.72
23.127,4.109,0.86934,0.1947,-10.088,0.013957,0.013845,-1.5518,0.0129,782.15
23.167,4.153,0.40878,0.31208,-10.332,0.033833,0.033579,-1.5412,0.0277,373.18
23.207,4.1355,-0.080271,0.12866,-10.444,0.026205,0.026002,-1.5589,-0.0326,-320.38
23.247,4.1568,-0.55308,0.18219,-10.583,0.032027,0.031783,-1.5541,-0.0125,-846.74
23.287,4.0582,-0.88857,-0.18234,-10.419,0.0085355,0.0084654,-1.5884,-0.119,-87.571
23.327,4.0057,-1.2905,-0.41774,-10.272,0.010845,0.010757,-1.6116,-0.172,-59.769
23.367,3.9827,-1.6936,-0.25233,-10.455,-0.0097409,-0.0096607,-1.5951,-0.1125,-92.961
23.407,4.0334,-2.302,-0.37103,-10.439,0.0063264,0.0062728,-1.6062,-0.1169,-89.358
23.447,4.0307,-2.6929,-0.27807,-10.207,0.013053,0.012942,-1.5978,-0.0821,-124.37
23.487,4.0181,-3.157,-0.30406,-10.128,0.018274,0.018118,-1.6005,-0.081,-125.09
23.527,4.0084,-3.513,-0.25644,-9.8396,0.026606,0.026376,-1.5963,-0.066,-149.14
23.567,4.0039,-3.8865,-0.16364,-9.7062,0.016367,0.016226,-1.5873,-0.0417,-232.8
23.607,4.0427,-4.0876,0.011328,-9.1227,-0.0096411,-0.0095613,-1.5698,-0.0132,-691.11
23.647,4.0319,-4.4831,-0.015375,-9.1622,-0.0038157,-0.0037847,-1.5726,-0.0171,-535.8
23.687,3.978,-4.88,-0.27966,-9.1849,0.043367,0.042978,-1.6003,-0.0681,-134.94
23.727,3.9667,-5.2592,-0.28048,-9.1376,0.044774,0.044456,-1.6025,-0.0669,-136.65
23.767,3.96,-5.5877,-0.30202,-8.9362,0.05802,0.057634,-1.6059,-0.0716,-124.88
23.807,3.9446,-5.9389,-0.32533,-8.8498,0.063739,0.063328,-1.6091,-0.0733,-120.82
23.847,3.9759,-6.3651,-0.32236,-9.0578,0.041863,0.041563,-1.6073,-0.0634,-142.96
23.887,3.9542,-6.9208,-0.10926,-10.145,0.0091372,0.009063,-1.5817,-0.0656,-154.65
23.927,3.9249,-7.2913,-0.059229,-10.139,-0.00231,-0.0022901,-1.5766,-0.0224,-452.66
23.967,3.924,-7.6821,-0.068001,-10.288,-0.017976,-0.017819,-1.5771,0.0164,627.33
24.007,3.9381,-8.1395,-0.064463,-10.392,-0.039675,-0.039305,-1.5763,0.0474,219.25
24.047,3.9815,-8.5463,0.034297,-10.458,-0.064092,-0.063458,-1.5664,0.0736,142.1
24.087,3.9716,-8.9849,0.049803,-10.549,-0.080273,-0.07945,-1.5647,0.0814,129.6
24.127,4.0076,-9.3895,0.11328,-10.512,-0.089724,-0.088779,-1.5584,0.0813,129.31
24.167,3.9981,-9.821,0.09703,-10.499,-0.094549,-0.093543,-1.5599,0.0734,143.04
24.207,3.8968,-10.303,-0.18192,-10.712,-0.08459,-0.083727,-1.5864,0.0064,1674
24.247,3.7541,-10.776,-0.50839,-10.892,-0.1089,-0.10776,-1.6157,-0.0538,-202.67
24.287,3.7296,-11.21,-0.54043,-10.926,-0.1089,-0.10777,-1.6185,-0.0549,-199.26
24.327,3.7673,-11.652,-0.43691,-10.934,-0.098554,-0.097539,-1.6092,-0.0328,-333.63
24.367,3.7079,-12.088,-0.54785,-11.005,-0.096742,-0.095757,-1.6191,-0.0487,-226.25
24.407,3.6138,-12.567,-0.7522,-11.122,-0.11533,-0.11413,-1.6366,-0.0762,-146.29
24.447,3.381,-13.1,-1.277,-11.248,-0.14556,-0.14403,-1.6819,-0.141,-80.282
24.487,3.6514,-13.532,-0.4271,-11.225,-0.060066,-0.059496,-1.6079,-0.0055,-2042.5
24.527,3.6084,-14.017,-0.5195,-11.299,-0.063782,-0.063175,-1.6158,-0.0155,-729.71
24.567,3.6016,-14.485,-0.52883,-11.322,-0.059361,-0.058802,-1.6166,-0.0159,-712.86
24.607,3.5704,-14.964,-0.59085,-11.352,-0.057954,-0.057411,-1.622,-0.0225,-505.21
24.647,3.5711,-15.411,-0.5397,-11.364,-0.050521,-0.050053,-1.6175,-0.0128,-888.85
24.687,3.5384,-15.876,-0.56725,-11.421,-0.052128,-0.051644,-1.6197,-0.0146,-783.2
24.727,3.6088,-16.342,-0.45031,-11.455,-0.041681,-0.041301,-1.6095,-0.0029,-3953
24.767,3.5729,-16.811,-0.48811,-11.517,-0.044695,-0.044285,-1.6125,-0.0067,-1720.5
24.807,3.6257,-17.262,-0.39479,-11.556,-0.03495,-0.034636,-1.6045,0.0011,10512
24.847,3.6159,-17.726,-0.39011,-11.597,-0.034147,-0.033841,-1.6039,0.0015,7735.7
24.887,3.4863,-18.224,-0.57575,-11.717,-0.054024,-0.053536,-1.6192,-0.0147,-798.01
******-------------------------------------------------------------------------------------------------------------------****** 
TargetID: ID05
Target can not be processed due to lack of Data
******-------------------------------------------------------------------------------------------------------------------****** 
TargetID: ID10
Target can not be processed due to lack of Data
******-------------------------------------------------------------------------------------------------------------------****** 
TargetID: ID11
Target can not be processed due to lack of Data
******-------------------------------------------------------------------------------------------------------------------****** 
